Estimated Clustering Probabilities for Samples
Sample	***Cluster  01***	***Cluster  02***	***Cluster  03***	***Cluster  04***	***Cluster  05***	
000001:	0.135467045454545	0.088840340909091	0.589407954545455	0.171967613636364	0.014317045454545		1
000002:	0.043606818181818	0.029825568181818	0.889459659090909	0.031468181818182	0.005639772727273		1
000003:	0.105217613636364	0.302793181818182	0.544440909090909	0.037993181818182	0.009555113636364		1
000004:	0.021713636363636	0.024345454545455	0.928994886363636	0.018226136363636	0.006719886363636		1
000005:	0.023601136363636	0.050719886363636	0.873077272727273	0.044786931818182	0.007814772727273		1
000006:	0.035369318181818	0.026803409090909	0.865735795454545	0.048490909090909	0.023600568181818		1
000007:	0.116232954545455	0.033056818181818	0.826838636363636	0.016714772727273	0.007156818181818		1
000008:	0.038978977272727	0.051088636363636	0.882942045454545	0.021206818181818	0.005783522727273		1
000009:	0.034190340909091	0.025991477272727	0.890265340909091	0.043829545454545	0.005723295454545		1
000010:	0.009588636363636	0.614661363636364	0.362617045454545	0.011250000000000	0.001882954545455		1
000011:	0.159976704545455	0.111680113636364	0.412851136363636	0.190420454545455	0.125071590909091		1
000012:	0.020634090909091	0.431400568181818	0.369281250000000	0.125721022727273	0.052963068181818		1
000013:	0.026836931818182	0.159875000000000	0.135123295454545	0.175601704545455	0.502563068181818		1
000014:	0.041331250000000	0.086408522727273	0.461552840909091	0.192218750000000	0.218488636363636		1
000015:	0.027980681818182	0.415070454545455	0.368617613636364	0.134346022727273	0.053985227272727		1
000016:	0.058689204545455	0.089447159090909	0.692837500000000	0.062535227272727	0.096490909090909		1
000017:	0.041094886363636	0.166864204545455	0.202043181818182	0.525561363636364	0.064436363636364		1
000018:	0.022172159090909	0.150215340909091	0.111917045454545	0.337971022727273	0.377724431818182		1
000019:	0.016421022727273	0.748223295454545	0.078805113636364	0.100832386363636	0.055718181818182		1
000020:	0.033786363636364	0.062515909090909	0.433833522727273	0.398522727272727	0.071341477272727		1
000021:	0.104464772727273	0.346115909090909	0.059230681818182	0.433455681818182	0.056732954545455		1
000022:	0.027424431818182	0.560205113636364	0.138869318181818	0.189597727272727	0.083903409090909		1
000023:	0.061963636363636	0.274063636363636	0.188214204545455	0.252990909090909	0.222767613636364		1
000024:	0.043863068181818	0.040250568181818	0.371369318181818	0.311368750000000	0.233148295454545		1
000025:	0.028498863636364	0.227333522727273	0.152297159090909	0.177363636363636	0.414506818181818		1
000026:	0.010510795454545	0.767619886363636	0.037024431818182	0.144946022727273	0.039898863636364		1
000027:	0.019189772727273	0.067902272727273	0.077997727272727	0.656927272727273	0.177982954545455		1
000028:	0.255336931818182	0.100820454545455	0.230707386363636	0.352155681818182	0.060979545454545		1
000029:	0.463114772727273	0.005234090909091	0.489584090909091	0.029067045454545	0.013000000000000		1
000030:	0.056732954545455	0.635050568181818	0.143701136363636	0.081911931818182	0.082603409090909		1
000031:	0.022467045454545	0.210559659090909	0.068886363636364	0.476625568181818	0.221461363636364		1
000032:	0.062932954545455	0.087854545454545	0.127375568181818	0.661661931818182	0.060175000000000		1
000033:	0.072418181818182	0.444820454545455	0.122848863636364	0.295702272727273	0.064210227272727		1
000034:	0.079517613636364	0.075733522727273	0.508305113636364	0.241322727272727	0.095121022727273		1
000035:	0.138435795454545	0.118475000000000	0.073567613636364	0.552476704545455	0.117044886363636		1
000036:	0.077968750000000	0.085008522727273	0.251501704545455	0.481325568181818	0.104195454545455		1
000037:	0.028118181818182	0.154702272727273	0.119112500000000	0.599627840909091	0.098439204545455		1
000038:	0.232610795454545	0.159228977272727	0.186751136363636	0.165138636363636	0.256270454545455		1
000039:	0.023757954545455	0.416419318181818	0.074259659090909	0.230298295454545	0.255264772727273		1
000040:	0.033927840909091	0.070105113636364	0.576143181818182	0.115985227272727	0.203838636363636		1
000041:	0.038135795454545	0.143224431818182	0.224730681818182	0.478832954545455	0.115076136363636		1
000042:	0.042393750000000	0.228165909090909	0.102189772727273	0.430869886363636	0.196380681818182		1
000043:	0.038910227272727	0.147065909090909	0.475701704545455	0.266246590909091	0.072075568181818		1
000044:	0.035563068181818	0.245399431818182	0.198671022727273	0.442159659090909	0.078206818181818		1
000045:	0.016182386363636	0.136747159090909	0.084918750000000	0.612933522727273	0.149218181818182		1
000046:	0.126767613636364	0.298762500000000	0.144083522727273	0.270026136363636	0.160360227272727		1
000047:	0.107750000000000	0.090639772727273	0.402418750000000	0.322451704545455	0.076739772727273		1
000048:	0.050784090909091	0.267788636363636	0.583113068181818	0.059088636363636	0.039225568181818		1
000049:	0.046643181818182	0.598901704545455	0.232262500000000	0.088101136363636	0.034091477272727		1
000050:	0.079835227272727	0.221388068181818	0.402328977272727	0.173103409090909	0.123344318181818		1
000051:	0.046144318181818	0.063432954545455	0.819866477272727	0.048401704545455	0.022154545454545		1
000052:	0.023692613636364	0.060735227272727	0.845170454545455	0.043325000000000	0.027076704545455		1
000053:	0.041236931818182	0.292952272727273	0.411235227272727	0.173291477272727	0.081284090909091		1
000054:	0.124858522727273	0.098598863636364	0.165172727272727	0.132892613636364	0.478477272727273		1
000055:	0.037130113636364	0.212036363636364	0.620140909090909	0.094244886363636	0.036447727272727		1
000056:	0.028825568181818	0.509373295454545	0.327606250000000	0.091978409090909	0.042216477272727		1
000057:	0.059223863636364	0.249743750000000	0.336615340909091	0.311744318181818	0.042672727272727		1
000058:	0.018948295454545	0.849785227272727	0.073353409090909	0.027910795454545	0.030002272727273		1
000059:	0.032145454545455	0.810468750000000	0.053586363636364	0.086755113636364	0.017044318181818		1
000060:	0.054135795454545	0.562480113636364	0.274662500000000	0.084343181818182	0.024378409090909		1
000061:	0.032169318181818	0.616332386363636	0.201552840909091	0.120889772727273	0.029055681818182		1
000062:	0.035456818181818	0.118699431818182	0.752976136363636	0.054321022727273	0.038546590909091		1
000063:	0.036194318181818	0.034321022727273	0.842428409090909	0.038015340909091	0.049040909090909		1
000064:	0.055673863636364	0.031169318181818	0.847383522727273	0.024964772727273	0.040808522727273		1
000065:	0.040011363636364	0.455790340909091	0.419168181818182	0.060225000000000	0.024805113636364		1
000066:	0.019851136363636	0.363147159090909	0.272699431818182	0.316184090909091	0.028118181818182		1
000067:	0.038384659090909	0.052943181818182	0.838719318181818	0.043560795454545	0.026392045454545		1
000068:	0.016022727272727	0.847610795454545	0.068270454545455	0.047884659090909	0.020211363636364		1
000069:	0.031076136363636	0.489051704545455	0.195822159090909	0.258243750000000	0.025806250000000		1
000070:	0.091706818181818	0.214324431818182	0.384385795454545	0.168993181818182	0.140589772727273		1
000071:	0.039301704545455	0.719944886363636	0.096693181818182	0.102640909090909	0.041419318181818		1
000072:	0.058344886363636	0.365307386363636	0.460567613636364	0.083321590909091	0.032458522727273		1
000073:	0.047219886363636	0.275380681818182	0.547914204545455	0.090457954545455	0.039027272727273		1
000074:	0.033963068181818	0.256469886363636	0.153664772727273	0.249000000000000	0.306902272727273		1
000075:	0.053686363636364	0.210946022727273	0.296923863636364	0.272710795454545	0.165732954545455		1
000076:	0.462780113636364	0.124669886363636	0.118384659090909	0.175827272727273	0.118338068181818		1
000077:	0.314387500000000	0.275215909090909	0.183419886363636	0.134932954545455	0.092043750000000		1
000078:	0.067943181818182	0.327089772727273	0.455367045454545	0.113803977272727	0.035796022727273		1
000079:	0.058848863636364	0.598284659090909	0.130605681818182	0.144713636363636	0.067547159090909		1
000080:	0.053640340909091	0.589244886363636	0.089868181818182	0.154238068181818	0.113008522727273		1
000081:	0.042998863636364	0.460097727272727	0.364493181818182	0.111177272727273	0.021232954545455		1
000082:	0.047421590909091	0.605143750000000	0.268476136363636	0.054036363636364	0.024922159090909		1
000083:	0.037856250000000	0.611855681818182	0.180876704545455	0.128730113636364	0.040681250000000		1
000084:	0.140363636363636	0.079002840909091	0.390959659090909	0.079112500000000	0.310561363636364		1
000085:	0.081455113636364	0.082920454545455	0.331282954545455	0.425396022727273	0.078945454545455		1
000086:	0.063313636363636	0.110564772727273	0.459777272727273	0.213076704545455	0.153267613636364		1
000087:	0.025506250000000	0.656368750000000	0.162852840909091	0.128213636363636	0.027058522727273		1
000088:	0.025193750000000	0.189974431818182	0.121845454545455	0.600099431818182	0.062886931818182		1
000089:	0.068742045454545	0.407011931818182	0.103985227272727	0.383119318181818	0.037141477272727		1
000090:	0.048702840909091	0.409450568181818	0.154027840909091	0.264761363636364	0.123057386363636		1
000091:	0.087722727272727	0.372331250000000	0.047985227272727	0.063615909090909	0.428344886363636		1
000092:	0.025514772727273	0.810973863636364	0.108080681818182	0.032223863636364	0.023206818181818		1
000093:	0.068102840909091	0.337467045454545	0.268701704545455	0.187940909090909	0.137787500000000		1
000094:	0.042934659090909	0.601513068181818	0.166446590909091	0.117981818181818	0.071123863636364		1
000095:	0.047217045454545	0.470515340909091	0.398371022727273	0.053535795454545	0.030360795454545		1
000096:	0.056600568181818	0.091937500000000	0.742427840909091	0.070496590909091	0.038537500000000		1
000097:	0.015887500000000	0.739259659090909	0.070143181818182	0.149510795454545	0.025198863636364		1
000098:	0.013496590909091	0.829405113636364	0.059849431818182	0.081639204545455	0.015609659090909		1
000099:	0.062882954545455	0.176215340909091	0.361563636363636	0.328435795454545	0.070902272727273		1
000100:	0.033747727272727	0.156505113636364	0.690911931818182	0.079909090909091	0.038926136363636		1
000101:	0.030082386363636	0.043038636363636	0.172286931818182	0.729994886363636	0.024597159090909		1
000102:	0.042229545454545	0.176902840909091	0.361030113636364	0.350977840909091	0.068859659090909		1
000103:	0.067853977272727	0.432451136363636	0.197396590909091	0.133791477272727	0.168506818181818		1
000104:	0.024207954545455	0.298052272727273	0.560557386363636	0.086487500000000	0.030694886363636		1
000105:	0.028400000000000	0.207594318181818	0.143964204545455	0.542754545454545	0.077286931818182		1
000106:	0.032912500000000	0.210384659090909	0.176376704545455	0.533973863636364	0.046352272727273		1
000107:	0.028202840909091	0.100065909090909	0.461681250000000	0.359051136363636	0.050998863636364		1
000108:	0.089074431818182	0.096475000000000	0.549566477272727	0.160358522727273	0.104525568181818		1
000109:	0.047217613636364	0.265681818181818	0.199369318181818	0.389581250000000	0.098150000000000		1
000110:	0.062830681818182	0.070562500000000	0.090621590909091	0.051101704545455	0.724883522727273		1
000111:	0.137134659090909	0.183027272727273	0.490213636363636	0.140082386363636	0.049542045454545		1
000112:	0.049457386363636	0.031126704545455	0.171063068181818	0.685300000000000	0.063052840909091		1
000113:	0.031308522727273	0.576519886363636	0.279746022727273	0.076043750000000	0.036381818181818		1
000114:	0.143386931818182	0.703651136363636	0.064830681818182	0.060314772727273	0.027816477272727		1
000115:	0.032502272727273	0.580271022727273	0.208528409090909	0.133982954545455	0.044715340909091		1
000116:	0.042282386363636	0.171892613636364	0.609663068181818	0.099135795454545	0.077026136363636		1
000117:	0.072831250000000	0.088128409090909	0.244167045454545	0.554256818181818	0.040616477272727		1
000118:	0.092917045454545	0.143644318181818	0.646395454545455	0.080556818181818	0.036486363636364		1
000119:	0.024014204545455	0.514807954545455	0.141436931818182	0.274660795454545	0.045080113636364		1
000120:	0.026826704545455	0.043248863636364	0.818817045454545	0.083940909090909	0.027166477272727		1
000121:	0.047310227272727	0.377966477272727	0.211889204545455	0.181157386363636	0.181676704545455		1
000122:	0.014931818181818	0.600065909090909	0.130101136363636	0.231100568181818	0.023800568181818		1
000123:	0.024633522727273	0.795011363636364	0.106054545454545	0.042092045454545	0.032208522727273		1
000124:	0.137544886363636	0.321957386363636	0.138411931818182	0.325661363636364	0.076424431818182		1
000125:	0.208593181818182	0.071665340909091	0.582225568181818	0.076990340909091	0.060525568181818		1
000126:	0.707703409090909	0.041677272727273	0.161377840909091	0.055243181818182	0.033998295454545		1
000127:	0.051113636363636	0.241256250000000	0.458486363636364	0.150881818181818	0.098261931818182		1
000128:	0.042665909090909	0.348197727272727	0.481144886363636	0.088551704545455	0.039439772727273		1
000129:	0.018550000000000	0.805009090909091	0.054246590909091	0.096745454545455	0.025448863636364		1
000130:	0.053533522727273	0.531906818181818	0.285501704545455	0.077263636363636	0.051794318181818		1
000131:	0.055815340909091	0.400839772727273	0.235932386363636	0.273050000000000	0.034362500000000		1
000132:	0.036582954545455	0.051140909090909	0.676609659090909	0.182700568181818	0.052965909090909		1
000133:	0.184898863636364	0.249299431818182	0.257313068181818	0.189444886363636	0.119043750000000		1
000134:	0.038989204545455	0.484221022727273	0.224568181818182	0.118305113636364	0.133916477272727		1
000135:	0.031907386363636	0.505723295454545	0.102597159090909	0.283650568181818	0.076121590909091		1
000136:	0.063577840909091	0.548135227272727	0.289941477272727	0.059515340909091	0.038830113636364		1
000137:	0.033957954545455	0.542693181818182	0.108353977272727	0.171494886363636	0.143500000000000		1
000138:	0.086823295454545	0.417588068181818	0.310118750000000	0.133202840909091	0.052267045454545		1
000139:	0.038277840909091	0.170034659090909	0.402901136363636	0.338006250000000	0.050780113636364		1
000140:	0.028272727272727	0.318662500000000	0.104603409090909	0.186634090909091	0.361827272727273		1
000141:	0.083516477272727	0.046872727272727	0.706813068181818	0.087880113636364	0.074917613636364		1
000142:	0.017394318181818	0.619872159090909	0.156135795454545	0.164592613636364	0.042005113636364		1
000143:	0.026635227272727	0.295962500000000	0.310030113636364	0.330879545454545	0.036492613636364		1
000144:	0.041952840909091	0.078493181818182	0.487123863636364	0.362941477272727	0.029488636363636		1
000145:	0.052277840909091	0.131063068181818	0.479434090909091	0.075646022727273	0.261578977272727		1
000146:	0.035732954545455	0.167282954545455	0.333523295454545	0.363972727272727	0.099488068181818		1
000147:	0.028946022727273	0.411356818181818	0.418256818181818	0.103738636363636	0.037701704545455		1
000148:	0.032850000000000	0.626558522727273	0.257042613636364	0.061906250000000	0.021642613636364		1
000149:	0.054846590909091	0.183794318181818	0.391744318181818	0.297809090909091	0.071805681818182		1
000150:	0.037231818181818	0.178856818181818	0.103026704545455	0.569856818181818	0.111027840909091		1
000151:	0.044713068181818	0.067996022727273	0.656569886363636	0.164790909090909	0.065930113636364		1
000152:	0.045850000000000	0.357896590909091	0.342380681818182	0.138367045454545	0.115505681818182		1
000153:	0.028257954545455	0.165159090909091	0.205021590909091	0.545733522727273	0.055827840909091		1
000154:	0.030275568181818	0.067526704545455	0.811768750000000	0.056546022727273	0.033882954545455		1
000155:	0.090417613636364	0.322692613636364	0.324243181818182	0.156422727272727	0.106223863636364		1
000156:	0.026168750000000	0.049072159090909	0.353527272727273	0.521051704545455	0.050180113636364		1
000157:	0.063144318181818	0.029130681818182	0.862923295454545	0.028331818181818	0.016469886363636		1
000158:	0.283547727272727	0.029308522727273	0.347285795454545	0.312680681818182	0.027177272727273		1
000159:	0.246350568181818	0.031711363636364	0.314923863636364	0.226793750000000	0.180220454545455		1
000160:	0.691932386363636	0.014713636363636	0.265692613636364	0.012631250000000	0.015030113636364		1
000161:	0.394251704545455	0.033966477272727	0.520036363636364	0.033409659090909	0.018335795454545		1
000162:	0.315965909090909	0.098789772727273	0.180425000000000	0.310973295454545	0.093846022727273		1
000163:	0.037447159090909	0.129411363636364	0.782857386363636	0.041305113636364	0.008978977272727		1
000164:	0.064957386363636	0.021100568181818	0.888050000000000	0.012436931818182	0.013455113636364		1
000165:	0.051530113636364	0.211736363636364	0.716390340909091	0.010789204545455	0.009553977272727		1
000166:	0.034230681818182	0.050809659090909	0.884239772727273	0.021306818181818	0.009413068181818		1
000167:	0.116236363636364	0.129378977272727	0.686879545454545	0.045265340909091	0.022239772727273		1
000168:	0.033181250000000	0.241956818181818	0.505622727272727	0.162276704545455	0.056962500000000		1
000169:	0.026424431818182	0.453993750000000	0.175732386363636	0.312023863636364	0.031825568181818		1
000170:	0.025390909090909	0.617185795454545	0.271205113636364	0.057341477272727	0.028876704545455		1
000171:	0.034889772727273	0.195842045454545	0.641116477272727	0.078265909090909	0.049885795454545		1
000172:	0.053580681818182	0.184607386363636	0.487277840909091	0.199600568181818	0.074933522727273		1
000173:	0.031943750000000	0.208838068181818	0.432731250000000	0.305166477272727	0.021320454545455		1
000174:	0.013329545454545	0.785713068181818	0.089138636363636	0.069658522727273	0.042160227272727		1
000175:	0.024209090909091	0.069149431818182	0.725462500000000	0.095489772727273	0.085689204545455		1
000176:	0.040773863636364	0.253131250000000	0.394357954545455	0.286798863636364	0.024938068181818		1
000177:	0.016086363636364	0.577770454545455	0.177002840909091	0.191840340909091	0.037300000000000		1
000178:	0.014633522727273	0.355778977272727	0.375103409090909	0.221522159090909	0.032961931818182		1
000179:	0.022091477272727	0.039660227272727	0.747807954545455	0.146329545454545	0.044110795454545		1
000180:	0.029032954545455	0.031775568181818	0.687163068181818	0.144265909090909	0.107762500000000		1
000181:	0.359009659090909	0.039373863636364	0.495106818181818	0.071300568181818	0.035209090909091		1
000182:	0.048011931818182	0.136621022727273	0.323639204545455	0.299345454545455	0.192382386363636		1
000183:	0.018213636363636	0.165082954545455	0.714950568181818	0.075022159090909	0.026730681818182		1
000184:	0.010784659090909	0.596083522727273	0.242631250000000	0.112636363636364	0.037864204545455		1
000185:	0.056220454545455	0.103626704545455	0.298459090909091	0.280315340909091	0.261378409090909		1
000186:	0.073635227272727	0.065843750000000	0.508082386363636	0.145357386363636	0.207081250000000		1
000187:	0.038865909090909	0.080593181818182	0.680203409090909	0.092436363636364	0.107901136363636		1
000188:	0.094814772727273	0.078726136363636	0.603153977272727	0.117056818181818	0.106248295454545		1
000189:	0.024978409090909	0.516845454545454	0.350212500000000	0.089676136363636	0.018287500000000		1
000190:	0.044552840909091	0.317523295454545	0.437734659090909	0.145394886363636	0.054794318181818		1
000191:	0.034793181818182	0.280940340909091	0.349918750000000	0.314283522727273	0.020064204545455		1
000192:	0.067248295454545	0.185585227272727	0.205009659090909	0.490489204545455	0.051667613636364		1
000193:	0.048129545454545	0.229067045454545	0.364702272727273	0.300685795454545	0.057415340909091		1
000194:	0.034729545454545	0.561367045454545	0.240377840909091	0.082302272727273	0.081223295454545		1
000195:	0.000715909090909	0.004457954545455	0.864347727272727	0.018788636363636	0.111689772727273		1
000196:	0.268610227272727	0.029682954545455	0.624914204545455	0.058655113636364	0.018137500000000		1
000197:	0.074773295454545	0.068626704545455	0.730235227272727	0.112078409090909	0.014286363636364		1
000198:	0.140908522727273	0.145653409090909	0.408393181818182	0.244896022727273	0.060148863636364		1
000199:	0.072309659090909	0.056343750000000	0.823372727272727	0.022698295454545	0.025275568181818		1
000200:	0.092481250000000	0.049672727272727	0.794315340909091	0.043781818181818	0.019748863636364		1
000201:	0.038215340909091	0.024910227272727	0.893413068181818	0.023232386363636	0.020228977272727		1
000202:	0.050715340909091	0.463873863636364	0.218919318181818	0.178117045454545	0.088374431818182		1
000203:	0.032072727272727	0.216953977272727	0.629332954545455	0.077850000000000	0.043790340909091		1
000204:	0.067051704545455	0.113321590909091	0.676511363636364	0.067827272727273	0.075288068181818		1
000205:	0.038777840909091	0.269503409090909	0.510538068181818	0.075172159090909	0.106008522727273		1
000206:	0.011531250000000	0.355785227272727	0.176510227272727	0.041005113636364	0.415168181818182		1
000207:	0.101592045454545	0.210627272727273	0.184251136363636	0.459696022727273	0.043833522727273		1
000208:	0.018708522727273	0.059865909090909	0.666816477272727	0.186274431818182	0.068334659090909		1
000209:	0.057390340909091	0.051494318181818	0.796308522727273	0.070809659090909	0.023997159090909		1
000210:	0.040480681818182	0.078244318181818	0.710824431818182	0.127530681818182	0.042919886363636		1
000211:	0.051055113636364	0.089957954545455	0.746974431818182	0.072059090909091	0.039953409090909		1
000212:	0.528236363636364	0.014938636363636	0.411511363636364	0.029011931818182	0.016301704545455		1
000213:	0.051926704545455	0.029042613636364	0.872957386363636	0.022475000000000	0.023598295454545		1
000214:	0.171725000000000	0.075031250000000	0.644235795454545	0.083484659090909	0.025523295454545		1
000215:	0.218585795454545	0.223654545454545	0.435098863636364	0.062942613636364	0.059718181818182		1
000216:	0.099470454545455	0.029393750000000	0.807636363636364	0.029433522727273	0.034065909090909		1
000217:	0.273481818181818	0.026636931818182	0.649730681818182	0.020150000000000	0.030000568181818		1
000218:	0.058276704545455	0.022780113636364	0.886985227272727	0.019196590909091	0.012761363636364		1
000219:	0.106872727272727	0.025860795454545	0.833415909090909	0.014979545454545	0.018871022727273		1
000220:	0.068181250000000	0.028501704545455	0.870765340909091	0.017877840909091	0.014673863636364		1
000221:	0.064860227272727	0.058399431818182	0.686701136363636	0.179665909090909	0.010373295454545		1
000222:	0.066694886363636	0.024636363636364	0.881065909090909	0.012973295454545	0.014629545454545		1
000223:	0.104681818181818	0.177575568181818	0.551064204545455	0.067349431818182	0.099328977272727		1
000224:	0.029237500000000	0.791273863636364	0.042844318181818	0.078882954545455	0.057761363636364		1
000225:	0.025410795454545	0.843694318181818	0.041516477272727	0.034938636363636	0.054439772727273		1
000226:	0.142047727272727	0.623337500000000	0.088917045454545	0.097768181818182	0.047929545454545		1
000227:	0.103178409090909	0.608615340909091	0.060309659090909	0.133013636363636	0.094882954545455		1
000228:	0.348063636363636	0.047841477272727	0.053409090909091	0.038227272727273	0.512458522727273		1
000229:	0.051686363636364	0.803482386363636	0.073543750000000	0.019238636363636	0.052048863636364		1
000230:	0.781439204545455	0.046613068181818	0.080444886363636	0.033042613636364	0.058460227272727		1
000231:	0.118177272727273	0.577099431818182	0.099940909090909	0.122824431818182	0.081957954545455		1
000232:	0.199159090909091	0.127436931818182	0.392802272727273	0.062823863636364	0.217777840909091		1
000233:	0.010560227272727	0.295302840909091	0.548382954545454	0.024425000000000	0.121328977272727		1
000234:	0.081884090909091	0.536876704545455	0.034245454545455	0.109131818181818	0.237861931818182		1
000235:	0.039207386363636	0.132556250000000	0.035696022727273	0.074657954545455	0.717882386363636		1
000236:	0.308650000000000	0.056114204545455	0.078603977272727	0.043644318181818	0.512987500000000		1
000237:	0.053167045454545	0.491751136363636	0.036505681818182	0.069235795454545	0.349340340909091		1
000238:	0.084732954545455	0.087605113636364	0.537735227272727	0.060166477272727	0.229760227272727		1
000239:	0.153958522727273	0.385920454545455	0.084240340909091	0.096552840909091	0.279327840909091		1
000240:	0.775630113636364	0.067075568181818	0.031432386363636	0.047010227272727	0.078851704545455		1
000241:	0.156973295454545	0.181432954545455	0.133375000000000	0.354048863636364	0.174169886363636		1
000242:	0.063784090909091	0.122021590909091	0.054434659090909	0.624861363636364	0.134898295454545		1
000243:	0.452251704545455	0.058826704545455	0.018699431818182	0.056001136363636	0.414221022727273		1
000244:	0.364697727272727	0.296236931818182	0.089381250000000	0.123284090909091	0.126400000000000		1
000245:	0.173765340909091	0.702126136363636	0.037131818181818	0.035932386363636	0.051044318181818		1
000246:	0.082396590909091	0.501519886363636	0.051388068181818	0.132255681818182	0.232439772727273		1
000247:	0.206439772727273	0.223002272727273	0.111877272727273	0.147096590909091	0.311584090909091		1
000248:	0.135189204545455	0.773382954545455	0.031521590909091	0.017399431818182	0.042506818181818		1
000249:	0.215355681818182	0.439089772727273	0.034688068181818	0.084143181818182	0.226723295454545		1
000250:	0.024815909090909	0.842711363636364	0.027198863636364	0.033860227272727	0.071413636363636		1
000251:	0.124780113636364	0.554471022727273	0.076219886363636	0.115296590909091	0.129232386363636		1
000252:	0.581907386363636	0.082015909090909	0.105802840909091	0.042821590909091	0.187452272727273		1
000253:	0.169947727272727	0.114244318181818	0.070278409090909	0.051561931818182	0.593967613636364		1
000254:	0.246842613636364	0.307682954545455	0.106034090909091	0.038095454545455	0.301344886363636		1
000255:	0.077408522727273	0.675654545454546	0.069142613636364	0.030059659090909	0.147734659090909		1
000256:	0.045146022727273	0.844237500000000	0.054509090909091	0.025863636363636	0.030243750000000		1
000257:	0.235744886363636	0.069611363636364	0.442591477272727	0.030649431818182	0.221402840909091		1
000258:	0.056557954545455	0.700776704545455	0.157198295454545	0.051644318181818	0.033822727272727		1
000259:	0.090248295454545	0.068169886363636	0.474344318181818	0.163388636363636	0.203848863636364		1
000260:	0.465005113636364	0.140348295454545	0.084460227272727	0.117264204545455	0.192922159090909		1
000261:	0.250312500000000	0.061389204545455	0.094952840909091	0.061584090909091	0.531761363636364		1
000262:	0.236536363636364	0.043536363636364	0.171955113636364	0.067859090909091	0.480113068181818		1
000263:	0.141369886363636	0.374205681818182	0.325668181818182	0.106203977272727	0.052552272727273		1
000264:	0.158715340909091	0.193870454545455	0.461847727272727	0.052393181818182	0.133173295454545		1
000265:	0.086216477272727	0.310075000000000	0.467629545454545	0.035747159090909	0.100331818181818		1
000266:	0.030752272727273	0.801766477272727	0.070235227272727	0.027251704545455	0.069994318181818		1
000267:	0.054939772727273	0.783875568181818	0.025687500000000	0.018127840909091	0.117369318181818		1
000268:	0.148983522727273	0.131188636363636	0.474088068181818	0.089429545454545	0.156310227272727		1
000269:	0.052059090909091	0.202149431818182	0.099871590909091	0.181543181818182	0.464376704545455		1
000270:	0.062249431818182	0.056187500000000	0.725547727272727	0.044244318181818	0.111771022727273		1
000271:	0.214272159090909	0.066870454545455	0.061113636363636	0.035961931818182	0.621781818181818		1
000272:	0.340851704545455	0.064675000000000	0.107940340909091	0.082610795454545	0.403922159090909		1
000273:	0.096359659090909	0.278471022727273	0.114244318181818	0.092657386363636	0.418267613636364		1
000274:	0.047485795454545	0.131805113636364	0.011989204545455	0.759990909090909	0.048728977272727		1
000275:	0.035197159090909	0.827988068181818	0.059484090909091	0.032803409090909	0.044527272727273		1
000276:	0.153907386363636	0.045254545454545	0.300392045454545	0.045208522727273	0.455237500000000		1
000277:	0.052069886363636	0.146446022727273	0.054033522727273	0.056522159090909	0.690928409090909		1
000278:	0.045515340909091	0.802525000000000	0.070721590909091	0.022155113636364	0.059082954545455		1
000279:	0.031060795454545	0.575791477272727	0.038289772727273	0.042975000000000	0.311882954545455		1
000280:	0.299225568181818	0.168105681818182	0.159950000000000	0.149553409090909	0.223165340909091		1
000281:	0.044447727272727	0.036706250000000	0.089963636363636	0.026641477272727	0.802240909090909		1
000282:	0.144584090909091	0.269700000000000	0.251752272727273	0.141351136363636	0.192612500000000		1
000283:	0.307934659090909	0.048196590909091	0.467385795454545	0.024840909090909	0.151642045454545		1
000284:	0.025122159090909	0.018197727272727	0.899144886363636	0.001410795454545	0.056124431818182		1
000285:	0.161286363636364	0.141942613636364	0.094590340909091	0.297498295454545	0.304682386363636		1
000286:	0.074643750000000	0.186665340909091	0.132680113636364	0.061676136363636	0.544334659090909		1
000287:	0.065925568181818	0.447369318181818	0.074061363636364	0.058852840909091	0.353790909090909		1
000288:	0.137759090909091	0.386123295454545	0.188392613636364	0.041737500000000	0.245987500000000		1
000289:	0.069925568181818	0.206871022727273	0.639082386363636	0.050385795454545	0.033735227272727		1
000290:	0.378602840909091	0.605472727272727	0.013693750000000	0.001430681818182	0.000800000000000		1
000291:	0.033559659090909	0.255862500000000	0.606598295454545	0.080988068181818	0.022991477272727		1
000292:	0.112731250000000	0.045769318181818	0.771926136363636	0.039658522727273	0.029914772727273		1
000293:	0.033432386363636	0.083698295454545	0.814100000000000	0.051528409090909	0.017240909090909		1
000294:	0.032080681818182	0.132703409090909	0.708426136363636	0.106539772727273	0.020250000000000		1
000295:	0.050705681818182	0.097498863636364	0.446086363636364	0.388455681818182	0.017253409090909		1
000296:	0.046847159090909	0.062494318181818	0.807930681818182	0.060847727272727	0.021880113636364		1
000297:	0.108451704545455	0.422490340909091	0.396764772727273	0.044072159090909	0.028221022727273		1
000298:	0.020831818181818	0.453573863636364	0.053648295454545	0.427498863636364	0.044447159090909		1
000299:	0.045988068181818	0.700571022727273	0.172658522727273	0.036123863636364	0.044658522727273		1
000300:	0.085542045454545	0.226348295454545	0.509455113636364	0.048705681818182	0.129948863636364		1
000301:	0.057909090909091	0.443389772727273	0.416676136363636	0.051532386363636	0.030492613636364		1
000302:	0.139078977272727	0.037149431818182	0.680966477272727	0.072619886363636	0.070185227272727		1
000303:	0.227894318181818	0.031031818181818	0.590480681818182	0.052697159090909	0.097896022727273		1
000304:	0.121797159090909	0.178808522727273	0.629298295454545	0.048406818181818	0.021689204545455		1
000305:	0.598188636363636	0.026751136363636	0.299437500000000	0.051853409090909	0.023769318181818		1
000306:	0.261365909090909	0.043560795454545	0.431474431818182	0.075494886363636	0.188103977272727		1
000307:	0.598467045454545	0.025574431818182	0.324910227272727	0.017117613636364	0.033930681818182		1
000308:	0.084166477272727	0.100489772727273	0.768566477272727	0.024275568181818	0.022501704545455		1
000309:	0.083420454545455	0.150267613636364	0.636985227272727	0.050766477272727	0.078560227272727		1
000310:	0.058610227272727	0.069431250000000	0.757138636363636	0.076090340909091	0.038729545454545		1
000311:	0.187809659090909	0.223288068181818	0.392128409090909	0.107556818181818	0.089217045454545		1
000312:	0.063980681818182	0.557894886363636	0.119969886363636	0.110476136363636	0.147678409090909		1
000313:	0.080426704545455	0.092711363636364	0.216102840909091	0.177427840909091	0.433331250000000		1
000314:	0.106059090909091	0.172163068181818	0.141146022727273	0.468102840909091	0.112528977272727		1
000315:	0.076154545454545	0.367075000000000	0.172058522727273	0.231409659090909	0.153302272727273		1
000316:	0.059090909090909	0.557813636363636	0.278909659090909	0.062090909090909	0.042094886363636		1
000317:	0.123851136363636	0.169635227272727	0.190936931818182	0.477390909090909	0.038185795454545		1
000318:	0.127025000000000	0.079368750000000	0.733414204545455	0.033875000000000	0.026317045454545		1
000319:	0.092666477272727	0.036942045454545	0.803615340909091	0.029863636363636	0.036912500000000		1
000320:	0.082641477272727	0.065818181818182	0.702093181818182	0.059661363636364	0.089785795454545		1
000321:	0.088411363636364	0.033785227272727	0.832791477272727	0.021971022727273	0.023040909090909		1
000322:	0.266840909090909	0.042422727272727	0.574940909090909	0.091732954545455	0.024062500000000		1
000323:	0.101279545454545	0.108788636363636	0.276425568181818	0.092211931818182	0.421294318181818		1
000324:	0.273812500000000	0.048227272727273	0.616902272727273	0.031734090909091	0.029323863636364		1
000325:	0.178303977272727	0.047584659090909	0.504222727272727	0.046009090909091	0.223879545454545		1
000326:	0.104632954545455	0.636340909090909	0.208297159090909	0.020172159090909	0.030556818181818		1
000327:	0.244025568181818	0.087281250000000	0.562686931818182	0.074362500000000	0.031643750000000		1
000328:	0.872305113636364	0.022959659090909	0.081865909090909	0.008960795454545	0.013908522727273		1
000329:	0.242742613636364	0.176683522727273	0.450423863636364	0.056698863636364	0.073451136363636		1
000330:	0.650646022727273	0.021503977272727	0.260171590909091	0.015712500000000	0.051965909090909		1
000331:	0.774060227272727	0.027705681818182	0.139178409090909	0.012302272727273	0.046753409090909		1
000332:	0.071540340909091	0.023018181818182	0.825195454545455	0.033901704545455	0.046344318181818		1
000333:	0.090187500000000	0.054060227272727	0.748388636363636	0.029892613636364	0.077471022727273		1
000334:	0.087058522727273	0.048387500000000	0.764263068181818	0.027878977272727	0.072411931818182		1
000335:	0.186195454545455	0.468437500000000	0.283971590909091	0.028081818181818	0.033313636363636		1
000336:	0.133317045454545	0.036236931818182	0.771440909090909	0.017414204545455	0.041590909090909		1
000337:	0.180146590909091	0.342810795454545	0.385777272727273	0.021587500000000	0.069677840909091		1
000338:	0.054817613636364	0.066227840909091	0.831621022727273	0.029909659090909	0.017423863636364		1
000339:	0.232836931818182	0.041711363636364	0.681461363636364	0.022173295454545	0.021817045454545		1
000340:	0.060267045454545	0.020864772727273	0.885497159090909	0.014479545454545	0.018891477272727		1
000341:	0.049565340909091	0.052798863636364	0.843175000000000	0.033557386363636	0.020903409090909		1
000342:	0.133323295454545	0.114770454545455	0.713061931818182	0.016090340909091	0.022753977272727		1
000343:	0.064374431818182	0.255078409090909	0.626393181818182	0.019031250000000	0.035122727272727		1
000344:	0.707407954545455	0.122514772727273	0.127665909090909	0.023228409090909	0.019182954545455		1
000345:	0.784807386363636	0.026708522727273	0.169412500000000	0.009444318181818	0.009627272727273		1
000346:	0.193964772727273	0.174609090909091	0.587351704545455	0.023050000000000	0.021024431818182		1
000347:	0.229664772727273	0.258969318181818	0.474382954545455	0.012918750000000	0.024064204545455		1
000348:	0.230539204545455	0.035270454545455	0.659691477272727	0.055077272727273	0.019421590909091		1
000349:	0.237797727272727	0.037763068181818	0.631034090909091	0.060536363636364	0.032868750000000		1
000350:	0.051040909090909	0.841133522727273	0.005670454545455	0.101946022727273	0.000209090909091		1
000351:	0.608508522727273	0.066878977272727	0.269842613636364	0.033724431818182	0.021045454545455		1
000352:	0.039060227272727	0.046135227272727	0.855195454545455	0.036734659090909	0.022874431818182		1
000353:	0.045050000000000	0.043590909090909	0.877697727272727	0.020639772727273	0.013021590909091		1
000354:	0.069982386363636	0.023184090909091	0.864090340909091	0.026210227272727	0.016532954545455		1
000355:	0.077710227272727	0.025084090909091	0.841270454545455	0.030921590909091	0.025013636363636		1
000356:	0.127919318181818	0.203932386363636	0.242006250000000	0.108403409090909	0.317738636363636		1
000357:	0.101325000000000	0.517880681818182	0.077644318181818	0.198697159090909	0.104452840909091		1
000358:	0.170490909090909	0.297266477272727	0.197338636363636	0.177001704545455	0.157902272727273		1
000359:	0.231288636363636	0.305455681818182	0.171046022727273	0.066834090909091	0.225375568181818		1
000360:	0.060921022727273	0.542614204545455	0.298610795454545	0.051601704545455	0.046252272727273		1
000361:	0.086693750000000	0.248617613636364	0.069350568181818	0.196952840909091	0.398385227272727		1
000362:	0.424385227272727	0.177093181818182	0.275750000000000	0.035830113636364	0.086941477272727		1
000363:	0.020628977272727	0.855658522727273	0.060256250000000	0.043863068181818	0.019593181818182		1
000364:	0.094368750000000	0.590409659090909	0.076218181818182	0.048176136363636	0.190827272727273		1
000365:	0.184086363636364	0.395617045454545	0.253908522727273	0.087010227272727	0.079377840909091		1
000366:	0.064656818181818	0.200911931818182	0.189661931818182	0.230810795454545	0.313958522727273		1
000367:	0.032419886363636	0.818174431818182	0.065369886363636	0.035057386363636	0.048978409090909		1
000368:	0.040038068181818	0.771473863636364	0.070357954545455	0.056540340909091	0.061589772727273		1
000369:	0.110563636363636	0.544264772727273	0.186054545454545	0.072449431818182	0.086667613636364		1
000370:	0.133256250000000	0.054403409090909	0.552965909090909	0.066790340909091	0.192584090909091		1
000371:	0.244207386363636	0.473451704545455	0.206131818181818	0.033894318181818	0.042314772727273		1
000372:	0.023924431818182	0.883914204545455	0.052435227272727	0.020056250000000	0.019669886363636		1
000373:	0.166100568181818	0.186750000000000	0.296282954545455	0.146618181818182	0.204248295454545		1
000374:	0.128022159090909	0.001413636363636	0.869293181818182	0.000296590909091	0.000974431818182		1
000375:	0.175098295454545	0.069061363636364	0.631266477272727	0.041239204545455	0.083334659090909		1
000376:	0.063196590909091	0.709778977272727	0.110257954545455	0.069413636363636	0.047352840909091		1
000377:	0.205609090909091	0.041650568181818	0.639251704545455	0.039448295454545	0.074040340909091		1
000378:	0.848735227272727	0.005640909090909	0.007181818181818	0.135627272727273	0.002814772727273		1
000379:	0.022383522727273	0.832657954545455	0.043145454545455	0.034293750000000	0.067519318181818		1
000380:	0.046862500000000	0.637827272727273	0.103811931818182	0.122381818181818	0.089116477272727		1
000381:	0.026184659090909	0.672169318181818	0.042499431818182	0.029750000000000	0.229396590909091		1
000382:	0.041313636363636	0.765883522727273	0.093212500000000	0.052448863636364	0.047141477272727		1
000383:	0.055426704545455	0.757324431818182	0.101931250000000	0.033459090909091	0.051858522727273		1
000384:	0.003928977272727	0.956949431818182	0.006472159090909	0.001781250000000	0.030868181818182		1
000385:	0.163196590909091	0.742640909090909	0.047315340909091	0.020723295454545	0.026123863636364		1
000386:	0.025708522727273	0.821736363636364	0.050638068181818	0.018264772727273	0.083652272727273		1
000387:	0.032734090909091	0.821367045454545	0.096339204545455	0.021656250000000	0.027903409090909		1
000388:	0.154087500000000	0.139623295454545	0.226439772727273	0.082911363636364	0.396938068181818		1
000389:	0.102193750000000	0.773305113636364	0.079498863636364	0.020097159090909	0.024905113636364		1
000390:	0.424619886363636	0.204007954545455	0.282872159090909	0.019407954545455	0.069092045454545		1
