Estimated Clustering Probabilities for Samples
Sample	***Cluster  01***	***Cluster  02***	***Cluster  03***	***Cluster  04***	***Cluster  05***	
000001:	0.037914772727273	0.406956818181818	0.136776136363636	0.142216477272727	0.276135795454545		1
000002:	0.045291477272727	0.570622159090909	0.042093750000000	0.077632386363636	0.264360227272727		1
000003:	0.024515340909091	0.788345454545455	0.033166477272727	0.036250000000000	0.117722727272727		1
000004:	0.020467613636364	0.194073295454545	0.022664204545455	0.722075568181818	0.040719318181818		1
000005:	0.019947727272727	0.838730681818182	0.043186363636364	0.049052272727273	0.049082954545455		1
000006:	0.068558522727273	0.164715340909091	0.057522159090909	0.644234090909091	0.064969886363636		1
000007:	0.032421590909091	0.547943181818182	0.027594318181818	0.047619318181818	0.344421590909091		1
000008:	0.029411931818182	0.688373863636364	0.032114772727273	0.092400568181818	0.157698863636364		1
000009:	0.022151704545455	0.678213068181818	0.047419318181818	0.185856818181818	0.066359090909091		1
000010:	0.024963068181818	0.603171590909091	0.145702272727273	0.083668750000000	0.142494318181818		1
000011:	0.051720454545455	0.292597159090909	0.064406818181818	0.217290909090909	0.373984659090909		1
000012:	0.110201704545455	0.490644318181818	0.211463636363636	0.163781250000000	0.023909090909091		1
000013:	0.236453409090909	0.102338068181818	0.368843181818182	0.248524431818182	0.043840909090909		1
000014:	0.014700000000000	0.034139204545455	0.021891477272727	0.908628409090909	0.020640909090909		1
000015:	0.020565909090909	0.705539772727273	0.115384659090909	0.135264204545455	0.023245454545455		1
000016:	0.012397159090909	0.064036931818182	0.015490340909091	0.883798863636364	0.024276704545455		1
000017:	0.019442613636364	0.699543181818182	0.147907954545455	0.069980681818182	0.063125568181818		1
000018:	0.340976704545455	0.138319886363636	0.427739204545455	0.065607954545455	0.027356250000000		1
000019:	0.053225568181818	0.755578409090909	0.104562500000000	0.043592045454545	0.043041477272727		1
000020:	0.016893750000000	0.393946590909091	0.175936931818182	0.376996022727273	0.036226704545455		1
000021:	0.025159659090909	0.077023295454545	0.644281818181818	0.028782954545455	0.224752272727273		1
000022:	0.023136931818182	0.658311363636364	0.201657954545455	0.082060795454545	0.034832954545455		1
000023:	0.128625568181818	0.315549431818182	0.258940340909091	0.072769318181818	0.224115340909091		1
000024:	0.020587500000000	0.023631250000000	0.035394318181818	0.904564772727273	0.015822159090909		1
000025:	0.364700568181818	0.159041477272727	0.214532386363636	0.198600000000000	0.063125568181818		1
000026:	0.040317045454545	0.405829545454545	0.483523295454545	0.031090909090909	0.039239204545455		1
000027:	0.056826136363636	0.105285227272727	0.762458522727273	0.044078977272727	0.031351136363636		1
000028:	0.015987500000000	0.255473295454545	0.186275568181818	0.058809090909091	0.483454545454545		1
000029:	0.034986363636364	0.478558522727273	0.262435227272727	0.149183522727273	0.074836363636364		1
000030:	0.051769886363636	0.694888068181818	0.062618750000000	0.089093181818182	0.101630113636364		1
000031:	0.112901704545455	0.073447159090909	0.738079545454545	0.048207954545455	0.027363636363636		1
000032:	0.042317045454545	0.123970454545455	0.687579545454545	0.084328409090909	0.061804545454545		1
000033:	0.034907386363636	0.461076136363636	0.320607954545455	0.070630113636364	0.112778409090909		1
000034:	0.013130113636364	0.045992045454545	0.027546590909091	0.893965340909091	0.019365909090909		1
000035:	0.114067045454545	0.103238068181818	0.491535227272727	0.034776136363636	0.256383522727273		1
000036:	0.013736363636364	0.353289772727273	0.276367045454545	0.177408522727273	0.179198295454545		1
000037:	0.026852272727273	0.260518181818182	0.575751704545455	0.115833522727273	0.021044318181818		1
000038:	0.258444886363636	0.218050000000000	0.044480113636364	0.101253977272727	0.377771022727273		1
000039:	0.115421022727273	0.354107954545455	0.383446022727273	0.103003409090909	0.044021590909091		1
000040:	0.023561931818182	0.089915909090909	0.025425000000000	0.835311931818182	0.025785227272727		1
000041:	0.028213636363636	0.257056250000000	0.457684659090909	0.207593750000000	0.049451704545455		1
000042:	0.000661363636364	0.632585795454545	0.001548863636364	0.001078977272727	0.364125000000000		1
000043:	0.018532954545455	0.793871022727273	0.043430113636364	0.091772159090909	0.052393750000000		1
000044:	0.031149431818182	0.471514204545455	0.347564204545455	0.072274431818182	0.077497727272727		1
000045:	0.046468181818182	0.168571022727273	0.741726704545455	0.024209090909091	0.019025000000000		1
000046:	0.289334090909091	0.116988636363636	0.366447159090909	0.077364204545455	0.149865909090909		1
000047:	0.154537500000000	0.221852840909091	0.271896590909091	0.177384659090909	0.174328409090909		1
000048:	0.034387500000000	0.844864772727273	0.023235227272727	0.055322159090909	0.042190340909091		1
000049:	0.029567045454545	0.849603977272727	0.050782386363636	0.038132386363636	0.031914204545455		1
000050:	0.124071022727273	0.098944318181818	0.257710795454545	0.439047159090909	0.080226704545455		1
000051:	0.014444318181818	0.067806818181818	0.019402272727273	0.878398863636364	0.019947727272727		1
000052:	0.013734659090909	0.077704545454545	0.018538636363636	0.868281818181818	0.021740340909091		1
000053:	0.069835795454545	0.352077840909091	0.291235227272727	0.245334659090909	0.041516477272727		1
000054:	0.434038068181818	0.166556818181818	0.255813636363636	0.063968181818182	0.079623295454545		1
000055:	0.020617045454545	0.658664772727273	0.051660795454545	0.229192613636364	0.039864772727273		1
000056:	0.031239204545455	0.773039772727273	0.101618181818182	0.065077840909091	0.029025000000000		1
000057:	0.019137500000000	0.441543750000000	0.331950000000000	0.158674431818182	0.048694318181818		1
000058:	0.049321590909091	0.878414204545454	0.035828409090909	0.019742045454545	0.016693750000000		1
000059:	0.056658522727273	0.457518750000000	0.431335795454545	0.022031818181818	0.032455113636364		1
000060:	0.012044886363636	0.844867045454545	0.059782954545455	0.058951704545455	0.024353409090909		1
000061:	0.030196022727273	0.818008522727273	0.076371022727273	0.043073863636364	0.032350568181818		1
000062:	0.014697159090909	0.106555113636364	0.018112500000000	0.827252272727273	0.033382954545455		1
000063:	0.000123863636364	0.028430681818182	0.000107386363636	0.971161931818182	0.000176136363636		1
000064:	0.011542613636364	0.046880113636364	0.013914204545455	0.883466477272727	0.044196590909091		1
000065:	0.019084090909091	0.840105113636364	0.045613068181818	0.045000000000000	0.050197727272727		1
000066:	0.048589204545455	0.000765909090909	0.000798295454545	0.000269886363636	0.949576704545455		1
000067:	0.008679545454545	0.054042045454545	0.016582386363636	0.887048295454545	0.033647727272727		1
000068:	0.069772159090909	0.472276136363636	0.183580113636364	0.014286363636364	0.260085227272727		1
000069:	0.019571590909091	0.411853977272727	0.453543181818182	0.079914204545455	0.035117045454545		1
000070:	0.075998863636364	0.291317613636364	0.164806250000000	0.366536363636364	0.101340909090909		1
000071:	0.026965340909091	0.519023863636364	0.389102272727273	0.025088636363636	0.039819886363636		1
000072:	0.011455113636364	0.812481818181818	0.033134659090909	0.108747159090909	0.034181250000000		1
000073:	0.015819318181818	0.839938068181818	0.057220454545455	0.067910227272727	0.019111931818182		1
000074:	0.149428977272727	0.095818181818182	0.555796022727273	0.160163636363636	0.038793181818182		1
000075:	0.118502840909091	0.610968181818182	0.157197727272727	0.057798295454545	0.055532954545455		1
000076:	0.105765340909091	0.197684659090909	0.146447159090909	0.024668750000000	0.525434090909091		1
000077:	0.098859090909091	0.316085795454545	0.158423295454545	0.076165340909091	0.350466477272727		1
000078:	0.014017613636364	0.757663068181818	0.065257954545455	0.065447159090909	0.097614204545455		1
000079:	0.068673863636364	0.549189772727273	0.243937500000000	0.047713068181818	0.090485795454545		1
000080:	0.209256818181818	0.303074431818182	0.395419318181818	0.020161931818182	0.072087500000000		1
000081:	0.006904545454545	0.889086931818182	0.057650568181818	0.028622727272727	0.017735227272727		1
000082:	0.009852272727273	0.867289204545455	0.039675000000000	0.042303977272727	0.040879545454545		1
000083:	0.021569318181818	0.848119886363636	0.082917613636364	0.016838068181818	0.030555113636364		1
000084:	0.022080681818182	0.017140340909091	0.016343750000000	0.920774431818182	0.023660795454545		1
000085:	0.032347159090909	0.338657386363636	0.402948295454545	0.090702272727273	0.135344886363636		1
000086:	0.078652840909091	0.332353977272727	0.097283522727273	0.406934659090909	0.084775000000000		1
000087:	0.012501704545455	0.819663068181818	0.118026704545455	0.026153977272727	0.023654545454545		1
000088:	0.025347159090909	0.123842045454545	0.770999431818182	0.041840909090909	0.037970454545455		1
000089:	0.020701704545455	0.145641477272727	0.722443181818182	0.051560227272727	0.059653409090909		1
000090:	0.144243750000000	0.138622727272727	0.537788636363636	0.137034090909091	0.042310795454545		1
000091:	0.391581250000000	0.107097727272727	0.251935227272727	0.045886931818182	0.203498863636364		1
000092:	0.028245454545455	0.679678977272727	0.197985795454545	0.047978409090909	0.046111363636364		1
000093:	0.081448295454545	0.502670454545455	0.295675568181818	0.065625568181818	0.054580113636364		1
000094:	0.055686363636364	0.670571022727273	0.191673863636364	0.042492613636364	0.039576136363636		1
000095:	0.013144318181818	0.819332954545455	0.052186363636364	0.080207954545455	0.035128409090909		1
000096:	0.725238636363636	0.004588636363636	0.001673295454545	0.006417613636364	0.262081818181818		1
000097:	0.045181250000000	0.293523295454545	0.594185795454545	0.030584659090909	0.036525000000000		1
000098:	0.017748863636364	0.820040340909091	0.125610795454545	0.013670454545455	0.022929545454545		1
000099:	0.040424431818182	0.315456250000000	0.189017045454545	0.364811931818182	0.090290340909091		1
000100:	0.015138068181818	0.294726136363636	0.028087500000000	0.629272727272727	0.032775568181818		1
000101:	0.015696590909091	0.238301704545455	0.649132386363636	0.061828409090909	0.035040909090909		1
000102:	0.042555681818182	0.397488068181818	0.278571022727273	0.210143750000000	0.071241477272727		1
000103:	0.148257954545455	0.681050568181818	0.059921590909091	0.034792045454545	0.075977840909091		1
000104:	0.014948863636364	0.289592045454545	0.034771022727273	0.640510227272727	0.020177840909091		1
000105:	0.098501136363636	0.000966477272727	0.001582386363636	0.897546590909091	0.001403409090909		1
000106:	0.036009090909091	0.260031818181818	0.624047159090909	0.037050000000000	0.042861931818182		1
000107:	0.021468750000000	0.288848863636364	0.169819886363636	0.465963068181818	0.053899431818182		1
000108:	0.044136931818182	0.094338636363636	0.054547159090909	0.778334090909091	0.028643181818182		1
000109:	0.046238068181818	0.391372159090909	0.411982386363636	0.050542045454545	0.099865340909091		1
000110:	0.705647727272727	0.044962500000000	0.059207386363636	0.101780681818182	0.088401704545455		1
000111:	0.021560227272727	0.280189772727273	0.106393181818182	0.464289204545455	0.127567613636364		1
000112:	0.071043181818182	0.061067613636364	0.703865340909091	0.113503409090909	0.050520454545455		1
000113:	0.013888636363636	0.771457954545455	0.075155681818182	0.089506818181818	0.049990909090909		1
000114:	0.117218750000000	0.346645454545455	0.200700000000000	0.030445454545455	0.304990340909091		1
000115:	0.042876704545455	0.348434090909091	0.351901704545455	0.227770454545455	0.029017045454545		1
000116:	0.032126704545455	0.522809659090909	0.041361363636364	0.363368750000000	0.040333522727273		1
000117:	0.028326704545455	0.263479545454545	0.519331250000000	0.094931250000000	0.093931250000000		1
000118:	0.019571590909091	0.565419886363636	0.062281818181818	0.234844318181818	0.117882386363636		1
000119:	0.045172727272727	0.246772727272727	0.542813068181818	0.136363636363636	0.028877840909091		1
000120:	0.021472159090909	0.706937500000000	0.056641477272727	0.178842045454545	0.036106818181818		1
000121:	0.130757386363636	0.432378409090909	0.267066477272727	0.074263636363636	0.095534090909091		1
000122:	0.017269886363636	0.631822159090909	0.293235795454545	0.040447727272727	0.017224431818182		1
000123:	0.027754545454545	0.888619886363636	0.027073295454545	0.026148295454545	0.030403977272727		1
000124:	0.022433522727273	0.423189204545455	0.242608522727273	0.251528409090909	0.060240340909091		1
000125:	0.027777272727273	0.244932386363636	0.054469886363636	0.096495454545455	0.576325000000000		1
000126:	0.021735227272727	0.048026704545455	0.028328977272727	0.034919886363636	0.866989204545455		1
000127:	0.029868181818182	0.655372159090909	0.115793181818182	0.154147727272727	0.044818750000000		1
000128:	0.036235795454545	0.786998863636364	0.047884659090909	0.069001136363636	0.059879545454545		1
000129:	0.094489204545455	0.167882386363636	0.690124431818182	0.022825568181818	0.024678409090909		1
000130:	0.047457954545455	0.772361931818182	0.028956818181818	0.071442045454545	0.079781250000000		1
000131:	0.024561931818182	0.584092045454545	0.287764772727273	0.058600568181818	0.044980681818182		1
000132:	0.018285227272727	0.078427272727273	0.061065340909091	0.816035227272727	0.026186931818182		1
000133:	0.222840909090909	0.157603409090909	0.152889772727273	0.059738068181818	0.406927840909091		1
000134:	0.129589204545455	0.544073295454545	0.137794886363636	0.076154545454545	0.112388068181818		1
000135:	0.153801136363636	0.196930113636364	0.591046590909091	0.015655681818182	0.042566477272727		1
000136:	0.036589204545455	0.780047159090909	0.081278409090909	0.062497159090909	0.039588068181818		1
000137:	0.208009090909091	0.166444886363636	0.525795454545455	0.044839772727273	0.054910795454545		1
000138:	0.063143181818182	0.568640909090909	0.141998863636364	0.057594318181818	0.168622727272727		1
000139:	0.072364204545455	0.591278977272727	0.156959090909091	0.090385227272727	0.089012500000000		1
000140:	0.714802272727273	0.075898295454545	0.129322727272727	0.058322727272727	0.021653977272727		1
000141:	0.042380681818182	0.125946590909091	0.041130113636364	0.480484090909091	0.310058522727273		1
000142:	0.034568750000000	0.364079545454545	0.480122727272727	0.092284659090909	0.028944318181818		1
000143:	0.022772727272727	0.759585795454545	0.132293181818182	0.034578977272727	0.050769318181818		1
000144:	0.020648863636364	0.434755681818182	0.261895454545455	0.211111931818182	0.071588068181818		1
000145:	0.049550000000000	0.066189772727273	0.028478409090909	0.794123295454545	0.061658522727273		1
000146:	0.103384090909091	0.548886931818182	0.198760795454545	0.105541477272727	0.043426704545455		1
000147:	0.023110795454545	0.818692045454545	0.069919886363636	0.044984659090909	0.043292613636364		1
000148:	0.024884659090909	0.891472727272727	0.029288068181818	0.026171022727273	0.028183522727273		1
000149:	0.044877840909091	0.421922727272727	0.345072727272727	0.084260795454545	0.103865909090909		1
000150:	0.164453409090909	0.202060227272727	0.531960227272727	0.054557386363636	0.046968750000000		1
000151:	0.028871022727273	0.508997727272727	0.063375568181818	0.225568750000000	0.173186931818182		1
000152:	0.060101136363636	0.709853409090909	0.061312500000000	0.088006818181818	0.080726136363636		1
000153:	0.029278409090909	0.257449431818182	0.574478977272727	0.107245454545455	0.031547727272727		1
000154:	0.007698863636364	0.298738636363636	0.010760795454545	0.663971590909091	0.018830113636364		1
000155:	0.043650000000000	0.383766477272727	0.124444318181818	0.406121022727273	0.042018181818182		1
000156:	0.017961363636364	0.156438068181818	0.372313636363636	0.404296590909091	0.048990340909091		1
000157:	0.014310227272727	0.038557386363636	0.025414772727273	0.896399431818182	0.025318181818182		1
000158:	0.043296022727273	0.153844886363636	0.241912500000000	0.137302840909091	0.423643750000000		1
000159:	0.186296022727273	0.042921590909091	0.111997159090909	0.551603409090909	0.107181818181818		1
000160:	0.013088068181818	0.029247159090909	0.014198295454545	0.040799431818182	0.902667045454545		1
000161:	0.036832386363636	0.147168181818182	0.080006818181818	0.093526136363636	0.642466477272727		1
000162:	0.184401136363636	0.062968181818182	0.400185795454545	0.022236363636364	0.330208522727273		1
000163:	0.009935795454545	0.882999431818182	0.042048295454545	0.041321022727273	0.023695454545455		1
000164:	0.010555113636364	0.101940909090909	0.014360227272727	0.844550568181818	0.028593181818182		1
000165:	0.027136931818182	0.811084090909091	0.026046590909091	0.057219318181818	0.078513068181818		1
000166:	0.011587500000000	0.855299431818182	0.036277272727273	0.070337500000000	0.026498295454545		1
000167:	0.000861363636364	0.287173863636364	0.703532386363636	0.003493750000000	0.004938636363636		1
000168:	0.041698295454545	0.544136931818182	0.114594886363636	0.235039772727273	0.064530113636364		1
000169:	0.028262500000000	0.769659090909091	0.148960227272727	0.024743181818182	0.028375000000000		1
000170:	0.018020454545455	0.923232386363636	0.018148863636364	0.015885795454545	0.024712500000000		1
000171:	0.027641477272727	0.216266477272727	0.042048863636364	0.657261363636364	0.056781818181818		1
000172:	0.051876704545455	0.736448863636364	0.074555681818182	0.043665909090909	0.093452840909091		1
000173:	0.012377840909091	0.782688636363636	0.134702272727273	0.048638068181818	0.021593181818182		1
000174:	0.079894886363636	0.514202840909091	0.339349431818182	0.039072727272727	0.027480113636364		1
000175:	0.017644318181818	0.025017613636364	0.018479545454545	0.922331818181818	0.016526704545455		1
000176:	0.022988068181818	0.467892045454545	0.257133522727273	0.100500568181818	0.151485795454545		1
000177:	0.051023295454545	0.631763068181818	0.172930113636364	0.120005681818182	0.024277840909091		1
000178:	0.044647727272727	0.545678977272727	0.208328409090909	0.170464772727273	0.030880113636364		1
000179:	0.013236931818182	0.044454545454545	0.019759659090909	0.894263068181818	0.028285795454545		1
000180:	0.018028409090909	0.033827840909091	0.015549431818182	0.914494886363636	0.018099431818182		1
000181:	0.013548863636364	0.034272159090909	0.015074431818182	0.853210227272727	0.083894318181818		1
000182:	0.127828409090909	0.192505681818182	0.279472727272727	0.313347159090909	0.086846022727273		1
000183:	0.010640909090909	0.050510227272727	0.015410227272727	0.903007386363636	0.020431250000000		1
000184:	0.071270454545455	0.628330681818182	0.100118750000000	0.128223863636364	0.072056250000000		1
000185:	0.392071590909091	0.157735227272727	0.251002272727273	0.086415909090909	0.112775000000000		1
000186:	0.045228409090909	0.049317613636364	0.031577272727273	0.824007954545455	0.049868750000000		1
000187:	0.028975000000000	0.047213068181818	0.020472159090909	0.866570454545455	0.036769318181818		1
000188:	0.035813068181818	0.267245454545455	0.041540909090909	0.305759090909091	0.349641477272727		1
000189:	0.008053409090909	0.924028977272727	0.022840340909091	0.027462500000000	0.017614772727273		1
000190:	0.032309659090909	0.815288636363636	0.056476136363636	0.029089204545455	0.066836363636364		1
000191:	0.015984090909091	0.726123863636364	0.166748863636364	0.064085795454545	0.027057386363636		1
000192:	0.033017045454545	0.180682386363636	0.567678409090909	0.092750568181818	0.125871590909091		1
000193:	0.040204545454545	0.347443181818182	0.390318181818182	0.157794318181818	0.064239772727273		1
000194:	0.115065909090909	0.681507386363636	0.076496590909091	0.059284659090909	0.067645454545455		1
000195:	0.018589204545455	0.356282954545455	0.542655681818182	0.052697159090909	0.029775000000000		1
000196:	0.020570454545455	0.143503977272727	0.061322159090909	0.291778409090909	0.482825000000000		1
000197:	0.018557954545455	0.660737500000000	0.145236931818182	0.119701136363636	0.055766477272727		1
000198:	0.109164772727273	0.215897727272727	0.435403409090909	0.111418181818182	0.128115909090909		1
000199:	0.031886363636364	0.590807954545455	0.050776704545455	0.168340340909091	0.158188636363636		1
000200:	0.024906250000000	0.470205681818182	0.087652272727273	0.060865340909091	0.356370454545455		1
000201:	0.013640340909091	0.044121590909091	0.020183522727273	0.891263068181818	0.030791477272727		1
000202:	0.062350568181818	0.336588636363636	0.320106250000000	0.194364204545455	0.086590340909091		1
000203:	0.021045454545455	0.858092613636364	0.024060795454545	0.063927840909091	0.032873295454545		1
000204:	0.034788068181818	0.393566477272727	0.028738636363636	0.404446022727273	0.138460795454545		1
000205:	0.040105681818182	0.482546022727273	0.041850000000000	0.389753977272727	0.045744318181818		1
000206:	0.166858522727273	0.649988068181818	0.036330113636364	0.095760227272727	0.051063068181818		1
000207:	0.892891477272727	0.106330681818182	0.000265909090909	0.000121590909091	0.000390340909091		1
000208:	0.020771022727273	0.609763636363636	0.054982386363636	0.221489204545455	0.092993750000000		1
000209:	0.022315909090909	0.106003409090909	0.077272159090909	0.755145454545455	0.039263068181818		1
000210:	0.025767613636364	0.439820454545455	0.140906818181818	0.358669886363636	0.034835227272727		1
000211:	0.022630681818182	0.801436363636364	0.049717045454545	0.082413068181818	0.043802840909091		1
000212:	0.034151704545455	0.221694886363636	0.067792613636364	0.350406818181818	0.325953977272727		1
000213:	0.019533522727273	0.305838636363636	0.029110227272727	0.561703409090909	0.083814204545455		1
000214:	0.027555681818182	0.446380681818182	0.073268181818182	0.066089204545455	0.386706250000000		1
000215:	0.089017045454545	0.411781250000000	0.278420454545455	0.087060795454545	0.133720454545455		1
000216:	0.030353977272727	0.150932954545455	0.040740340909091	0.665813068181818	0.112159659090909		1
000217:	0.000360795454545	0.000766477272727	0.001205113636364	0.306032386363636	0.691635227272727		1
000218:	0.016052272727273	0.513727840909091	0.066590340909091	0.321065340909091	0.082564204545455		1
000219:	0.019052840909091	0.520905113636364	0.029701704545455	0.115582954545455	0.314757386363636		1
000220:	0.012671590909091	0.364778409090909	0.025555681818182	0.416189204545455	0.180805113636364		1
000221:	0.015909090909091	0.604198863636364	0.029725568181818	0.261061931818182	0.089104545454545		1
000222:	0.015671022727273	0.090285795454545	0.018281818181818	0.848809090909091	0.026952272727273		1
000223:	0.134694318181818	0.247459090909091	0.225775000000000	0.304098863636364	0.087972727272727		1
000224:	0.115603409090909	0.266702840909091	0.516972727272727	0.068178409090909	0.032542613636364		1
000225:	0.043942613636364	0.276026704545455	0.613850568181818	0.038819886363636	0.027360227272727		1
000226:	0.029572159090909	0.377279545454545	0.290440909090909	0.132100568181818	0.170606818181818		1
000227:	0.050917613636364	0.110420454545455	0.715675568181818	0.054481250000000	0.068505113636364		1
000228:	0.738064204545455	0.030990909090909	0.049776136363636	0.021922727272727	0.159246022727273		1
000229:	0.055990909090909	0.819280681818182	0.063059659090909	0.019101704545455	0.042567045454545		1
000230:	0.033165340909091	0.069566477272727	0.026809659090909	0.077681250000000	0.792777272727273		1
000231:	0.041260795454545	0.329697727272727	0.493975000000000	0.031481250000000	0.103585227272727		1
000232:	0.091970454545455	0.207783522727273	0.064484659090909	0.260561363636364	0.375200000000000		1
000233:	0.042956818181818	0.499264772727273	0.377040340909091	0.023253409090909	0.057484659090909		1
000234:	0.387019886363636	0.173526704545455	0.344091477272727	0.024467045454545	0.070894886363636		1
000235:	0.572264204545455	0.081860795454545	0.256353977272727	0.065713636363636	0.023807386363636		1
000236:	0.059592045454545	0.044184659090909	0.063768181818182	0.404526704545455	0.427928409090909		1
000237:	0.347408522727273	0.357526136363636	0.224302840909091	0.032458522727273	0.038303977272727		1
000238:	0.019961363636364	0.183082954545455	0.037527840909091	0.726141477272727	0.033286363636364		1
000239:	0.094678977272727	0.528912500000000	0.147517613636364	0.091715340909091	0.137175568181818		1
000240:	0.026793750000000	0.043528977272727	0.074089204545455	0.025471590909091	0.830116477272727		1
000241:	0.026172727272727	0.140056818181818	0.445006818181818	0.301573863636364	0.087189772727273		1
000242:	0.042886931818182	0.067046022727273	0.820253977272727	0.023600000000000	0.046213068181818		1
000243:	0.274267045454545	0.043582954545455	0.102115909090909	0.034513636363636	0.545520454545455		1
000244:	0.039773863636364	0.606934659090909	0.068222727272727	0.064142613636364	0.220926136363636		1
000245:	0.020916477272727	0.728371022727273	0.076726704545455	0.016217613636364	0.157768181818182		1
000246:	0.194864772727273	0.327447727272727	0.362228409090909	0.028962500000000	0.086496590909091		1
000247:	0.139213636363636	0.385278409090909	0.266244886363636	0.043676136363636	0.165586931818182		1
000248:	0.211562500000000	0.762586363636364	0.002931818181818	0.012852272727273	0.010067045454545		1
000249:	0.336743181818182	0.075881250000000	0.282096590909091	0.027947727272727	0.277331250000000		1
000250:	0.125146590909091	0.275380681818182	0.533510795454545	0.043281250000000	0.022680681818182		1
000251:	0.134965340909091	0.263220454545455	0.400331250000000	0.050727272727273	0.150755681818182		1
000252:	0.101640340909091	0.087646022727273	0.089881250000000	0.245356818181818	0.475475568181818		1
000253:	0.647053977272727	0.082919318181818	0.064810795454545	0.056926136363636	0.148289772727273		1
000254:	0.328427840909091	0.242177840909091	0.066983522727273	0.094517613636364	0.267893181818182		1
000255:	0.346320454545455	0.440740340909091	0.066627272727273	0.067932954545455	0.078378977272727		1
000256:	0.000200568181818	0.342831250000000	0.017054545454545	0.639334659090909	0.000578977272727		1
000257:	0.053598863636364	0.113829545454545	0.019189772727273	0.649169318181818	0.164212500000000		1
000258:	0.014963636363636	0.822289772727273	0.068018750000000	0.038115340909091	0.056612500000000		1
000259:	0.018769886363636	0.023428409090909	0.034174431818182	0.904892045454545	0.018735227272727		1
000260:	0.108399431818182	0.054684090909091	0.278966477272727	0.032739204545455	0.525210795454545		1
000261:	0.425806818181818	0.082370454545455	0.137609659090909	0.177250568181818	0.176962500000000		1
000262:	0.120435795454545	0.079571590909091	0.075801704545455	0.424136931818182	0.300053977272727		1
000263:	0.019729545454545	0.764206250000000	0.064130113636364	0.070275000000000	0.081659090909091		1
000264:	0.013909090909091	0.129524431818182	0.051448863636364	0.762950568181818	0.042167045454545		1
000265:	0.022382386363636	0.850553977272727	0.020513636363636	0.067837500000000	0.038712500000000		1
000266:	0.185675568181818	0.589736931818182	0.108424431818182	0.086352272727273	0.029810795454545		1
000267:	0.451116477272727	0.274450568181818	0.121240340909091	0.027613068181818	0.125579545454545		1
000268:	0.050251136363636	0.678292045454545	0.033731818181818	0.119567613636364	0.118157386363636		1
000269:	0.329157954545455	0.126419886363636	0.440142045454545	0.068598863636364	0.035681250000000		1
000270:	0.015727840909091	0.051259659090909	0.023688636363636	0.884284659090909	0.025039204545455		1
000271:	0.692802272727273	0.060515340909091	0.074737500000000	0.092809659090909	0.079135227272727		1
000272:	0.317421590909091	0.085672727272727	0.179094318181818	0.182800000000000	0.235011363636364		1
000273:	0.223060227272727	0.141602272727273	0.171044318181818	0.428975000000000	0.035318181818182		1
000274:	0.409984090909091	0.229401136363636	0.099927840909091	0.056281818181818	0.204405113636364		1
000275:	0.039117613636364	0.649464204545455	0.240522159090909	0.042032954545455	0.028863068181818		1
000276:	0.018939204545455	0.028846590909091	0.024304545454545	0.885363068181818	0.042546590909091		1
000277:	0.635982386363636	0.077457954545455	0.149897159090909	0.105980681818182	0.030681818181818		1
000278:	0.036093181818182	0.563750000000000	0.278097159090909	0.044730681818182	0.077328977272727		1
000279:	0.607866477272727	0.190639204545455	0.169673863636364	0.014726704545455	0.017093750000000		1
000280:	0.060981250000000	0.161335795454545	0.234460227272727	0.235571022727273	0.307651704545455		1
000281:	0.373852272727273	0.041740340909091	0.075867613636364	0.474214204545455	0.034325568181818		1
000282:	0.073195454545455	0.134343750000000	0.510880681818182	0.209718750000000	0.071861363636364		1
000283:	0.015031250000000	0.026330113636364	0.017818181818182	0.890407386363636	0.050413068181818		1
000284:	0.570583522727273	0.129651704545455	0.069104545454545	0.083684659090909	0.146975568181818		1
000285:	0.088707954545455	0.001476136363636	0.000804545454545	0.901262500000000	0.007748863636364		1
000286:	0.188705681818182	0.138267613636364	0.306308522727273	0.336814204545455	0.029903977272727		1
000287:	0.231388068181818	0.149446590909091	0.356209090909091	0.208918750000000	0.054037500000000		1
000288:	0.109468750000000	0.438420454545455	0.124457386363636	0.232844886363636	0.094808522727273		1
000289:	0.032817613636364	0.563596590909091	0.050328409090909	0.144535795454545	0.208721590909091		1
000290:	0.022435227272727	0.021903409090909	0.310688636363636	0.401951704545455	0.243021022727273		1
000291:	0.025060795454545	0.761460795454545	0.092577272727273	0.086030681818182	0.034870454545455		1
000292:	0.056431250000000	0.493006250000000	0.037153977272727	0.061196022727273	0.352212500000000		1
000293:	0.011993750000000	0.874063636363636	0.041075000000000	0.039821022727273	0.033046590909091		1
000294:	0.018602272727273	0.682109659090909	0.103064772727273	0.140532954545455	0.055690340909091		1
000295:	0.015734090909091	0.525963068181818	0.367920454545455	0.044522727272727	0.045859659090909		1
000296:	0.021814204545455	0.230981818181818	0.082944886363636	0.578598295454545	0.085660795454545		1
000297:	0.017947159090909	0.689508522727273	0.046964772727273	0.188392613636364	0.057186931818182		1
000298:	0.117879545454545	0.108550000000000	0.690505113636364	0.061216477272727	0.021848863636364		1
000299:	0.034918750000000	0.789200000000000	0.061603409090909	0.068202840909091	0.046075000000000		1
000300:	0.135477840909091	0.469501704545455	0.078034090909091	0.262317045454545	0.054669318181818		1
000301:	0.001338068181818	0.360987500000000	0.003658522727273	0.630396590909091	0.003619318181818		1
000302:	0.011056818181818	0.034103977272727	0.021988068181818	0.879689772727273	0.053161363636364		1
000303:	0.015160227272727	0.024667045454545	0.021363636363636	0.913172727272727	0.025636363636364		1
000304:	0.018294886363636	0.731839772727273	0.040431818181818	0.026452272727273	0.182981250000000		1
000305:	0.027722159090909	0.050690909090909	0.052537500000000	0.109771590909091	0.759277840909091		1
000306:	0.531798863636364	0.124207954545455	0.180140340909091	0.138724431818182	0.025128409090909		1
000307:	0.014594318181818	0.053358522727273	0.015510795454545	0.102853977272727	0.813682386363636		1
000308:	0.011243750000000	0.846351704545454	0.020317613636364	0.056691477272727	0.065395454545455		1
000309:	0.063828409090909	0.779456250000000	0.048051704545455	0.068677272727273	0.039986363636364		1
000310:	0.011957386363636	0.031755681818182	0.016310795454545	0.920062500000000	0.019913636363636		1
000311:	0.072215909090909	0.320818181818182	0.055634090909091	0.203486363636364	0.347845454545455		1
000312:	0.366873863636364	0.420204545454545	0.120186363636364	0.044265909090909	0.048469318181818		1
000313:	0.490906250000000	0.141447159090909	0.221906250000000	0.065971022727273	0.079769318181818		1
000314:	0.109172159090909	0.074135227272727	0.604776704545455	0.092163068181818	0.119752840909091		1
000315:	0.363175568181818	0.321582954545455	0.200298295454545	0.045051136363636	0.069892045454545		1
000316:	0.024463068181818	0.818109090909091	0.056346590909091	0.045326704545455	0.055754545454545		1
000317:	0.062388068181818	0.067389772727273	0.693709659090909	0.024634090909091	0.151878409090909		1
000318:	0.018246022727273	0.466546590909091	0.043538636363636	0.186165909090909	0.285502840909091		1
000319:	0.014176136363636	0.041726704545455	0.019007386363636	0.902731818181818	0.022357954545455		1
000320:	0.070077272727273	0.184040340909091	0.113540909090909	0.500956818181818	0.131384659090909		1
000321:	0.015794886363636	0.715333522727273	0.019699431818182	0.071513636363636	0.177658522727273		1
000322:	0.022367045454545	0.055099431818182	0.024757954545455	0.223364772727273	0.674410795454545		1
000323:	0.390300000000000	0.185189204545455	0.169117613636364	0.139792613636364	0.115600568181818		1
000324:	0.023048863636364	0.224714204545455	0.031304545454545	0.158860227272727	0.562072159090909		1
000325:	0.048007386363636	0.035711931818182	0.024666477272727	0.825575568181818	0.066038636363636		1
000326:	0.037023863636364	0.709441477272727	0.032890909090909	0.047862500000000	0.172781250000000		1
000327:	0.018854545454545	0.676714772727273	0.064673863636364	0.080348295454545	0.159408522727273		1
000328:	0.017261931818182	0.033520454545455	0.022194318181818	0.034718750000000	0.892304545454545		1
000329:	0.047272727272727	0.677125000000000	0.045503409090909	0.095393181818182	0.134705681818182		1
000330:	0.028417045454545	0.075217613636364	0.032213068181818	0.152322159090909	0.711830113636364		1
000331:	0.059262500000000	0.075653977272727	0.015666477272727	0.040926136363636	0.808490909090909		1
000332:	0.013880113636364	0.030736363636364	0.021977840909091	0.910634659090909	0.022771022727273		1
000333:	0.018015340909091	0.033591477272727	0.023734090909091	0.905139204545455	0.019519886363636		1
000334:	0.017618181818182	0.030604545454545	0.016212500000000	0.908975568181818	0.026589204545455		1
000335:	0.035689204545455	0.714186363636364	0.071935795454545	0.059531250000000	0.118657386363636		1
000336:	0.012723295454545	0.029247727272727	0.014265909090909	0.913256818181818	0.030506250000000		1
000337:	0.074589772727273	0.460204545454545	0.024263636363636	0.210669318181818	0.230272727272727		1
000338:	0.088597159090909	0.001087500000000	0.908935795454546	0.000487500000000	0.000892045454545		1
000339:	0.024406250000000	0.315134659090909	0.040396590909091	0.187839772727273	0.432222727272727		1
000340:	0.011475000000000	0.085029545454545	0.017117045454545	0.837297727272727	0.049080681818182		1
000341:	0.019927272727273	0.854546590909091	0.024151136363636	0.051912500000000	0.049462500000000		1
000342:	0.024330113636364	0.608701136363636	0.033757386363636	0.141048863636364	0.192162500000000		1
000343:	0.016661363636364	0.845570454545455	0.027385227272727	0.072166477272727	0.038216477272727		1
000344:	0.027889204545455	0.084295454545455	0.037619886363636	0.026808522727273	0.823386931818182		1
000345:	0.014935227272727	0.058943181818182	0.018565909090909	0.046369318181818	0.861186363636364		1
000346:	0.017102272727273	0.804613636363636	0.044805681818182	0.048272727272727	0.085205681818182		1
000347:	0.000175568181818	0.593067613636364	0.000219318181818	0.000312500000000	0.406225000000000		1
000348:	0.019818750000000	0.139027840909091	0.048057954545455	0.175237500000000	0.617857954545455		1
000349:	0.030166477272727	0.061339204545455	0.058880681818182	0.168950000000000	0.680663636363636		1
000350:	0.018310227272727	0.163041477272727	0.038582386363636	0.064042045454545	0.716023863636364		1
000351:	0.020006818181818	0.101985227272727	0.024080681818182	0.024445454545455	0.829481818181818		1
000352:	0.032535227272727	0.646990909090909	0.049287500000000	0.130240340909091	0.140946022727273		1
000353:	0.011808522727273	0.111200568181818	0.018492613636364	0.826978977272727	0.031519318181818		1
000354:	0.015478977272727	0.071175000000000	0.013247159090909	0.865600000000000	0.034498863636364		1
000355:	0.047185227272727	0.157801136363636	0.023395454545455	0.231117045454545	0.540501136363636		1
000356:	0.426772727272727	0.136823863636364	0.088861931818182	0.267538636363636	0.080002840909091		1
000357:	0.195840340909091	0.120675000000000	0.519854545454545	0.028820454545455	0.134809659090909		1
000358:	0.068630681818182	0.079731250000000	0.635299431818182	0.105662500000000	0.110676136363636		1
000359:	0.370138068181818	0.215496590909091	0.137549431818182	0.062625000000000	0.214190909090909		1
000360:	0.018964772727273	0.841749431818182	0.032203409090909	0.076382386363636	0.030700000000000		1
000361:	0.208093750000000	0.051137500000000	0.604913068181818	0.075580113636364	0.060275568181818		1
000362:	0.045517613636364	0.107015340909091	0.042078409090909	0.126228409090909	0.679160227272727		1
000363:	0.013008522727273	0.817653977272727	0.121706818181818	0.030948863636364	0.016681818181818		1
000364:	0.349769886363636	0.321149431818182	0.127519318181818	0.026478409090909	0.175082954545455		1
000365:	0.048515909090909	0.366681818181818	0.250296022727273	0.073601704545455	0.260904545454545		1
000366:	0.189822727272727	0.101003977272727	0.632613636363636	0.032051136363636	0.044508522727273		1
000367:	0.081736363636364	0.713756818181818	0.153902272727273	0.021771022727273	0.028833522727273		1
000368:	0.095576136363636	0.299633522727273	0.520886931818182	0.044002840909091	0.039900568181818		1
000369:	0.045050568181818	0.585613068181818	0.091349431818182	0.196092045454545	0.081894886363636		1
000370:	0.049205681818182	0.274229545454545	0.049780113636364	0.556261931818182	0.070522727272727		1
000371:	0.014640909090909	0.825097159090909	0.029810795454545	0.026956250000000	0.103494886363636		1
000372:	0.018138068181818	0.766646590909091	0.171386363636364	0.024447727272727	0.019381250000000		1
000373:	0.201439204545455	0.371699431818182	0.248376704545455	0.088286931818182	0.090197727272727		1
000374:	0.020842045454545	0.517691477272727	0.366557954545455	0.061096590909091	0.033811931818182		1
000375:	0.023246022727273	0.090764204545455	0.026941477272727	0.696598295454545	0.162450000000000		1
000376:	0.047139204545455	0.570555113636364	0.228520454545455	0.105979545454545	0.047805681818182		1
000377:	0.011601136363636	0.027805113636364	0.016006818181818	0.914348295454545	0.030238636363636		1
000378:	0.157852840909091	0.044897159090909	0.709984659090909	0.062152840909091	0.025112500000000		1
000379:	0.241678409090909	0.170871022727273	0.560712500000000	0.014963636363636	0.011774431818182		1
000380:	0.156856818181818	0.298196022727273	0.426026704545455	0.085474431818182	0.033446022727273		1
000381:	0.492397727272727	0.106214772727273	0.364552272727273	0.018090340909091	0.018744886363636		1
000382:	0.045899431818182	0.476201704545455	0.353997727272727	0.085186931818182	0.038714204545455		1
000383:	0.081424431818182	0.648929545454546	0.130125568181818	0.071151136363636	0.068369318181818		1
000384:	0.088540340909091	0.536940909090909	0.304894886363636	0.037776704545455	0.031847159090909		1
000385:	0.055463068181818	0.711938068181818	0.078221022727273	0.016701136363636	0.137676704545455		1
000386:	0.655450568181818	0.195311363636364	0.086239772727273	0.037042613636364	0.025955681818182		1
000387:	0.047326704545455	0.613073863636364	0.227505681818182	0.077521022727273	0.034572727272727		1
000388:	0.435629545454545	0.196682954545455	0.097072727272727	0.094777840909091	0.175836931818182		1
000389:	0.043848863636364	0.627709659090909	0.201438068181818	0.018692045454545	0.108311363636364		1
000390:	0.049421590909091	0.413895454545455	0.037875000000000	0.170477272727273	0.328330681818182		1
