Estimated Clustering Probabilities for Samples
Sample	***Cluster  01***	***Cluster  02***	***Cluster  03***	***Cluster  04***	***Cluster  05***	***Cluster  06***	***Cluster  07***	
000001:	0.361155113636364	0.018731250000000	0.187513068181818	0.118430113636364	0.007186363636364	0.083023295454545	0.223960795454545		1
000002:	0.039777840909091	0.010693750000000	0.064967613636364	0.085951704545455	0.007456818181818	0.047911931818182	0.743240340909091		1
000003:	0.059683522727273	0.009239204545455	0.091123295454545	0.509601136363636	0.025402272727273	0.041746022727273	0.263204545454545		1
000004:	0.023625568181818	0.013602272727273	0.058811363636364	0.039177272727273	0.012814204545455	0.157113636363636	0.694855681818182		1
000005:	0.056282954545455	0.008495454545455	0.050358522727273	0.322564772727273	0.003664204545455	0.023750000000000	0.534884090909091		1
000006:	0.059289204545455	0.037303409090909	0.074321590909091	0.051793750000000	0.020365909090909	0.275159090909091	0.481767045454545		1
000007:	0.022661363636364	0.013612500000000	0.132686363636364	0.147287500000000	0.009734090909091	0.029663068181818	0.644355113636364		1
000008:	0.033570454545455	0.007864772727273	0.020292613636364	0.112605113636364	0.003642613636364	0.036980681818182	0.785043750000000		1
000009:	0.013498295454545	0.034167613636364	0.040401704545455	0.018080113636364	0.003078409090909	0.022839772727273	0.867934090909091		1
000010:	0.044672159090909	0.012742613636364	0.042130681818182	0.142800000000000	0.006151136363636	0.048390340909091	0.703113068181818		1
000011:	0.082013636363636	0.040133522727273	0.044018181818182	0.404656250000000	0.088928977272727	0.224752272727273	0.115497159090909		1
000012:	0.197930681818182	0.259808522727273	0.027592045454545	0.211035795454545	0.054897727272727	0.203176704545455	0.045558522727273		1
000013:	0.088167613636364	0.393761363636364	0.033321590909091	0.081793181818182	0.145929545454545	0.213109659090909	0.043917045454545		1
000014:	0.034210795454545	0.029381250000000	0.018870454545455	0.034539204545455	0.034285227272727	0.817047159090909	0.031665909090909		1
000015:	0.084553409090909	0.044838636363636	0.019573863636364	0.468613636363636	0.022347159090909	0.143988636363636	0.216084659090909		1
000016:	0.031830113636364	0.020811363636364	0.017707954545455	0.085838636363636	0.020967045454545	0.779338636363636	0.043506250000000		1
000017:	0.200940909090909	0.035782954545455	0.031286931818182	0.506109659090909	0.022427272727273	0.064874431818182	0.138577840909091		1
000018:	0.047728977272727	0.706200568181818	0.017698863636364	0.062759659090909	0.069117045454545	0.055229545454545	0.041265340909091		1
000019:	0.108575000000000	0.051471022727273	0.028804545454545	0.605300568181818	0.092436363636364	0.056712500000000	0.056700000000000		1
000020:	0.133726704545455	0.067731250000000	0.039542613636364	0.304319318181818	0.017750000000000	0.325992613636364	0.110937500000000		1
000021:	0.531426704545455	0.052050000000000	0.048000000000000	0.157223863636364	0.149738068181818	0.041031818181818	0.020529545454545		1
000022:	0.316753409090909	0.143075000000000	0.025284659090909	0.297289204545455	0.058556818181818	0.095862500000000	0.063178409090909		1
000023:	0.215171022727273	0.056923295454545	0.054530113636364	0.249427272727273	0.273712500000000	0.107044886363636	0.043190909090909		1
000024:	0.044144886363636	0.031951136363636	0.011415340909091	0.054478409090909	0.058121590909091	0.782032386363636	0.017856250000000		1
000025:	0.087500568181818	0.183477840909091	0.046501704545455	0.129701136363636	0.351768750000000	0.137747727272727	0.063302272727273		1
000026:	0.120247727272727	0.268219318181818	0.020455681818182	0.410632954545455	0.082586931818182	0.044193181818182	0.053664204545455		1
000027:	0.266693750000000	0.547875000000000	0.011226704545455	0.046203409090909	0.075181250000000	0.031554545454545	0.021265340909091		1
000028:	0.174961363636364	0.034548295454545	0.123615340909091	0.499020454545455	0.049852272727273	0.059067045454545	0.058935227272727		1
000029:	0.479689204545455	0.047643750000000	0.024419318181818	0.114767045454545	0.052197159090909	0.200836363636364	0.080447159090909		1
000030:	0.082268750000000	0.062682386363636	0.049946022727273	0.477747727272727	0.142705113636364	0.120830681818182	0.063819318181818		1
000031:	0.112050568181818	0.689115909090909	0.012928409090909	0.041515909090909	0.078022159090909	0.027583522727273	0.038783522727273		1
000032:	0.865098295454545	0.026006818181818	0.017264772727273	0.017407386363636	0.021607386363636	0.029626704545455	0.022988636363636		1
000033:	0.694672727272727	0.045384090909091	0.053925568181818	0.085526704545455	0.045508522727273	0.039147159090909	0.035835227272727		1
000034:	0.002245454545455	0.002367045454545	0.000581250000000	0.709324431818182	0.097423295454545	0.186261931818182	0.001796590909091		1
000035:	0.207486931818182	0.217314204545455	0.091698295454545	0.217346590909091	0.140352272727273	0.054535227272727	0.071266477272727		1
000036:	0.353296022727273	0.077367045454545	0.068490909090909	0.253823863636364	0.032740909090909	0.146847159090909	0.067434090909091		1
000037:	0.628580681818182	0.071369886363636	0.011775568181818	0.047911931818182	0.050001704545455	0.043192045454545	0.147168181818182		1
000038:	0.128641477272727	0.048031818181818	0.084049431818182	0.271762500000000	0.287651704545455	0.107134090909091	0.072728977272727		1
000039:	0.264609090909091	0.178478977272727	0.021142045454545	0.112126136363636	0.178901136363636	0.153315340909091	0.091427272727273		1
000040:	0.032236931818182	0.020249431818182	0.006332386363636	0.024187500000000	0.058902840909091	0.838931818181818	0.019159090909091		1
000041:	0.409206250000000	0.171303409090909	0.027326136363636	0.118580113636364	0.042281818181818	0.183274431818182	0.048027840909091		1
000042:	0.200241477272727	0.149735795454545	0.037184659090909	0.241472159090909	0.215994318181818	0.115094886363636	0.040276704545455		1
000043:	0.177439204545455	0.039139772727273	0.042843181818182	0.466987500000000	0.036188068181818	0.146733522727273	0.090668750000000		1
000044:	0.197622159090909	0.143747727272727	0.034492613636364	0.320568181818182	0.058550000000000	0.121075000000000	0.123944318181818		1
000045:	0.431784090909091	0.038145454545455	0.003687500000000	0.006280681818182	0.009235227272727	0.086474431818182	0.424392613636364		1
000046:	0.236164204545455	0.239740340909091	0.129643181818182	0.100653409090909	0.086406250000000	0.116484659090909	0.090907954545455		1
000047:	0.348730681818182	0.110484659090909	0.112592045454545	0.072813636363636	0.056853409090909	0.137221590909091	0.161303977272727		1
000048:	0.032519318181818	0.031231818181818	0.030292613636364	0.735413636363636	0.022305681818182	0.029236931818182	0.119000000000000		1
000049:	0.112776704545455	0.019317613636364	0.036677272727273	0.666470454545455	0.040211363636364	0.042507386363636	0.082039204545455		1
000050:	0.130683522727273	0.079150568181818	0.054935227272727	0.229129545454545	0.098218750000000	0.293959090909091	0.113923295454545		1
000051:	0.032433522727273	0.013268750000000	0.028837500000000	0.050231818181818	0.010989204545455	0.763611931818182	0.100627272727273		1
000052:	0.022873295454545	0.009125568181818	0.018147159090909	0.032889772727273	0.010979545454545	0.817128977272727	0.088855681818182		1
000053:	0.104394886363636	0.336505113636364	0.039486363636364	0.222489772727273	0.048144886363636	0.106591477272727	0.142387500000000		1
000054:	0.169462500000000	0.281802840909091	0.070443750000000	0.165535795454545	0.133832386363636	0.110876704545455	0.068046022727273		1
000055:	0.001893181818182	0.802906818181818	0.002647159090909	0.004159090909091	0.001246590909091	0.179521022727273	0.007626136363636		1
000056:	0.151176136363636	0.055673863636364	0.045771022727273	0.296689772727273	0.042770454545455	0.071488068181818	0.336430681818182		1
000057:	0.343426136363636	0.119881818181818	0.063798295454545	0.130079545454545	0.029861363636364	0.118379545454545	0.194573295454545		1
000058:	0.055569886363636	0.028894886363636	0.017190909090909	0.775383522727273	0.054738636363636	0.024524431818182	0.043697727272727		1
000059:	0.454927840909091	0.056753977272727	0.031746590909091	0.319828409090909	0.064150000000000	0.026524431818182	0.046068750000000		1
000060:	0.057885227272727	0.018628977272727	0.026040340909091	0.749052840909091	0.012471590909091	0.045748295454545	0.090172727272727		1
000061:	0.151423295454545	0.023336931818182	0.020078409090909	0.643834090909091	0.038173863636364	0.044148295454545	0.079005113636364		1
000062:	0.020835795454545	0.012217045454545	0.019411931818182	0.041772727272727	0.014128977272727	0.770761363636364	0.120872159090909		1
000063:	0.020470454545455	0.025580113636364	0.022113636363636	0.021368750000000	0.019336363636364	0.757738068181818	0.133392613636364		1
000064:	0.030395454545455	0.012735795454545	0.047302272727273	0.081768181818182	0.013647727272727	0.693947159090909	0.120203409090909		1
000065:	0.070848295454545	0.084073295454545	0.046982954545455	0.414707954545455	0.027860227272727	0.046763636363636	0.308763636363636		1
000066:	0.535081250000000	0.034171022727273	0.024527272727273	0.118306250000000	0.012930113636364	0.071148295454545	0.203835795454545		1
000067:	0.040977272727273	0.014932954545455	0.037268750000000	0.048043750000000	0.014792613636364	0.384994886363636	0.458989772727273		1
000068:	0.259023863636364	0.036440340909091	0.020599431818182	0.529844886363636	0.061274431818182	0.026588068181818	0.066228977272727		1
000069:	0.624342045454545	0.036634090909091	0.031080681818182	0.119622727272727	0.033134659090909	0.073407954545455	0.081777840909091		1
000070:	0.082430681818182	0.142478409090909	0.060081250000000	0.384171022727273	0.045094318181818	0.183604545454545	0.102139772727273		1
000071:	0.307680681818182	0.039080681818182	0.046852840909091	0.457861931818182	0.047361931818182	0.028915340909091	0.072246590909091		1
000072:	0.046956250000000	0.040584090909091	0.078925000000000	0.581871590909091	0.023122159090909	0.118772159090909	0.109768750000000		1
000073:	0.088448295454545	0.049515909090909	0.036269886363636	0.385119886363636	0.030893750000000	0.088637500000000	0.321114772727273		1
000074:	0.136181818181818	0.424572727272727	0.031061931818182	0.074261931818182	0.120511931818182	0.154988068181818	0.058421590909091		1
000075:	0.247806250000000	0.041353977272727	0.033222159090909	0.402394318181818	0.080328409090909	0.052591477272727	0.142303409090909		1
000076:	0.108937500000000	0.077702272727273	0.328296022727273	0.262658522727273	0.121926704545455	0.036843181818182	0.063635795454545		1
000077:	0.110528409090909	0.093526704545455	0.210430681818182	0.177511363636364	0.140785227272727	0.130098863636364	0.137118750000000		1
000078:	0.099511931818182	0.025294886363636	0.081587500000000	0.531930681818182	0.037069318181818	0.105761363636364	0.118844318181818		1
000079:	0.114558522727273	0.030597159090909	0.036108522727273	0.592679545454545	0.137813068181818	0.049697159090909	0.038546022727273		1
000080:	0.005249431818182	0.129947159090909	0.000761931818182	0.032629545454545	0.038677272727273	0.005601136363636	0.787133522727273		1
000081:	0.112338636363636	0.032103409090909	0.040088068181818	0.416043181818182	0.018967613636364	0.027572159090909	0.352886931818182		1
000082:	0.074607954545455	0.016759090909091	0.032276136363636	0.712821590909091	0.018707386363636	0.042727272727273	0.102100568181818		1
000083:	0.474711363636364	0.029692613636364	0.083643750000000	0.203527840909091	0.040215909090909	0.034811363636364	0.133397159090909		1
000084:	0.026773295454545	0.008085795454545	0.012461363636364	0.012735227272727	0.013653409090909	0.911858522727273	0.014432386363636		1
000085:	0.277643750000000	0.150580113636364	0.070963068181818	0.145769886363636	0.030659659090909	0.100045454545455	0.224338068181818		1
000086:	0.138130681818182	0.070161363636364	0.045250000000000	0.126968750000000	0.062947159090909	0.453921022727273	0.102621022727273		1
000087:	0.114989772727273	0.043039772727273	0.021602840909091	0.706739772727273	0.015672159090909	0.041867613636364	0.056088068181818		1
000088:	0.564594318181818	0.120168181818182	0.038048863636364	0.140413636363636	0.052077272727273	0.036746590909091	0.047951136363636		1
000089:	0.557530113636364	0.124221590909091	0.079700568181818	0.106313636363636	0.030019318181818	0.052443750000000	0.049771022727273		1
000090:	0.080091477272727	0.503137500000000	0.032035227272727	0.116234090909091	0.091146022727273	0.105200568181818	0.072155113636364		1
000091:	0.122203977272727	0.064315909090909	0.124556818181818	0.098066477272727	0.514418750000000	0.035544886363636	0.040893181818182		1
000092:	0.066939204545455	0.050951136363636	0.020483522727273	0.691389204545454	0.027513068181818	0.019679545454545	0.123044318181818		1
000093:	0.105427840909091	0.328388636363636	0.053690909090909	0.123570454545455	0.086192045454545	0.063364204545455	0.239365909090909		1
000094:	0.272496590909091	0.036414772727273	0.055609659090909	0.358969886363636	0.104246590909091	0.054988636363636	0.117273863636364		1
000095:	0.039117045454545	0.028223295454545	0.054680113636364	0.295265340909091	0.030122159090909	0.145047159090909	0.407544886363636		1
000096:	0.009461363636364	0.468122159090909	0.001380681818182	0.011675568181818	0.416332954545455	0.088669886363636	0.004357386363636		1
000097:	0.300742045454545	0.061119318181818	0.019151704545455	0.494615909090909	0.036955113636364	0.034136931818182	0.053278977272727		1
000098:	0.081392045454545	0.029460795454545	0.010259659090909	0.822643750000000	0.013193181818182	0.012636363636364	0.030414204545455		1
000099:	0.148206818181818	0.086393181818182	0.029250000000000	0.289930113636364	0.040340909090909	0.344942045454545	0.060936931818182		1
000100:	0.046130681818182	0.015587500000000	0.048144318181818	0.046932386363636	0.016481250000000	0.706206818181818	0.120517045454545		1
000101:	0.838542045454545	0.015464772727273	0.008729545454545	0.023374431818182	0.012484090909091	0.033851136363636	0.067553977272727		1
000102:	0.100659090909091	0.034978409090909	0.013562500000000	0.040819886363636	0.691506818181818	0.035794886363636	0.082678409090909		1
000103:	0.055507386363636	0.033537500000000	0.040879545454545	0.635812500000000	0.111456818181818	0.054316477272727	0.068489772727273		1
000104:	0.067593750000000	0.028320454545455	0.024799431818182	0.090608522727273	0.033214772727273	0.613477272727273	0.141985795454545		1
000105:	0.271242045454545	0.135867613636364	0.022059659090909	0.210767613636364	0.062875568181818	0.222738068181818	0.074449431818182		1
000106:	0.477610795454545	0.092007386363636	0.037842045454545	0.210232954545455	0.040765909090909	0.043060795454545	0.098480113636364		1
000107:	0.029514204545455	0.016448863636364	0.015134090909091	0.771184659090909	0.007586363636364	0.099178977272727	0.060952840909091		1
000108:	0.047584090909091	0.035010795454545	0.017043181818182	0.047924431818182	0.032821590909091	0.765515909090909	0.054100000000000		1
000109:	0.276943181818182	0.169810795454545	0.052750568181818	0.258230113636364	0.027147727272727	0.083530113636364	0.131587500000000		1
000110:	0.037543750000000	0.139883522727273	0.123898295454545	0.032223295454545	0.471871022727273	0.161769318181818	0.032810795454545		1
000111:	0.070663636363636	0.046246022727273	0.085252272727273	0.351017045454545	0.035290909090909	0.321976704545455	0.089553409090909		1
000112:	0.415830113636364	0.087870454545455	0.068523863636364	0.054406818181818	0.030014772727273	0.263447727272727	0.079906250000000		1
000113:	0.112834090909091	0.037527272727273	0.044740909090909	0.542672159090909	0.028456250000000	0.115346590909091	0.118422727272727		1
000114:	0.183483522727273	0.083536363636364	0.178647727272727	0.266619318181818	0.151008522727273	0.052463068181818	0.084241477272727		1
000115:	0.115282386363636	0.094095454545455	0.034790340909091	0.535203409090909	0.040272727272727	0.068303977272727	0.112051704545455		1
000116:	0.073000568181818	0.045068181818182	0.038478409090909	0.133932386363636	0.049086931818182	0.227671590909091	0.432761931818182		1
000117:	0.522039772727273	0.110789204545455	0.056842045454545	0.085437500000000	0.056050568181818	0.078491477272727	0.090349431818182		1
000118:	0.275169886363636	0.017748295454545	0.014567613636364	0.164915909090909	0.015939772727273	0.461768181818182	0.049890340909091		1
000119:	0.356919886363636	0.085610227272727	0.020560795454545	0.376694886363636	0.051841477272727	0.069617045454545	0.038755681818182		1
000120:	0.197483522727273	0.022663636363636	0.027221022727273	0.036331818181818	0.013742613636364	0.530431818181818	0.172125568181818		1
000121:	0.069407954545455	0.166917613636364	0.054071590909091	0.494057386363636	0.073691477272727	0.062047727272727	0.079806250000000		1
000122:	0.185551136363636	0.112331250000000	0.014834659090909	0.536236931818182	0.022598295454545	0.049505113636364	0.078942613636364		1
000123:	0.038026136363636	0.039270454545455	0.024194886363636	0.738899431818182	0.053090909090909	0.051158522727273	0.055359659090909		1
000124:	0.372210227272727	0.054202840909091	0.091723295454545	0.298249431818182	0.091074431818182	0.044249431818182	0.048290340909091		1
000125:	0.086378409090909	0.033067613636364	0.327195454545455	0.158613636363636	0.044871590909091	0.115983522727273	0.233889772727273		1
000126:	0.069344886363636	0.021504545454545	0.698197727272727	0.058555681818182	0.054468750000000	0.045204545454545	0.052723863636364		1
000127:	0.108285795454545	0.119073295454545	0.037026704545455	0.230256250000000	0.038483522727273	0.185343181818182	0.281531250000000		1
000128:	0.068571022727273	0.023881250000000	0.023706818181818	0.486848295454545	0.043267045454545	0.055976136363636	0.297749431818182		1
000129:	0.320878977272727	0.424702840909091	0.024976136363636	0.109328977272727	0.047842613636364	0.023163636363636	0.049106818181818		1
000130:	0.024389772727273	0.016765909090909	0.020305681818182	0.706868181818182	0.044742045454545	0.047829545454545	0.139098863636364		1
000131:	0.678030681818182	0.062875568181818	0.013349431818182	0.133767045454545	0.029538068181818	0.028655113636364	0.053784090909091		1
000132:	0.129590340909091	0.030814772727273	0.028684090909091	0.074593181818182	0.014743181818182	0.612421590909091	0.109152840909091		1
000133:	0.161142045454545	0.032676136363636	0.119192045454545	0.113594318181818	0.431459090909091	0.078821022727273	0.063115340909091		1
000134:	0.128407386363636	0.054964772727273	0.048487500000000	0.466567613636364	0.127100000000000	0.056947727272727	0.117525000000000		1
000135:	0.223240909090909	0.289002840909091	0.026090909090909	0.156638068181818	0.113142045454545	0.027543750000000	0.164341477272727		1
000136:	0.078675000000000	0.026972159090909	0.017615909090909	0.626599431818182	0.039451704545455	0.068814204545455	0.141871590909091		1
000137:	0.091795454545455	0.315703977272727	0.037152272727273	0.398213068181818	0.053159090909091	0.052447159090909	0.051528977272727		1
000138:	0.166735227272727	0.171682386363636	0.070425568181818	0.241303409090909	0.080300000000000	0.084690909090909	0.184862500000000		1
000139:	0.364683522727273	0.038944318181818	0.051802840909091	0.210625000000000	0.088735227272727	0.054542045454545	0.190667045454545		1
000140:	0.086307954545455	0.442672159090909	0.039615340909091	0.075727840909091	0.247467045454545	0.064757954545455	0.043451704545455		1
000141:	0.066186363636364	0.048994318181818	0.120489772727273	0.182774431818182	0.043638068181818	0.395514772727273	0.142402272727273		1
000142:	0.214636363636364	0.205398295454545	0.013507386363636	0.278165909090909	0.037869318181818	0.066367045454545	0.184055681818182		1
000143:	0.327228977272727	0.036283522727273	0.028231250000000	0.343114772727273	0.030205113636364	0.053395454545455	0.181540909090909		1
000144:	0.021686363636364	0.149288068181818	0.001442613636364	0.051592045454545	0.002846022727273	0.769148863636364	0.003996022727273		1
000145:	0.035589772727273	0.025175000000000	0.035869318181818	0.130800568181818	0.029863068181818	0.632063068181818	0.110639204545455		1
000146:	0.295687500000000	0.147279545454545	0.051444318181818	0.148549431818182	0.054510795454545	0.084811931818182	0.217716477272727		1
000147:	0.269806250000000	0.027661931818182	0.008963068181818	0.053072727272727	0.007484090909091	0.058402840909091	0.574609090909091		1
000148:	0.042981818181818	0.019113068181818	0.014506818181818	0.756705113636364	0.064888068181818	0.041495454545455	0.060309659090909		1
000149:	0.266640909090909	0.337007386363636	0.029940909090909	0.108288636363636	0.047288068181818	0.102035227272727	0.108798863636364		1
000150:	0.533992613636364	0.084232954545455	0.025031250000000	0.147960227272727	0.093981818181818	0.069125568181818	0.045675568181818		1
000151:	0.124012500000000	0.040565909090909	0.039326704545455	0.232556818181818	0.046110227272727	0.189333522727273	0.328094318181818		1
000152:	0.026226704545455	0.009226136363636	0.008330681818182	0.890598295454545	0.019104545454545	0.025177840909091	0.021335795454545		1
000153:	0.547135227272727	0.068261363636364	0.033905681818182	0.144969886363636	0.032489204545455	0.102342613636364	0.070896022727273		1
000154:	0.031184090909091	0.027824431818182	0.022402272727273	0.231610227272727	0.025370454545455	0.451067613636364	0.210540909090909		1
000155:	0.084128977272727	0.068768181818182	0.023593181818182	0.125221590909091	0.059346590909091	0.530060227272727	0.108881250000000		1
000156:	0.415523863636364	0.048181818181818	0.038032386363636	0.158110795454545	0.023114204545455	0.216205681818182	0.100831250000000		1
000157:	0.009790909090909	0.005657386363636	0.024431250000000	0.011889772727273	0.007664772727273	0.907752840909091	0.032813068181818		1
000158:	0.259804545454545	0.036672159090909	0.370384659090909	0.066652272727273	0.026264204545455	0.079696590909091	0.160525568181818		1
000159:	0.067110227272727	0.080906250000000	0.147910795454545	0.036259090909091	0.034794886363636	0.548893750000000	0.084125000000000		1
000160:	0.013467613636364	0.012228409090909	0.823235227272727	0.018380681818182	0.012800000000000	0.048340340909091	0.071547727272727		1
000161:	0.035629545454545	0.041944886363636	0.269511931818182	0.058428977272727	0.026526136363636	0.091344886363636	0.476613636363636		1
000162:	0.004884090909091	0.561538636363636	0.118772727272727	0.008803409090909	0.005488068181818	0.055459090909091	0.245053977272727		1
000163:	0.027921590909091	0.021397159090909	0.044309659090909	0.097082954545455	0.007095454545455	0.045076136363636	0.757117045454546		1
000164:	0.016605113636364	0.009463636363636	0.066447159090909	0.035229545454545	0.011342613636364	0.420254545454545	0.440657386363636		1
000165:	0.009068750000000	0.007230113636364	0.037917613636364	0.035263068181818	0.021469318181818	0.019178409090909	0.869872727272727		1
000166:	0.015050000000000	0.005784659090909	0.032900000000000	0.049115909090909	0.012559090909091	0.028320454545455	0.856269886363636		1
000167:	0.064013068181818	0.015303409090909	0.115938636363636	0.114471590909091	0.046067045454545	0.034533522727273	0.609672727272727		1
000168:	0.086889772727273	0.053406250000000	0.021942613636364	0.548843181818182	0.045259659090909	0.180969318181818	0.062689204545455		1
000169:	0.290673863636364	0.046670454545455	0.014008522727273	0.533198295454545	0.028210227272727	0.031202272727273	0.056036363636364		1
000170:	0.036728977272727	0.016455113636364	0.020632954545455	0.720146590909091	0.016728977272727	0.024440909090909	0.164866477272727		1
000171:	0.045964772727273	0.021310795454545	0.032185795454545	0.069445454545455	0.019318181818182	0.639796590909091	0.171978409090909		1
000172:	0.162239772727273	0.068798295454545	0.036397727272727	0.159423295454545	0.026411931818182	0.056518750000000	0.490210227272727		1
000173:	0.092381250000000	0.006589772727273	0.003677840909091	0.801981818181818	0.003934659090909	0.017951704545455	0.073482954545455		1
000174:	0.345245454545455	0.038796590909091	0.005734659090909	0.188709090909091	0.011472159090909	0.024686931818182	0.385355113636364		1
000175:	0.034671022727273	0.026663636363636	0.013001136363636	0.029973295454545	0.014225568181818	0.853365340909091	0.028100000000000		1
000176:	0.212831250000000	0.029035227272727	0.212332386363636	0.354217045454545	0.020839772727273	0.114655113636364	0.056089204545455		1
000177:	0.273835227272727	0.045181250000000	0.012370454545455	0.459955113636364	0.019382386363636	0.059229545454545	0.130046022727273		1
000178:	0.216467045454545	0.119592045454545	0.024294886363636	0.331736931818182	0.024590909090909	0.149821022727273	0.133497159090909		1
000179:	0.086610795454545	0.011344886363636	0.007136363636364	0.076861931818182	0.005411363636364	0.782069886363636	0.030564772727273		1
000180:	0.008155681818182	0.002227840909091	0.003081818181818	0.003301136363636	0.001406818181818	0.940313636363636	0.041513068181818		1
000181:	0.027959659090909	0.039798863636364	0.011352840909091	0.033623863636364	0.012090909090909	0.843309659090909	0.031864204545455		1
000182:	0.126639204545455	0.320821590909091	0.040579545454545	0.175740909090909	0.038572159090909	0.217006818181818	0.080639772727273		1
000183:	0.055950000000000	0.008718181818182	0.012921590909091	0.022050568181818	0.007980681818182	0.866350568181818	0.026028409090909		1
000184:	0.083942613636364	0.043299431818182	0.030196590909091	0.573210795454545	0.047581818181818	0.108697159090909	0.113071590909091		1
000185:	0.154311363636364	0.207189772727273	0.036467045454545	0.228959090909091	0.073160795454545	0.232534659090909	0.067377272727273		1
000186:	0.066921590909091	0.045327272727273	0.029468750000000	0.069015909090909	0.045457386363636	0.694662500000000	0.049146590909091		1
000187:	0.021755113636364	0.012045454545455	0.011000568181818	0.040725568181818	0.015222727272727	0.874623863636364	0.024626704545455		1
000188:	0.105075568181818	0.037982386363636	0.127506250000000	0.296316477272727	0.067215340909091	0.219059659090909	0.146844318181818		1
000189:	0.107918181818182	0.023308522727273	0.021218181818182	0.577900000000000	0.014231250000000	0.057929545454545	0.197494318181818		1
000190:	0.180797159090909	0.042156818181818	0.042984659090909	0.266123295454545	0.076943181818182	0.038730113636364	0.352264772727273		1
000191:	0.357794886363636	0.066088636363636	0.024090340909091	0.171456250000000	0.019058522727273	0.035468181818182	0.326043181818182		1
000192:	0.629956818181818	0.102893181818182	0.032762500000000	0.086751136363636	0.017256250000000	0.093433522727273	0.036946590909091		1
000193:	0.219619886363636	0.120979545454545	0.043149431818182	0.330878977272727	0.041606818181818	0.150296022727273	0.093469318181818		1
000194:	0.073331818181818	0.060806818181818	0.028538636363636	0.515450000000000	0.079103977272727	0.062782386363636	0.179986363636364		1
000195:	0.717324431818182	0.013458522727273	0.012048295454545	0.155845454545455	0.011849431818182	0.063732386363636	0.025741477272727		1
000196:	0.106219886363636	0.012237500000000	0.384763068181818	0.204861363636364	0.014498295454545	0.134821022727273	0.142598863636364		1
000197:	0.069785795454545	0.019821590909091	0.099793750000000	0.172118750000000	0.004666477272727	0.382259659090909	0.251553977272727		1
000198:	0.000369318181818	0.906673863636364	0.008672727272727	0.081626704545455	0.000217613636364	0.001013636363636	0.001426136363636		1
000199:	0.024602272727273	0.024267045454545	0.124425568181818	0.046265340909091	0.020368750000000	0.064093750000000	0.695977272727273		1
000200:	0.033676704545455	0.037214772727273	0.104700000000000	0.101371022727273	0.018724431818182	0.042045454545455	0.662267613636364		1
000201:	0.005174431818182	0.005847727272727	0.027880113636364	0.134569318181818	0.009993181818182	0.782518750000000	0.034016477272727		1
000202:	0.144265340909091	0.092495454545455	0.083833522727273	0.226457954545455	0.078771590909091	0.294293181818182	0.079882954545455		1
000203:	0.076394318181818	0.056169886363636	0.040400568181818	0.515085795454545	0.053715340909091	0.099788068181818	0.158446022727273		1
000204:	0.047205681818182	0.026502272727273	0.071575000000000	0.294560795454545	0.071410795454545	0.186138068181818	0.302607386363636		1
000205:	0.053083522727273	0.039514204545455	0.028573863636364	0.340839772727273	0.038441477272727	0.344814772727273	0.154732386363636		1
000206:	0.009557386363636	0.053473295454545	0.000931818181818	0.004643181818182	0.923093181818182	0.006660795454545	0.001640340909091		1
000207:	0.481390909090909	0.053451136363636	0.113938068181818	0.251331250000000	0.033202840909091	0.023990340909091	0.042695454545455		1
000208:	0.186440340909091	0.030246590909091	0.022236931818182	0.210121022727273	0.021127272727273	0.176136931818182	0.353690909090909		1
000209:	0.084109090909091	0.018563068181818	0.044965340909091	0.062246590909091	0.015716477272727	0.595982386363636	0.178417045454545		1
000210:	0.157129545454545	0.039281818181818	0.052106818181818	0.183732386363636	0.039444318181818	0.212560795454545	0.315744318181818		1
000211:	0.005966477272727	0.003682954545455	0.628830681818182	0.346248295454545	0.001937500000000	0.005473863636364	0.007860227272727		1
000212:	0.074705113636364	0.029781818181818	0.378381250000000	0.040713636363636	0.027553409090909	0.224419318181818	0.224445454545455		1
000213:	0.056937500000000	0.013647159090909	0.054867045454545	0.024506250000000	0.015722727272727	0.454121590909091	0.380197727272727		1
000214:	0.089910227272727	0.034885227272727	0.102233522727273	0.354912500000000	0.019057386363636	0.057163636363636	0.341837500000000		1
000215:	0.126263068181818	0.038803409090909	0.167135795454545	0.284673863636364	0.143936363636364	0.095759659090909	0.143427840909091		1
000216:	0.048777272727273	0.036905113636364	0.174367613636364	0.049008522727273	0.044726704545455	0.270650000000000	0.375564772727273		1
000217:	0.032591477272727	0.011982386363636	0.117259659090909	0.079228409090909	0.019234090909091	0.085946590909091	0.653757386363636		1
000218:	0.959841477272727	0.000615340909091	0.005422727272727	0.007186931818182	0.001185227272727	0.010203409090909	0.015544886363636		1
000219:	0.014875000000000	0.011642613636364	0.132894318181818	0.055669886363636	0.023913068181818	0.040304545454545	0.720700568181818		1
000220:	0.011663068181818	0.008552840909091	0.108826136363636	0.049234659090909	0.012803409090909	0.119624431818182	0.689295454545455		1
000221:	0.014664204545455	0.008957386363636	0.111160795454545	0.205610227272727	0.010684090909091	0.087017045454545	0.561906250000000		1
000222:	0.012065909090909	0.005726136363636	0.069114772727273	0.038544886363636	0.008472159090909	0.386667613636364	0.479408522727273		1
000223:	0.085528409090909	0.129269318181818	0.130001136363636	0.166753977272727	0.047187500000000	0.240338636363636	0.200921022727273		1
000224:	0.171472159090909	0.052056250000000	0.045119318181818	0.378163068181818	0.245835227272727	0.081753977272727	0.025600000000000		1
000225:	0.103367045454545	0.164756818181818	0.041077272727273	0.431780113636364	0.191768181818182	0.030334090909091	0.036916477272727		1
000226:	0.187827840909091	0.066438636363636	0.163178409090909	0.292537500000000	0.112640909090909	0.125600000000000	0.051776704545455		1
000227:	0.282845454545455	0.067747727272727	0.080468750000000	0.117275000000000	0.318490340909091	0.079408522727273	0.053764204545455		1
000228:	0.028468750000000	0.160478977272727	0.221374431818182	0.022611363636364	0.476627840909091	0.028618750000000	0.061819886363636		1
000229:	0.035421590909091	0.024121590909091	0.035819886363636	0.442684659090909	0.361776136363636	0.032522159090909	0.067653977272727		1
000230:	0.024558522727273	0.033086931818182	0.701432954545455	0.052206250000000	0.073583522727273	0.080980113636364	0.034151704545455		1
000231:	0.299701704545455	0.092464772727273	0.107248295454545	0.247836363636364	0.147864204545455	0.023726704545455	0.081157954545455		1
000232:	0.043738068181818	0.042448295454545	0.154537500000000	0.125802840909091	0.288258522727273	0.232280113636364	0.112934659090909		1
000233:	0.420183522727273	0.088778409090909	0.060396022727273	0.183994886363636	0.185607954545455	0.039911363636364	0.021127840909091		1
000234:	0.055740340909091	0.051311931818182	0.039925568181818	0.095210227272727	0.721826136363636	0.024289772727273	0.011696022727273		1
000235:	0.049884090909091	0.157366477272727	0.025526136363636	0.067925568181818	0.661323863636364	0.026750000000000	0.011223863636364		1
000236:	0.034636931818182	0.113624431818182	0.151523295454545	0.056393181818182	0.209665909090909	0.407469886363636	0.026686363636364		1
000237:	0.113742045454545	0.049147159090909	0.049381250000000	0.237845454545455	0.486975000000000	0.037501704545455	0.025407386363636		1
000238:	0.005439204545455	0.014015340909091	0.018769886363636	0.077876704545455	0.018511931818182	0.807890909090909	0.057496022727273		1
000239:	0.107898863636364	0.034793750000000	0.093335795454545	0.119564204545455	0.543525000000000	0.081101704545455	0.019780681818182		1
000240:	0.049583522727273	0.050421590909091	0.724452840909091	0.035989204545455	0.093738068181818	0.031669318181818	0.014145454545455		1
000241:	0.164385795454545	0.126103977272727	0.201568181818182	0.147388636363636	0.097706250000000	0.245351136363636	0.017496022727273		1
000242:	0.510921022727273	0.103344886363636	0.061249431818182	0.081743181818182	0.180066477272727	0.045204545454545	0.017470454545455		1
000243:	0.042457954545455	0.081103409090909	0.504123295454545	0.087564772727273	0.236848863636364	0.029505113636364	0.018396590909091		1
000244:	0.995656818181818	0.000364204545455	0.000775568181818	0.000548295454545	0.001306250000000	0.001224431818182	0.000124431818182		1
000245:	0.105048863636364	0.058388636363636	0.163014772727273	0.295998863636364	0.315346022727273	0.025284090909091	0.036918750000000		1
000246:	0.100986931818182	0.171487500000000	0.138638636363636	0.051045454545455	0.468590340909091	0.039878977272727	0.029372159090909		1
000247:	0.087926136363636	0.087612500000000	0.105407954545455	0.182162500000000	0.409735227272727	0.089161363636364	0.037994318181818		1
000248:	0.022255681818182	0.017790340909091	0.139436363636364	0.548432954545455	0.225172159090909	0.026685795454545	0.020226704545455		1
000249:	0.036746022727273	0.041796590909091	0.116009659090909	0.050702840909091	0.709122159090909	0.029713636363636	0.015909090909091		1
000250:	0.172135795454545	0.068335795454545	0.029534659090909	0.103118750000000	0.556922727272727	0.051610795454545	0.018341477272727		1
000251:	0.200325000000000	0.088033522727273	0.126106250000000	0.119248295454545	0.375120454545455	0.060921590909091	0.030244886363636		1
000252:	0.030237500000000	0.044936363636364	0.293285795454545	0.051004545454545	0.406970454545455	0.112611363636364	0.060953977272727		1
000253:	0.024141477272727	0.029673863636364	0.059238636363636	0.026956818181818	0.805127840909091	0.029599431818182	0.025261931818182		1
000254:	0.025916477272727	0.031144886363636	0.102489772727273	0.097018750000000	0.584913636363636	0.083997727272727	0.074518750000000		1
000255:	0.028100568181818	0.032744886363636	0.047099431818182	0.138762500000000	0.672540340909091	0.043698295454545	0.037053977272727		1
000256:	0.095426704545455	0.023367045454545	0.112728409090909	0.579726136363636	0.114825568181818	0.037501704545455	0.036424431818182		1
000257:	0.015742045454545	0.033604545454545	0.092976136363636	0.089572159090909	0.076684659090909	0.577539204545455	0.113881250000000		1
000258:	0.695065340909091	0.007657386363636	0.050107386363636	0.204398295454545	0.015181250000000	0.013660227272727	0.013930113636364		1
000259:	0.027259659090909	0.017564204545455	0.016975000000000	0.065246022727273	0.030568181818182	0.773321590909091	0.069065340909091		1
000260:	0.025378409090909	0.025380681818182	0.274885227272727	0.037558522727273	0.581435795454545	0.038318181818182	0.017043181818182		1
000261:	0.029691477272727	0.012251136363636	0.020879545454545	0.128835795454545	0.206537500000000	0.591318181818182	0.010486363636364		1
000262:	0.047426704545455	0.036521022727273	0.116290909090909	0.032925568181818	0.117989204545455	0.615988068181818	0.032858522727273		1
000263:	0.130850568181818	0.044500000000000	0.135996022727273	0.359276136363636	0.047707386363636	0.088052272727273	0.193617613636364		1
000264:	0.075253977272727	0.015941477272727	0.151386931818182	0.034945454545455	0.211277272727273	0.440020454545455	0.071174431818182		1
000265:	0.025396590909091	0.027748295454545	0.075229545454545	0.332719318181818	0.080017045454545	0.071832386363636	0.387056818181818		1
000266:	0.040442613636364	0.036293750000000	0.036667045454545	0.483185795454545	0.281959659090909	0.071371590909091	0.050079545454545		1
000267:	0.025993750000000	0.018900568181818	0.037971590909091	0.155101704545455	0.718263636363636	0.021689204545455	0.022079545454545		1
000268:	0.071648863636364	0.026839204545455	0.088411931818182	0.484131818181818	0.101409090909091	0.091705681818182	0.135853409090909		1
000269:	0.085377272727273	0.372682386363636	0.055250568181818	0.092977272727273	0.279497727272727	0.055615909090909	0.058598863636364		1
000270:	0.020218750000000	0.013505113636364	0.039780113636364	0.019742045454545	0.017755681818182	0.865085227272727	0.023913068181818		1
000271:	0.017288068181818	0.037860795454545	0.102147727272727	0.034592045454545	0.688144318181818	0.101757954545455	0.018209090909091		1
000272:	0.041949431818182	0.065852840909091	0.109273295454545	0.036119886363636	0.580455681818182	0.134686363636364	0.031662500000000		1
000273:	0.061951704545455	0.168799431818182	0.061715909090909	0.150551136363636	0.170928409090909	0.345155681818182	0.040897727272727		1
000274:	0.024509090909091	0.020647159090909	0.065776704545455	0.112977272727273	0.688942045454545	0.060006818181818	0.027140909090909		1
000275:	0.085618750000000	0.067210795454545	0.070230681818182	0.574738636363636	0.110206250000000	0.039005681818182	0.052989204545455		1
000276:	0.017367045454545	0.018337500000000	0.039734659090909	0.024284659090909	0.051792613636364	0.823471590909091	0.025011931818182		1
000277:	0.621727272727273	0.010152840909091	0.006608522727273	0.014816477272727	0.288380681818182	0.054024431818182	0.004289772727273		1
000278:	0.043618750000000	0.088448863636364	0.060991477272727	0.577622727272727	0.132734659090909	0.040151136363636	0.056432386363636		1
000279:	0.081275000000000	0.071436931818182	0.030108522727273	0.117238636363636	0.642086363636364	0.022147727272727	0.035706818181818		1
000280:	0.101940340909091	0.022287500000000	0.103080113636364	0.041902272727273	0.216083522727273	0.479893750000000	0.034812500000000		1
000281:	0.037382954545455	0.097397159090909	0.059272159090909	0.042849431818182	0.353188068181818	0.369125568181818	0.040784659090909		1
000282:	0.115935227272727	0.094540909090909	0.244055681818182	0.211625568181818	0.174439204545455	0.116699431818182	0.042703977272727		1
000283:	0.018109090909091	0.020358522727273	0.043209659090909	0.017105113636364	0.051867613636364	0.826121590909091	0.023228409090909		1
000284:	0.021281818181818	0.019861363636364	0.057971022727273	0.086661931818182	0.739467613636364	0.057292045454545	0.017464204545455		1
000285:	0.287768750000000	0.163588636363636	0.064246022727273	0.107565340909091	0.273086363636364	0.062296590909091	0.041448295454545		1
000286:	0.064044886363636	0.112879545454545	0.059211931818182	0.061749431818182	0.515857386363636	0.145194318181818	0.041062500000000		1
000287:	0.126528409090909	0.118877272727273	0.050864772727273	0.063202840909091	0.368215909090909	0.218833522727273	0.053477272727273		1
000288:	0.044262500000000	0.167640909090909	0.111651704545455	0.132900000000000	0.297426136363636	0.157107386363636	0.089011363636364		1
