   1:   0.0115  0.2232  0.1560  0.1331  0.4762  1
   2:   0.0061  0.1742  0.0377  0.0641  0.7179  1
   3:   0.0099  0.0758  0.0325  0.1209  0.7608  1
   4:   0.0075  0.0788  0.0328  0.3488  0.5321  1
   5:   0.0045  0.0507  0.0478  0.0473  0.8496  1
   6:   0.0156  0.0796  0.0667  0.4079  0.4302  1
   7:   0.0071  0.2007  0.0283  0.0430  0.7209  1
   8:   0.0084  0.0723  0.0268  0.0619  0.8306  1
   9:   0.0073  0.0572  0.0324  0.1827  0.7203  1
  10:   0.0089  0.0720  0.0704  0.0687  0.7800  1
  11:   0.0805  0.1915  0.1280  0.2626  0.3374  1
  12:   0.1244  0.0315  0.3902  0.1946  0.2594  1
  13:   0.3216  0.0309  0.3186  0.2154  0.1136  1
  14:   0.0280  0.0178  0.0373  0.8788  0.0381  1
  15:   0.2215  0.0243  0.1014  0.1296  0.5233  1
  16:   0.0198  0.0166  0.0344  0.8525  0.0767  1
  17:   0.0363  0.0548  0.3909  0.1117  0.4063  1
  18:   0.2733  0.0249  0.5189  0.0888  0.0942  1
  19:   0.1604  0.0339  0.1419  0.0492  0.6147  1
  20:   0.0340  0.0416  0.2694  0.4056  0.2494  1
  21:   0.0523  0.0866  0.7552  0.0359  0.0700  1
  22:   0.0599  0.0251  0.4597  0.1071  0.3482  1
  23:   0.2172  0.1026  0.3301  0.1014  0.2485  1
  24:   0.0223  0.0090  0.1399  0.7124  0.1164  1
  25:   0.3335  0.0419  0.2721  0.1720  0.1804  1
  26:   0.1330  0.0259  0.6092  0.0451  0.1868  1
  27:   0.1055  0.0222  0.7380  0.0632  0.0711  1
  28:   0.0473  0.2217  0.2997  0.0921  0.3393  1
  29:   0.0769  0.0529  0.4804  0.1848  0.2050  1
  30:   0.1727  0.0949  0.1904  0.1304  0.4115  1
  31:   0.1168  0.0175  0.7800  0.0404  0.0453  1
  32:   0.0905  0.1271  0.5604  0.1820  0.0400  1
  33:   0.0794  0.1537  0.5149  0.0600  0.1920  1
  34:   0.0316  0.0140  0.0544  0.8666  0.0335  1
  35:   0.1376  0.0974  0.6342  0.0420  0.0888  1
  36:   0.0470  0.0842  0.4265  0.1573  0.2850  1
  37:   0.0598  0.0230  0.6913  0.1032  0.1227  1
  38:   0.3062  0.2159  0.1346  0.1696  0.1737  1
  39:   0.1564  0.0278  0.5377  0.1508  0.1273  1
  40:   0.0574  0.0269  0.0589  0.7855  0.0712  1
  41:   0.0592  0.0360  0.5615  0.1963  0.1471  1
  42:   0.2375  0.0359  0.5116  0.1222  0.0928  1
  43:   0.0464  0.0577  0.2463  0.1466  0.5030  1
  44:   0.0545  0.0472  0.5253  0.1160  0.2570  1
  45:   0.0767  0.0229  0.7722  0.0331  0.0951  1
  46:   0.1767  0.1281  0.4856  0.0917  0.1178  1
  47:   0.0770  0.1384  0.3493  0.1970  0.2383  1
  48:   0.0644  0.0820  0.0342  0.0412  0.7782  1
  49:   0.0428  0.0516  0.1020  0.0496  0.7540  1
  50:   0.0716  0.0543  0.2716  0.3779  0.2247  1
  51:   0.0167  0.0264  0.0271  0.8191  0.1107  1
  52:   0.0099  0.0236  0.0234  0.8336  0.1095  1
  53:   0.0580  0.0409  0.2973  0.2331  0.3706  1
  54:   0.3176  0.0988  0.3208  0.1004  0.1624  1
  55:   0.0234  0.0399  0.0763  0.2106  0.6498  1
  56:   0.0460  0.0447  0.1669  0.0750  0.6674  1
  57:   0.0313  0.0543  0.3243  0.2509  0.3392  1
  58:   0.1488  0.0379  0.1222  0.0305  0.6606  1
  59:   0.0759  0.0427  0.5421  0.0356  0.3037  1
  60:   0.0237  0.0380  0.1052  0.0736  0.7596  1
  61:   0.0319  0.0313  0.1584  0.0625  0.7159  1
  62:   0.0114  0.0270  0.0884  0.6812  0.1920  1
  63:   0.0169  0.0448  0.0246  0.8247  0.0889  1
  64:   0.0133  0.0678  0.0242  0.8083  0.0865  1
  65:   0.0279  0.0489  0.0663  0.0606  0.7962  1
  66:   0.1086  0.1335  0.3408  0.0823  0.3348  1
  67:   0.0149  0.0428  0.0291  0.7622  0.1510  1
  68:   0.0538  0.0336  0.4565  0.0364  0.4196  1
  69:   0.0270  0.0406  0.5021  0.0956  0.3348  1
  70:   0.0773  0.1100  0.1875  0.3251  0.3001  1
  71:   0.0641  0.0490  0.5573  0.0380  0.2917  1
  72:   0.0289  0.0579  0.0918  0.1053  0.7160  1
  73:   0.0288  0.0330  0.0729  0.2067  0.6586  1
  74:   0.1937  0.0427  0.4555  0.1991  0.1090  1
  75:   0.1270  0.0607  0.2663  0.0795  0.4666  1
  76:   0.1456  0.4364  0.2050  0.0385  0.1745  1
  77:   0.1620  0.2752  0.1746  0.1059  0.2824  1
  78:   0.0301  0.0637  0.0948  0.0947  0.7166  1
  79:   0.1381  0.0846  0.3778  0.0829  0.3166  1
  80:   0.2922  0.0781  0.3225  0.0300  0.2772  1
  81:   0.0171  0.0373  0.1142  0.0323  0.7991  1
  82:   0.0217  0.0502  0.1062  0.0565  0.7654  1
  83:   0.0412  0.0464  0.2136  0.0257  0.6730  1
  84:   0.0298  0.0259  0.0242  0.8948  0.0252  1
  85:   0.0431  0.0879  0.4950  0.1225  0.2514  1
  86:   0.0773  0.0689  0.1644  0.4708  0.2185  1
  87:   0.0287  0.0271  0.3187  0.0428  0.5827  1
  88:   0.0375  0.0379  0.7674  0.0373  0.1200  1
  89:   0.0354  0.0685  0.7218  0.0622  0.1121  1
  90:   0.1604  0.0413  0.4987  0.1638  0.1358  1
  91:   0.3965  0.1926  0.2592  0.0546  0.0971  1
  92:   0.0744  0.0516  0.2315  0.0681  0.5744  1
  93:   0.1494  0.0918  0.3251  0.0779  0.3559  1
  94:   0.1349  0.0836  0.3586  0.0522  0.3708  1
  95:   0.0241  0.0528  0.0618  0.1159  0.7454  1
  96:   0.0148  0.0189  0.0365  0.8446  0.0852  1
  97:   0.0376  0.0297  0.6586  0.0442  0.2300  1
  98:   0.0306  0.0264  0.3238  0.0191  0.6000  1
  99:   0.0461  0.0450  0.2643  0.4007  0.2438  1
 100:   0.0238  0.0193  0.0637  0.6379  0.2553  1
 101:   0.0192  0.0294  0.7468  0.0673  0.1373  1
 102:   0.0571  0.0454  0.3811  0.2357  0.2808  1
 103:   0.2677  0.0822  0.1528  0.0590  0.4384  1
 104:   0.0227  0.0205  0.0582  0.6103  0.2882  1
 105:   0.0538  0.0300  0.6063  0.1635  0.1465  1
 106:   0.0413  0.0387  0.6661  0.0470  0.2069  1
 107:   0.0239  0.0328  0.2893  0.3620  0.2920  1
 108:   0.0356  0.0214  0.0640  0.5980  0.2811  1
 109:   0.0594  0.1986  0.4036  0.0652  0.2732  1
 110:   0.6241  0.0896  0.0896  0.1323  0.0645  1
 111:   0.0330  0.0960  0.1473  0.4769  0.2467  1
 112:   0.0669  0.0461  0.6797  0.1225  0.0847  1
 113:   0.0224  0.0383  0.1305  0.1086  0.7002  1
 114:   0.1400  0.2173  0.2561  0.0681  0.3185  1
 115:   0.0679  0.0470  0.3925  0.0835  0.4090  1
 116:   0.0447  0.0399  0.0853  0.3552  0.4749  1
 117:   0.0417  0.1061  0.5490  0.0959  0.2073  1
 118:   0.0281  0.0798  0.0788  0.2298  0.5835  1
 119:   0.0477  0.0390  0.5901  0.1322  0.1910  1
 120:   0.0308  0.0438  0.1134  0.1547  0.6573  1
 121:   0.1690  0.0739  0.2860  0.0942  0.3769  1
 122:   0.0256  0.0233  0.4618  0.0657  0.4237  1
 123:   0.0813  0.0390  0.0662  0.0486  0.7649  1
 124:   0.1164  0.1607  0.4123  0.0443  0.2663  1
 125:   0.0382  0.3537  0.0778  0.1400  0.3903  1
 126:   0.0355  0.7759  0.0551  0.0436  0.0898  1
 127:   0.0637  0.0527  0.2141  0.2197  0.4498  1
 128:   0.0280  0.0477  0.0869  0.0748  0.7627  1
 129:   0.0921  0.0352  0.7036  0.0293  0.1398  1
 130:   0.0752  0.0661  0.0646  0.0898  0.7043  1
 131:   0.0381  0.0481  0.4303  0.0821  0.4014  1
 132:   0.0226  0.0251  0.1095  0.6232  0.2196  1
 133:   0.2104  0.2529  0.2495  0.0732  0.2139  1
 134:   0.1951  0.0823  0.2288  0.0872  0.4066  1
 135:   0.1575  0.0422  0.6258  0.0234  0.1511  1
 136:   0.0556  0.0647  0.1271  0.0894  0.6632  1
 137:   0.1932  0.0510  0.5056  0.0632  0.1869  1
 138:   0.0949  0.1150  0.1591  0.0562  0.5748  1
 139:   0.0762  0.0781  0.3024  0.0956  0.4477  1
 140:   0.4849  0.0315  0.2709  0.0653  0.1474  1
 141:   0.0373  0.1805  0.0820  0.4901  0.2102  1
 142:   0.0558  0.0235  0.5274  0.0952  0.2981  1
 143:   0.0346  0.0315  0.1914  0.0506  0.6919  1
 144:   0.0207  0.0354  0.2993  0.2224  0.4222  1
 145:   0.0286  0.0309  0.0419  0.8114  0.0872  1
 146:   0.0914  0.0417  0.3341  0.1067  0.4261  1
 147:   0.0222  0.0425  0.1214  0.0794  0.7345  1
 148:   0.0328  0.0283  0.0563  0.0421  0.8405  1
 149:   0.0488  0.0790  0.4437  0.1118  0.3167  1
 150:   0.1278  0.0345  0.6412  0.0693  0.1271  1
 151:   0.0478  0.0903  0.1476  0.2579  0.4565  1
 152:   0.1209  0.0723  0.1656  0.1134  0.5278  1
 153:   0.0420  0.0309  0.6131  0.1073  0.2066  1
 154:   0.0215  0.0315  0.0458  0.4675  0.4337  1
 155:   0.0888  0.0331  0.1797  0.4192  0.2792  1
 156:   0.0244  0.0351  0.4008  0.3719  0.1678  1
 157:   0.0061  0.0441  0.0150  0.8577  0.0771  1
 158:   0.1293  0.3851  0.1881  0.1216  0.1758  1
 159:   0.0400  0.1541  0.2244  0.4338  0.1478  1
 160:   0.0097  0.8619  0.0141  0.0507  0.0637  1
 161:   0.0215  0.5789  0.0603  0.1000  0.2394  1
 162:   0.0902  0.3698  0.3942  0.0313  0.1145  1
 163:   0.0074  0.0481  0.0243  0.0388  0.8814  1
 164:   0.0092  0.0728  0.0129  0.7472  0.1578  1
 165:   0.0267  0.2510  0.0124  0.0610  0.6489  1
 166:   0.0095  0.0544  0.0251  0.0701  0.8410  1
 167:   0.0235  0.1106  0.0606  0.0646  0.7407  1
 168:   0.0380  0.0304  0.1985  0.3100  0.4231  1
 169:   0.0304  0.0367  0.2951  0.0426  0.5953  1
 170:   0.0209  0.0181  0.0364  0.0267  0.8978  1
 171:   0.0349  0.0713  0.0677  0.5813  0.2449  1
 172:   0.0789  0.0867  0.1477  0.0617  0.6249  1
 173:   0.0128  0.0255  0.1839  0.1628  0.6150  1
 174:   0.0828  0.0224  0.4050  0.0554  0.4344  1
 175:   0.0189  0.0110  0.0335  0.8753  0.0613  1
 176:   0.0292  0.0880  0.4019  0.1339  0.3469  1
 177:   0.0402  0.0206  0.3433  0.1060  0.4900  1
 178:   0.0398  0.0203  0.2357  0.1861  0.5181  1
 179:   0.0120  0.0117  0.0499  0.8647  0.0617  1
 180:   0.0147  0.0177  0.0429  0.8687  0.0560  1
 181:   0.0092  0.0194  0.0306  0.8952  0.0456  1
 182:   0.2306  0.0535  0.2845  0.1731  0.2583  1
 183:   0.0237  0.1952  0.0287  0.6792  0.0732  1
 184:   0.0738  0.0346  0.2116  0.2054  0.4746  1
 185:   0.3210  0.1233  0.3098  0.0773  0.1686  1
 186:   0.0488  0.0364  0.0853  0.7357  0.0938  1
 187:   0.0170  0.0140  0.0322  0.8965  0.0403  1
 188:   0.0559  0.1518  0.1078  0.3287  0.3558  1
 189:   0.0160  0.0199  0.0794  0.0429  0.8419  1
 190:   0.0405  0.0434  0.1188  0.0387  0.7585  1
 191:   0.0209  0.0270  0.3113  0.0746  0.5663  1
 192:   0.0299  0.0609  0.7007  0.0862  0.1222  1
 193:   0.0498  0.0463  0.5000  0.1541  0.2497  1
 194:   0.1987  0.0447  0.1227  0.0753  0.5586  1
 195:   0.0191  0.0200  0.6525  0.0526  0.2557  1
 196:   0.0112  0.3451  0.0342  0.3812  0.2282  1
 197:   0.0126  0.0830  0.1190  0.1088  0.6767  1
 198:   0.0428  0.2085  0.4306  0.0981  0.2199  1
 199:   0.0185  0.1611  0.0380  0.0986  0.6838  1
 200:   0.0230  0.3450  0.0498  0.0704  0.5118  1
 201:   0.0121  0.0593  0.0200  0.8202  0.0884  1
 202:   0.0960  0.0688  0.3099  0.2141  0.3112  1
 203:   0.0343  0.0277  0.0796  0.1120  0.7465  1
 204:   0.0397  0.2254  0.0487  0.2367  0.4495  1
 205:   0.0528  0.0574  0.1001  0.3844  0.4052  1
 206:   0.2344  0.0462  0.0824  0.1296  0.5075  1
 207:   0.1781  0.0954  0.4530  0.0668  0.2068  1
 208:   0.0316  0.0509  0.1475  0.2773  0.4926  1
 209:   0.0205  0.0677  0.0868  0.5125  0.3124  1
 210:   0.0286  0.0495  0.1244  0.3134  0.4841  1
 211:   0.0273  0.0746  0.0552  0.0810  0.7619  1
 212:   0.0227  0.3318  0.0640  0.2817  0.2998  1
 213:   0.0676  0.0553  0.0218  0.3503  0.5050  1
 214:   0.0245  0.2058  0.0961  0.0763  0.5974  1
 215:   0.1054  0.2109  0.0999  0.0902  0.4936  1
 216:   0.0250  0.1783  0.0368  0.4633  0.2966  1
 217:   0.0579  0.3262  0.0335  0.1541  0.4284  1
 218:   0.0096  0.1584  0.1698  0.1798  0.4824  1
 219:   0.0164  0.3012  0.0201  0.1159  0.5464  1
 220:   0.0109  0.1813  0.0170  0.3973  0.3936  1
 221:   0.0132  0.1021  0.0155  0.1444  0.7247  1
 222:   0.0114  0.0922  0.0124  0.6715  0.2126  1
 223:   0.0821  0.1564  0.1097  0.2261  0.4256  1
 224:   0.4318  0.0635  0.3198  0.0872  0.0976  1
 225:   0.2630  0.0605  0.4712  0.0537  0.1517  1
 226:   0.1316  0.2505  0.3135  0.1545  0.1499  1
 227:   0.2772  0.1268  0.4662  0.0462  0.0836  1
 228:   0.6820  0.2027  0.0510  0.0268  0.0374  1
 229:   0.4059  0.0977  0.0978  0.0383  0.3603  1
 230:   0.0723  0.7954  0.0282  0.0606  0.0436  1
 231:   0.1743  0.1914  0.4586  0.0378  0.1379  1
 232:   0.2297  0.2639  0.0599  0.2499  0.1966  1
 233:   0.2331  0.1500  0.5106  0.0374  0.0689  1
 234:   0.6458  0.0679  0.2091  0.0277  0.0495  1
 235:   0.7501  0.0405  0.1060  0.0537  0.0497  1
 236:   0.3991  0.2726  0.0600  0.2308  0.0375  1
 237:   0.4592  0.0579  0.2472  0.0307  0.2050  1
 238:   0.0712  0.0515  0.0499  0.7447  0.0827  1
 239:   0.4275  0.1634  0.1504  0.1466  0.1121  1
 240:   0.0721  0.6618  0.0830  0.0260  0.1570  1
 241:   0.0913  0.2582  0.3126  0.2950  0.0428  1
 242:   0.1234  0.0654  0.5650  0.1721  0.0741  1
 243:   0.4956  0.3601  0.0764  0.0412  0.0267  1
 244:   0.1817  0.4005  0.1010  0.0709  0.2458  1
 245:   0.2492  0.3099  0.1878  0.0357  0.2173  1
 246:   0.4420  0.0848  0.2355  0.1465  0.0911  1
 247:   0.3621  0.1907  0.2631  0.0630  0.1211  1
 248:   0.1733  0.4591  0.0593  0.0445  0.2639  1
 249:   0.6078  0.1844  0.1326  0.0309  0.0443  1
 250:   0.5097  0.0578  0.3064  0.0494  0.0766  1
 251:   0.3543  0.1780  0.3100  0.0548  0.1028  1
 252:   0.2341  0.4231  0.0671  0.1903  0.0854  1
 253:   0.5623  0.2447  0.1087  0.0506  0.0338  1
 254:   0.5577  0.2613  0.0502  0.0664  0.0645  1
 255:   0.6843  0.0981  0.0445  0.0622  0.1109  1
 256:   0.1789  0.1378  0.1808  0.0496  0.4528  1
 257:   0.0808  0.2515  0.0282  0.5538  0.0857  1
 258:   0.0517  0.0806  0.1175  0.0514  0.6988  1
 259:   0.0278  0.0269  0.0280  0.8928  0.0245  1
 260:   0.3308  0.3938  0.1530  0.0620  0.0605  1
 261:   0.4513  0.2259  0.0954  0.1476  0.0798  1
 262:   0.1821  0.2049  0.0679  0.4864  0.0586  1
 263:   0.0586  0.1736  0.1935  0.1054  0.4689  1
 264:   0.0624  0.0718  0.0552  0.7656  0.0449  1
 265:   0.1011  0.1315  0.0388  0.1063  0.6222  1
 266:   0.6180  0.0536  0.0746  0.1281  0.1257  1
 267:   0.7354  0.0866  0.0631  0.0292  0.0857  1
 268:   0.1092  0.1867  0.0678  0.1957  0.4406  1
 269:   0.5105  0.0455  0.2984  0.0640  0.0816  1
 270:   0.0280  0.0343  0.0193  0.8717  0.0467  1
 271:   0.6887  0.1180  0.0492  0.1057  0.0383  1
 272:   0.4186  0.2494  0.0937  0.1880  0.0502  1
 273:   0.3608  0.0844  0.1180  0.3648  0.0721  1
 274:   0.5518  0.2011  0.0694  0.0814  0.0963  1
 275:   0.1853  0.1099  0.3172  0.0871  0.3004  1
 276:   0.0600  0.0609  0.0178  0.6586  0.2027  1
 277:   0.7636  0.0618  0.0571  0.0784  0.0391  1
 278:   0.1413  0.1466  0.2234  0.0566  0.4321  1
 279:   0.6743  0.0444  0.1661  0.0198  0.0954  1
 280:   0.2100  0.3169  0.1253  0.2409  0.1069  1
 281:   0.4683  0.0541  0.0393  0.4025  0.0358  1
 282:   0.2103  0.1622  0.3430  0.1873  0.0972  1
 283:   0.0202  0.1049  0.0109  0.8398  0.0243  1
 284:   0.6524  0.1459  0.0431  0.0922  0.0665  1
 285:   0.4336  0.1074  0.3246  0.0394  0.0949  1
 286:   0.4114  0.0548  0.0823  0.1926  0.2589  1
 287:   0.5537  0.0679  0.1271  0.1577  0.0935  1
 288:   0.2963  0.2468  0.1354  0.1991  0.1224  1
 289:   0.0302  0.1511  0.0502  0.1788  0.5897  1
 290:   0.0376  0.4931  0.0463  0.2577  0.1652  1
 291:   0.0247  0.0409  0.0841  0.0742  0.7760  1
 292:   0.0359  0.2696  0.0528  0.0705  0.5713  1
 293:   0.0113  0.0545  0.0387  0.0477  0.8478  1
 294:   0.0195  0.0510  0.0814  0.1173  0.7308  1
 295:   0.0105  0.0533  0.3055  0.0498  0.5809  1
 296:   0.0177  0.0683  0.0729  0.4537  0.3874  1
 297:   0.1651  0.1021  0.0639  0.2430  0.4259  1
 298:   0.2352  0.0427  0.5333  0.0746  0.1141  1
 299:   0.0709  0.1981  0.1042  0.0637  0.5631  1
 300:   0.1478  0.1602  0.0657  0.2128  0.4136  1
 301:   0.0281  0.0564  0.0665  0.0449  0.8042  1
 302:   0.0146  0.0624  0.0182  0.8602  0.0446  1
 303:   0.0124  0.0381  0.0160  0.8987  0.0348  1
 304:   0.0224  0.1586  0.0394  0.0304  0.7492  1
 305:   0.0305  0.6616  0.0428  0.1659  0.0990  1
 306:   0.0494  0.0796  0.0485  0.7628  0.0598  1
 307:   0.0240  0.7697  0.0225  0.0893  0.0945  1
 308:   0.0277  0.0769  0.0197  0.0633  0.8125  1
 309:   0.0738  0.0731  0.0517  0.1034  0.6980  1
 310:   0.0134  0.0257  0.0251  0.8874  0.0483  1
 311:   0.1120  0.2123  0.0903  0.2228  0.3627  1
 312:   0.5133  0.0675  0.1717  0.0639  0.1835  1
 313:   0.5131  0.0719  0.1796  0.0838  0.1515  1
 314:   0.1582  0.1105  0.5177  0.1074  0.1062  1
 315:   0.3056  0.0813  0.2991  0.0431  0.2709  1
 316:   0.0680  0.0732  0.0833  0.0586  0.7169  1
 317:   0.0641  0.1521  0.6313  0.0404  0.1122  1
 318:   0.0247  0.1936  0.0368  0.1879  0.5571  1
 319:   0.0145  0.0599  0.0154  0.8293  0.0808  1
 320:   0.0621  0.1662  0.0784  0.3787  0.3146  1
 321:   0.0201  0.1177  0.0277  0.0685  0.7660  1
 322:   0.0289  0.6155  0.0273  0.2075  0.1208  1
 323:   0.3257  0.1638  0.1652  0.1323  0.2131  1
 324:   0.0343  0.4145  0.0304  0.1866  0.3343  1
 325:   0.0467  0.1117  0.0154  0.7758  0.0505  1
 326:   0.1607  0.3497  0.0552  0.2183  0.2161  1
 327:   0.0316  0.3468  0.1011  0.1058  0.4148  1
 328:   0.0267  0.8461  0.0149  0.0377  0.0746  1
 329:   0.0681  0.2435  0.0538  0.1216  0.5130  1
 330:   0.0280  0.7186  0.0168  0.1389  0.0978  1
 331:   0.0710  0.7063  0.0794  0.0506  0.0927  1
 332:   0.0135  0.0415  0.0138  0.8765  0.0547  1
 333:   0.0152  0.0475  0.0141  0.8698  0.0534  1
 334:   0.0199  0.0457  0.0149  0.8652  0.0542  1
 335:   0.0434  0.1605  0.0560  0.0685  0.6715  1
 336:   0.0138  0.0857  0.0123  0.8409  0.0472  1
 337:   0.1739  0.3149  0.0259  0.2080  0.2773  1
 338:   0.0158  0.0973  0.0337  0.1058  0.7474  1
 339:   0.0214  0.4873  0.0342  0.1260  0.3312  1
 340:   0.0140  0.0753  0.0153  0.7318  0.1636  1
 341:   0.0187  0.0748  0.0262  0.0507  0.8296  1
 342:   0.0215  0.3232  0.0235  0.0958  0.5358  1
 343:   0.0455  0.0993  0.0178  0.1781  0.6593  1
 344:   0.0447  0.8196  0.0233  0.0277  0.0847  1
 345:   0.0139  0.8322  0.0111  0.0635  0.0792  1
 346:   0.1668  0.3353  0.0178  0.0363  0.4438  1
 347:   0.0179  0.2893  0.0170  0.0417  0.6340  1
 348:   0.0127  0.3791  0.0924  0.1985  0.3174  1
 349:   0.0228  0.5044  0.0745  0.2295  0.1688  1
 350:   0.0218  0.5075  0.0456  0.0957  0.3294  1
 351:   0.0219  0.6415  0.0351  0.0357  0.2658  1
 352:   0.0234  0.0953  0.0479  0.1665  0.6670  1
 353:   0.0098  0.0664  0.0202  0.6818  0.2219  1
 354:   0.0127  0.0588  0.0187  0.7228  0.1870  1
 355:   0.1283  0.2627  0.0237  0.1501  0.4354  1
 356:   0.3044  0.0896  0.1706  0.3254  0.1100  1
 357:   0.3450  0.1183  0.4020  0.0425  0.0922  1
 358:   0.0755  0.2199  0.4682  0.0991  0.1373  1
 359:   0.3779  0.2710  0.1393  0.0596  0.1521  1
 360:   0.0471  0.0892  0.0714  0.1105  0.6819  1
 361:   0.2960  0.0943  0.4334  0.1210  0.0553  1
 362:   0.0947  0.5110  0.0438  0.2306  0.1198  1
 363:   0.0433  0.0453  0.2056  0.0486  0.6573  1
 364:   0.4652  0.1608  0.1344  0.0389  0.2007  1
 365:   0.0951  0.3073  0.2022  0.1015  0.2939  1
 366:   0.3237  0.1182  0.3643  0.0425  0.1515  1
 367:   0.2975  0.0686  0.2446  0.0439  0.3453  1
 368:   0.2554  0.0662  0.4395  0.0569  0.1821  1
 369:   0.1291  0.1606  0.2103  0.1656  0.3344  1
 370:   0.0981  0.1241  0.0673  0.4680  0.2425  1
 371:   0.0367  0.1880  0.0492  0.0469  0.6793  1
 372:   0.0533  0.0480  0.2943  0.0385  0.5659  1
 373:   0.2277  0.1993  0.2225  0.0927  0.2577  1
 374:   0.0404  0.0640  0.2793  0.0832  0.5332  1
 375:   0.0318  0.1478  0.0249  0.7108  0.0848  1
 376:   0.1209  0.0675  0.2861  0.1758  0.3497  1
 377:   0.0224  0.0493  0.0190  0.8677  0.0415  1
 378:   0.2946  0.0354  0.4339  0.1869  0.0492  1
 379:   0.3514  0.0294  0.4817  0.0207  0.1168  1
 380:   0.2177  0.0599  0.3997  0.1369  0.1857  1
 381:   0.5718  0.0390  0.2792  0.0318  0.0782  1
 382:   0.1036  0.0693  0.3952  0.1060  0.3259  1
 383:   0.1926  0.1090  0.1601  0.1056  0.4327  1
 384:   0.1733  0.0829  0.2710  0.0517  0.4211  1
 385:   0.0922  0.2807  0.1628  0.0970  0.3673  1
 386:   0.7363  0.0480  0.0821  0.0351  0.0985  1
 387:   0.1224  0.0663  0.3129  0.1103  0.3882  1
 388:   0.3819  0.2705  0.1335  0.0837  0.1303  1
 389:   0.0977  0.1532  0.2567  0.0273  0.4651  1
 390:   0.0625  0.4843  0.0268  0.1807  0.2458  1
 391:   0.1281  0.0949  0.3901  0.0343  0.3527  1
 392:   0.6068  0.0791  0.1946  0.0608  0.0587  1
 393:   0.1552  0.0739  0.5006  0.0926  0.1777  1
 394:   0.0541  0.0478  0.6392  0.0829  0.1760  1
 395:   0.0471  0.0489  0.2250  0.1054  0.5735  1
 396:   0.1113  0.2046  0.2929  0.0407  0.3505  1
 397:   0.0474  0.0446  0.3167  0.0244  0.5668  1
 398:   0.1942  0.1156  0.1571  0.0614  0.4718  1
 399:   0.7534  0.0337  0.0745  0.1098  0.0286  1
 400:   0.2925  0.0664  0.1973  0.0552  0.3886  1
 401:   0.1963  0.0425  0.5516  0.0698  0.1397  1
 402:   0.0815  0.0560  0.3942  0.0979  0.3705  1
 403:   0.2792  0.1020  0.1985  0.1102  0.3101  1
 404:   0.2941  0.2408  0.1952  0.0621  0.2077  1
 405:   0.0809  0.0344  0.4052  0.0741  0.4055  1
 406:   0.0304  0.0397  0.1143  0.0928  0.7228  1
 407:   0.0423  0.0306  0.1302  0.0316  0.7654  1
 408:   0.4490  0.2151  0.1468  0.0443  0.1448  1
 409:   0.0314  0.0320  0.0227  0.8728  0.0411  1
 410:   0.0272  0.0738  0.0207  0.7016  0.1766  1
 411:   0.0461  0.0359  0.0254  0.8437  0.0488  1
 412:   0.5684  0.0700  0.2375  0.0568  0.0673  1
 413:   0.1239  0.0838  0.2410  0.0386  0.5127  1
 414:   0.4657  0.0500  0.2885  0.1161  0.0796  1
 415:   0.6134  0.1816  0.0510  0.1216  0.0324  1
 416:   0.6446  0.0518  0.2411  0.0354  0.0271  1
 417:   0.5690  0.0720  0.0645  0.0765  0.2179  1
 418:   0.5258  0.0581  0.1650  0.0912  0.1598  1
 419:   0.8427  0.0424  0.0594  0.0231  0.0322  1
 420:   0.1243  0.3919  0.0464  0.0935  0.3441  1
 421:   0.3659  0.0446  0.2455  0.2344  0.1096  1
 422:   0.2799  0.1048  0.2187  0.2757  0.1209  1
 423:   0.0659  0.5546  0.0462  0.2251  0.1082  1
 424:   0.7886  0.0270  0.1236  0.0320  0.0288  1
 425:   0.6180  0.0466  0.2193  0.0662  0.0500  1
 426:   0.3919  0.4621  0.0574  0.0526  0.0360  1
 427:   0.1566  0.0959  0.4750  0.1622  0.1104  1
 428:   0.1847  0.0701  0.2964  0.1330  0.3157  1
 429:   0.1598  0.1751  0.2157  0.1289  0.3204  1
 430:   0.3279  0.2093  0.2999  0.0915  0.0714  1
 431:   0.0829  0.0792  0.6693  0.0745  0.0941  1
 432:   0.2832  0.1315  0.3370  0.1212  0.1271  1
 433:   0.3390  0.2285  0.1181  0.1973  0.1171  1
 434:   0.1472  0.1692  0.4876  0.0821  0.1138  1
 435:   0.1241  0.1737  0.2717  0.2562  0.1742  1
 436:   0.5430  0.2395  0.0737  0.1019  0.0420  1
 437:   0.5386  0.1152  0.2555  0.0503  0.0404  1
 438:   0.5084  0.0934  0.2086  0.0769  0.1128  1
 439:   0.7303  0.0353  0.1275  0.0643  0.0426  1
 440:   0.5668  0.0323  0.3136  0.0511  0.0363  1
 441:   0.8480  0.0218  0.0639  0.0421  0.0241  1
 442:   0.8426  0.0232  0.0453  0.0493  0.0396  1
 443:   0.0284  0.0242  0.0288  0.8840  0.0346  1
 444:   0.4745  0.2342  0.2155  0.0257  0.0502  1
 445:   0.3806  0.0565  0.2289  0.0558  0.2783  1
 446:   0.2268  0.2681  0.1684  0.1399  0.1967  1
 447:   0.4734  0.0574  0.2844  0.0418  0.1430  1
 448:   0.3431  0.0547  0.1193  0.0681  0.4148  1
 449:   0.0960  0.0745  0.3340  0.0560  0.4395  1
 450:   0.0232  0.0234  0.0329  0.8864  0.0341  1
 451:   0.0278  0.0235  0.0364  0.8782  0.0341  1
 452:   0.1573  0.5832  0.0701  0.1295  0.0599  1
 453:   0.4285  0.1967  0.3030  0.0226  0.0491  1
 454:   0.0446  0.0255  0.0222  0.8847  0.0230  1
 455:   0.0230  0.1735  0.1159  0.3326  0.3549  1
 456:   0.0098  0.0718  0.0224  0.0509  0.8451  1
 457:   0.0113  0.1203  0.0240  0.0771  0.7673  1
 458:   0.0366  0.1137  0.0528  0.0613  0.7357  1
 459:   0.0116  0.1483  0.0361  0.0768  0.7271  1
 460:   0.0139  0.0526  0.0280  0.1270  0.7785  1
 461:   0.0429  0.0766  0.0782  0.1782  0.6241  1
 462:   0.0230  0.3072  0.0779  0.2588  0.3330  1
 463:   0.0215  0.5161  0.0566  0.1161  0.2897  1
 464:   0.0911  0.4375  0.0427  0.0916  0.3371  1
 465:   0.0381  0.1333  0.0377  0.0684  0.7225  1
 466:   0.0149  0.0643  0.0328  0.0929  0.7950  1
 467:   0.0172  0.0744  0.0253  0.0902  0.7929  1
 468:   0.0123  0.0531  0.0314  0.0663  0.8369  1
 469:   0.2743  0.0691  0.2837  0.0274  0.3455  1
 470:   0.1635  0.1071  0.4995  0.1492  0.0807  1
 471:   0.1328  0.0870  0.4729  0.0971  0.2103  1
 472:   0.1519  0.4852  0.0530  0.1980  0.1120  1
 473:   0.0665  0.4994  0.0666  0.0869  0.2807  1
 474:   0.1331  0.0477  0.2938  0.4312  0.0943  1
 475:   0.0603  0.0525  0.4642  0.0647  0.3583  1
 476:   0.0361  0.0302  0.0250  0.8774  0.0312  1
 477:   0.1394  0.0278  0.6113  0.1534  0.0680  1
 478:   0.2277  0.0668  0.3999  0.0991  0.2065  1
 479:   0.1136  0.1459  0.1263  0.0526  0.5616  1
 480:   0.0732  0.0748  0.2811  0.3282  0.2426  1
 481:   0.0598  0.0493  0.1343  0.1312  0.6254  1
 482:   0.3396  0.3462  0.0658  0.1638  0.0845  1
 483:   0.4199  0.2507  0.0695  0.0354  0.2245  1
 484:   0.0480  0.0598  0.0687  0.3072  0.5163  1
 485:   0.5222  0.1048  0.2522  0.0347  0.0861  1
 486:   0.0700  0.0758  0.3493  0.0595  0.4454  1
 487:   0.0463  0.6005  0.0524  0.2341  0.0666  1
 488:   0.0795  0.0617  0.5006  0.0571  0.3011  1
 489:   0.5812  0.1079  0.1525  0.0505  0.1079  1
 490:   0.1701  0.0623  0.4024  0.0782  0.2871  1
 491:   0.0904  0.1712  0.0342  0.0419  0.6623  1
 492:   0.4072  0.0484  0.2776  0.0469  0.2199  1
 493:   0.1218  0.3160  0.0890  0.2246  0.2487  1
 494:   0.0238  0.0294  0.0231  0.8800  0.0437  1
 495:   0.0853  0.0957  0.1421  0.1565  0.5205  1
 496:   0.0209  0.1293  0.0534  0.0456  0.7508  1
 497:   0.1479  0.1690  0.1499  0.0731  0.4600  1
 498:   0.0303  0.1076  0.1853  0.2791  0.3976  1
 499:   0.0218  0.1384  0.0395  0.5306  0.2696  1
 500:   0.0227  0.0611  0.1163  0.0461  0.7538  1
 501:   0.0644  0.2080  0.0633  0.0635  0.6008  1
 502:   0.0084  0.0435  0.0262  0.7555  0.1663  1
 503:   0.0143  0.1031  0.0416  0.0920  0.7490  1
 504:   0.0123  0.8827  0.0182  0.0172  0.0695  1
 505:   0.0557  0.1740  0.0665  0.0706  0.6332  1
 506:   0.0497  0.2961  0.1141  0.1787  0.3614  1
 507:   0.0364  0.1185  0.0935  0.1133  0.6383  1
 508:   0.0285  0.1339  0.0764  0.1097  0.6515  1
 509:   0.0126  0.0996  0.0342  0.0510  0.8026  1
 510:   0.0216  0.2552  0.0430  0.2699  0.4103  1
 511:   0.0105  0.0543  0.0359  0.0338  0.8655  1
 512:   0.0122  0.1167  0.0144  0.7858  0.0709  1
 513:   0.0860  0.3438  0.1832  0.0470  0.3400  1
 514:   0.0258  0.4438  0.0288  0.0369  0.4647  1
 515:   0.0100  0.0742  0.0184  0.6964  0.2010  1
 516:   0.0168  0.0629  0.0264  0.3758  0.5182  1
 517:   0.0106  0.0703  0.0315  0.0286  0.8590  1
 518:   0.0531  0.3888  0.0203  0.2528  0.2849  1
 519:   0.0256  0.0612  0.0083  0.8815  0.0234  1
 520:   0.1796  0.6135  0.0258  0.0427  0.1384  1
 521:   0.0218  0.2693  0.0067  0.6548  0.0474  1
 522:   0.2761  0.1818  0.0186  0.2691  0.2545  1
 523:   0.5685  0.2505  0.0159  0.0689  0.0962  1
 524:   0.0357  0.0725  0.0083  0.8521  0.0314  1
 525:   0.1245  0.4964  0.0181  0.0878  0.2732  1
 526:   0.1287  0.2175  0.0340  0.1247  0.4951  1
 527:   0.1139  0.3403  0.0155  0.3149  0.2154  1
 528:   0.1279  0.7118  0.0260  0.0871  0.0472  1
 529:   0.1281  0.5857  0.0402  0.1414  0.1046  1
 530:   0.1544  0.5743  0.0205  0.1963  0.0545  1
 531:   0.0820  0.5218  0.0241  0.0971  0.2750  1
 532:   0.0609  0.8014  0.0094  0.0793  0.0491  1
 533:   0.0313  0.3695  0.0151  0.0734  0.5107  1
 534:   0.1782  0.4545  0.0179  0.1572  0.1922  1
 535:   0.0989  0.7302  0.0101  0.0433  0.1174  1
 536:   0.0549  0.3897  0.0335  0.3862  0.1358  1
 537:   0.4566  0.1711  0.0595  0.1671  0.1457  1
 538:   0.1680  0.6251  0.0289  0.0866  0.0915  1
 539:   0.4185  0.2920  0.0297  0.1803  0.0795  1
 540:   0.1268  0.3368  0.0601  0.2271  0.2492  1
 541:   0.0189  0.0888  0.0118  0.8313  0.0492  1
 542:   0.2631  0.1757  0.0637  0.2198  0.2777  1
 543:   0.1154  0.5370  0.0283  0.0568  0.2625  1
 544:   0.0202  0.6130  0.0116  0.1379  0.2174  1
 545:   0.0233  0.2051  0.0134  0.3629  0.3952  1
 546:   0.0566  0.1374  0.0255  0.0441  0.7363  1
 547:   0.0566  0.5852  0.0260  0.1636  0.1686  1
 548:   0.0369  0.3382  0.0165  0.3398  0.2687  1
 549:   0.0331  0.5228  0.0140  0.3251  0.1050  1
 550:   0.1091  0.2241  0.0273  0.4636  0.1758  1
 551:   0.2779  0.3682  0.0243  0.2250  0.1046  1
 552:   0.1222  0.7509  0.0200  0.0356  0.0714  1
 553:   0.1187  0.4865  0.0245  0.0792  0.2910  1
 554:   0.0459  0.7524  0.0189  0.0836  0.0991  1
 555:   0.0501  0.7166  0.0175  0.0568  0.1589  1
 556:   0.1403  0.5197  0.0150  0.2762  0.0488  1
 557:   0.0505  0.5604  0.0139  0.0519  0.3234  1
 558:   0.2585  0.5955  0.0172  0.0867  0.0421  1
 559:   0.0430  0.7648  0.0265  0.1332  0.0325  1
 560:   0.1159  0.7725  0.0179  0.0571  0.0367  1
 561:   0.1467  0.2468  0.0276  0.5191  0.0598  1
 562:   0.0205  0.0970  0.0114  0.7813  0.0897  1
 563:   0.6149  0.1934  0.0199  0.0965  0.0754  1
 564:   0.0817  0.6218  0.0811  0.1249  0.0905  1
 565:   0.0301  0.5149  0.0169  0.3849  0.0531  1
 566:   0.0221  0.8429  0.0115  0.0689  0.0546  1
 567:   0.0219  0.8560  0.0134  0.0599  0.0489  1
 568:   0.0227  0.8590  0.0140  0.0462  0.0582  1
 569:   0.0220  0.3186  0.0174  0.0855  0.5564  1
 570:   0.0208  0.1245  0.0149  0.3961  0.4436  1
 571:   0.0240  0.8792  0.0089  0.0263  0.0616  1
 572:   0.0329  0.2264  0.0139  0.1588  0.5679  1
 573:   0.0284  0.0952  0.0107  0.7573  0.1083  1
 574:   0.0202  0.6271  0.0133  0.2088  0.1305  1
 575:   0.0300  0.1162  0.0382  0.3174  0.4983  1
 576:   0.0363  0.6485  0.0200  0.2037  0.0915  1
 577:   0.2924  0.2805  0.0512  0.2808  0.0951  1
 578:   0.3003  0.3877  0.0290  0.1197  0.1632  1
 579:   0.0662  0.6776  0.0191  0.1328  0.1042  1
 580:   0.2354  0.2484  0.1921  0.0899  0.2342  1
 581:   0.0488  0.5622  0.0261  0.1267  0.2363  1
 582:   0.0328  0.3687  0.1754  0.0376  0.3855  1
 583:   0.1625  0.1430  0.1374  0.1222  0.4349  1
 584:   0.0469  0.7617  0.0231  0.0538  0.1146  1
 585:   0.0211  0.8869  0.0108  0.0269  0.0543  1
 586:   0.0367  0.6202  0.0146  0.0449  0.2836  1
 587:   0.0794  0.3448  0.0165  0.3149  0.2445  1
 588:   0.0309  0.4285  0.2413  0.0563  0.2429  1
 589:   0.0160  0.0462  0.0061  0.8900  0.0416  1
 590:   0.0897  0.2696  0.0240  0.0631  0.5535  1
 591:   0.0174  0.5268  0.0087  0.0678  0.3793  1
 592:   0.0295  0.6911  0.0128  0.0887  0.1780  1
 593:   0.0544  0.6607  0.0335  0.0356  0.2157  1
 594:   0.0471  0.2993  0.0371  0.1464  0.4702  1
 595:   0.1938  0.1273  0.0339  0.5939  0.0510  1
 596:   0.0651  0.1484  0.0156  0.7356  0.0353  1
 597:   0.0910  0.5360  0.0391  0.0810  0.2530  1
 598:   0.0215  0.0855  0.0090  0.8528  0.0311  1
 599:   0.1838  0.6335  0.0154  0.1040  0.0633  1
 600:   0.0959  0.5092  0.0208  0.2421  0.1321  1
 601:   0.0385  0.8870  0.0125  0.0226  0.0394  1
 602:   0.0817  0.4002  0.0761  0.0960  0.3460  1
 603:   0.0347  0.6034  0.0174  0.1992  0.1453  1
 604:   0.0365  0.1363  0.0254  0.6761  0.1257  1
 605:   0.0819  0.6911  0.0484  0.0291  0.1495  1
 606:   0.0911  0.2234  0.0727  0.0660  0.5468  1
 607:   0.2118  0.4546  0.0408  0.1212  0.1716  1
 608:   0.0697  0.7102  0.0170  0.0816  0.1216  1
 609:   0.1041  0.5970  0.0233  0.0607  0.2149  1
 610:   0.0134  0.7033  0.0509  0.0212  0.2111  1
 611:   0.0286  0.8101  0.0283  0.0595  0.0735  1
 612:   0.0982  0.6047  0.0231  0.1118  0.1622  1
 613:   0.4470  0.3078  0.0319  0.0762  0.1371  1
 614:   0.0202  0.8424  0.0152  0.0396  0.0826  1
 615:   0.0185  0.0680  0.0081  0.8746  0.0308  1
 616:   0.1005  0.2366  0.0307  0.4574  0.1748  1
 617:   0.0192  0.0445  0.0112  0.8845  0.0406  1
 618:   0.0548  0.7973  0.0181  0.0458  0.0840  1
 619:   0.1153  0.5990  0.0181  0.1893  0.0783  1
 620:   0.0204  0.0437  0.3087  0.0489  0.5783  1
 621:   0.0929  0.1033  0.3643  0.1037  0.3358  1
 622:   0.0865  0.0434  0.5504  0.0728  0.2469  1
 623:   0.0133  0.0489  0.0211  0.7314  0.1854  1
 624:   0.0163  0.0466  0.1024  0.0613  0.7735  1
 625:   0.0247  0.1383  0.1459  0.1122  0.5788  1
 626:   0.0244  0.6018  0.0286  0.0522  0.2931  1
 627:   0.0445  0.0625  0.2004  0.0430  0.6496  1
 628:   0.0154  0.2472  0.0268  0.4593  0.2512  1
 629:   0.0261  0.0353  0.1138  0.0336  0.7912  1
 630:   0.0208  0.0492  0.0520  0.0758  0.8023  1
 631:   0.0134  0.0353  0.0248  0.8431  0.0834  1
 632:   0.0537  0.0781  0.0674  0.0678  0.7329  1
 633:   0.0231  0.0622  0.0412  0.1170  0.7565  1
 634:   0.0645  0.0749  0.0504  0.7057  0.1045  1
 635:   0.0296  0.4424  0.0600  0.0924  0.3756  1
 636:   0.3404  0.0808  0.3017  0.1110  0.1660  1
 637:   0.1780  0.1756  0.1421  0.0999  0.4045  1
 638:   0.1766  0.0837  0.3269  0.0537  0.3591  1
 639:   0.0411  0.0901  0.3104  0.0381  0.5204  1
 640:   0.0194  0.0305  0.0250  0.8887  0.0364  1
 641:   0.1028  0.0764  0.3772  0.3133  0.1303  1
 642:   0.0923  0.0523  0.1896  0.5578  0.1081  1
 643:   0.0566  0.3596  0.1149  0.0555  0.4134  1
 644:   0.0861  0.1519  0.0692  0.1144  0.5783  1
 645:   0.0172  0.0697  0.0171  0.7276  0.1684  1
 646:   0.0744  0.0810  0.4167  0.0695  0.3584  1
 647:   0.2496  0.0790  0.1936  0.1454  0.3325  1
 648:   0.0314  0.2993  0.1767  0.1144  0.3781  1
 649:   0.2539  0.0808  0.5049  0.0500  0.1104  1
 650:   0.3020  0.0891  0.2158  0.0862  0.3070  1
 651:   0.0108  0.0211  0.0260  0.8838  0.0584  1
 652:   0.0377  0.4612  0.0580  0.0598  0.3833  1
 653:   0.0565  0.1069  0.3445  0.1145  0.3776  1
 654:   0.0180  0.0333  0.0282  0.8437  0.0768  1
 655:   0.5272  0.0448  0.1495  0.0408  0.2377  1
 656:   0.0416  0.1056  0.1138  0.0985  0.6405  1
 657:   0.0498  0.1137  0.1901  0.1659  0.4805  1
 658:   0.0125  0.3731  0.0169  0.4082  0.1893  1
 659:   0.2104  0.0580  0.0270  0.1211  0.5835  1
 660:   0.0104  0.3039  0.0198  0.2080  0.4580  1
 661:   0.0083  0.0785  0.0204  0.0434  0.8495  1
 662:   0.0177  0.0830  0.0461  0.0788  0.7744  1
 663:   0.0073  0.0466  0.0179  0.0440  0.8843  1
 664:   0.0363  0.3313  0.0186  0.0441  0.5697  1
 665:   0.0688  0.0595  0.6670  0.0349  0.1698  1
 666:   0.0872  0.2599  0.1067  0.0616  0.4846  1
 667:   0.0754  0.0684  0.7316  0.0632  0.0614  1
 668:   0.0338  0.0826  0.0506  0.4956  0.3374  1
 669:   0.0417  0.0542  0.2255  0.0708  0.6078  1
 670:   0.0383  0.0409  0.2571  0.0371  0.6267  1
 671:   0.0542  0.0741  0.3707  0.1366  0.3644  1
 672:   0.1039  0.1359  0.2458  0.1962  0.3181  1
 673:   0.1023  0.1266  0.2027  0.0549  0.5134  1
 674:   0.1100  0.0856  0.1709  0.2823  0.3512  1
 675:   0.4196  0.0532  0.1626  0.0638  0.3008  1
 676:   0.1248  0.0624  0.5223  0.0636  0.2268  1
 677:   0.0119  0.0442  0.0669  0.0511  0.8259  1
 678:   0.0240  0.0534  0.1257  0.0557  0.7413  1
 679:   0.0430  0.0546  0.0964  0.1248  0.6813  1
 680:   0.0141  0.2993  0.1580  0.1122  0.4163  1
 681:   0.0174  0.5528  0.0605  0.0630  0.3062  1
 682:   0.0060  0.0312  0.0149  0.8281  0.1198  1
 683:   0.0072  0.0457  0.0177  0.7999  0.1294  1
 684:   0.0064  0.2448  0.0238  0.3873  0.3378  1
 685:   0.0103  0.1685  0.0297  0.4696  0.3218  1
 686:   0.0134  0.1275  0.0220  0.6048  0.2323  1
 687:   0.0054  0.5546  0.2003  0.0497  0.1900  1
 688:   0.0075  0.2350  0.0262  0.0572  0.6741  1
 689:   0.0472  0.3323  0.0265  0.2110  0.3830  1
 690:   0.0116  0.0734  0.0184  0.1629  0.7337  1
 691:   0.0073  0.0738  0.0271  0.0682  0.8235  1
 692:   0.0634  0.0737  0.0528  0.0519  0.7582  1
 693:   0.0175  0.4249  0.0310  0.0434  0.4832  1
 694:   0.0074  0.0431  0.0274  0.0261  0.8960  1
 695:   0.0269  0.0725  0.0416  0.0682  0.7908  1
 696:   0.0122  0.0512  0.1388  0.0250  0.7729  1
 697:   0.0119  0.2527  0.0201  0.4982  0.2171  1
 698:   0.0085  0.4848  0.0301  0.0622  0.4144  1
 699:   0.0130  0.0832  0.1648  0.2049  0.5341  1
 700:   0.0112  0.0681  0.0260  0.0699  0.8248  1
 701:   0.0176  0.4692  0.0405  0.0994  0.3733  1
 702:   0.0473  0.5541  0.0412  0.0771  0.2803  1
 703:   0.0079  0.0769  0.0139  0.8437  0.0575  1
 704:   0.0241  0.4888  0.0545  0.0323  0.4002  1
 705:   0.0122  0.1607  0.0215  0.0618  0.7438  1
 706:   0.0258  0.1386  0.0377  0.0303  0.7676  1
 707:   0.0119  0.0744  0.0262  0.1403  0.7472  1
 708:   0.1655  0.2079  0.0702  0.3617  0.1948  1
 709:   0.0090  0.7818  0.0194  0.0993  0.0905  1
 710:   0.0094  0.0441  0.0163  0.8564  0.0738  1
 711:   0.0110  0.1034  0.0260  0.1403  0.7193  1
 712:   0.0076  0.7749  0.0152  0.0324  0.1700  1
 713:   0.0093  0.7393  0.0120  0.0394  0.2000  1
 714:   0.0096  0.4010  0.0179  0.0923  0.4793  1
 715:   0.0115  0.4299  0.0229  0.0801  0.4555  1
 716:   0.0277  0.6985  0.0338  0.0763  0.1638  1
 717:   0.0973  0.1261  0.3314  0.1230  0.3222  1
 718:   0.0370  0.0972  0.1830  0.3462  0.3366  1
 719:   0.0646  0.0730  0.4171  0.0573  0.3879  1
 720:   0.0295  0.1895  0.0445  0.2042  0.5324  1
 721:   0.0110  0.0660  0.2034  0.0435  0.6761  1
 722:   0.0308  0.3663  0.0648  0.2624  0.2757  1
 723:   0.0102  0.0581  0.2067  0.0302  0.6947  1
 724:   0.0248  0.4001  0.0302  0.2592  0.2857  1
 725:   0.0176  0.1496  0.0322  0.2383  0.5623  1
 726:   0.0089  0.0519  0.0137  0.8558  0.0697  1
 727:   0.0173  0.1356  0.6797  0.0514  0.1160  1
 728:   0.0662  0.0986  0.2983  0.0777  0.4591  1
 729:   0.0458  0.0986  0.2799  0.0971  0.4787  1
 730:   0.0091  0.7545  0.0208  0.0285  0.1872  1
 731:   0.0117  0.1108  0.0385  0.2166  0.6225  1
 732:   0.0234  0.3334  0.0454  0.1353  0.4625  1
 733:   0.0440  0.1089  0.0617  0.2794  0.5060  1
 734:   0.0149  0.0838  0.0460  0.0601  0.7952  1
 735:   0.0594  0.1804  0.0557  0.6939  0.0105  1
 736:   0.8312  0.0031  0.1303  0.0258  0.0096  1
 737:   0.6010  0.1122  0.2338  0.0314  0.0216  1
 738:   0.6997  0.0031  0.2533  0.0321  0.0118  1
 739:   0.0503  0.0039  0.1031  0.8332  0.0095  1
 740:   0.2162  0.1822  0.5364  0.0479  0.0174  1
 741:   0.4208  0.0103  0.5066  0.0326  0.0297  1
 742:   0.6131  0.0052  0.3014  0.0477  0.0326  1
 743:   0.0109  0.2374  0.0186  0.1618  0.5713  1
 744:   0.0075  0.0995  0.0195  0.0524  0.8211  1
 745:   0.0110  0.2677  0.0252  0.1046  0.5915  1
 746:   0.0119  0.0918  0.0276  0.1171  0.7516  1
 747:   0.0069  0.1382  0.0281  0.0792  0.7476  1
 748:   0.0085  0.0533  0.0149  0.7969  0.1264  1
 749:   0.0437  0.3687  0.0165  0.3351  0.2360  1
 750:   0.0077  0.0756  0.0345  0.1827  0.6994  1
 751:   0.0053  0.1974  0.0207  0.1995  0.5770  1
 752:   0.0045  0.7944  0.0146  0.0811  0.1053  1
 753:   0.0046  0.0638  0.0129  0.7622  0.1565  1
 754:   0.0162  0.1960  0.0323  0.2339  0.5216  1
 755:   0.0118  0.2136  0.0423  0.0604  0.6719  1
 756:   0.0063  0.0530  0.0170  0.3797  0.5441  1
 757:   0.0400  0.0449  0.8558  0.0345  0.0248  1
 758:   0.1487  0.0495  0.6961  0.0459  0.0597  1
 759:   0.0741  0.0042  0.8687  0.0213  0.0317  1
 760:   0.0244  0.0634  0.0960  0.8034  0.0128  1
 761:   0.3851  0.0112  0.5656  0.0210  0.0170  1
 762:   0.2137  0.0048  0.7274  0.0167  0.0374  1
 763:   0.7031  0.0036  0.2396  0.0224  0.0313  1
 764:   0.1221  0.0017  0.8380  0.0183  0.0200  1
 765:   0.2718  0.0060  0.6161  0.0369  0.0692  1
 766:   0.0049  0.0356  0.1121  0.2266  0.6208  1
 767:   0.0110  0.1073  0.0341  0.0838  0.7638  1
 768:   0.0042  0.0801  0.0145  0.6756  0.2256  1
 769:   0.0054  0.0711  0.0197  0.0799  0.8239  1
 770:   0.0084  0.0792  0.0354  0.1295  0.7475  1
 771:   0.2911  0.0075  0.6053  0.0274  0.0687  1
 772:   0.2241  0.0119  0.2355  0.4742  0.0543  1
 773:   0.1346  0.0729  0.7423  0.0239  0.0263  1
 774:   0.5533  0.0097  0.3740  0.0284  0.0346  1
 775:   0.0478  0.0085  0.8775  0.0296  0.0365  1
 776:   0.0143  0.0017  0.9373  0.0169  0.0298  1
 777:   0.2753  0.0602  0.3465  0.1457  0.1724  1
 778:   0.0880  0.0219  0.5746  0.2053  0.1102  1
 779:   0.0325  0.0063  0.6304  0.0528  0.2780  1
 780:   0.0201  0.0224  0.9123  0.0214  0.0239  1
 781:   0.0193  0.0022  0.9314  0.0251  0.0221  1
 782:   0.0062  0.0348  0.0154  0.8454  0.0981  1
 783:   0.0331  0.3793  0.0329  0.0720  0.4827  1
 784:   0.0126  0.2182  0.0384  0.1797  0.5511  1
