1:           4.225381e-01 1.687443e-01 9.537955e-02 1.990852e-02 2.934295e-01 1           
2:           7.635034e-01 3.906250e-02 7.088864e-02 7.175000e-03 1.193705e-01 1           
3:           8.283614e-01 3.615114e-02 4.645909e-02 1.610852e-02 7.291989e-02 1           
4:           5.297312e-01 2.323580e-02 3.866653e-01 6.752841e-03 5.361477e-02 1           
5:           8.161551e-01 5.788636e-02 4.267159e-02 5.481818e-03 7.780511e-02 1           
6:           4.028807e-01 6.981023e-02 4.185869e-01 1.662330e-02 9.209886e-02 1           
7:           6.262540e-01 3.306193e-02 4.156307e-02 8.589773e-03 2.905313e-01 1           
8:           8.458494e-01 2.884489e-02 4.680852e-02 8.706250e-03 6.979091e-02 1           
9:           7.472114e-01 3.105625e-02 1.229761e-01 1.258636e-02 8.616989e-02 1           
10:          8.046472e-01 3.973750e-02 6.127386e-02 8.844318e-03 8.549716e-02 1           
11:          2.589903e-01 1.249403e-01 2.516182e-01 7.123352e-02 2.932176e-01 1           
12:          2.549409e-01 4.124937e-01 1.834534e-01 1.161301e-01 3.298182e-02 1           
13:          1.013875e-01 3.102597e-01 1.946153e-01 3.623659e-01 3.137159e-02 1           
14:          4.127443e-02 4.483068e-02 8.674017e-01 3.150000e-02 1.499318e-02 1           
15:          6.435892e-01 1.186619e-01 1.723330e-01 4.472102e-02 2.069489e-02 1           
16:          5.754034e-02 2.398523e-02 8.842142e-01 1.906591e-02 1.519432e-02 1           
17:          3.784193e-01 4.414472e-01 8.593352e-02 4.794659e-02 4.625341e-02 1           
18:          9.742102e-02 4.634375e-01 9.198693e-02 3.229187e-01 2.423580e-02 1           
19:          6.392557e-01 1.522386e-01 4.575000e-02 1.289727e-01 3.378295e-02 1           
20:          2.836847e-01 2.760767e-01 3.372381e-01 5.420227e-02 4.879830e-02 1           
21:          7.407386e-02 7.941011e-01 3.658352e-02 3.618580e-02 5.905568e-02 1           
22:          3.429165e-01 4.697216e-01 9.577955e-02 6.464545e-02 2.693693e-02 1           
23:          2.142472e-01 3.716437e-01 9.017557e-02 2.251460e-01 9.878750e-02 1           
24:          3.267898e-02 5.502102e-02 8.724659e-01 3.202727e-02 7.806818e-03 1           
25:          1.115415e-01 2.753903e-01 1.897170e-01 3.962284e-01 2.712273e-02 1           
26:          2.226415e-01 5.805330e-01 4.485284e-02 1.288795e-01 2.309318e-02 1           
27:          7.413182e-02 7.638466e-01 6.026080e-02 7.743295e-02 2.432784e-02 1           
28:          2.879528e-01 3.480937e-01 8.835909e-02 5.361818e-02 2.219761e-01 1           
29:          1.814028e-01 5.279574e-01 1.515795e-01 7.518466e-02 6.387557e-02 1           
30:          3.191324e-01 3.350222e-01 7.955455e-02 1.704511e-01 9.583977e-02 1           
31:          4.415568e-02 7.807568e-01 2.202898e-02 1.390977e-01 1.396080e-02 1           
32:          6.174432e-03 2.458068e-02 6.757278e-01 2.893994e-01 4.117614e-03 1           
33:          1.080625e-02 6.048591e-01 6.518182e-03 3.811080e-02 3.397057e-01 1           
34:          3.977727e-02 8.183409e-02 8.104619e-01 4.451648e-02 2.341023e-02 1           
35:          8.545455e-02 6.302256e-01 3.923409e-02 1.513324e-01 9.375341e-02 1           
36:          2.960949e-01 4.509011e-01 1.090165e-01 4.810682e-02 9.588068e-02 1           
37:          1.202915e-01 6.787597e-01 1.134903e-01 6.398466e-02 2.347386e-02 1           
38:          2.105926e-01 1.462301e-01 1.222131e-01 2.998790e-01 2.210852e-01 1           
39:          1.308216e-01 5.848835e-01 1.255915e-01 1.317170e-01 2.698636e-02 1           
40:          1.364443e-01 5.501534e-02 7.175909e-01 6.554545e-02 2.540398e-02 1           
41:          1.571131e-01 5.596642e-01 1.868352e-01 6.303693e-02 3.335057e-02 1           
42:          8.379943e-02 4.530534e-01 9.339034e-02 3.438517e-01 2.590511e-02 1           
43:          4.991682e-01 2.701523e-01 9.851534e-02 5.325682e-02 7.890739e-02 1           
44:          2.535795e-01 5.066278e-01 1.321767e-01 6.106591e-02 4.655000e-02 1           
45:          8.405852e-02 7.759403e-01 2.656307e-02 8.149943e-02 3.193864e-02 1           
46:          9.493295e-02 4.386710e-01 7.383295e-02 2.309347e-01 1.616284e-01 1           
47:          2.337193e-01 3.175097e-01 1.963932e-01 8.458920e-02 1.677886e-01 1           
48:          8.615142e-01 3.553580e-02 3.955739e-02 3.225909e-02 3.113352e-02 1           
49:          7.974125e-01 5.735682e-02 2.326989e-02 3.425341e-02 8.770739e-02 1           
50:          2.365091e-01 2.097347e-01 4.137818e-01 8.695852e-02 5.301591e-02 1           
51:          1.409472e-01 2.939489e-02 7.665892e-01 2.007330e-02 4.299545e-02 1           
52:          6.787955e-02 1.677727e-02 8.895932e-01 1.021477e-02 1.553523e-02 1           
53:          3.634420e-01 2.982119e-01 2.476472e-01 4.926761e-02 4.143125e-02 1           
54:          1.273034e-01 2.634114e-01 1.183449e-01 3.778483e-01 1.130920e-01 1           
55:          7.021534e-01 7.171250e-02 1.592091e-01 2.967330e-02 3.725170e-02 1           
56:          6.888869e-01 1.390773e-01 7.007670e-02 4.690909e-02 5.505000e-02 1           
57:          3.273682e-01 3.982767e-01 1.432619e-01 4.141420e-02 8.967898e-02 1           
58:          6.695886e-01 1.180733e-01 2.559375e-02 1.482102e-01 3.853409e-02 1           
59:          3.733528e-01 4.758790e-01 2.816136e-02 8.466818e-02 3.793864e-02 1           
60:          7.765483e-01 8.505284e-02 7.103295e-02 2.433125e-02 4.303466e-02 1           
61:          7.792165e-01 1.273699e-01 4.229091e-02 2.463011e-02 2.649261e-02 1           
62:          6.431790e-01 3.547341e-01 8.022727e-04 4.698864e-04 8.147727e-04 1           
63:          1.223301e-01 2.385057e-02 8.052716e-01 1.637102e-02 3.217670e-02 1           
64:          9.638011e-02 2.708068e-02 7.988466e-01 1.782784e-02 5.986477e-02 1           
65:          8.245006e-01 6.128580e-02 5.135000e-02 2.492670e-02 3.793693e-02 1           
66:          3.644585e-01 4.766830e-01 9.522045e-02 2.870682e-02 3.493125e-02 1           
67:          1.238449e-01 2.867614e-02 7.780278e-01 1.445682e-02 5.499432e-02 1           
68:          4.166011e-01 4.621034e-01 3.110227e-02 5.675000e-02 3.344318e-02 1           
69:          4.235767e-01 4.465267e-01 7.191875e-02 2.371080e-02 3.426705e-02 1           
70:          3.173989e-01 1.571097e-01 3.228131e-01 7.269716e-02 1.299812e-01 1           
71:          3.051222e-01 5.129631e-01 3.198920e-02 9.370739e-02 5.621818e-02 1           
72:          7.707563e-01 8.647216e-02 6.190057e-02 3.395625e-02 4.691477e-02 1           
73:          7.790420e-01 8.089545e-02 4.735795e-02 3.522727e-02 5.747727e-02 1           
74:          7.517670e-02 4.752455e-01 1.841937e-01 2.219278e-01 4.345625e-02 1           
75:          4.256358e-01 2.585511e-01 7.248011e-02 1.661898e-01 7.714318e-02 1           
76:          1.891750e-01 1.840307e-01 5.264716e-02 1.688591e-01 4.052881e-01 1           
77:          2.987034e-01 1.829517e-01 9.480511e-02 1.601080e-01 2.634318e-01 1           
78:          6.345318e-01 1.651659e-01 7.508636e-02 2.875170e-02 9.646420e-02 1           
79:          3.240642e-01 3.750119e-01 7.520682e-02 1.551341e-01 7.058295e-02 1           
80:          2.318006e-01 3.451716e-01 3.095625e-02 3.340420e-01 5.802955e-02 1           
81:          7.958989e-01 1.106403e-01 3.679602e-02 1.789432e-02 3.877045e-02 1           
82:          7.715347e-01 9.290284e-02 5.840170e-02 2.640398e-02 5.075682e-02 1           
83:          6.903648e-01 1.947824e-01 2.546250e-02 4.901875e-02 4.037159e-02 1           
84:          2.832841e-02 2.340511e-02 9.077477e-01 2.366818e-02 1.685057e-02 1           
85:          2.322534e-01 4.988699e-01 1.135898e-01 4.966477e-02 1.056222e-01 1           
86:          1.734034e-01 1.755858e-01 5.027205e-01 8.833239e-02 5.995795e-02 1           
87:          6.549642e-01 2.605994e-01 3.147841e-02 2.757330e-02 2.538466e-02 1           
88:          1.434284e-01 7.463960e-01 4.623011e-02 3.424318e-02 2.970227e-02 1           
89:          1.035756e-01 7.386114e-01 5.106307e-02 4.897159e-02 5.777841e-02 1           
90:          1.059903e-01 5.217506e-01 1.660733e-01 1.668051e-01 3.938068e-02 1           
91:          6.532614e-02 2.259545e-01 5.299830e-02 4.897949e-01 1.659261e-01 1           
92:          6.047739e-01 2.125830e-01 6.196477e-02 6.677330e-02 5.390511e-02 1           
93:          3.582125e-01 3.281710e-01 7.451080e-02 1.465932e-01 9.251250e-02 1           
94:          2.268568e-01 4.587722e-01 4.654148e-02 1.189278e-01 1.489017e-01 1           
95:          8.297375e-01 4.188977e-02 7.366648e-02 1.822727e-02 3.647898e-02 1           
96:          6.206023e-02 3.621023e-02 8.740580e-01 1.321307e-02 1.445852e-02 1           
97:          2.609790e-01 6.335750e-01 3.565057e-02 3.341648e-02 3.637898e-02 1           
98:          6.115193e-01 3.020727e-01 1.941818e-02 3.787159e-02 2.911818e-02 1           
99:          2.362352e-01 3.125477e-01 3.733807e-01 3.452557e-02 4.331080e-02 1           
100:         1.865369e-01 7.943920e-02 6.821949e-01 3.016932e-02 2.165966e-02 1           
101:         1.330506e-01 7.400903e-01 7.065568e-02 2.624830e-02 2.995511e-02 1           
102:         2.699716e-01 4.020670e-01 2.127420e-01 7.821818e-02 3.700114e-02 1           
103:         4.508795e-01 1.324466e-01 6.236534e-02 2.481523e-01 1.061562e-01 1           
104:         3.696648e-01 6.418636e-02 5.122062e-01 2.757670e-02 2.636591e-02 1           
105:         1.551386e-01 6.071210e-01 1.521710e-01 5.730227e-02 2.826705e-02 1           
106:         1.945614e-01 6.669432e-01 4.732330e-02 5.714830e-02 3.402386e-02 1           
107:         3.502290e-01 3.277210e-01 2.668494e-01 2.469148e-02 3.050909e-02 1           
108:         2.053409e-03 5.768750e-03 9.454409e-01 4.608864e-02 6.482955e-04 1           
109:         3.971017e-01 3.597011e-01 7.083182e-02 1.041500e-01 6.821534e-02 1           
110:         4.432898e-02 8.069091e-02 1.696182e-01 5.773438e-01 1.280182e-01 1           
111:         2.928460e-01 1.679403e-01 3.741727e-01 4.443580e-02 1.206051e-01 1           
112:         1.024477e-01 6.908250e-01 1.005443e-01 5.282386e-02 5.335909e-02 1           
113:         7.244148e-01 1.195267e-01 9.370966e-02 2.471648e-02 3.763239e-02 1           
114:         2.118636e-01 3.079761e-01 4.344148e-02 1.845415e-01 2.521773e-01 1           
115:         4.361557e-01 2.977284e-01 1.192187e-01 9.779886e-02 4.909830e-02 1           
116:         4.670528e-01 9.661705e-02 3.475227e-01 4.092784e-02 4.787955e-02 1           
117:         2.642398e-01 5.183517e-01 7.565739e-02 4.343920e-02 9.831193e-02 1           
118:         5.899097e-01 7.092500e-02 2.142994e-01 3.198239e-02 9.288352e-02 1           
119:         2.198631e-01 5.487665e-01 1.145676e-01 7.982727e-02 3.697557e-02 1           
120:         7.025040e-01 8.208580e-02 1.294557e-01 3.027500e-02 5.567955e-02 1           
121:         4.329006e-01 2.384642e-01 8.574034e-02 1.769648e-01 6.593011e-02 1           
122:         5.364733e-01 3.589114e-01 5.787727e-02 2.467330e-02 2.206477e-02 1           
123:         7.915369e-01 6.460909e-02 3.442955e-02 7.791932e-02 3.150511e-02 1           
124:         2.651256e-01 4.074778e-01 3.603636e-02 1.327801e-01 1.585801e-01 1           
125:         4.070966e-01 7.608920e-02 1.618920e-01 4.484034e-02 3.100818e-01 1           
126:         1.103784e-01 6.242159e-02 4.155341e-02 3.599148e-02 7.496551e-01 1           
127:         4.846994e-01 2.325966e-01 1.539597e-01 5.851477e-02 7.022955e-02 1           
128:         8.549080e-01 4.930114e-02 1.984545e-02 1.974261e-02 5.620284e-02 1           
129:         1.382790e-01 7.042028e-01 2.384773e-02 9.176591e-02 4.190455e-02 1           
130:         7.040795e-01 8.143636e-02 7.317557e-02 7.498636e-02 6.632216e-02 1           
131:         3.627080e-01 4.486909e-01 9.430114e-02 4.948807e-02 4.481193e-02 1           
132:         2.112767e-01 9.181989e-02 6.475909e-01 1.878239e-02 3.053011e-02 1           
133:         1.743778e-01 2.520324e-01 6.813864e-02 2.180165e-01 2.874347e-01 1           
134:         3.784131e-01 2.432682e-01 7.881477e-02 2.148784e-01 8.462557e-02 1           
135:         1.360261e-01 6.298580e-01 2.079261e-02 1.764028e-01 3.692045e-02 1           
136:         6.921182e-01 1.160869e-01 9.217614e-02 5.540398e-02 4.421477e-02 1           
137:         1.808034e-01 4.475818e-01 8.405625e-02 2.438165e-01 4.374205e-02 1           
138:         5.334534e-01 1.980244e-01 3.742159e-02 9.045625e-02 1.406443e-01 1           
139:         4.402756e-01 3.410528e-01 6.392898e-02 6.497955e-02 8.976307e-02 1           
140:         1.051648e-01 2.019045e-01 5.991364e-02 6.022222e-01 3.079489e-02 1           
141:         2.833648e-01 7.368523e-02 3.743568e-01 5.698636e-02 2.116068e-01 1           
142:         2.550625e-01 5.223778e-01 1.148574e-01 7.193580e-02 3.576648e-02 1           
143:         7.100937e-01 1.728108e-01 4.477443e-02 3.730568e-02 3.501534e-02 1           
144:         4.206892e-01 2.571324e-01 2.705733e-01 2.032216e-02 3.128295e-02 1           
145:         9.672386e-02 5.922216e-02 7.731040e-01 3.296080e-02 3.798920e-02 1           
146:         4.068659e-01 2.988165e-01 1.088943e-01 1.341864e-01 5.123693e-02 1           
147:         7.442778e-01 1.311432e-01 6.932045e-02 1.975341e-02 3.550511e-02 1           
148:         8.338085e-01 5.889602e-02 4.601591e-02 3.486761e-02 2.641193e-02 1           
149:         2.823824e-01 4.342472e-01 1.089619e-01 5.632898e-02 1.180795e-01 1           
150:         1.132375e-01 6.695994e-01 7.454034e-02 1.082295e-01 3.439318e-02 1           
151:         5.135909e-01 1.168318e-01 2.333369e-01 5.360000e-02 8.264034e-02 1           
152:         5.797250e-01 1.572517e-01 7.722330e-02 1.352017e-01 5.059830e-02 1           
153:         2.359119e-01 5.886830e-01 1.032898e-01 4.675909e-02 2.535625e-02 1           
154:         4.689682e-01 5.545682e-02 4.119040e-01 2.445739e-02 3.921364e-02 1           
155:         3.100347e-01 1.702943e-01 4.043097e-01 8.209091e-02 3.327045e-02 1           
156:         2.267301e-01 4.314369e-01 2.713756e-01 2.811080e-02 4.234659e-02 1           
157:         7.258977e-02 2.013011e-02 8.412722e-01 7.910795e-03 5.809716e-02 1           
158:         1.993477e-01 1.197386e-01 1.254864e-01 3.971591e-02 5.157114e-01 1           
159:         7.691477e-02 1.098364e-01 5.970068e-01 3.938580e-02 1.768562e-01 1           
160:         4.295966e-02 1.007102e-02 2.796591e-02 9.700000e-03 9.093034e-01 1           
161:         1.634244e-01 5.282386e-02 1.027324e-01 2.668409e-02 6.543352e-01 1           
162:         1.033222e-01 3.833898e-01 2.868125e-02 1.035659e-01 3.810409e-01 1           
163:         8.933074e-01 2.211875e-02 3.144773e-02 8.866477e-03 4.425966e-02 1           
164:         1.063307e-01 8.199432e-03 8.228716e-01 6.847159e-03 5.575114e-02 1           
165:         7.962227e-01 1.623466e-02 7.344375e-02 1.649886e-02 9.760000e-02 1           
166:         8.595551e-01 1.471364e-02 5.198295e-02 1.008068e-02 6.366761e-02 1           
167:         7.379108e-01 7.125852e-02 5.619261e-02 2.682273e-02 1.078153e-01 1           
168:         4.013006e-01 2.981176e-01 2.344705e-01 3.844545e-02 2.766591e-02 1           
169:         6.528472e-01 2.507915e-01 3.523977e-02 2.888068e-02 3.224091e-02 1           
170:         8.997511e-01 3.856136e-02 1.860852e-02 2.618295e-02 1.689602e-02 1           
171:         2.550222e-01 6.918409e-02 6.142381e-01 3.042102e-02 3.113466e-02 1           
172:         5.926318e-01 1.463091e-01 6.497273e-02 7.876250e-02 1.173239e-01 1           
173:         6.514324e-01 2.126347e-01 7.399432e-02 1.748580e-02 4.445284e-02 1           
174:         3.789017e-01 4.805472e-01 4.525625e-02 7.145227e-02 2.384261e-02 1           
175:         6.933864e-02 3.371477e-02 8.523688e-01 2.881648e-02 1.576136e-02 1           
176:         3.978097e-01 3.949250e-01 1.094898e-01 2.635114e-02 7.142443e-02 1           
177:         5.393199e-01 3.046591e-01 8.304716e-02 4.846648e-02 2.450739e-02 1           
178:         5.531926e-01 2.402045e-01 1.449455e-01 4.119545e-02 2.046193e-02 1           
179:         7.923068e-02 5.547670e-02 8.407989e-01 1.041250e-02 1.408125e-02 1           
180:         4.847330e-02 4.719545e-02 8.710835e-01 1.427727e-02 1.897045e-02 1           
181:         4.379830e-02 2.123352e-02 9.066091e-01 8.038636e-03 2.032045e-02 1           
182:         3.297580e-01 1.833920e-02 1.007898e-02 6.372256e-01 4.598295e-03 1           
183:         7.693693e-02 3.327784e-02 8.668216e-01 9.728977e-03 1.323466e-02 1           
184:         4.988051e-01 2.217062e-01 1.728318e-01 6.497841e-02 4.167841e-02 1           
185:         2.923864e-03 2.968750e-03 1.567614e-03 7.423409e-01 2.501989e-01 1           
186:         9.346364e-02 7.304545e-02 7.568705e-01 4.908466e-02 2.753580e-02 1           
187:         4.653295e-02 3.260966e-02 8.888273e-01 1.531136e-02 1.671875e-02 1           
188:         3.405381e-01 1.111983e-01 3.330142e-01 5.681648e-02 1.584330e-01 1           
189:         8.682324e-01 6.761989e-02 3.004148e-02 1.524773e-02 1.885852e-02 1           
190:         7.626506e-01 1.121443e-01 4.050170e-02 4.981193e-02 3.489148e-02 1           
191:         5.964091e-01 3.101199e-01 4.415795e-02 2.183977e-02 2.747330e-02 1           
192:         1.740165e-01 7.740205e-01 2.060625e-02 1.713750e-02 1.421932e-02 1           
193:         2.880011e-01 4.469148e-01 1.489438e-01 6.835795e-02 4.778239e-02 1           
194:         5.177068e-01 1.923864e-02 8.311932e-03 4.530665e-01 1.676136e-03 1           
195:         2.684585e-01 6.089631e-01 6.923864e-02 2.889318e-02 2.444659e-02 1           
196:         2.337824e-01 5.330568e-02 2.952938e-01 1.457330e-02 4.030449e-01 1           
197:         6.860642e-01 1.213352e-01 8.123409e-02 1.378750e-02 9.757898e-02 1           
198:         3.813034e-01 2.257256e-01 6.293295e-02 3.326591e-02 2.967722e-01 1           
199:         6.815097e-01 4.120114e-02 7.697955e-02 2.329375e-02 1.770159e-01 1           
200:         5.152023e-01 7.530000e-02 6.316364e-02 2.479432e-02 3.215398e-01 1           
201:         5.945511e-02 2.527784e-02 8.483960e-01 8.383523e-03 5.848750e-02 1           
202:         2.572852e-01 3.142892e-01 2.377688e-01 1.066625e-01 8.399432e-02 1           
203:         7.681795e-01 8.609034e-02 8.626648e-02 3.500568e-02 2.445795e-02 1           
204:         5.914057e-01 6.219091e-02 1.913847e-01 4.166818e-02 1.133506e-01 1           
205:         5.059642e-01 8.326307e-02 3.107176e-01 6.020227e-02 3.985284e-02 1           
206:         4.638932e-01 8.908693e-02 1.393949e-01 2.495250e-01 5.810000e-02 1           
207:         2.021983e-01 5.779341e-01 3.045739e-02 4.881307e-02 1.405972e-01 1           
208:         4.653227e-01 1.365835e-01 2.782898e-01 3.728807e-02 8.251591e-02 1           
209:         4.165932e-01 5.847216e-02 4.441869e-01 2.158523e-02 5.916250e-02 1           
210:         4.934080e-01 1.302841e-01 2.905386e-01 3.363182e-02 5.213750e-02 1           
211:         7.219858e-01 4.949659e-02 6.135852e-02 4.175852e-02 1.254006e-01 1           
212:         3.144659e-01 7.012159e-02 2.372773e-01 2.431250e-02 3.538227e-01 1           
213:         6.090028e-01 3.743580e-02 2.262670e-01 2.048977e-02 1.068045e-01 1           
214:         5.810807e-01 8.706364e-02 7.810739e-02 2.496250e-02 2.287858e-01 1           
215:         5.070994e-01 9.999432e-02 6.846250e-02 1.363636e-01 1.880801e-01 1           
216:         9.356420e-02 1.237273e-02 7.280114e-01 7.778977e-03 1.582727e-01 1           
217:         4.560438e-01 3.329716e-02 1.692608e-01 2.426477e-02 3.171335e-01 1           
218:         6.140136e-01 3.330739e-02 1.970233e-01 1.533182e-02 1.403239e-01 1           
219:         4.940398e-01 2.627216e-02 9.296534e-02 1.908523e-02 3.676375e-01 1           
220:         4.344619e-01 1.738182e-02 3.732398e-01 1.154886e-02 1.633676e-01 1           
221:         7.641074e-01 1.474489e-02 9.992841e-02 1.367784e-02 1.075415e-01 1           
222:         2.197926e-01 1.682216e-02 6.250642e-01 1.383807e-02 1.244830e-01 1           
223:         3.986812e-01 1.156631e-01 2.260437e-01 1.060182e-01 1.535938e-01 1           
224:         9.262443e-02 2.781665e-01 6.728864e-02 4.918466e-01 7.007386e-02 1           
225:         1.482182e-01 4.312483e-01 4.153409e-02 3.193080e-01 5.969148e-02 1           
226:         1.498557e-01 3.184477e-01 1.592676e-01 1.477375e-01 2.246915e-01 1           
227:         7.471761e-02 3.988165e-01 3.761875e-02 3.705511e-01 1.182960e-01 1           
228:         2.926818e-02 3.614489e-02 2.210341e-02 7.638187e-01 1.486648e-01 1           
229:         2.548653e-01 7.246136e-02 3.593920e-02 5.741756e-01 6.255852e-02 1           
230:         4.236193e-02 2.453920e-02 4.457216e-02 6.531989e-02 8.232068e-01 1           
231:         1.163341e-01 4.466812e-01 3.864091e-02 2.171284e-01 1.812153e-01 1           
232:         2.255250e-01 6.300511e-02 2.127625e-01 2.478278e-01 2.508795e-01 1           
233:         7.265966e-02 4.513216e-01 5.012045e-02 3.090960e-01 1.168023e-01 1           
234:         5.062784e-02 1.698835e-01 3.429602e-02 6.833534e-01 6.183920e-02 1           
235:         5.929318e-02 1.031608e-01 5.652330e-02 7.474017e-01 3.362102e-02 1           
236:         5.338182e-02 6.834205e-02 1.977597e-01 4.921460e-01 1.883705e-01 1           
237:         5.301375e-01 1.273517e-01 1.679261e-02 2.795563e-01 4.616193e-02 1           
238:         1.254375e-01 4.280455e-02 7.273364e-01 5.783466e-02 4.658693e-02 1           
239:         7.909375e-02 1.597409e-01 1.118153e-01 5.059403e-01 1.434097e-01 1           
240:         3.013466e-02 9.750170e-02 3.017841e-02 9.172386e-02 7.504614e-01 1           
241:         4.900568e-02 3.506244e-01 4.194256e-01 1.008938e-01 8.005057e-02 1           
242:         2.532733e-01 2.170455e-03 6.940426e-01 4.360114e-02 6.912500e-03 1           
243:         2.409205e-02 5.930455e-02 3.923807e-02 5.551028e-01 3.222625e-01 1           
244:         2.075307e-01 9.219545e-02 6.170341e-02 2.108295e-01 4.277409e-01 1           
245:         2.337955e-01 1.490205e-01 3.436420e-02 3.148045e-01 2.680153e-01 1           
246:         1.076244e-01 2.235261e-01 4.091534e-02 5.389142e-01 8.901989e-02 1           
247:         1.002636e-01 3.262574e-01 7.771023e-02 3.642335e-01 1.315352e-01 1           
248:         2.686119e-01 8.182216e-02 5.326648e-02 1.993807e-01 3.969187e-01 1           
249:         2.461875e-02 1.637392e-01 3.115966e-02 5.894250e-01 1.910574e-01 1           
250:         6.762898e-02 2.068869e-01 4.518693e-02 6.360676e-01 4.422955e-02 1           
251:         6.660682e-02 2.690295e-01 4.872216e-02 4.282864e-01 1.873551e-01 1           
252:         8.915057e-02 7.308977e-02 2.157455e-01 1.965455e-01 4.254688e-01 1           
253:         4.454773e-02 4.463068e-02 5.875341e-02 6.987074e-01 1.533608e-01 1           
254:         4.283864e-02 5.076250e-02 5.405966e-02 5.894983e-01 2.628409e-01 1           
255:         8.178011e-02 4.438864e-02 5.285170e-02 7.333023e-01 8.767727e-02 1           
256:         4.708312e-01 1.227466e-01 4.512557e-02 2.405989e-01 1.206977e-01 1           
257:         8.938011e-02 3.041875e-02 4.941261e-01 8.205682e-02 3.040182e-01 1           
258:         7.595528e-01 7.866761e-02 5.526534e-02 4.888977e-02 5.762443e-02 1           
259:         2.243466e-02 2.345966e-02 9.050625e-01 2.012273e-02 2.892045e-02 1           
260:         5.857670e-02 1.005477e-01 5.663239e-02 4.096415e-01 3.746017e-01 1           
261:         6.076364e-02 9.431875e-02 1.267352e-01 4.694011e-01 2.487813e-01 1           
262:         4.478750e-02 8.967443e-02 5.428784e-01 1.444443e-01 1.782153e-01 1           
263:         5.597273e-01 1.351903e-01 9.396023e-02 5.849148e-02 1.526307e-01 1           
264:         5.935795e-03 7.161364e-03 8.711528e-01 1.046830e-01 1.106705e-02 1           
265:         6.184812e-01 4.520625e-02 8.585398e-02 1.149642e-01 1.354943e-01 1           
266:         1.749813e-01 6.993239e-02 1.383466e-01 5.484938e-01 6.824602e-02 1           
267:         5.051420e-02 7.622273e-02 2.843295e-02 7.679801e-01 7.685000e-02 1           
268:         4.773523e-01 5.844091e-02 1.216125e-01 9.268182e-02 2.499125e-01 1           
269:         6.136364e-02 2.869369e-01 7.739148e-02 5.327040e-01 4.160398e-02 1           
270:         2.804091e-02 1.626193e-02 8.951369e-01 3.363636e-02 2.692386e-02 1           
271:         3.354773e-02 4.389318e-02 1.067335e-01 6.961659e-01 1.196597e-01 1           
272:         5.437614e-02 8.481364e-02 1.515994e-01 4.391040e-01 2.701068e-01 1           
273:         4.898580e-02 9.646932e-02 4.154932e-01 3.671239e-01 7.192784e-02 1           
274:         9.926477e-02 5.291023e-02 7.655000e-02 5.744983e-01 1.967767e-01 1           
275:         2.828881e-01 2.968432e-01 8.831818e-02 2.263426e-01 1.056080e-01 1           
276:         4.015284e-02 1.458068e-02 8.102994e-01 6.329830e-02 7.166875e-02 1           
277:         3.304034e-02 3.889943e-02 5.915909e-02 8.162301e-01 5.267102e-02 1           
278:         4.806540e-01 1.913341e-01 4.950909e-02 1.656699e-01 1.128330e-01 1           
279:         9.732386e-02 8.967102e-02 1.973011e-02 7.638460e-01 2.942898e-02 1           
280:         1.188852e-01 1.104722e-01 2.584136e-01 2.883801e-01 2.238489e-01 1           
281:         3.363295e-02 3.742614e-02 4.356210e-01 4.449653e-01 4.835455e-02 1           
282:         8.300000e-02 3.381057e-01 2.055585e-01 2.192955e-01 1.540403e-01 1           
283:         2.996136e-02 1.210341e-02 8.760017e-01 2.366989e-02 5.826364e-02 1           
284:         6.242614e-02 3.136591e-02 6.935057e-02 6.929091e-01 1.439483e-01 1           
285:         8.847273e-02 3.029972e-01 3.957955e-02 4.602767e-01 1.086739e-01 1           
286:         4.519773e-02 1.242830e-01 1.896812e-01 5.797943e-01 6.104375e-02 1           
287:         4.208750e-02 9.667557e-02 1.976545e-01 6.098216e-01 5.376080e-02 1           
288:         1.252682e-01 6.501761e-02 2.089193e-01 4.569665e-01 1.438284e-01 1           
289:         5.208574e-01 5.486023e-02 1.773574e-01 3.237727e-02 2.145477e-01 1           
290:         1.694443e-01 4.197443e-02 2.295170e-01 4.031364e-02 5.187506e-01 1           
291:         7.799136e-01 7.537216e-02 8.327443e-02 2.142670e-02 4.001307e-02 1           
292:         5.796273e-01 4.906136e-02 5.390398e-02 4.458807e-02 2.728193e-01 1           
293:         8.451528e-01 4.110682e-02 4.316932e-02 1.077784e-02 5.979318e-02 1           
294:         7.888176e-01 7.202330e-02 7.257614e-02 2.593750e-02 4.064545e-02 1           
295:         6.448835e-01 2.238080e-01 5.057784e-02 1.111705e-02 6.961364e-02 1           
296:         2.803932e-01 6.344375e-02 5.573534e-01 1.853182e-02 8.027784e-02 1           
297:         6.257699e-01 6.179205e-02 1.829290e-01 2.976307e-02 9.974602e-02 1           
298:         1.026040e-01 5.359170e-01 8.904432e-02 2.250483e-01 4.738636e-02 1           
299:         7.292693e-01 5.246193e-02 6.149489e-02 7.614830e-02 8.062557e-02 1           
300:         3.950449e-01 4.046080e-02 1.867477e-01 1.673926e-01 2.103540e-01 1           
301:         8.015057e-01 7.382443e-02 4.522500e-02 2.788693e-02 5.155795e-02 1           
302:         5.538068e-02 2.925000e-02 8.121420e-01 1.819148e-02 8.503580e-02 1           
303:         3.475568e-02 1.857216e-02 8.866403e-01 1.497386e-02 4.505795e-02 1           
304:         7.515085e-01 3.741364e-02 2.554545e-02 2.156932e-02 1.639631e-01 1           
305:         9.143693e-02 3.782614e-02 1.214960e-01 3.648750e-02 7.127534e-01 1           
306:         5.445284e-02 3.775852e-02 7.995511e-01 4.429773e-02 6.393977e-02 1           
307:         8.263864e-02 2.114091e-02 8.734375e-02 2.847102e-02 7.804057e-01 1           
308:         8.206449e-01 1.742955e-02 4.845000e-02 2.625625e-02 8.721932e-02 1           
309:         6.981835e-01 6.802330e-02 9.443807e-02 6.171307e-02 7.764205e-02 1           
310:         6.033580e-02 2.476591e-02 8.675068e-01 1.551307e-02 3.187841e-02 1           
311:         3.723852e-01 1.049710e-01 2.219994e-01 1.205710e-01 1.800733e-01 1           
312:         1.882642e-01 1.920494e-01 5.730625e-02 4.711585e-01 9.122159e-02 1           
313:         1.507131e-01 1.696142e-01 9.462727e-02 5.070568e-01 7.798864e-02 1           
314:         8.378693e-02 5.279250e-01 1.158347e-01 1.577972e-01 1.146563e-01 1           
315:         2.132972e-01 3.161705e-01 3.839830e-02 3.333847e-01 9.874943e-02 1           
316:         7.219386e-01 9.760170e-02 5.073239e-02 7.493580e-02 5.479148e-02 1           
317:         9.941250e-02 5.794182e-01 3.342159e-02 1.325727e-01 1.551750e-01 1           
318:         5.832131e-01 3.589375e-02 1.625551e-01 2.579261e-02 1.925455e-01 1           
319:         9.957102e-02 1.602159e-02 8.229040e-01 1.833125e-02 4.317216e-02 1           
320:         2.368085e-01 6.976989e-02 4.622688e-01 7.319318e-02 1.579597e-01 1           
321:         7.492614e-01 2.987784e-02 7.337102e-02 2.097614e-02 1.265136e-01 1           
322:         1.359136e-01 2.790227e-02 1.500682e-01 4.014830e-02 6.459676e-01 1           
323:         1.940080e-01 1.603858e-01 1.072119e-01 3.676460e-01 1.707483e-01 1           
324:         3.003398e-01 3.419943e-02 2.043653e-01 4.519034e-02 4.159051e-01 1           
325:         6.730511e-02 1.540568e-02 7.537580e-01 4.835511e-02 1.151761e-01 1           
326:         3.556193e-01 4.115057e-02 7.275341e-02 1.999852e-01 3.304915e-01 1           
327:         4.040670e-01 6.622841e-02 1.063722e-01 3.365739e-02 3.896750e-01 1           
328:         5.617955e-02 1.301875e-02 3.069432e-02 2.145909e-02 8.786483e-01 1           
329:         5.986114e-01 5.467500e-02 7.194205e-02 6.989091e-02 2.048807e-01 1           
330:         5.263750e-02 2.018125e-02 1.349636e-01 3.515682e-02 7.570608e-01 1           
331:         1.326307e-02 3.367466e-01 9.022159e-03 1.105625e-02 6.299119e-01 1           
332:         5.911136e-02 1.189886e-02 8.861131e-01 1.077670e-02 3.210000e-02 1           
333:         6.320795e-02 9.849432e-03 8.726778e-01 1.339148e-02 4.087330e-02 1           
334:         7.085568e-02 1.020511e-02 8.087597e-01 3.365795e-02 7.652159e-02 1           
335:         6.541381e-01 5.454375e-02 6.863068e-02 5.274318e-02 1.699443e-01 1           
336:         4.911250e-02 1.834602e-02 8.261426e-01 2.023807e-02 8.616080e-02 1           
337:         1.874602e-01 1.716193e-02 1.745943e-01 4.207415e-01 2.000420e-01 1           
338:         7.614017e-01 3.334375e-02 9.107443e-02 1.982443e-02 9.435568e-02 1           
339:         3.891489e-01 2.943466e-02 9.722102e-02 2.559205e-02 4.586034e-01 1           
340:         1.842739e-01 1.219545e-02 6.944625e-01 1.586932e-02 9.319886e-02 1           
341:         8.238835e-01 2.154773e-02 3.954261e-02 1.675568e-02 9.827045e-02 1           
342:         5.575767e-01 2.147330e-02 7.178182e-02 2.275170e-02 3.264165e-01 1           
343:         4.860841e-01 8.053409e-03 3.332057e-01 1.096381e-01 6.301875e-02 1           
344:         7.123466e-02 3.300852e-02 3.723750e-02 5.355284e-02 8.049665e-01 1           
345:         7.084375e-02 8.652273e-03 3.518068e-02 1.815966e-02 8.671636e-01 1           
346:         4.836989e-01 1.569375e-02 2.164148e-02 9.953409e-03 4.690125e-01 1           
347:         6.183000e-01 1.975511e-02 3.952045e-02 2.023068e-02 3.021937e-01 1           
348:         1.840761e-01 3.875398e-02 1.597648e-01 1.856250e-02 5.988426e-01 1           
349:         1.408119e-01 9.766875e-02 2.466114e-01 2.040284e-02 4.945051e-01 1           
350:         2.841818e-01 5.228580e-02 7.945852e-02 4.579773e-02 5.382761e-01 1           
351:         1.991227e-01 3.186989e-02 3.755625e-02 1.748239e-02 7.139688e-01 1           
352:         7.033318e-01 4.762159e-02 1.168057e-01 2.571875e-02 1.065222e-01 1           
353:         1.813011e-01 1.958352e-02 7.405659e-01 1.040114e-02 4.814830e-02 1           
354:         3.439557e-01 1.776364e-02 5.293040e-01 2.610852e-02 8.286818e-02 1           
355:         5.101824e-01 2.068636e-02 2.034631e-01 4.250909e-02 2.231591e-01 1           
356:         1.263080e-01 1.026574e-01 2.878170e-01 3.656517e-01 1.175659e-01 1           
357:         1.024182e-01 3.304477e-01 4.292898e-02 4.076614e-01 1.165438e-01 1           
358:         1.159494e-01 4.588114e-01 1.291074e-01 9.118068e-02 2.049511e-01 1           
359:         1.193841e-01 1.450687e-01 6.067102e-02 4.308977e-01 2.439784e-01 1           
360:         6.612290e-01 8.262614e-02 1.069358e-01 4.082727e-02 1.083818e-01 1           
361:         5.362273e-02 2.477250e-01 2.552500e-01 3.996699e-01 4.373239e-02 1           
362:         1.359080e-01 3.890398e-02 2.282983e-01 1.193358e-01 4.775540e-01 1           
363:         6.841443e-01 1.838500e-01 4.309205e-02 4.232784e-02 4.658580e-02 1           
364:         2.111670e-01 1.100256e-01 3.178125e-02 5.031199e-01 1.439063e-01 1           
365:         2.828386e-01 2.056739e-01 1.187716e-01 9.056250e-02 3.021534e-01 1           
366:         2.123818e-01 2.553210e-01 3.920227e-02 3.293847e-01 1.637102e-01 1           
367:         2.960852e-01 2.274256e-01 3.387500e-02 3.759909e-01 6.662330e-02 1           
368:         1.693239e-01 3.846960e-01 6.046307e-02 3.106858e-01 7.483125e-02 1           
369:         2.495102e-01 2.017386e-01 2.553540e-01 1.283614e-01 1.650358e-01 1           
370:         2.678682e-01 9.130000e-02 3.456568e-01 1.177994e-01 1.773756e-01 1           
371:         5.633301e-01 4.696250e-02 4.581307e-02 6.703239e-02 2.768619e-01 1           
372:         5.741557e-01 2.938028e-01 3.645682e-02 5.178352e-02 4.380114e-02 1           
373:         2.611614e-01 1.818756e-01 7.937557e-02 2.839386e-01 1.936489e-01 1           
374:         6.057534e-01 2.207267e-01 8.021136e-02 3.801136e-02 5.529716e-02 1           
375:         7.214489e-02 2.596705e-02 7.086193e-01 3.561477e-02 1.576540e-01 1           
376:         3.717403e-01 2.133165e-01 2.116807e-01 1.448966e-01 5.836591e-02 1           
377:         2.801136e-02 1.589886e-02 8.930506e-01 2.670170e-02 3.633750e-02 1           
378:         5.123352e-02 3.657597e-01 1.274114e-01 4.161687e-01 3.942670e-02 1           
379:         1.172653e-01 3.802449e-01 2.082784e-02 4.538324e-01 2.782955e-02 1           
380:         2.361614e-01 3.176517e-01 1.194227e-01 2.688119e-01 5.795227e-02 1           
381:         7.800000e-02 2.063131e-01 2.662500e-02 6.492256e-01 3.983636e-02 1           
382:         3.709097e-01 4.540625e-01 6.929034e-02 5.875739e-02 4.698011e-02 1           
383:         3.488267e-01 1.540830e-01 1.212136e-01 2.686960e-01 1.071807e-01 1           
384:         3.480045e-01 2.512477e-01 7.700682e-02 2.107438e-01 1.129972e-01 1           
385:         2.717602e-01 2.410239e-01 3.257386e-02 1.008301e-01 3.538119e-01 1           
386:         1.245693e-01 6.492443e-02 2.500739e-02 7.489761e-01 3.652273e-02 1           
387:         2.392313e-01 4.225778e-01 7.530625e-02 2.033489e-01 5.953580e-02 1           
388:         1.487006e-01 7.984261e-02 9.888580e-02 4.521347e-01 2.204364e-01 1           
389:         4.059835e-01 2.853545e-01 2.993239e-02 1.108858e-01 1.678438e-01 1           
390:         1.905898e-01 2.830682e-02 1.430284e-01 4.589091e-02 5.921841e-01 1           
391:         3.165511e-01 3.668250e-01 3.333466e-02 1.932705e-01 9.001875e-02 1           
392:         5.303182e-02 2.401534e-01 6.455909e-02 5.445909e-01 9.766477e-02 1           
393:         1.513801e-01 4.061784e-01 8.336761e-02 2.623057e-01 9.676818e-02 1           
394:         1.785835e-01 6.020483e-01 9.590852e-02 6.534432e-02 5.811534e-02 1           
395:         5.456864e-01 2.413159e-01 1.121403e-01 5.429148e-02 4.656591e-02 1           
396:         3.433881e-01 3.053807e-01 3.541818e-02 1.128716e-01 2.029415e-01 1           
397:         5.293937e-01 3.489239e-01 2.051534e-02 4.987841e-02 5.128864e-02 1           
398:         5.149375e-01 1.146886e-01 6.395568e-02 2.120881e-01 9.433011e-02 1           
399:         2.713636e-02 9.853636e-02 1.240784e-01 7.169023e-01 3.334659e-02 1           
400:         3.318290e-01 1.755972e-01 5.157955e-02 3.810778e-01 5.991648e-02 1           
401:         1.527767e-01 4.423381e-01 9.320227e-02 2.663699e-01 4.531307e-02 1           
402:         4.785534e-01 3.112716e-01 6.883011e-02 9.424886e-02 4.709602e-02 1           
403:         3.184057e-01 2.202176e-01 8.478295e-02 2.685057e-01 1.080881e-01 1           
404:         1.874000e-01 2.337943e-01 5.080341e-02 3.739233e-01 1.540790e-01 1           
405:         4.175375e-01 3.905790e-01 8.372045e-02 7.589432e-02 3.226875e-02 1           
406:         7.641932e-01 9.254318e-02 8.025795e-02 3.337670e-02 2.962898e-02 1           
407:         7.636580e-01 1.335239e-01 2.768580e-02 3.682614e-02 3.830625e-02 1           
408:         1.145580e-01 1.248494e-01 4.093239e-02 5.353693e-01 1.842909e-01 1           
409:         6.589318e-02 2.437670e-02 8.483108e-01 3.387727e-02 2.754205e-02 1           
410:         3.560398e-02 3.192386e-02 8.759017e-01 3.017330e-02 2.639716e-02 1           
411:         5.793182e-02 2.535625e-02 8.385023e-01 4.825625e-02 2.995341e-02 1           
412:         6.936080e-02 2.756580e-01 5.196534e-02 5.365352e-01 6.648068e-02 1           
413:         4.798898e-01 2.604864e-01 4.133182e-02 1.540665e-01 6.422557e-02 1           
414:         6.341648e-02 3.266824e-01 9.516136e-02 4.415335e-01 7.320625e-02 1           
415:         3.303182e-02 6.020625e-02 1.108483e-01 6.419795e-01 1.539341e-01 1           
416:         2.620284e-02 2.185318e-01 3.443977e-02 6.634608e-01 5.736477e-02 1           
417:         2.708818e-01 5.532670e-02 7.036364e-02 5.514557e-01 5.197216e-02 1           
418:         1.534977e-01 1.501881e-01 7.595057e-02 5.568148e-01 6.354886e-02 1           
419:         2.899602e-02 4.279943e-02 1.842273e-02 8.770574e-01 3.272443e-02 1           
420:         2.920165e-01 4.105511e-02 1.043074e-01 6.181023e-02 5.008108e-01 1           
421:         8.351818e-02 2.858676e-01 2.094585e-01 3.821062e-01 3.904943e-02 1           
422:         9.542045e-02 1.992886e-01 2.643182e-01 3.062244e-01 1.347483e-01 1           
423:         1.026676e-01 4.680227e-02 2.017244e-01 9.296080e-02 5.558449e-01 1           
424:         1.895341e-02 1.529750e-01 4.823523e-02 7.664977e-01 1.333864e-02 1           
425:         5.113352e-02 1.559301e-01 6.357500e-02 6.800852e-01 4.927614e-02 1           
426:         2.842784e-02 5.872102e-02 4.964091e-02 4.236420e-01 4.395682e-01 1           
427:         1.506693e-01 3.874369e-01 1.862903e-01 1.886193e-01 8.698409e-02 1           
428:         3.694449e-01 2.678892e-01 9.864489e-02 1.782313e-01 8.578977e-02 1           
429:         3.011852e-01 2.201812e-01 1.120460e-01 1.618989e-01 2.046886e-01 1           
430:         8.308807e-02 3.460648e-01 9.100170e-02 2.732551e-01 2.065903e-01 1           
431:         8.130625e-02 6.449489e-01 7.268523e-02 9.729091e-02 1.037688e-01 1           
432:         1.103040e-01 3.663795e-01 1.303250e-01 2.858977e-01 1.070938e-01 1           
433:         9.198636e-02 9.003864e-02 1.789869e-01 4.000074e-01 2.389807e-01 1           
434:         1.148597e-01 4.687812e-01 7.092670e-02 1.731182e-01 1.723142e-01 1           
