Estimated Clustering Probabilities for Samples
Sample	***Cluster  01***	***Cluster  02***	***Cluster  03***	***Cluster  04***	***Cluster  05***	
000001:	0.117078409090909	0.038810227272727	0.188473863636364	0.432963636363636	0.222673863636364		1
000002:	0.076305113636364	0.026137500000000	0.451839772727273	0.403835227272727	0.041882386363636		1
000003:	0.052204545454545	0.030684659090909	0.715998863636364	0.171505113636364	0.029606818181818		1
000004:	0.735620454545455	0.014009659090909	0.169284090909091	0.060546022727273	0.020539772727273		1
000005:	0.059926136363636	0.013746022727273	0.764332954545455	0.075242613636364	0.086752272727273		1
000006:	0.654100000000000	0.081068181818182	0.111893181818182	0.080864204545455	0.072074431818182		1
000007:	0.047400568181818	0.027516477272727	0.514040909090909	0.390330113636364	0.020711931818182		1
000008:	0.080471022727273	0.037756818181818	0.660454545454545	0.195398295454545	0.025919318181818		1
000009:	0.204309090909091	0.032186931818182	0.649368750000000	0.067097727272727	0.047037500000000		1
000010:	0.066966477272727	0.028027272727273	0.668957386363636	0.167122159090909	0.068926704545455		1
000011:	0.183082954545455	0.046007954545455	0.279797727272727	0.434461363636364	0.056650000000000		1
000012:	0.127069886363636	0.107585795454545	0.468150000000000	0.029210227272727	0.267984090909091		1
000013:	0.228346022727273	0.340547159090909	0.137885227272727	0.048548295454545	0.244673295454545		1
000014:	0.890402272727273	0.017880113636364	0.047034090909091	0.022563068181818	0.022120454545455		1
000015:	0.128112500000000	0.016438068181818	0.769513636363636	0.035707386363636	0.050228409090909		1
000016:	0.869025000000000	0.014506818181818	0.068439772727273	0.031235795454545	0.016792613636364		1
000017:	0.094192613636364	0.022402272727273	0.643447727272727	0.054830681818182	0.185126704545455		1
000018:	0.063072727272727	0.402871590909091	0.137912500000000	0.021711363636364	0.374431818181818		1
000019:	0.184555681818182	0.002584090909091	0.000527840909091	0.811298863636364	0.001033522727273		1
000020:	0.371068750000000	0.013558522727273	0.390551704545455	0.053509090909091	0.171311931818182		1
000021:	0.014133522727273	0.017293750000000	0.062792045454545	0.254621590909091	0.651159090909091		1
000022:	0.092775568181818	0.028787500000000	0.580335795454545	0.035748863636364	0.262352272727273		1
000023:	0.092574431818182	0.089051136363636	0.316348863636364	0.300634090909091	0.201391477272727		1
000024:	0.884898863636364	0.038115909090909	0.026309659090909	0.022323863636364	0.028351704545455		1
000025:	0.197123863636364	0.350359090909091	0.217479545454545	0.069729545454545	0.165307954545455		1
000026:	0.027468181818182	0.048582954545455	0.376184090909091	0.052652272727273	0.495112500000000		1
000027:	0.055330113636364	0.096934090909091	0.092426704545455	0.032880681818182	0.722428409090909		1
000028:	0.065482386363636	0.015039204545455	0.322870454545455	0.458111363636364	0.138496590909091		1
000029:	0.145340909090909	0.029784659090909	0.454931818181818	0.076848295454545	0.293094318181818		1
000030:	0.960729545454545	0.000173295454545	0.000573295454545	0.037905113636364	0.000618750000000		1
000031:	0.050235795454545	0.190444886363636	0.098239772727273	0.031392045454545	0.629687500000000		1
000032:	0.078429545454545	0.031122727272727	0.078946590909091	0.074497727272727	0.737003409090909		1
000033:	0.053860227272727	0.028552272727273	0.448695454545455	0.161888068181818	0.307003977272727		1
000034:	0.905408522727273	0.012648863636364	0.037893181818182	0.024588068181818	0.019461363636364		1
000035:	0.039107954545455	0.155587500000000	0.114800568181818	0.295919318181818	0.394584659090909		1
000036:	0.152081818181818	0.017541477272727	0.495276136363636	0.142923295454545	0.192177272727273		1
000037:	0.101380113636364	0.038423863636364	0.337759659090909	0.031214204545455	0.491222159090909		1
000038:	0.146653409090909	0.094200568181818	0.168726704545455	0.531807386363636	0.058611931818182		1
000039:	0.118894318181818	0.084210795454545	0.375988068181818	0.058426136363636	0.362480681818182		1
000040:	0.820295454545454	0.023256818181818	0.090832954545455	0.040323863636364	0.025290909090909		1
000041:	0.150741477272727	0.026959090909091	0.241742045454545	0.060567613636364	0.519989772727273		1
000042:	0.121135795454545	0.341987500000000	0.138430681818182	0.050476704545455	0.347969318181818		1
000043:	0.117887500000000	0.015098295454545	0.673294886363636	0.091232954545455	0.102486363636364		1
000044:	0.070090909090909	0.031949431818182	0.559718750000000	0.048749431818182	0.289491477272727		1
000045:	0.082598863636364	0.023540340909091	0.076682954545455	0.017856818181818	0.799321022727273		1
000046:	0.084888636363636	0.219480113636364	0.104526704545455	0.171640340909091	0.419464204545455		1
000047:	0.188825000000000	0.128151136363636	0.145355113636364	0.199890340909091	0.337778409090909		1
000048:	0.054642613636364	0.020839772727273	0.778496022727273	0.115941477272727	0.030080113636364		1
000049:	0.044325568181818	0.044354545454545	0.798111363636364	0.054577272727273	0.058631250000000		1
000050:	0.379338068181818	0.114282954545455	0.138473863636364	0.081996022727273	0.285909090909091		1
000051:	0.914466477272727	0.012852272727273	0.031948295454545	0.027693181818182	0.013039772727273		1
000052:	0.884433522727273	0.014474431818182	0.055737500000000	0.026753977272727	0.018600568181818		1
000053:	0.212152272727273	0.129775000000000	0.293653977272727	0.049983522727273	0.314435227272727		1
000054:	0.069357386363636	0.456941477272727	0.161117045454545	0.093907386363636	0.218676704545455		1
000055:	0.578560227272727	0.011134090909091	0.339417613636364	0.013613068181818	0.057275000000000		1
000056:	0.081174431818182	0.029994318181818	0.736420454545455	0.034333522727273	0.118077272727273		1
000057:	0.135539204545455	0.026466477272727	0.465019886363636	0.055557954545455	0.317416477272727		1
000058:	0.017306818181818	0.062189204545455	0.825646590909091	0.026685795454545	0.068171590909091		1
000059:	0.023919318181818	0.049006818181818	0.482796022727273	0.035352840909091	0.408925000000000		1
000060:	0.062193750000000	0.018693750000000	0.820509090909091	0.028745454545455	0.069857954545455		1
000061:	0.059688636363636	0.016206250000000	0.816530681818182	0.030375000000000	0.077199431818182		1
000062:	0.867771590909091	0.012618181818182	0.075071022727273	0.029440909090909	0.015098295454545		1
000063:	0.886188068181818	0.013119886363636	0.063884090909091	0.021635227272727	0.015172727272727		1
000064:	0.895197727272727	0.009068750000000	0.035269886363636	0.051234659090909	0.009228977272727		1
000065:	0.041811363636364	0.018336363636364	0.859997159090909	0.042379545454545	0.037475568181818		1
000066:	0.091842613636364	0.022711363636364	0.474651704545455	0.041725568181818	0.369068750000000		1
000067:	0.872450568181818	0.011142045454545	0.069998863636364	0.031978409090909	0.014430113636364		1
000068:	0.022071022727273	0.046868181818182	0.626452272727273	0.025724431818182	0.278884090909091		1
000069:	0.073316477272727	0.019917613636364	0.469647727272727	0.037184659090909	0.399933522727273		1
000070:	0.385981250000000	0.086539204545455	0.301099431818182	0.078960795454545	0.147419318181818		1
000071:	0.029359659090909	0.021897159090909	0.516585795454545	0.050617613636364	0.381539772727273		1
000072:	0.060759659090909	0.010968181818182	0.861446590909091	0.032376136363636	0.034449431818182		1
000073:	0.042955113636364	0.018623295454545	0.833338068181818	0.028844886363636	0.076238636363636		1
000074:	0.224675568181818	0.183796590909091	0.103093750000000	0.033811363636364	0.454622727272727		1
000075:	0.095660795454545	0.100900000000000	0.510612500000000	0.063161363636364	0.229665340909091		1
000076:	0.025800000000000	0.091972727272727	0.232409659090909	0.542057386363636	0.107760227272727		1
000077:	0.088695454545455	0.102484090909091	0.239916477272727	0.361727272727273	0.207176704545455		1
000078:	0.093664204545455	0.010552840909091	0.732990340909091	0.091105681818182	0.071686931818182		1
000079:	0.062936363636364	0.068642613636364	0.501700000000000	0.087147727272727	0.279573295454545		1
000080:	0.024470454545455	0.165418181818182	0.447037500000000	0.078862500000000	0.284211363636364		1
000081:	0.027144886363636	0.007374431818182	0.907332386363636	0.020005113636364	0.038143181818182		1
000082:	0.052528977272727	0.008621022727273	0.867730113636364	0.034030681818182	0.037089204545455		1
000083:	0.018518750000000	0.023819318181818	0.828572727272727	0.036118750000000	0.092970454545455		1
000084:	0.923808522727273	0.016015340909091	0.017551136363636	0.030600568181818	0.012024431818182		1
000085:	0.128878977272727	0.034969886363636	0.295872159090909	0.154478977272727	0.385800000000000		1
000086:	0.000940909090909	0.000413068181818	0.867301704545455	0.130914204545455	0.000430113636364		1
000087:	0.023751136363636	0.013903977272727	0.724057954545455	0.031811931818182	0.206475000000000		1
000088:	0.030088636363636	0.027422159090909	0.138981818181818	0.048642045454545	0.754865340909091		1
000089:	0.064189772727273	0.032488068181818	0.113574431818182	0.077106250000000	0.712641477272727		1
000090:	0.126052840909091	0.189873863636364	0.156549431818182	0.042596590909091	0.484927272727273		1
000091:	0.034744886363636	0.320181818181818	0.098398295454545	0.237756818181818	0.308918181818182		1
000092:	0.041435795454545	0.039631818181818	0.667364204545455	0.041996022727273	0.209572159090909		1
000093:	0.096339772727273	0.117471022727273	0.391310795454545	0.074071022727273	0.320807386363636		1
000094:	0.031203409090909	0.044717613636364	0.678722159090909	0.045425000000000	0.199931818181818		1
000095:	0.072074431818182	0.011961931818182	0.832961931818182	0.044176704545455	0.038825000000000		1
000096:	0.896953409090909	0.011665909090909	0.052127840909091	0.025539772727273	0.013713068181818		1
000097:	0.023482954545455	0.031061931818182	0.390735227272727	0.035372727272727	0.519347159090909		1
000098:	0.011196590909091	0.014020454545455	0.824423295454545	0.022676136363636	0.127683522727273		1
000099:	0.350034090909091	0.035972159090909	0.418060795454545	0.054585227272727	0.141347727272727		1
000100:	0.689853409090909	0.016819886363636	0.240289772727273	0.023669318181818	0.029367613636364		1
000101:	0.066803409090909	0.014656250000000	0.112339204545455	0.034108522727273	0.772092613636364		1
000102:	0.260227840909091	0.045669886363636	0.325645454545455	0.076661931818182	0.291794886363636		1
000103:	0.036519318181818	0.139685795454545	0.650818181818182	0.108399431818182	0.064577272727273		1
000104:	0.748307954545455	0.016878409090909	0.190604545454545	0.021124431818182	0.023084659090909		1
000105:	0.177429545454545	0.051744318181818	0.153459090909091	0.036325568181818	0.581041477272727		1
000106:	0.039893181818182	0.044687500000000	0.283694318181818	0.067755113636364	0.563969886363636		1
000107:	0.354803409090909	0.030031818181818	0.417148863636364	0.045405681818182	0.152610227272727		1
000108:	0.779308522727273	0.039400568181818	0.092114204545455	0.034763636363636	0.054413068181818		1
000109:	0.052872159090909	0.056523863636364	0.584932954545455	0.063189204545455	0.242481818181818		1
000110:	0.098297727272727	0.728235227272727	0.046660795454545	0.076221590909091	0.050584659090909		1
000111:	0.445535795454545	0.028921022727273	0.289151704545455	0.135181250000000	0.101210227272727		1
000112:	0.135763068181818	0.055112500000000	0.070859090909091	0.046322727272727	0.691942613636364		1
000113:	0.100228977272727	0.015038068181818	0.727368750000000	0.062130113636364	0.095234090909091		1
000114:	0.042219886363636	0.091127840909091	0.280039204545455	0.345525568181818	0.241087500000000		1
000115:	0.048905681818182	0.059280113636364	0.664260795454545	0.066382386363636	0.161171022727273		1
000116:	0.425816477272727	0.030053977272727	0.461705113636364	0.035978409090909	0.046446022727273		1
000117:	0.070890340909091	0.038663068181818	0.263826136363636	0.118859090909091	0.507761363636364		1
000118:	0.219136363636364	0.024127840909091	0.574192045454545	0.119873863636364	0.062669886363636		1
000119:	0.130936363636364	0.038135227272727	0.307471022727273	0.031827840909091	0.491629545454545		1
000120:	0.163374431818182	0.019705681818182	0.702215909090909	0.046214772727273	0.068489204545455		1
000121:	0.080971590909091	0.161281818181818	0.447269318181818	0.098153409090909	0.212323863636364		1
000122:	0.035126136363636	0.015621022727273	0.634038068181818	0.021409090909091	0.293805681818182		1
000123:	0.018649431818182	0.032410227272727	0.897318181818182	0.028368750000000	0.023253409090909		1
000124:	0.024086363636364	0.098232954545455	0.298957386363636	0.260892045454545	0.317831250000000		1
000125:	0.100559659090909	0.024741477272727	0.188589772727273	0.648676704545455	0.037432386363636		1
000126:	0.032176136363636	0.018177840909091	0.038949431818182	0.883484090909091	0.027212500000000		1
000127:	0.171551136363636	0.050744886363636	0.557393181818182	0.093942613636364	0.126368181818182		1
000128:	0.065730113636364	0.026709659090909	0.750164204545455	0.098819318181818	0.058576704545455		1
000129:	0.020020454545455	0.096850568181818	0.158324431818182	0.033236363636364	0.691568181818182		1
000130:	0.046796590909091	0.032596022727273	0.832694886363636	0.061326136363636	0.026586363636364		1
000131:	0.065343181818182	0.022300568181818	0.560447159090909	0.054793181818182	0.297115909090909		1
000132:	0.820883522727273	0.017093750000000	0.091863068181818	0.022886363636364	0.047273295454545		1
000133:	0.051131818181818	0.213006818181818	0.141711931818182	0.394100568181818	0.200048863636364		1
000134:	0.096348295454545	0.210932386363636	0.407790340909091	0.120154545454545	0.164774431818182		1
000135:	0.016213068181818	0.180536363636364	0.216432954545455	0.039629545454545	0.547188068181818		1
000136:	0.056041477272727	0.042753409090909	0.749156250000000	0.062363068181818	0.089685795454545		1
000137:	0.061794886363636	0.179864772727273	0.195230681818182	0.061446590909091	0.501663068181818		1
000138:	0.043397727272727	0.077988068181818	0.514334090909091	0.239318750000000	0.124961363636364		1
000139:	0.065032386363636	0.055468181818182	0.562640340909091	0.115195454545455	0.201663636363636		1
000140:	0.038578409090909	0.739547159090909	0.090525000000000	0.023178977272727	0.108170454545455		1
000141:	0.578778977272727	0.032414772727273	0.109535795454545	0.227202272727273	0.052068181818182		1
000142:	0.071271590909091	0.047420454545455	0.506769886363636	0.024399431818182	0.350138636363636		1
000143:	0.037189204545455	0.031730681818182	0.809136931818182	0.035777272727273	0.086165909090909		1
000144:	0.231149431818182	0.024966477272727	0.389174431818182	0.085614204545455	0.269095454545455		1
000145:	0.842642045454545	0.032002840909091	0.060425568181818	0.038993750000000	0.025935795454545		1
000146:	0.162814772727273	0.161194318181818	0.421415340909091	0.040048295454545	0.214527272727273		1
000147:	0.056122727272727	0.022127272727273	0.765428977272727	0.064175568181818	0.092145454545455		1
000148:	0.025364772727273	0.031107954545455	0.888150568181818	0.028181818181818	0.027194886363636		1
000149:	0.113664772727273	0.047339204545455	0.303110227272727	0.132172159090909	0.403713636363636		1
000150:	0.070778409090909	0.121530113636364	0.199944318181818	0.047840909090909	0.559906250000000		1
000151:	0.213669318181818	0.025921590909091	0.479101704545455	0.179865340909091	0.101442045454545		1
000152:	0.074138068181818	0.054538636363636	0.664110795454545	0.125726704545455	0.081485795454545		1
000153:	0.075431818181818	0.023313636363636	0.343347727272727	0.034672727272727	0.523234090909091		1
000154:	0.441075568181818	0.018063068181818	0.494047159090909	0.029497727272727	0.017316477272727		1
000155:	0.321600568181818	0.042207386363636	0.509403977272727	0.028955113636364	0.097832954545455		1
000156:	0.384208522727273	0.017989772727273	0.255132386363636	0.056196022727273	0.286473295454545		1
000157:	0.896682386363636	0.013624431818182	0.035071590909091	0.029714204545455	0.024907386363636		1
000158:	0.162876136363636	0.049710227272727	0.095194318181818	0.430173863636364	0.262045454545455		1
000159:	0.588837500000000	0.098398863636364	0.030862500000000	0.117572159090909	0.164328977272727		1
000160:	0.034017045454545	0.012320454545455	0.023397727272727	0.912917045454545	0.017347727272727		1
000161:	0.118891477272727	0.052688636363636	0.107266477272727	0.638208522727273	0.082944886363636		1
000162:	0.024635227272727	0.236960795454545	0.068343181818182	0.304063636363636	0.365997159090909		1
000163:	0.041342613636364	0.012765909090909	0.842940340909091	0.038983522727273	0.063967613636364		1
000164:	0.833327272727273	0.010272727272727	0.113050568181818	0.027504545454545	0.015844886363636		1
000165:	0.086903977272727	0.020926704545455	0.818414772727273	0.047235795454545	0.026518750000000		1
000166:	0.053051136363636	0.012129545454545	0.878372159090909	0.029892613636364	0.026554545454545		1
000167:	0.081413636363636	0.029423295454545	0.698488068181818	0.116170454545455	0.074504545454545		1
000168:	0.322689772727273	0.046067045454545	0.412159090909091	0.061801704545455	0.157282386363636		1
000169:	0.025662500000000	0.028439204545455	0.795553977272727	0.032126136363636	0.118218181818182		1
000170:	0.019376136363636	0.017787500000000	0.915673863636364	0.030404545454545	0.016757954545455		1
000171:	0.743938636363636	0.021859659090909	0.160739204545455	0.041797159090909	0.031665340909091		1
000172:	0.064845454545455	0.059055681818182	0.681535795454545	0.111925000000000	0.082638068181818		1
000173:	0.047240909090909	0.014906250000000	0.818006250000000	0.036973295454545	0.082873295454545		1
000174:	0.021796022727273	0.086869886363636	0.585105113636364	0.021212500000000	0.285016477272727		1
000175:	0.902864204545455	0.025657954545455	0.040616477272727	0.014903409090909	0.015957954545455		1
000176:	0.088432386363636	0.023628409090909	0.314557954545455	0.262918181818182	0.310463068181818		1
000177:	0.093385795454545	0.033272727272727	0.596565909090909	0.031194886363636	0.245580681818182		1
000178:	0.164103977272727	0.048272727272727	0.587074431818182	0.029638068181818	0.170910795454545		1
000179:	0.877210227272727	0.012042045454545	0.053038636363636	0.023701136363636	0.034007954545455		1
000180:	0.926580113636364	0.013561931818182	0.026462500000000	0.017695454545455	0.015700000000000		1
000181:	0.892062500000000	0.011843750000000	0.038938068181818	0.043463068181818	0.013692613636364		1
000182:	0.214530113636364	0.147666477272727	0.272075000000000	0.091442613636364	0.274285795454545		1
000183:	0.851119886363636	0.012181250000000	0.084639772727273	0.031703977272727	0.020355113636364		1
000184:	0.195870454545455	0.118060795454545	0.468068750000000	0.076572159090909	0.141427840909091		1
000185:	0.085849431818182	0.301323295454545	0.188457386363636	0.152573863636364	0.271796022727273		1
000186:	0.821600568181818	0.032157386363636	0.057684090909091	0.052940909090909	0.035617045454545		1
000187:	0.916038068181818	0.011785795454545	0.032755113636364	0.022040340909091	0.017380681818182		1
000188:	0.392419318181818	0.038046590909091	0.230348863636364	0.303815340909091	0.035369886363636		1
000189:	0.028689204545455	0.011100000000000	0.910716477272727	0.018536363636364	0.030957954545455		1
000190:	0.027161931818182	0.022300568181818	0.825920454545455	0.059475000000000	0.065142045454545		1
000191:	0.036926136363636	0.010119886363636	0.797143181818182	0.029909659090909	0.125901136363636		1
000192:	0.068942613636364	0.023550000000000	0.090021590909091	0.142721590909091	0.674764204545454		1
000193:	0.196251136363636	0.038589772727273	0.321656250000000	0.056807386363636	0.386695454545455		1
000194:	0.075196590909091	0.152204545454545	0.645244886363636	0.053014204545455	0.074339772727273		1
000195:	0.048389204545455	0.015564772727273	0.405663068181818	0.033168750000000	0.497214204545455		1
000196:	0.229353977272727	0.023268750000000	0.141521022727273	0.556287500000000	0.049568750000000		1
000197:	0.105701704545455	0.018797727272727	0.628575000000000	0.086180113636364	0.160745454545455		1
000198:	0.132327840909091	0.088960795454545	0.141119318181818	0.135353977272727	0.502238068181818		1
000199:	0.159426704545455	0.024100000000000	0.573809090909091	0.202086931818182	0.040577272727273		1
000200:	0.069422159090909	0.031415909090909	0.434723863636364	0.385563068181818	0.078875000000000		1
000201:	0.897044886363636	0.013914204545455	0.050528409090909	0.022577840909091	0.015934659090909		1
000202:	0.195119318181818	0.088180113636364	0.411732386363636	0.072616477272727	0.232351704545455		1
000203:	0.090153409090909	0.032476136363636	0.811075568181818	0.039131818181818	0.027163068181818		1
000204:	0.347744318181818	0.033050568181818	0.475452840909091	0.120946022727273	0.022806250000000		1
000205:	0.401860795454545	0.052528409090909	0.426304545454545	0.062273295454545	0.057032954545455		1
000206:	0.114611363636364	0.226553409090909	0.513357386363636	0.105066477272727	0.040411363636364		1
000207:	0.028426704545455	0.028398863636364	0.176633522727273	0.223225000000000	0.543315909090909		1
000208:	0.234020454545455	0.016907386363636	0.574788068181818	0.104255681818182	0.070028409090909		1
000209:	0.723248863636364	0.020843750000000	0.135818181818182	0.052132386363636	0.067956818181818		1
000210:	0.307085795454545	0.034597159090909	0.432411363636364	0.026580113636364	0.199325568181818		1
000211:	0.102608522727273	0.020505113636364	0.782607386363636	0.041512500000000	0.052766477272727		1
000212:	0.332218181818182	0.024112500000000	0.159276136363636	0.432529545454545	0.051863636363636		1
000213:	0.440126704545455	0.017270454545455	0.376515340909091	0.132079545454545	0.034007954545455		1
000214:	0.073877272727273	0.030603977272727	0.394787500000000	0.416285227272727	0.084446022727273		1
000215:	0.088960795454545	0.096237500000000	0.406055113636364	0.148472727272727	0.260273863636364		1
000216:	0.676210227272727	0.019437500000000	0.131179545454545	0.105935795454545	0.067236931818182		1
000217:	0.210944886363636	0.074047727272727	0.265082954545455	0.395821022727273	0.054103409090909		1
000218:	0.273740340909091	0.014994886363636	0.553247727272727	0.101625568181818	0.056391477272727		1
000219:	0.002900568181818	0.000398863636364	0.552501704545455	0.443517045454545	0.000681818181818		1
000220:	0.584348295454545	0.011101136363636	0.305438068181818	0.074207386363636	0.024905113636364		1
000221:	0.187078409090909	0.014827840909091	0.708078409090909	0.062679545454545	0.027335795454545		1
000222:	0.845440340909091	0.012185795454545	0.087793181818182	0.039382386363636	0.015198295454545		1
000223:	0.333212500000000	0.133371590909091	0.246550568181818	0.091180681818182	0.195684659090909		1
000224:	0.058193181818182	0.081558522727273	0.215887500000000	0.028497727272727	0.615863068181818		1
000225:	0.027125000000000	0.056467045454545	0.311485795454545	0.023987500000000	0.580934659090909		1
000226:	0.117851704545455	0.029032954545455	0.365178977272727	0.183333522727273	0.304602840909091		1
000227:	0.046249431818182	0.040951704545455	0.121807386363636	0.079867045454545	0.711124431818182		1
000228:	0.024710227272727	0.794846590909091	0.024486363636364	0.109559090909091	0.046397727272727		1
000229:	0.025831250000000	0.062113068181818	0.794707954545455	0.043628409090909	0.073719318181818		1
000230:	0.048346022727273	0.029609090909091	0.049467045454545	0.843109659090909	0.029468181818182		1
000231:	0.035160795454545	0.044048295454545	0.167786363636364	0.112338636363636	0.640665909090909		1
000232:	0.269131818181818	0.085516477272727	0.277536363636364	0.306486931818182	0.061328409090909		1
000233:	0.026290909090909	0.044457386363636	0.294345454545455	0.090260795454545	0.544645454545455		1
000234:	0.026418750000000	0.248306818181818	0.247867045454545	0.085570454545455	0.391836931818182		1
000235:	0.043810227272727	0.503511931818182	0.077653977272727	0.093484090909091	0.281539772727273		1
000236:	0.431476704545455	0.112359659090909	0.090794318181818	0.242716477272727	0.122652840909091		1
000237:	0.029676704545455	0.320675568181818	0.331875568181818	0.050659090909091	0.267113068181818		1
000238:	0.675032386363636	0.018722727272727	0.245983522727273	0.025006818181818	0.035254545454545		1
000239:	0.061286931818182	0.055968181818182	0.579028977272727	0.132506250000000	0.171209659090909		1
000240:	0.027110795454545	0.028805681818182	0.058100000000000	0.823298295454545	0.062685227272727		1
000241:	0.275097727272727	0.028401704545455	0.105798863636364	0.098842045454545	0.491859659090909		1
000242:	0.027534659090909	0.041398295454545	0.072349431818182	0.038339772727273	0.820377840909091		1
000243:	0.040085795454545	0.293535795454545	0.041728409090909	0.525816477272727	0.098833522727273		1
000244:	0.059570454545455	0.042622727272727	0.419024431818182	0.366864772727273	0.111917613636364		1
000245:	0.024051136363636	0.024642613636364	0.632009090909091	0.206928977272727	0.112368181818182		1
000246:	0.045392613636364	0.165138636363636	0.213102840909091	0.100142613636364	0.476223295454545		1
000247:	0.044768750000000	0.137591477272727	0.328559090909091	0.207964204545455	0.281116477272727		1
000248:	0.042986363636364	0.034273863636364	0.709950568181818	0.176875000000000	0.035914204545455		1
000249:	0.023042613636364	0.381512500000000	0.083192613636364	0.276631818181818	0.235620454545455		1
000250:	0.030727840909091	0.110476136363636	0.276021590909091	0.029089772727273	0.553684659090909		1
000251:	0.048067613636364	0.105180681818182	0.227951136363636	0.135407386363636	0.483393181818182		1
000252:	0.181039772727273	0.077025568181818	0.122342613636364	0.559882386363636	0.059709659090909		1
000253:	0.054309659090909	0.646753409090909	0.085657954545455	0.170747159090909	0.042531818181818		1
000254:	0.088905681818182	0.343973863636364	0.162515909090909	0.327297159090909	0.077307386363636		1
000255:	0.039397727272727	0.305868181818182	0.464419318181818	0.092621022727273	0.097693750000000		1
000256:	0.024277840909091	0.018572159090909	0.835067613636364	0.061665909090909	0.060416477272727		1
000257:	0.674825000000000	0.057906250000000	0.107861363636364	0.142184090909091	0.017223295454545		1
000258:	0.033243181818182	0.014440909090909	0.828767045454545	0.055408522727273	0.068140340909091		1
000259:	0.907857954545455	0.016560227272727	0.026850568181818	0.019993181818182	0.028738068181818		1
000260:	0.911004545454545	0.000169886363636	0.000334090909091	0.001138636363636	0.087352840909091		1
000261:	0.143803409090909	0.305810227272727	0.087051136363636	0.330143181818182	0.133192045454545		1
000262:	0.475092045454545	0.108190340909091	0.045772727272727	0.301639772727273	0.069305113636364		1
000263:	0.002541477272727	0.571080113636364	0.418917613636364	0.004003977272727	0.003456818181818		1
000264:	0.729130681818182	0.019406250000000	0.174488636363636	0.047154545454545	0.029819886363636		1
000265:	0.068978409090909	0.051022159090909	0.791860795454545	0.067589772727273	0.020548863636364		1
000266:	0.047875000000000	0.129671022727273	0.644268750000000	0.033148295454545	0.145036931818182		1
000267:	0.023357954545455	0.409549431818182	0.282134090909091	0.132877272727273	0.152081250000000		1
000268:	0.126714204545455	0.052259659090909	0.569050568181818	0.199156818181818	0.052818750000000		1
000269:	0.055617613636364	0.365064204545455	0.138503977272727	0.030869318181818	0.409944886363636		1
000270:	0.896375000000000	0.015753977272727	0.048964204545455	0.023054545454545	0.015852272727273		1
000271:	0.110342613636364	0.698553977272727	0.050540340909091	0.091120454545455	0.049442613636364		1
000272:	0.194675568181818	0.273905681818182	0.088230113636364	0.296498863636364	0.146689772727273		1
000273:	0.342387500000000	0.297405113636364	0.138046022727273	0.055600000000000	0.166561363636364		1
000274:	0.066926136363636	0.365922727272727	0.246851704545455	0.201611931818182	0.118687500000000		1
000275:	0.053006250000000	0.037702272727273	0.606391477272727	0.035200568181818	0.267699431818182		1
000276:	0.900782386363636	0.020321590909091	0.031507386363636	0.025722159090909	0.021666477272727		1
000277:	0.101136363636364	0.613108522727273	0.123093181818182	0.028902840909091	0.133759090909091		1
000278:	0.033850568181818	0.028807954545455	0.635104545454545	0.073396022727273	0.228840909090909		1
000279:	0.011057386363636	0.641138636363636	0.133689772727273	0.026730681818182	0.187383522727273		1
000280:	0.220759659090909	0.047207954545455	0.226090340909091	0.318097159090909	0.187844886363636		1
000281:	0.512550000000000	0.342287500000000	0.047445454545455	0.033775568181818	0.063941477272727		1
000282:	0.162511363636364	0.066498863636364	0.106368750000000	0.118621022727273	0.546000000000000		1
000283:	0.901020454545455	0.011246590909091	0.029467045454545	0.042260227272727	0.016005681818182		1
000284:	0.090550568181818	0.473700568181818	0.152447727272727	0.181836363636364	0.101464772727273		1
000285:	0.023487500000000	0.206550568181818	0.151808522727273	0.078409659090909	0.539743750000000		1
000286:	0.231806250000000	0.206813636363636	0.150319318181818	0.046635227272727	0.364425568181818		1
000287:	0.216886363636364	0.225686931818182	0.145844886363636	0.032492613636364	0.379089204545455		1
000288:	0.210096022727273	0.134974431818182	0.391015909090909	0.116859090909091	0.147054545454545		1
000289:	0.179817045454545	0.029863636363636	0.563323863636364	0.180656250000000	0.046339204545455		1
000290:	0.178752272727273	0.026863636363636	0.053933522727273	0.711455681818182	0.028994886363636		1
000291:	0.094822727272727	0.032953977272727	0.748947727272727	0.039670454545455	0.083605113636364		1
000292:	0.052387500000000	0.063028409090909	0.385853409090909	0.451415340909091	0.047315340909091		1
000293:	0.047709659090909	0.014773863636364	0.842553977272727	0.063351136363636	0.031611363636364		1
000294:	0.143396022727273	0.026770454545455	0.655465909090909	0.058538068181818	0.115829545454545		1
000295:	0.038615340909091	0.014700000000000	0.571052272727273	0.057917045454545	0.317715340909091		1
000296:	0.567813068181818	0.025333522727273	0.252763068181818	0.080390909090909	0.073699431818182		1
000297:	0.217040909090909	0.018803409090909	0.589175000000000	0.080281818181818	0.094698863636364		1
000298:	0.063400568181818	0.190730681818182	0.071408522727273	0.018257386363636	0.656202840909091		1
000299:	0.068473295454545	0.029963636363636	0.794613636363636	0.041099431818182	0.065850000000000		1
000300:	0.243006250000000	0.178750000000000	0.460239204545455	0.064078409090909	0.053926136363636		1
000301:	0.031383522727273	0.015852840909091	0.879323295454545	0.021432386363636	0.052007954545455		1
000302:	0.921380113636364	0.008924431818182	0.020938068181818	0.032956250000000	0.015801136363636		1
000303:	0.934237500000000	0.013361931818182	0.014509659090909	0.020938636363636	0.016952272727273		1
000304:	0.026001136363636	0.017987500000000	0.723140909090909	0.192475568181818	0.040394886363636		1
000305:	0.138273863636364	0.021801704545455	0.040189772727273	0.748236363636364	0.051498295454545		1
000306:	0.806646590909091	0.041492613636364	0.039189204545455	0.067744318181818	0.044927272727273		1
000307:	0.068288068181818	0.016761931818182	0.055060795454545	0.845393181818182	0.014496022727273		1
000308:	0.060311931818182	0.012972727272727	0.851460227272727	0.056963636363636	0.018291477272727		1
000309:	0.077311931818182	0.127655113636364	0.699313068181818	0.047067045454545	0.048652840909091		1
000310:	0.903976136363636	0.010677840909091	0.039892045454545	0.020350568181818	0.025103409090909		1
000311:	0.210732386363636	0.043443750000000	0.318059090909091	0.303664204545455	0.124100568181818		1
000312:	0.042109090909091	0.319826136363636	0.359526136363636	0.090666477272727	0.187872159090909		1
000313:	0.066195454545455	0.534091477272727	0.154509090909091	0.105297159090909	0.139906818181818		1
000314:	0.092031250000000	0.087968181818182	0.063150000000000	0.105500568181818	0.651350000000000		1
000315:	0.033508522727273	0.297745454545455	0.283703977272727	0.111213636363636	0.273828409090909		1
000316:	0.047971022727273	0.023130113636364	0.829828409090909	0.050130681818182	0.048939772727273		1
000317:	0.025767613636364	0.034538636363636	0.069171590909091	0.194197727272727	0.676324431818182		1
000318:	0.122432386363636	0.021971590909091	0.370833522727273	0.438648295454545	0.046114204545455		1
000319:	0.887738068181818	0.023051136363636	0.034930681818182	0.026999431818182	0.027280681818182		1
000320:	0.442159090909091	0.074495454545455	0.259921590909091	0.124747727272727	0.098676136363636		1
000321:	0.056269318181818	0.019385795454545	0.751560795454545	0.150193750000000	0.022590340909091		1
000322:	0.311169886363636	0.021363068181818	0.045741477272727	0.601344318181818	0.020381250000000		1
000323:	0.131126704545455	0.457610795454545	0.147239772727273	0.117928977272727	0.146093750000000		1
000324:	0.174622727272727	0.027398295454545	0.245959090909091	0.519096022727273	0.032923863636364		1
000325:	0.829444318181818	0.043126704545455	0.039068750000000	0.060529545454545	0.027830681818182		1
000326:	0.056898863636364	0.043307386363636	0.713601136363636	0.136851136363636	0.049341477272727		1
000327:	0.073244886363636	0.019051704545455	0.640448295454545	0.204614772727273	0.062640340909091		1
000328:	0.035093750000000	0.014521022727273	0.040006250000000	0.890499431818182	0.019879545454545		1
000329:	0.119300000000000	0.057335227272727	0.623944318181818	0.140096590909091	0.059323863636364		1
000330:	0.187600000000000	0.028950000000000	0.050063636363636	0.709639204545455	0.023747159090909		1
000331:	0.039919886363636	0.048757954545455	0.056541477272727	0.837892613636364	0.016888068181818		1
000332:	0.893393181818182	0.010318750000000	0.041355113636364	0.026091477272727	0.028841477272727		1
000333:	0.908303409090909	0.025210795454545	0.031648295454545	0.015355113636364	0.019482386363636		1
000334:	0.897905681818182	0.021420454545455	0.031195454545455	0.026841477272727	0.022636931818182		1
000335:	0.073330113636364	0.055531250000000	0.639556818181818	0.127746022727273	0.103835795454545		1
000336:	0.920449431818182	0.011066477272727	0.021826704545455	0.031180681818182	0.015476704545455		1
000337:	0.131177272727273	0.072893750000000	0.547772159090909	0.212565340909091	0.035591477272727		1
000338:	0.081157386363636	0.009364204545455	0.824485795454545	0.047099431818182	0.037893181818182		1
000339:	0.184677272727273	0.024755113636364	0.341286363636364	0.401133522727273	0.048147727272727		1
000340:	0.860692613636364	0.010629545454545	0.077528409090909	0.036925000000000	0.014224431818182		1
000341:	0.047061363636364	0.022098295454545	0.808103977272727	0.094632954545455	0.028103409090909		1
000342:	0.131847727272727	0.019034659090909	0.516182954545455	0.293627840909091	0.039306818181818		1
000343:	0.086742045454545	0.019891477272727	0.825196022727273	0.043650568181818	0.024519886363636		1
000344:	0.023446590909091	0.013840909090909	0.087273295454545	0.852028977272727	0.023410227272727		1
000345:	0.058783522727273	0.013665909090909	0.039353409090909	0.869772159090909	0.018425000000000		1
000346:	0.046552272727273	0.020899431818182	0.613045454545455	0.273289204545455	0.046213636363636		1
000347:	0.034173863636364	0.012589204545455	0.620077840909091	0.309230681818182	0.023928409090909		1
000348:	0.204526136363636	0.022877272727273	0.071286363636364	0.647204545454545	0.054105681818182		1
000349:	0.188622159090909	0.020386931818182	0.037605113636364	0.683805681818182	0.069580113636364		1
000350:	0.059818750000000	0.013415909090909	0.078871590909091	0.817744886363636	0.030148863636364		1
000351:	0.019575000000000	0.018192045454545	0.079345454545455	0.860441477272727	0.022446022727273		1
000352:	0.111275000000000	0.031551704545455	0.655546022727273	0.151221022727273	0.050406250000000		1
000353:	0.793623863636364	0.012406250000000	0.143973295454545	0.033218181818182	0.016778409090909		1
000354:	0.834219886363636	0.011296022727273	0.095597727272727	0.041728409090909	0.017157954545455		1
000355:	0.183879545454545	0.036842045454545	0.147530113636364	0.602996590909091	0.028751704545455		1
000356:	0.327101136363636	0.346382954545455	0.097544886363636	0.098732386363636	0.130238636363636		1
000357:	0.032471590909091	0.221367045454545	0.158848863636364	0.133009659090909	0.454302840909091		1
000358:	0.111631818181818	0.051642045454545	0.073123863636364	0.110428977272727	0.653173295454545		1
000359:	0.055303977272727	0.372259659090909	0.166598863636364	0.246656818181818	0.159180681818182		1
000360:	0.097778409090909	0.021520454545455	0.749919318181818	0.058773863636364	0.072007954545455		1
000361:	0.094249431818182	0.170941477272727	0.036942045454545	0.060801704545455	0.637065340909091		1
000362:	0.215892613636364	0.034081250000000	0.106632386363636	0.605285227272727	0.038108522727273		1
000363:	0.027202272727273	0.011785227272727	0.740190909090909	0.019146022727273	0.201675568181818		1
000364:	0.029677272727273	0.316140909090909	0.296368750000000	0.164055113636364	0.193757954545455		1
000365:	0.102351136363636	0.038548863636364	0.292596590909091	0.255196022727273	0.311307386363636		1
000366:	0.035463068181818	0.384629545454545	0.102481250000000	0.055430113636364	0.421996022727273		1
000367:	0.019705113636364	0.114494886363636	0.663676704545455	0.037286363636364	0.164836931818182		1
000368:	0.054378977272727	0.142708522727273	0.334697159090909	0.033727840909091	0.434487500000000		1
000369:	0.132581250000000	0.067606250000000	0.601042045454545	0.074670454545455	0.124100000000000		1
000370:	0.540311363636364	0.052936363636364	0.258932954545455	0.081132386363636	0.066686931818182		1
000371:	0.028856818181818	0.013236363636364	0.802582954545455	0.124915909090909	0.030407954545455		1
000372:	0.021446022727273	0.022167045454545	0.773225000000000	0.021249431818182	0.161912500000000		1
000373:	0.088080113636364	0.208082386363636	0.303060795454545	0.141538636363636	0.259238068181818		1
000374:	0.061858522727273	0.023471022727273	0.554452272727273	0.045270454545455	0.314947727272727		1
000375:	0.776139204545455	0.013969318181818	0.039561363636364	0.152498295454545	0.017831818181818		1
000376:	0.081030113636364	0.034067613636364	0.669967045454545	0.035010227272727	0.179925000000000		1
000377:	0.903996022727273	0.009531818181818	0.024726136363636	0.041736931818182	0.020009090909091		1
000378:	0.052343181818182	0.195232954545455	0.047677272727273	0.018994886363636	0.685751704545455		1
000379:	0.012086931818182	0.280159659090909	0.176717045454545	0.011761931818182	0.519274431818182		1
000380:	0.095873295454545	0.118564772727273	0.263309659090909	0.026644886363636	0.495607386363636		1
000381:	0.018482954545455	0.590489204545455	0.093785227272727	0.019115340909091	0.278127272727273		1
000382:	0.078967613636364	0.069415909090909	0.448701136363636	0.032211363636364	0.370703977272727		1
000383:	0.083713068181818	0.044516477272727	0.629167613636364	0.064781250000000	0.177821590909091		1
000384:	0.031932954545455	0.086706818181818	0.560539772727273	0.037906250000000	0.282914204545455		1
000385:	0.019152840909091	0.045760795454545	0.687966477272727	0.150168750000000	0.096951136363636		1
000386:	0.034136363636364	0.652890909090909	0.180028409090909	0.021554545454545	0.111389772727273		1
000387:	0.110606818181818	0.060373863636364	0.550382386363636	0.026296590909091	0.252340340909091		1
000388:	0.200039204545455	0.485388068181818	0.131864772727273	0.123836363636364	0.058871590909091		1
000389:	0.014959090909091	0.047158522727273	0.714077840909091	0.066769318181818	0.157035227272727		1
000390:	0.139900000000000	0.037957954545455	0.506516477272727	0.279235795454545	0.036389772727273		1
