Estimated Clustering Probabilities for Samples
Sample	***Cluster  01***	***Cluster  02***	***Cluster  03***	***Cluster  04***	***Cluster  05***	***Cluster  06***	
000001:	0.495182386363636	0.074398863636364	0.078467613636364	0.182658522727273	0.019502272727273	0.149790340909091		1
000002:	0.664818750000000	0.026283522727273	0.071088068181818	0.049097727272727	0.007957386363636	0.180754545454545		1
000003:	0.793561363636364	0.029338636363636	0.038640340909091	0.049527840909091	0.016876136363636	0.072055681818182		1
000004:	0.370035227272727	0.033367045454545	0.322630681818182	0.036949431818182	0.014240340909091	0.222777272727273		1
000005:	0.599651136363636	0.012382386363636	0.042842045454545	0.241614772727273	0.006492045454545	0.097017613636364		1
000006:	0.319164204545455	0.026456250000000	0.295236931818182	0.058467045454545	0.022783522727273	0.277892045454545		1
000007:	0.729907954545455	0.047443181818182	0.027592613636364	0.046217613636364	0.016521022727273	0.132317613636364		1
000008:	0.266997727272727	0.017155113636364	0.065105681818182	0.048539204545455	0.011523295454545	0.590678977272727		1
000009:	0.179676136363636	0.013331250000000	0.094131818181818	0.158396590909091	0.010949431818182	0.543514772727273		1
000010:	0.617971590909091	0.016719318181818	0.061557954545455	0.134855681818182	0.012229545454545	0.156665909090909		1
000011:	0.394748863636364	0.132000568181818	0.255023863636364	0.124322727272727	0.050927840909091	0.042976136363636		1
000012:	0.084582386363636	0.030419886363636	0.151390340909091	0.522384090909091	0.174947727272727	0.036275568181818		1
000013:	0.045979545454545	0.039227272727273	0.174567045454545	0.217276136363636	0.494150568181818	0.028799431818182		1
000014:	0.021722727272727	0.009238636363636	0.895101704545455	0.029635227272727	0.028387500000000	0.015914204545455		1
000015:	0.355523295454545	0.033101704545455	0.196645454545455	0.298795454545455	0.051969318181818	0.063964772727273		1
000016:	0.034519318181818	0.011163068181818	0.827376136363636	0.049056250000000	0.044368181818182	0.033517045454545		1
000017:	0.286519318181818	0.054300568181818	0.094984090909091	0.458993750000000	0.058430113636364	0.046772159090909		1
000018:	0.036930113636364	0.023015340909091	0.088615340909091	0.311090340909091	0.520469318181818	0.019879545454545		1
000019:	0.431763068181818	0.030705681818182	0.051084090909091	0.286381818181818	0.148719318181818	0.051346022727273		1
000020:	0.145278977272727	0.039698863636364	0.361122727272727	0.352376136363636	0.057064772727273	0.044458522727273		1
000021:	0.054331818181818	0.232504545454545	0.028834659090909	0.589942613636364	0.079859090909091	0.014527272727273		1
000022:	0.115530681818182	0.022528409090909	0.104416477272727	0.613755681818182	0.102611363636364	0.041157386363636		1
000023:	0.342622727272727	0.146392613636364	0.070175000000000	0.268828977272727	0.145588068181818	0.026392613636364		1
000024:	0.024872159090909	0.011644886363636	0.859741477272727	0.053035795454545	0.036793181818182	0.013912500000000		1
000025:	0.098968181818182	0.031028409090909	0.132768750000000	0.285018750000000	0.396602840909091	0.055613068181818		1
000026:	0.108857954545455	0.048040340909091	0.042435795454545	0.607882386363636	0.173655113636364	0.019128409090909		1
000027:	0.051459659090909	0.020129545454545	0.062005113636364	0.560707954545455	0.287756250000000	0.017941477272727		1
000028:	0.331244318181818	0.210868181818182	0.082396022727273	0.289110795454545	0.059857386363636	0.026523295454545		1
000029:	0.205250000000000	0.040206818181818	0.137303409090909	0.436968750000000	0.124521022727273	0.055750000000000		1
000030:	0.359701136363636	0.137624431818182	0.135860795454545	0.191359659090909	0.136235795454545	0.039218181818182		1
000031:	0.026192045454545	0.022888636363636	0.044164204545455	0.478111363636364	0.404653409090909	0.023990340909091		1
000032:	0.036318750000000	0.061636931818182	0.099524431818182	0.624211931818182	0.129277272727273	0.049030681818182		1
000033:	0.183944318181818	0.092311363636364	0.073713636363636	0.528025000000000	0.089811931818182	0.032193750000000		1
000034:	0.020514772727273	0.024592613636364	0.857102272727273	0.054977272727273	0.031205113636364	0.011607954545455		1
000035:	0.064511931818182	0.099673863636364	0.042443181818182	0.423175568181818	0.328450568181818	0.041744886363636		1
000036:	0.166655681818182	0.069588636363636	0.135402840909091	0.394186363636364	0.078315340909091	0.155851136363636		1
000037:	0.097715909090909	0.032147727272727	0.116098863636364	0.580648863636364	0.146012500000000	0.027376136363636		1
000038:	0.163786931818182	0.157065340909091	0.131238068181818	0.131043750000000	0.356769318181818	0.060096590909091		1
000039:	0.046647159090909	0.021636931818182	0.157226704545455	0.482327272727273	0.265548863636364	0.026613068181818		1
000040:	0.057160795454545	0.016559659090909	0.799518750000000	0.055830113636364	0.057705681818182	0.013225000000000		1
000041:	0.070377840909091	0.037900000000000	0.206518181818182	0.506139772727273	0.135903409090909	0.043160795454545		1
000042:	0.095937500000000	0.031010227272727	0.117350000000000	0.411767045454545	0.309809659090909	0.034125568181818		1
000043:	0.292737500000000	0.030259659090909	0.129240340909091	0.416506250000000	0.075839204545455	0.055417045454545		1
000044:	0.137812500000000	0.047168750000000	0.110583522727273	0.547009090909091	0.097343750000000	0.060082386363636		1
000045:	0.047881250000000	0.015664204545455	0.030209090909091	0.694903409090909	0.195880113636364	0.015461931818182		1
000046:	0.099039204545455	0.219736363636364	0.059919886363636	0.350769886363636	0.226355113636364	0.044179545454545		1
000047:	0.154724431818182	0.067254545454545	0.146732954545455	0.410163068181818	0.100239772727273	0.120885227272727		1
000048:	0.000835227272727	0.236281818181818	0.002040340909091	0.000795454545455	0.759140340909091	0.000906818181818		1
000049:	0.539743750000000	0.034213636363636	0.034279545454545	0.280827840909091	0.071695454545455	0.039239772727273		1
000050:	0.089927840909091	0.024557386363636	0.357592045454545	0.309402272727273	0.108832386363636	0.109688068181818		1
000051:	0.039163636363636	0.022209090909091	0.797725000000000	0.051684659090909	0.016673863636364	0.072543750000000		1
000052:	0.151347727272727	0.040709090909091	0.692690340909091	0.039302840909091	0.013402272727273	0.062547727272727		1
000053:	0.160926704545455	0.026640909090909	0.142292045454545	0.484940340909091	0.068682954545455	0.116517045454545		1
000054:	0.121072159090909	0.024935795454545	0.095077840909091	0.103491477272727	0.558343181818182	0.097079545454545		1
000055:	0.280805681818182	0.062188068181818	0.221225000000000	0.240061931818182	0.028627840909091	0.167091477272727		1
000056:	0.231094886363636	0.031773863636364	0.093915909090909	0.407120454545455	0.058997727272727	0.177097159090909		1
000057:	0.110728977272727	0.042785227272727	0.118101704545455	0.481493181818182	0.079757386363636	0.167133522727273		1
000058:	0.530747159090909	0.033405113636364	0.029741477272727	0.268455681818182	0.106987500000000	0.030663068181818		1
000059:	0.118940909090909	0.098136363636364	0.025459090909091	0.598627840909091	0.128508522727273	0.030327272727273		1
000060:	0.427924431818182	0.030675568181818	0.074610227272727	0.401926136363636	0.024407954545455	0.040455681818182		1
000061:	0.398722727272727	0.029517613636364	0.065311931818182	0.418257954545455	0.045411363636364	0.042778409090909		1
000062:	0.121525568181818	0.015594318181818	0.769961931818182	0.037863636363636	0.020727840909091	0.034326704545455		1
000063:	0.061017613636364	0.019668750000000	0.816180113636364	0.030331250000000	0.020807954545455	0.051994318181818		1
000064:	0.059889204545455	0.042518750000000	0.685696022727273	0.044552840909091	0.018418181818182	0.148925000000000		1
000065:	0.458363068181818	0.050163068181818	0.059987500000000	0.242277840909091	0.036016477272727	0.153192045454545		1
000066:	0.118352272727273	0.019086363636364	0.165980681818182	0.566866477272727	0.041786363636364	0.087927840909091		1
000067:	0.070102272727273	0.020694886363636	0.572744886363636	0.044183522727273	0.016245454545455	0.276028977272727		1
000068:	0.220329545454545	0.017668181818182	0.022124431818182	0.625430681818182	0.058153409090909	0.056293750000000		1
000069:	0.154000000000000	0.018975000000000	0.072622727272727	0.686641477272727	0.026795454545455	0.040965340909091		1
000070:	0.169809090909091	0.088898295454545	0.333608522727273	0.261167045454545	0.084986363636364	0.061530681818182		1
000071:	0.161686363636364	0.040059659090909	0.046646022727273	0.645206250000000	0.078289772727273	0.028111931818182		1
000072:	0.404436363636364	0.051436931818182	0.132757954545455	0.256122727272727	0.032721022727273	0.122525000000000		1
000073:	0.391968181818182	0.038375000000000	0.070177272727273	0.316959659090909	0.048356818181818	0.134163068181818		1
000074:	0.059089204545455	0.033514204545455	0.152263636363636	0.290867613636364	0.417767045454545	0.046498295454545		1
000075:	0.616434090909091	0.031322727272727	0.065706250000000	0.115931818181818	0.101330113636364	0.069275000000000		1
000076:	0.129254545454545	0.511843750000000	0.037059090909091	0.171191477272727	0.099278977272727	0.051372159090909		1
000077:	0.097887500000000	0.315062500000000	0.247588068181818	0.176652840909091	0.113763068181818	0.049046022727273		1
000078:	0.566843181818182	0.037884090909091	0.134810795454545	0.191725000000000	0.023529545454545	0.045207386363636		1
000079:	0.241574431818182	0.060631818181818	0.057048295454545	0.432034090909091	0.157328977272727	0.051382386363636		1
000080:	0.237935227272727	0.117434659090909	0.030293750000000	0.263967045454545	0.321727840909091	0.028641477272727		1
000081:	0.527695454545455	0.024465340909091	0.033688636363636	0.293850000000000	0.028382386363636	0.091918181818182		1
000082:	0.414856250000000	0.034426136363636	0.077388068181818	0.342563636363636	0.027698863636364	0.103067045454545		1
000083:	0.359418181818182	0.035761931818182	0.033498863636364	0.405522159090909	0.083105113636364	0.082693750000000		1
000084:	0.021351704545455	0.021378977272727	0.899807954545455	0.024672727272727	0.020267045454545	0.012521590909091		1
000085:	0.902880113636364	0.000248863636364	0.001350000000000	0.001997159090909	0.000811931818182	0.092711931818182		1
000086:	0.121816477272727	0.028779545454545	0.616252272727273	0.138790909090909	0.056145454545455	0.038215340909091		1
000087:	0.124861363636364	0.021700568181818	0.052380681818182	0.716918181818182	0.050426136363636	0.033713068181818		1
000088:	0.072781250000000	0.021635227272727	0.032225000000000	0.755022727272727	0.090176704545455	0.028159090909091		1
000089:	0.049188636363636	0.041174431818182	0.042556818181818	0.795110795454545	0.035208522727273	0.036760795454545		1
000090:	0.061856818181818	0.041857954545455	0.180300568181818	0.252629545454545	0.389694886363636	0.073660227272727		1
000091:	0.117967045454545	0.194272727272727	0.058064772727273	0.201012500000000	0.382082386363636	0.046600568181818		1
000092:	0.291689204545455	0.053063636363636	0.069388068181818	0.330542613636364	0.118791477272727	0.136525000000000		1
000093:	0.108103977272727	0.060434659090909	0.103180113636364	0.342272159090909	0.208693750000000	0.177315340909091		1
000094:	0.243679545454545	0.043236363636364	0.042987500000000	0.509907954545455	0.114643750000000	0.045544886363636		1
000095:	0.178193750000000	0.021630113636364	0.079027840909091	0.643215909090909	0.026348863636364	0.051583522727273		1
000096:	0.039538636363636	0.010178977272727	0.864418181818182	0.028789772727273	0.020548863636364	0.036525568181818		1
000097:	0.095717045454545	0.016499431818182	0.026075568181818	0.799345454545455	0.044426136363636	0.017936363636364		1
000098:	0.306188636363636	0.022788068181818	0.019525568181818	0.583465909090909	0.038772727272727	0.029259090909091		1
000099:	0.208747159090909	0.047493181818182	0.323033522727273	0.293648863636364	0.065286931818182	0.061790340909091		1
000100:	0.165400568181818	0.023050000000000	0.630915340909091	0.093373863636364	0.032105681818182	0.055154545454545		1
000101:	0.052565340909091	0.012976704545455	0.044676704545455	0.807219886363636	0.039819886363636	0.042741477272727		1
000102:	0.176883522727273	0.034284090909091	0.186752840909091	0.431068750000000	0.087452272727273	0.083558522727273		1
000103:	0.488828977272727	0.040707386363636	0.029885227272727	0.218448295454545	0.151352272727273	0.070777840909091		1
000104:	0.135666477272727	0.017667045454545	0.645493181818182	0.106627272727273	0.043784090909091	0.050761931818182		1
000105:	0.054803977272727	0.024606250000000	0.173206818181818	0.600783522727273	0.103360795454545	0.043238636363636		1
000106:	0.142395454545455	0.032399431818182	0.035405681818182	0.663210227272727	0.079799431818182	0.046789772727273		1
000107:	0.194188636363636	0.026313068181818	0.317852840909091	0.370475000000000	0.046562500000000	0.044607954545455		1
000108:	0.063924431818182	0.019245454545455	0.664921590909091	0.119700568181818	0.083079545454545	0.049128409090909		1
000109:	0.250300568181818	0.046353409090909	0.076639772727273	0.481750568181818	0.109654545454545	0.035301136363636		1
000110:	0.056856818181818	0.217258522727273	0.180652840909091	0.128972727272727	0.374237500000000	0.042021590909091		1
000111:	0.265361363636364	0.058218750000000	0.395066477272727	0.174443750000000	0.043759090909091	0.063150568181818		1
000112:	0.101260795454545	0.063896022727273	0.105406250000000	0.478049431818182	0.216965909090909	0.034421590909091		1
000113:	0.301215340909091	0.032530113636364	0.144276136363636	0.372247159090909	0.067228977272727	0.082502272727273		1
000114:	0.122139772727273	0.201983522727273	0.045701136363636	0.427090909090909	0.112385227272727	0.090699431818182		1
000115:	0.190625000000000	0.050343750000000	0.103052840909091	0.453284659090909	0.138976136363636	0.063717613636364		1
000116:	0.276439204545455	0.039163636363636	0.326213068181818	0.161857954545455	0.074157954545455	0.122168181818182		1
000117:	0.075138068181818	0.018743750000000	0.251137500000000	0.496806250000000	0.074740909090909	0.083433522727273		1
000118:	0.454977840909091	0.062541477272727	0.155940909090909	0.184786931818182	0.036870454545455	0.104882386363636		1
000119:	0.113463068181818	0.025640340909091	0.156010227272727	0.562670454545455	0.080660227272727	0.061555681818182		1
000120:	0.502108522727273	0.025033522727273	0.127172727272727	0.163423295454545	0.061285227272727	0.120976704545455		1
000121:	0.291803409090909	0.068677272727273	0.080364772727273	0.284154545454545	0.224435227272727	0.050564772727273		1
000122:	0.144769318181818	0.016840340909091	0.069085227272727	0.696229545454545	0.028325000000000	0.044750568181818		1
000123:	0.545915909090909	0.077210227272727	0.055872159090909	0.205301704545455	0.069915909090909	0.045784090909091		1
000124:	0.190615909090909	0.091440909090909	0.043071022727273	0.464347159090909	0.151445454545455	0.059079545454545		1
000125:	0.230288068181818	0.089009659090909	0.158353409090909	0.235880681818182	0.050844318181818	0.235623863636364		1
000126:	0.244373863636364	0.603942045454545	0.027951704545455	0.056829545454545	0.034190340909091	0.032712500000000		1
000127:	0.314362500000000	0.037799431818182	0.175978977272727	0.278465340909091	0.102255113636364	0.091138636363636		1
000128:	0.605874431818182	0.023074431818182	0.104277840909091	0.150295454545455	0.069439204545455	0.047038636363636		1
000129:	0.059446590909091	0.083794886363636	0.024785795454545	0.609444886363636	0.188134090909091	0.034393750000000		1
000130:	0.660454545454545	0.033208522727273	0.075725568181818	0.120422727272727	0.060560227272727	0.049628409090909		1
000131:	0.170194886363636	0.035288636363636	0.082122159090909	0.639200000000000	0.040430681818182	0.032763636363636		1
000132:	0.092226704545455	0.026055681818182	0.676879545454545	0.128012500000000	0.034485795454545	0.042339772727273		1
000133:	0.280703409090909	0.180763636363636	0.073103409090909	0.215019886363636	0.175163636363636	0.075246022727273		1
000134:	0.195592045454545	0.054397159090909	0.105667613636364	0.281815909090909	0.279113068181818	0.083414204545455		1
000135:	0.066291477272727	0.035505681818182	0.030319318181818	0.460247727272727	0.347354545454545	0.060281250000000		1
000136:	0.408421022727273	0.031090909090909	0.098615909090909	0.300339772727273	0.043867045454545	0.117665340909091		1
000137:	0.086778977272727	0.053427840909091	0.069268181818182	0.462631250000000	0.286178977272727	0.041714772727273		1
000138:	0.393553977272727	0.133003409090909	0.038747727272727	0.256192045454545	0.067618750000000	0.110884090909091		1
000139:	0.205089772727273	0.089415340909091	0.069671022727273	0.487146590909091	0.073422727272727	0.075254545454545		1
000140:	0.073513068181818	0.020871590909091	0.063147159090909	0.115540909090909	0.696673863636364	0.030253409090909		1
000141:	0.155167045454545	0.112394886363636	0.465327840909091	0.097122159090909	0.041659659090909	0.128328409090909		1
000142:	0.067688068181818	0.013932386363636	0.092502840909091	0.685339772727273	0.091844318181818	0.048692613636364		1
000143:	0.464511363636364	0.017157386363636	0.043503409090909	0.404516477272727	0.038156250000000	0.032155113636364		1
000144:	0.431724431818182	0.018741477272727	0.111794318181818	0.334631818181818	0.032450000000000	0.070657954545455		1
000145:	0.080141477272727	0.019562500000000	0.791438636363636	0.037877840909091	0.034265909090909	0.036713636363636		1
000146:	0.141757954545455	0.022326136363636	0.165992045454545	0.351133522727273	0.194905681818182	0.123884659090909		1
000147:	0.254759090909091	0.026120454545455	0.105910795454545	0.314764772727273	0.044185227272727	0.254259659090909		1
000148:	0.698010227272727	0.021579545454545	0.026928977272727	0.132089204545455	0.042097727272727	0.079294318181818		1
000149:	0.148457386363636	0.028561931818182	0.115004545454545	0.496826704545455	0.087367613636364	0.123781818181818		1
000150:	0.073509659090909	0.019242613636364	0.058925568181818	0.523793181818182	0.300163636363636	0.024365340909091		1
000151:	0.463317045454545	0.031261931818182	0.217351136363636	0.175203977272727	0.058572159090909	0.054293750000000		1
000152:	0.326932386363636	0.047269886363636	0.202529545454545	0.223214772727273	0.155399431818182	0.044653977272727		1
000153:	0.101968750000000	0.015435227272727	0.094763636363636	0.627109659090909	0.131518750000000	0.029203977272727		1
000154:	0.299080681818182	0.032758522727273	0.296690340909091	0.076636363636364	0.040563636363636	0.254270454545455		1
000155:	0.132371590909091	0.023933522727273	0.404362500000000	0.281172159090909	0.108640909090909	0.049519318181818		1
000156:	0.215057386363636	0.025723863636364	0.281351704545455	0.386310227272727	0.052961931818182	0.038594886363636		1
000157:	0.087064204545455	0.031223295454545	0.779257954545455	0.021621590909091	0.009613636363636	0.071219318181818		1
000158:	0.210270454545455	0.182690909090909	0.125781250000000	0.169863636363636	0.035994318181818	0.275399431818182		1
000159:	0.048301136363636	0.235693750000000	0.409802272727273	0.130725568181818	0.044470454545455	0.131006818181818		1
000160:	0.076881250000000	0.277411363636364	0.040882954545455	0.024125000000000	0.013728977272727	0.566970454545455		1
000161:	0.030596590909091	0.011456818181818	0.008585227272727	0.539368181818182	0.008158522727273	0.401834659090909		1
000162:	0.080090909090909	0.117114772727273	0.032127840909091	0.166213068181818	0.314389772727273	0.290063636363636		1
000163:	0.404872727272727	0.043817045454545	0.034365340909091	0.133814204545455	0.010003409090909	0.373127272727273		1
000164:	0.134370454545455	0.048368750000000	0.488656818181818	0.020267045454545	0.012047727272727	0.296289204545455		1
000165:	0.306520454545455	0.025474431818182	0.035457386363636	0.025267613636364	0.011472727272727	0.595807386363636		1
000166:	0.030484659090909	0.001727840909091	0.007345454545455	0.143582386363636	0.760488068181818	0.056371590909091		1
000167:	0.471935795454545	0.091660227272727	0.065972159090909	0.108060227272727	0.029251136363636	0.233120454545455		1
000168:	0.251727272727273	0.028557954545455	0.303400000000000	0.324628409090909	0.056624431818182	0.035061931818182		1
000169:	0.273594318181818	0.024994886363636	0.049668750000000	0.537861931818182	0.050753977272727	0.063126136363636		1
000170:	0.668771590909091	0.015922159090909	0.020848863636364	0.189537500000000	0.033057954545455	0.071861931818182		1
000171:	0.107738068181818	0.023710227272727	0.667306818181818	0.074286363636364	0.042455681818182	0.084502840909091		1
000172:	0.292835795454545	0.030895454545455	0.067517613636364	0.364277272727273	0.076547159090909	0.167926704545455		1
000173:	0.274913636363636	0.027788068181818	0.075202272727273	0.549103977272727	0.024427840909091	0.048564204545455		1
000174:	0.082736931818182	0.011117045454545	0.081300568181818	0.707036931818182	0.081039772727273	0.036768750000000		1
000175:	0.045131818181818	0.004003409090909	0.855485795454546	0.061328409090909	0.019848863636364	0.014201704545455		1
000176:	0.190591477272727	0.052639204545455	0.117509659090909	0.536825000000000	0.063789204545455	0.038645454545455		1
000177:	0.180080113636364	0.015569886363636	0.089720454545455	0.624090340909091	0.047751136363636	0.042788068181818		1
000178:	0.219799431818182	0.011238636363636	0.151001704545455	0.495875000000000	0.042697159090909	0.079388068181818		1
000179:	0.042055113636364	0.004194318181818	0.855522159090909	0.058858522727273	0.018356250000000	0.021013636363636		1
000180:	0.044136363636364	0.008619886363636	0.846929545454545	0.045985227272727	0.024475000000000	0.029853977272727		1
000181:	0.121246590909091	0.013552272727273	0.719106250000000	0.045845454545455	0.024918181818182	0.075331250000000		1
000182:	0.114307386363636	0.102893181818182	0.169611363636364	0.356635795454545	0.205067613636364	0.051484659090909		1
000183:	0.078342613636364	0.007951136363636	0.810127840909091	0.055614772727273	0.017557386363636	0.030406250000000		1
000184:	0.318902272727273	0.027184659090909	0.180893181818182	0.330192613636364	0.097393181818182	0.045434090909091		1
000185:	0.137363068181818	0.030760795454545	0.071579545454545	0.274135795454545	0.381903977272727	0.104256818181818		1
000186:	0.114215909090909	0.033832954545455	0.709467045454545	0.081593750000000	0.041165909090909	0.019724431818182		1
000187:	0.053159090909091	0.009004545454545	0.858680113636364	0.027154545454545	0.021990909090909	0.030010795454545		1
000188:	0.327307386363636	0.082781250000000	0.264806818181818	0.195913636363636	0.041306250000000	0.087884659090909		1
000189:	0.369440909090909	0.011776704545455	0.050860795454545	0.453816477272727	0.023888636363636	0.090216477272727		1
000190:	0.575334090909091	0.031376136363636	0.037356250000000	0.230527840909091	0.050461363636364	0.074944318181818		1
000191:	0.276064204545455	0.019408522727273	0.039551704545455	0.546667045454545	0.034396590909091	0.083911931818182		1
000192:	0.092900568181818	0.041246590909091	0.075761931818182	0.664371590909091	0.075454545454545	0.050264772727273		1
000193:	0.085626704545455	0.024013068181818	0.189260227272727	0.535181250000000	0.104257386363636	0.061661363636364		1
000194:	0.163624431818182	0.125073295454545	0.115734090909091	0.231632954545455	0.276953977272727	0.086981250000000		1
000195:	0.103975568181818	0.017792613636364	0.090277840909091	0.744442045454546	0.025648863636364	0.017863068181818		1
000196:	0.433823863636364	0.101428977272727	0.160058522727273	0.103755113636364	0.013875568181818	0.187057954545455		1
000197:	0.279877840909091	0.055295454545455	0.094084090909091	0.338729545454545	0.025306250000000	0.206706818181818		1
000198:	0.079930681818182	0.060476136363636	0.085666477272727	0.331325568181818	0.079198295454545	0.363402840909091		1
000199:	0.016380681818182	0.000706818181818	0.001906818181818	0.000475568181818	0.976397159090909	0.004132954545455		1
000200:	0.293843750000000	0.055810227272727	0.048707954545455	0.055326704545455	0.021294886363636	0.525016477272727		1
000201:	0.096288636363636	0.031713068181818	0.775868750000000	0.021886363636364	0.011505113636364	0.062738068181818		1
000202:	0.169124431818182	0.040821022727273	0.192168181818182	0.395448295454545	0.128829545454545	0.073608522727273		1
000203:	0.573228977272727	0.032831250000000	0.106101704545455	0.115026704545455	0.048438068181818	0.124373295454545		1
000204:	0.420636363636364	0.078765340909091	0.207911931818182	0.153222159090909	0.036701704545455	0.102762500000000		1
000205:	0.323140909090909	0.040816477272727	0.246097727272727	0.201522159090909	0.052331250000000	0.136091477272727		1
000206:	0.023487500000000	0.653569886363636	0.169723863636364	0.133038068181818	0.008237500000000	0.011943181818182		1
000207:	0.246548863636364	0.022675568181818	0.025165909090909	0.618438068181818	0.056667045454545	0.030504545454545		1
000208:	0.357556818181818	0.018289204545455	0.295240909090909	0.250942045454545	0.036474431818182	0.041496590909091		1
000209:	0.333851136363636	0.036799431818182	0.422659090909091	0.086047159090909	0.025971590909091	0.094671590909091		1
000210:	0.298130113636364	0.026175000000000	0.273668750000000	0.190423295454545	0.039817045454545	0.171785795454545		1
000211:	0.427702840909091	0.054121022727273	0.082157386363636	0.243617045454545	0.040922727272727	0.151478977272727		1
000212:	0.216117613636364	0.093117045454545	0.184215340909091	0.097285795454545	0.027810795454545	0.381453409090909		1
000213:	0.296655681818182	0.082798295454545	0.128528977272727	0.094390909090909	0.021982386363636	0.375643750000000		1
000214:	0.593527840909091	0.077651704545455	0.058007386363636	0.094720454545455	0.029213636363636	0.146878977272727		1
000215:	0.291698863636364	0.223876136363636	0.109734090909091	0.231006818181818	0.049304545454545	0.094379545454545		1
000216:	0.202180681818182	0.065472159090909	0.330165909090909	0.033088068181818	0.034797159090909	0.334296022727273		1
000217:	0.225796590909091	0.119455681818182	0.080090340909091	0.053822159090909	0.034146590909091	0.486688636363636		1
000218:	0.464311931818182	0.050206250000000	0.132315340909091	0.065786931818182	0.015783522727273	0.271596022727273		1
000219:	0.130451704545455	0.039562500000000	0.068572727272727	0.022286363636364	0.011597727272727	0.727528977272727		1
000220:	0.315767045454545	0.061948863636364	0.309187500000000	0.042798295454545	0.012204545454545	0.258093750000000		1
000221:	0.532356818181818	0.038023863636364	0.126638068181818	0.037471590909091	0.011812500000000	0.253697159090909		1
000222:	0.150697159090909	0.054298295454545	0.396092045454545	0.029805113636364	0.014630113636364	0.354477272727273		1
000223:	0.157313636363636	0.117454545454545	0.228498863636364	0.054203409090909	0.332648863636364	0.109880681818182		1
000224:	0.015773863636364	0.058238068181818	0.062174431818182	0.720294318181818	0.128756818181818	0.014762500000000		1
000225:	0.068000000000000	0.079808522727273	0.063421022727273	0.590578977272727	0.163491477272727	0.034700000000000		1
000226:	0.069132954545455	0.280712500000000	0.153493181818182	0.389693181818182	0.062974431818182	0.043993750000000		1
000227:	0.124676704545455	0.267656818181818	0.044476136363636	0.383582954545455	0.148751704545455	0.030855681818182		1
000228:	0.021323863636364	0.209042613636364	0.028500000000000	0.036923295454545	0.668878977272727	0.035331250000000		1
000229:	0.275080681818182	0.236591477272727	0.048790340909091	0.194786363636364	0.191263636363636	0.053487500000000		1
000230:	0.050845454545455	0.750007954545455	0.054207954545455	0.033664204545455	0.046913068181818	0.064361363636364		1
000231:	0.089472159090909	0.159471022727273	0.048468181818182	0.529540340909091	0.116779545454545	0.056268750000000		1
000232:	0.148015909090909	0.334017045454545	0.255343750000000	0.046031818181818	0.168174431818182	0.048417045454545		1
000233:	0.037009659090909	0.183022159090909	0.032202272727273	0.580885795454545	0.115284090909091	0.051596022727273		1
000234:	0.068326136363636	0.033535227272727	0.008702272727273	0.053753409090909	0.827701704545455	0.007981250000000		1
000235:	0.026681818181818	0.040709659090909	0.051678409090909	0.056852272727273	0.801377840909091	0.022700000000000		1
000236:	0.022798295454545	0.439327840909091	0.182455681818182	0.032462500000000	0.283170454545455	0.039785227272727		1
000237:	0.086413068181818	0.089217045454545	0.038811363636364	0.238101704545455	0.523680681818182	0.023776136363636		1
000238:	0.086132386363636	0.028640340909091	0.747085795454545	0.030129545454545	0.082010795454545	0.026001136363636		1
000239:	0.153036363636364	0.311308522727273	0.111101136363636	0.137603977272727	0.245543750000000	0.041406250000000		1
000240:	0.027472727272727	0.830293750000000	0.028453409090909	0.036898295454545	0.061759090909091	0.015122727272727		1
000241:	0.074047159090909	0.075557386363636	0.292493181818182	0.245836363636364	0.269542045454545	0.042523863636364		1
000242:	0.023745454545455	0.055789204545455	0.039946590909091	0.531548863636364	0.321777840909091	0.027192045454545		1
000243:	0.015653977272727	0.666531818181818	0.045527840909091	0.043110795454545	0.209178409090909	0.019997159090909		1
000244:	0.416618750000000	0.337089772727273	0.061247727272727	0.070161931818182	0.096733522727273	0.018148295454545		1
000245:	0.106755681818182	0.416361363636364	0.032949431818182	0.274212500000000	0.142044886363636	0.027676136363636		1
000246:	0.043025000000000	0.124613636363636	0.058544886363636	0.292644318181818	0.439789772727273	0.041382386363636		1
000247:	0.149105681818182	0.246768750000000	0.063875568181818	0.232574431818182	0.276702272727273	0.030973295454545		1
000248:	0.092756250000000	0.744900568181818	0.028584659090909	0.058803977272727	0.039967613636364	0.034986931818182		1
000249:	0.031108522727273	0.516684659090909	0.041627840909091	0.065404545454545	0.328959090909091	0.016215340909091		1
000250:	0.027685795454545	0.109502272727273	0.024158522727273	0.703122159090909	0.118352272727273	0.017178977272727		1
000251:	0.033033522727273	0.449658522727273	0.047446590909091	0.216747159090909	0.224904545454545	0.028209659090909		1
000252:	0.060458522727273	0.545002272727273	0.199373863636364	0.030477840909091	0.107357954545455	0.057329545454545		1
000253:	0.049269886363636	0.338053977272727	0.049520454545455	0.072153409090909	0.444932386363636	0.046069886363636		1
000254:	0.065389772727273	0.524193750000000	0.072118750000000	0.084132954545455	0.204072727272727	0.050092045454545		1
000255:	0.113203977272727	0.416903409090909	0.065885227272727	0.122011363636364	0.242803409090909	0.039192613636364		1
000256:	0.333935227272727	0.234333522727273	0.052277840909091	0.250081250000000	0.079823295454545	0.049548863636364		1
000257:	0.067253409090909	0.139511931818182	0.568084659090909	0.024006818181818	0.047072159090909	0.154071022727273		1
000258:	0.381296590909091	0.202253977272727	0.044952272727273	0.302860795454545	0.039847159090909	0.028789204545455		1
000259:	0.031380681818182	0.041593181818182	0.818460795454545	0.037421590909091	0.041000000000000	0.030143750000000		1
000260:	0.036695454545455	0.692863636363636	0.033409659090909	0.097517613636364	0.110429545454545	0.029084090909091		1
000261:	0.127676136363636	0.247643181818182	0.152802272727273	0.088528409090909	0.299107954545455	0.084242045454545		1
000262:	0.050043750000000	0.359097159090909	0.410047727272727	0.056140909090909	0.086097159090909	0.038573295454545		1
000263:	0.239982954545455	0.120552272727273	0.131155681818182	0.277728409090909	0.090668750000000	0.139911931818182		1
000264:	0.024149431818182	0.058619318181818	0.834467613636364	0.035491477272727	0.023686363636364	0.023585795454545		1
000265:	0.340963636363636	0.071229545454545	0.144257954545455	0.051952272727273	0.077473863636364	0.314122727272727		1
000266:	0.142501136363636	0.261084090909091	0.123704545454545	0.221009659090909	0.204278409090909	0.047422159090909		1
000267:	0.108151136363636	0.595853409090909	0.035614772727273	0.063621022727273	0.183046022727273	0.013713636363636		1
000268:	0.559812500000000	0.087333522727273	0.104573295454545	0.089453409090909	0.082547727272727	0.076279545454545		1
000269:	0.067282386363636	0.041949431818182	0.067068181818182	0.249946022727273	0.535980113636364	0.037773863636364		1
000270:	0.043114772727273	0.027380113636364	0.842244886363636	0.023168181818182	0.030143750000000	0.033948295454545		1
000271:	0.034261363636364	0.327287500000000	0.093626136363636	0.040266477272727	0.475448295454545	0.029110227272727		1
000272:	0.058400568181818	0.369606818181818	0.220353977272727	0.066608522727273	0.240846022727273	0.044184090909091		1
000273:	0.044025000000000	0.108167045454545	0.405885227272727	0.127263068181818	0.255900000000000	0.058759659090909		1
000274:	0.080034090909091	0.360443181818182	0.101676704545455	0.155674431818182	0.250450568181818	0.051721022727273		1
000275:	0.139838068181818	0.179155681818182	0.080276136363636	0.442026136363636	0.097251704545455	0.061452272727273		1
000276:	0.017750000000000	0.043497159090909	0.827207386363636	0.021918750000000	0.040061363636364	0.049565340909091		1
000277:	0.037554545454545	0.165918181818182	0.086282386363636	0.060251136363636	0.619988636363636	0.030005113636364		1
000278:	0.155464204545455	0.126219886363636	0.042078409090909	0.525702272727273	0.096592045454545	0.053943181818182		1
000279:	0.047209090909091	0.094204545454545	0.027084659090909	0.195019886363636	0.597958522727273	0.038523295454545		1
000280:	0.114995454545455	0.507392045454545	0.204877272727273	0.069340909090909	0.074548295454545	0.028846022727273		1
000281:	0.033338636363636	0.070628977272727	0.485005681818182	0.043955681818182	0.323385795454545	0.043685227272727		1
000282:	0.035909659090909	0.103646022727273	0.342933522727273	0.454381250000000	0.044641477272727	0.018488068181818		1
000283:	0.118502272727273	0.153702840909091	0.622277272727273	0.024764204545455	0.023125000000000	0.057628409090909		1
000284:	0.056450000000000	0.388290340909091	0.107711931818182	0.078034659090909	0.335921590909091	0.033591477272727		1
000285:	0.108103977272727	0.090811363636364	0.039188636363636	0.181248863636364	0.543161363636364	0.037485795454545		1
000286:	0.038431818181818	0.119496022727273	0.280269318181818	0.100025000000000	0.424402840909091	0.037375000000000		1
000287:	0.040997159090909	0.083696022727273	0.547881818181818	0.083101704545455	0.209581250000000	0.034742045454545		1
000288:	0.007732386363636	0.135977272727273	0.509209090909091	0.318917613636364	0.020345454545455	0.007818181818182		1
000289:	0.677455681818182	0.056632386363636	0.085650568181818	0.075809659090909	0.035364772727273	0.069086931818182		1
000290:	0.490977272727273	0.262207386363636	0.128989772727273	0.037528409090909	0.014548863636364	0.065748295454545		1
000291:	0.324696590909091	0.025282954545455	0.063268181818182	0.232026136363636	0.031196022727273	0.323530113636364		1
000292:	0.614081250000000	0.079393750000000	0.042290340909091	0.054472727272727	0.043377840909091	0.166384090909091		1
000293:	0.514032386363636	0.029126704545455	0.039356818181818	0.114188636363636	0.014389204545455	0.288906250000000		1
000294:	0.453386931818182	0.035817613636364	0.155244318181818	0.232544886363636	0.027771022727273	0.095235227272727		1
000295:	0.393686363636364	0.023831250000000	0.042830113636364	0.440791477272727	0.020849431818182	0.078011363636364		1
000296:	0.191868181818182	0.029916477272727	0.426903409090909	0.113614204545455	0.060485227272727	0.177212500000000		1
000297:	0.381054545454545	0.104051136363636	0.216188068181818	0.206327272727273	0.032190340909091	0.060188636363636		1
000298:	0.080140340909091	0.042338636363636	0.090342613636364	0.345709090909091	0.393931250000000	0.047538068181818		1
000299:	0.471572159090909	0.098205113636364	0.066567045454545	0.256357954545455	0.049844318181818	0.057453409090909		1
000300:	0.119971590909091	0.083605681818182	0.223967613636364	0.079724431818182	0.183828977272727	0.308901704545455		1
000301:	0.433933522727273	0.052821590909091	0.049988636363636	0.212922159090909	0.036061363636364	0.214272727272727		1
000302:	0.033859090909091	0.044500568181818	0.856716477272727	0.012851704545455	0.010284659090909	0.041787500000000		1
000303:	0.026098863636364	0.029359090909091	0.856360227272727	0.014006818181818	0.017289772727273	0.056885227272727		1
000304:	0.828134090909091	0.052098863636364	0.022182954545455	0.043160795454545	0.013418181818182	0.041005113636364		1
000305:	0.237549431818182	0.350182386363636	0.166294318181818	0.060644318181818	0.026086363636364	0.159243181818182		1
000306:	0.046451136363636	0.164201704545455	0.592234090909091	0.050644886363636	0.048909090909091	0.097559090909091		1
000307:	0.448238636363636	0.375586363636364	0.055745454545455	0.020344886363636	0.020731250000000	0.079353409090909		1
000308:	0.560778977272727	0.088655681818182	0.052966477272727	0.034588636363636	0.018411363636364	0.244598863636364		1
000309:	0.607588636363636	0.052072727272727	0.078671022727273	0.092364204545455	0.061830113636364	0.107473295454545		1
000310:	0.039032954545455	0.028294318181818	0.864302840909091	0.031886363636364	0.015577840909091	0.020905681818182		1
000311:	0.401935795454545	0.378436363636364	0.105834090909091	0.051882386363636	0.031055681818182	0.030855681818182		1
000312:	0.249652272727273	0.062194318181818	0.065334659090909	0.239891477272727	0.331011363636364	0.051915909090909		1
000313:	0.187379545454545	0.067082954545455	0.092482954545455	0.140860795454545	0.464762500000000	0.047431250000000		1
000314:	0.069157386363636	0.105760795454545	0.134097159090909	0.482627840909091	0.160928977272727	0.047427840909091		1
000315:	0.308198295454545	0.041493181818182	0.037180681818182	0.294885795454545	0.270471590909091	0.047770454545455		1
000316:	0.809011363636364	0.019698295454545	0.061732954545455	0.084465340909091	0.015266477272727	0.009825568181818		1
000317:	0.122118750000000	0.164459659090909	0.041328977272727	0.513313636363636	0.098179545454545	0.060599431818182		1
000318:	0.736653977272727	0.064202272727273	0.100710795454545	0.026203977272727	0.026685227272727	0.045543750000000		1
000319:	0.021918181818182	0.017683522727273	0.875014772727273	0.031989204545455	0.017226136363636	0.036168181818182		1
000320:	0.129916477272727	0.084592045454545	0.228835795454545	0.088048863636364	0.123049431818182	0.345557386363636		1
000321:	0.519187500000000	0.027694886363636	0.043326136363636	0.058398863636364	0.018448863636364	0.332943750000000		1
000322:	0.161253977272727	0.286063636363636	0.121398863636364	0.037025000000000	0.026415340909091	0.367843181818182		1
000323:	0.100955681818182	0.093671022727273	0.094561931818182	0.175100568181818	0.367572727272727	0.168138068181818		1
000324:	0.492839204545455	0.189495454545455	0.114443750000000	0.039567613636364	0.021249431818182	0.142404545454545		1
000325:	0.047174431818182	0.221207386363636	0.549136931818182	0.013124431818182	0.062975000000000	0.106381818181818		1
000326:	0.187641477272727	0.521457386363636	0.063213068181818	0.062842613636364	0.044495454545455	0.120350000000000		1
000327:	0.331670454545455	0.116188068181818	0.148572727272727	0.273866477272727	0.020264772727273	0.109437500000000		1
000328:	0.576656818181818	0.023509659090909	0.023781250000000	0.373052840909091	0.000509090909091	0.002490340909091		1
000329:	0.175604545454545	0.146191477272727	0.126489204545455	0.111931250000000	0.061325568181818	0.378457954545455		1
000330:	0.117412500000000	0.502387500000000	0.121679545454545	0.041626704545455	0.035923295454545	0.180970454545455		1
000331:	0.082105681818182	0.761725000000000	0.040644886363636	0.020517045454545	0.025728977272727	0.069278409090909		1
