Estimated Clustering Probabilities for Samples
Sample	***Cluster  01***	***Cluster  02***	***Cluster  03***	***Cluster  04***	***Cluster  05***	
000001:	0.074876704545455	0.011111363636364	0.063710227272727	0.580889204545455	0.269412500000000		1
000002:	0.014605113636364	0.007636931818182	0.049601136363636	0.865134659090909	0.063022159090909		1
000003:	0.037558522727273	0.014574431818182	0.046666477272727	0.823677272727273	0.077523295454545		1
000004:	0.008494318181818	0.005997159090909	0.287932954545455	0.667822159090909	0.029753409090909		1
000005:	0.013688636363636	0.007955681818182	0.033548863636364	0.838100568181818	0.106706250000000		1
000006:	0.019368181818182	0.028267613636364	0.337955681818182	0.529630681818182	0.084777840909091		1
000007:	0.026669886363636	0.010980113636364	0.032611931818182	0.898106250000000	0.031631818181818		1
000008:	0.010022159090909	0.008237500000000	0.036755113636364	0.897339204545455	0.047646022727273		1
000009:	0.012798295454545	0.009531818181818	0.085502840909091	0.838053409090909	0.054113636363636		1
000010:	0.024893750000000	0.038523295454545	0.043023863636364	0.753881818181818	0.139677272727273		1
000011:	0.137398863636364	0.075675568181818	0.243243750000000	0.318303409090909	0.225378409090909		1
000012:	0.026130681818182	0.143615340909091	0.207787500000000	0.077122727272727	0.545343750000000		1
000013:	0.034839204545455	0.408205681818182	0.175982386363636	0.042478977272727	0.338493750000000		1
000014:	0.010419318181818	0.031090909090909	0.889746022727273	0.028706818181818	0.040036931818182		1
000015:	0.026446590909091	0.057399431818182	0.189627272727273	0.406455113636364	0.320071590909091		1
000016:	0.013503977272727	0.024336363636364	0.881072727272727	0.044165340909091	0.036921590909091		1
000017:	0.068123295454545	0.034931250000000	0.135260795454545	0.125503409090909	0.636181250000000		1
000018:	0.341000568181818	0.030728409090909	0.493581250000000	0.006058522727273	0.128631250000000		1
000019:	0.037535227272727	0.177806818181818	0.069797727272727	0.345631250000000	0.369228977272727		1
000020:	0.040558522727273	0.039377840909091	0.428336931818182	0.118484090909091	0.373242613636364		1
000021:	0.115497727272727	0.043297727272727	0.027560795454545	0.033542613636364	0.780101136363636		1
000022:	0.036706250000000	0.047108522727273	0.205539204545455	0.067132386363636	0.643513636363636		1
000023:	0.114967613636364	0.148966477272727	0.119558522727273	0.104400568181818	0.512106818181818		1
000024:	0.017353977272727	0.044797727272727	0.849621022727273	0.027658522727273	0.060568750000000		1
000025:	0.040396590909091	0.442332386363636	0.167551136363636	0.087406250000000	0.262313636363636		1
000026:	0.038485227272727	0.118114772727273	0.061745454545455	0.055159659090909	0.726494886363636		1
000027:	0.017243181818182	0.222639772727273	0.061886931818182	0.052953409090909	0.645276704545454		1
000028:	0.235686363636364	0.051244318181818	0.106325568181818	0.130736931818182	0.476006818181818		1
000029:	0.064601136363636	0.092577272727273	0.133749431818182	0.121147727272727	0.587924431818182		1
000030:	0.146601136363636	0.171016477272727	0.171421590909091	0.144607954545455	0.366352840909091		1
000031:	0.022334659090909	0.235978409090909	0.048032954545455	0.044087500000000	0.649566477272727		1
000032:	0.063348295454545	0.059835795454545	0.077481250000000	0.046569318181818	0.752765340909091		1
000033:	0.001788068181818	0.014132386363636	0.005571590909091	0.930853409090909	0.047654545454545		1
000034:	0.007109659090909	0.028728409090909	0.906515909090909	0.013689204545455	0.043956818181818		1
000035:	0.089629545454545	0.214271590909091	0.035163068181818	0.066642613636364	0.594293181818182		1
000036:	0.064437500000000	0.046936931818182	0.115312500000000	0.096580113636364	0.676732954545455		1
000037:	0.014845454545455	0.073977840909091	0.099600568181818	0.049080681818182	0.762495454545455		1
000038:	0.192167045454545	0.197715340909091	0.168481818181818	0.158737500000000	0.282898295454545		1
000039:	0.025767045454545	0.266499431818182	0.132362500000000	0.065488068181818	0.509882954545455		1
000040:	0.021361931818182	0.073037500000000	0.800118181818182	0.045651136363636	0.059831250000000		1
000041:	0.038364204545455	0.051707954545455	0.183800000000000	0.068393181818182	0.657734659090909		1
000042:	0.035453409090909	0.187517045454545	0.101806250000000	0.061219318181818	0.614003977272727		1
000043:	0.041595454545455	0.043135795454545	0.128259659090909	0.186294886363636	0.600714204545455		1
000044:	0.026747727272727	0.066449431818182	0.104839772727273	0.156125000000000	0.645838068181818		1
000045:	0.017320454545455	0.111723295454545	0.032685795454545	0.052313636363636	0.785956818181818		1
000046:	0.204496590909091	0.126735227272727	0.071961931818182	0.143005113636364	0.453801136363636		1
000047:	0.052596590909091	0.115161931818182	0.119313068181818	0.253132386363636	0.459796022727273		1
000048:	0.045688636363636	0.040385227272727	0.067149431818182	0.725866477272727	0.120910227272727		1
000049:	0.039603977272727	0.060247727272727	0.064544318181818	0.484869886363636	0.350734090909091		1
000050:	0.045091477272727	0.101927272727273	0.319078977272727	0.225975568181818	0.307926704545455		1
000051:	0.014702272727273	0.011910795454545	0.850711931818182	0.089040909090909	0.033634090909091		1
000052:	0.011998863636364	0.010927840909091	0.818749431818182	0.118385795454545	0.039938068181818		1
000053:	0.029180681818182	0.078344886363636	0.177010227272727	0.176993750000000	0.538470454545455		1
000054:	0.050282386363636	0.408315909090909	0.095126704545455	0.150003977272727	0.296271022727273		1
000055:	0.037469318181818	0.029036931818182	0.253260795454545	0.472417045454545	0.207815909090909		1
000056:	0.033647159090909	0.062814204545455	0.123236363636364	0.377433522727273	0.402868750000000		1
000057:	0.028310227272727	0.053815340909091	0.128497159090909	0.282763068181818	0.506614204545455		1
000058:	0.050393181818182	0.174660795454545	0.041000568181818	0.216275568181818	0.517669886363636		1
000059:	0.029639204545455	0.053110227272727	0.027586931818182	0.089121590909091	0.800542045454545		1
000060:	0.038035795454545	0.025665909090909	0.103936931818182	0.310452272727273	0.521909090909091		1
000061:	0.032118181818182	0.038947159090909	0.065082954545455	0.248540340909091	0.615311363636364		1
000062:	0.015392045454545	0.014434090909091	0.829292045454545	0.111771022727273	0.029110795454545		1
000063:	0.011871590909091	0.012367045454545	0.834176704545455	0.112337500000000	0.029247159090909		1
000064:	0.034051704545455	0.015513068181818	0.704740340909091	0.202884659090909	0.042810227272727		1
000065:	0.052104545454545	0.028703409090909	0.058123295454545	0.631230681818182	0.229838068181818		1
000066:	0.018098295454545	0.026514772727273	0.064186363636364	0.207996022727273	0.683204545454545		1
000067:	0.026564204545455	0.018050568181818	0.744120454545455	0.179230113636364	0.032034659090909		1
000068:	0.021673863636364	0.038511363636364	0.027434090909091	0.127107954545455	0.785272727272727		1
000069:	0.025331250000000	0.035077272727273	0.067791477272727	0.162872727272727	0.708927272727273		1
000070:	0.088389772727273	0.102068750000000	0.302995454545455	0.177344318181818	0.329201704545455		1
000071:	0.019487500000000	0.031829545454545	0.023960795454545	0.073150568181818	0.851571590909091		1
000072:	0.053639204545455	0.045398863636364	0.217684659090909	0.434292045454545	0.248985227272727		1
000073:	0.037782386363636	0.058524431818182	0.094394886363636	0.587161363636364	0.222136931818182		1
000074:	0.032324431818182	0.244608522727273	0.275389204545455	0.070330113636364	0.377347727272727		1
000075:	0.048432954545455	0.150827840909091	0.073157386363636	0.315826704545455	0.411755113636364		1
000076:	0.445637500000000	0.113346590909091	0.033361363636364	0.125000568181818	0.282653977272727		1
000077:	0.221387500000000	0.139171590909091	0.097867613636364	0.241436363636364	0.300136931818182		1
000078:	0.062652272727273	0.032796022727273	0.117289204545455	0.315781250000000	0.471481250000000		1
000079:	0.068902272727273	0.095091477272727	0.087690340909091	0.142330681818182	0.605985227272727		1
000080:	0.052964204545455	0.301706250000000	0.023638068181818	0.165194886363636	0.456496590909091		1
000081:	0.030090909090909	0.023768181818182	0.041525568181818	0.496826704545455	0.407788636363636		1
000082:	0.044351136363636	0.031926136363636	0.091372159090909	0.490847159090909	0.341503409090909		1
000083:	0.052501136363636	0.058861931818182	0.028061931818182	0.322759090909091	0.537815909090909		1
000084:	0.018474431818182	0.036035227272727	0.876821022727273	0.041622727272727	0.027046590909091		1
000085:	0.068307954545455	0.050118181818182	0.141838636363636	0.166663068181818	0.573072159090909		1
000086:	0.057214772727273	0.073063636363636	0.516386931818182	0.153820454545455	0.199514204545455		1
000087:	0.019758522727273	0.035517613636364	0.055906250000000	0.114817045454545	0.774000568181818		1
000088:	0.021043181818182	0.047425000000000	0.032792613636364	0.070244886363636	0.828494318181818		1
000089:	0.033290909090909	0.050684659090909	0.072974431818182	0.114400000000000	0.728650000000000		1
000090:	0.037105113636364	0.333341477272727	0.173714204545455	0.116193181818182	0.339646022727273		1
000091:	0.215559659090909	0.320148295454545	0.052433522727273	0.094720454545455	0.317138068181818		1
000092:	0.000859090909091	0.944150568181818	0.043862500000000	0.001412500000000	0.009715340909091		1
000093:	0.066625000000000	0.206838068181818	0.087478977272727	0.284511931818182	0.354546022727273		1
000094:	0.054593181818182	0.128005113636364	0.054581818181818	0.211615909090909	0.551203977272727		1
000095:	0.050609659090909	0.037900000000000	0.139414772727273	0.530921590909091	0.241153977272727		1
000096:	0.009254545454545	0.013412500000000	0.880958522727273	0.052934659090909	0.043439772727273		1
000097:	0.019368181818182	0.040108522727273	0.033322159090909	0.056200000000000	0.851001136363636		1
000098:	0.020314772727273	0.035505681818182	0.020253409090909	0.189143181818182	0.734782954545455		1
000099:	0.005594886363636	0.196673295454545	0.384757954545455	0.015135795454545	0.397838068181818		1
000100:	0.011591477272727	0.022169318181818	0.707630113636364	0.165918181818182	0.092690909090909		1
000101:	0.009844318181818	0.019577272727273	0.056177272727273	0.086782954545455	0.827618181818182		1
000102:	0.024514772727273	0.052862500000000	0.192091477272727	0.157718181818182	0.572813068181818		1
000103:	0.079494886363636	0.206315340909091	0.044569318181818	0.295146590909091	0.374473863636364		1
000104:	0.012009659090909	0.023152272727273	0.714668181818182	0.132642045454545	0.117527840909091		1
000105:	0.017957386363636	0.065847159090909	0.161613636363636	0.071608522727273	0.682973295454545		1
000106:	0.024398295454545	0.049836363636364	0.040010795454545	0.100053409090909	0.785701136363636		1
000107:	0.048722727272727	0.034804545454545	0.310481250000000	0.137642045454545	0.468349431818182		1
000108:	0.020172159090909	0.040917045454545	0.751656250000000	0.080537500000000	0.106717045454545		1
000109:	0.050737500000000	0.073578409090909	0.060536363636364	0.117339204545455	0.697808522727273		1
000110:	0.168451704545455	0.488993750000000	0.141035795454545	0.092447159090909	0.109071590909091		1
000111:	0.036314772727273	0.026494886363636	0.621001704545455	0.162192613636364	0.153996022727273		1
000112:	0.034933522727273	0.065119318181818	0.127161363636364	0.062637500000000	0.710148295454545		1
000113:	0.034951136363636	0.051486363636364	0.123492045454545	0.327688068181818	0.462382386363636		1
000114:	0.163871022727273	0.175845454545455	0.041984090909091	0.193372159090909	0.424927272727273		1
000115:	0.044385227272727	0.082898295454545	0.114315909090909	0.265553977272727	0.492846590909091		1
000116:	0.035206250000000	0.069226704545455	0.351516477272727	0.411114772727273	0.132935795454545		1
000117:	0.051028977272727	0.074464204545455	0.097128977272727	0.226127840909091	0.551250000000000		1
000118:	0.046283522727273	0.033552840909091	0.205833522727273	0.542677840909091	0.171652272727273		1
000119:	0.021851136363636	0.038017613636364	0.089676704545455	0.060026704545455	0.790427840909091		1
000120:	0.002136931818182	0.387487500000000	0.019553409090909	0.057227840909091	0.533594318181818		1
000121:	0.070757954545455	0.174132386363636	0.101446590909091	0.141193750000000	0.512469318181818		1
000122:	0.013718181818182	0.028546590909091	0.044669318181818	0.156517613636364	0.756548295454545		1
000123:	0.093819318181818	0.092157954545455	0.060109659090909	0.411002840909091	0.342910227272727		1
000124:	0.102996590909091	0.129193181818182	0.038339772727273	0.149917613636364	0.579552840909091		1
000125:	0.172997159090909	0.040085227272727	0.145939772727273	0.493368181818182	0.147609659090909		1
000126:	0.877007386363636	0.013434090909091	0.017345454545455	0.058236931818182	0.033976136363636		1
000127:	0.033666477272727	0.066524431818182	0.225695454545455	0.262315340909091	0.411798295454545		1
000128:	0.028831250000000	0.048960795454545	0.088623863636364	0.601094886363636	0.232489204545455		1
000129:	0.035975568181818	0.110239204545455	0.027357386363636	0.073530681818182	0.752897159090909		1
000130:	0.099169318181818	0.066673295454545	0.078606250000000	0.546723295454545	0.208827840909091		1
000131:	0.031247159090909	0.054887500000000	0.069241477272727	0.112919318181818	0.731704545454545		1
000132:	0.018211931818182	0.025806250000000	0.627580113636364	0.152048863636364	0.176352840909091		1
000133:	0.245850000000000	0.133269318181818	0.075205681818182	0.216924431818182	0.328750568181818		1
000134:	0.047695454545455	0.216042613636364	0.092240340909091	0.346255113636364	0.297766477272727		1
000135:	0.023011363636364	0.268518750000000	0.023227840909091	0.097880681818182	0.587361363636364		1
000136:	0.043181250000000	0.050545454545455	0.113656250000000	0.495430681818182	0.297186363636364		1
000137:	0.041677840909091	0.132873863636364	0.064969886363636	0.099198295454545	0.661280113636364		1
000138:	0.111466477272727	0.094248863636364	0.043859090909091	0.409113636363636	0.341311931818182		1
000139:	0.047635795454545	0.058352840909091	0.085451136363636	0.349109090909091	0.459451136363636		1
000140:	0.023005681818182	0.654642613636364	0.087603409090909	0.077825000000000	0.156923295454545		1
000141:	0.074865340909091	0.032582386363636	0.534289772727273	0.276246022727273	0.082016477272727		1
000142:	0.012686363636364	0.210271022727273	0.088436931818182	0.103653977272727	0.584951704545455		1
000143:	0.017137500000000	0.033498295454545	0.051065909090909	0.226460227272727	0.671838068181818		1
000144:	0.021861363636364	0.032997159090909	0.168464772727273	0.252616477272727	0.524060227272727		1
000145:	0.012706250000000	0.028775568181818	0.854981250000000	0.051831250000000	0.051705681818182		1
000146:	0.025936363636364	0.190663068181818	0.128182954545455	0.276715909090909	0.378501704545455		1
000147:	0.016515909090909	0.032628409090909	0.090075568181818	0.582877272727273	0.277902840909091		1
000148:	0.029842045454545	0.043675568181818	0.048289772727273	0.644287500000000	0.233905113636364		1
000149:	0.028797727272727	0.088540909090909	0.115825568181818	0.306550000000000	0.460285795454545		1
000150:	0.028882386363636	0.109807386363636	0.081138636363636	0.070454545454545	0.709717045454546		1
000151:	0.038526704545455	0.059376704545455	0.230007954545455	0.395678977272727	0.276409659090909		1
000152:	0.076891477272727	0.129772727272727	0.102770454545455	0.304907386363636	0.385657954545455		1
000153:	0.013544318181818	0.034494886363636	0.295180681818182	0.056953409090909	0.599826704545455		1
000154:	0.021154545454545	0.032165340909091	0.454536363636364	0.413442613636364	0.078701136363636		1
000155:	0.035008522727273	0.084558522727273	0.409516477272727	0.176928409090909	0.293988068181818		1
000156:	0.022960227272727	0.032836363636364	0.382644318181818	0.088359090909091	0.473200000000000		1
000157:	0.018094318181818	0.014582954545455	0.827731818181818	0.122471022727273	0.017119886363636		1
000158:	0.132102272727273	0.047202840909091	0.230317613636364	0.460247159090909	0.130130113636364		1
000159:	0.133177272727273	0.047085795454545	0.545498295454545	0.159043181818182	0.115195454545455		1
000160:	0.551044318181818	0.009017613636364	0.048030681818182	0.372157386363636	0.019750000000000		1
000161:	0.051053977272727	0.025335795454545	0.050307386363636	0.834434659090909	0.038868181818182		1
000162:	0.195639204545455	0.318781250000000	0.025920454545455	0.249109090909091	0.210550000000000		1
000163:	0.021080113636364	0.009281250000000	0.041639204545455	0.812396590909091	0.115602840909091		1
000164:	0.036678409090909	0.008005113636364	0.476222727272727	0.460403409090909	0.018690340909091		1
000165:	0.028515909090909	0.014744886363636	0.045228409090909	0.877674431818182	0.033836363636364		1
000166:	0.019741477272727	0.009732386363636	0.038046590909091	0.887977840909091	0.044501704545455		1
000167:	0.058455113636364	0.023102840909091	0.053491477272727	0.721401704545454	0.143548863636364		1
000168:	0.023750568181818	0.045699431818182	0.411903409090909	0.236221022727273	0.282425568181818		1
000169:	0.018093750000000	0.029597727272727	0.076714772727273	0.113469318181818	0.762124431818182		1
000170:	0.014805113636364	0.038560795454545	0.028434659090909	0.795169318181818	0.123030113636364		1
000171:	0.028655681818182	0.030715340909091	0.599528977272727	0.233819886363636	0.107280113636364		1
000172:	0.059395454545455	0.088152840909091	0.076444318181818	0.386193181818182	0.389814204545455		1
000173:	0.014473863636364	0.019902272727273	0.058021590909091	0.303760795454545	0.603841477272727		1
000174:	0.015565909090909	0.107886931818182	0.054096022727273	0.125980113636364	0.696471022727273		1
000175:	0.612469886363636	0.194859659090909	0.152973863636364	0.011513636363636	0.028182954545455		1
000176:	0.046075568181818	0.026549431818182	0.145995454545455	0.149444886363636	0.631934659090909		1
000177:	0.016529545454545	0.046877840909091	0.097663068181818	0.141642045454545	0.697287500000000		1
000178:	0.011045454545455	0.053184659090909	0.216986931818182	0.250547727272727	0.468235227272727		1
000179:	0.004890340909091	0.010482386363636	0.864918750000000	0.068109090909091	0.051599431818182		1
000180:	0.026351704545455	0.013449431818182	0.850584090909091	0.060586363636364	0.049028409090909		1
000181:	0.010070454545455	0.010007386363636	0.880767045454545	0.067014772727273	0.032140340909091		1
000182:	0.031941477272727	0.143604545454545	0.214800000000000	0.164532386363636	0.445121590909091		1
000183:	0.008234090909091	0.013575568181818	0.838125568181818	0.084880113636364	0.055184659090909		1
000184:	0.022940909090909	0.086181818181818	0.151352840909091	0.359301136363636	0.380223295454545		1
000185:	0.032810227272727	0.292752840909091	0.098285227272727	0.170548863636364	0.405602840909091		1
000186:	0.028569886363636	0.036805113636364	0.766305113636364	0.080501136363636	0.087818750000000		1
000187:	0.009215909090909	0.016780681818182	0.905182954545454	0.028122727272727	0.040697727272727		1
000188:	0.202119318181818	0.048259090909091	0.335421590909091	0.242042613636364	0.172157386363636		1
000189:	0.019012500000000	0.023310227272727	0.057069318181818	0.358356250000000	0.542251704545455		1
000190:	0.042847159090909	0.058598295454545	0.037356250000000	0.526249431818182	0.334948863636364		1
000191:	0.022785227272727	0.036093181818182	0.061138636363636	0.296377272727273	0.583605681818182		1
000192:	0.059560795454545	0.033988068181818	0.067709659090909	0.098860795454545	0.739880681818182		1
000193:	0.021847159090909	0.046976136363636	0.115383522727273	0.128943181818182	0.686850000000000		1
000194:	0.023276136363636	0.195717613636364	0.087027840909091	0.394737500000000	0.299240909090909		1
000195:	0.011347727272727	0.023834090909091	0.047853977272727	0.067151136363636	0.849813068181818		1
000196:	0.131289204545455	0.011651136363636	0.218426136363636	0.577535795454545	0.061097727272727		1
000197:	0.045588068181818	0.017946022727273	0.088200000000000	0.502664772727273	0.345601136363636		1
000198:	0.051606818181818	0.111677272727273	0.113282954545455	0.456358522727273	0.267074431818182		1
000199:	0.039797727272727	0.014150000000000	0.060221590909091	0.851807954545455	0.034022727272727		1
000200:	0.044005113636364	0.018953977272727	0.038393181818182	0.852268181818182	0.046379545454545		1
000201:	0.016136931818182	0.008736931818182	0.794079545454545	0.164557954545455	0.016488636363636		1
000202:	0.566189204545455	0.382076136363636	0.002944318181818	0.033844886363636	0.014945454545455		1
000203:	0.018518750000000	0.042009090909091	0.122897727272727	0.666660795454545	0.149913636363636		1
000204:	0.087631250000000	0.042397159090909	0.236050568181818	0.527639204545455	0.106281818181818		1
000205:	0.036172727272727	0.047380681818182	0.505934659090909	0.241504545454545	0.169007386363636		1
000206:	0.028484090909091	0.265283522727273	0.184636363636364	0.358694886363636	0.162901136363636		1
000207:	0.073181250000000	0.046237500000000	0.028964204545455	0.160246022727273	0.691371022727273		1
000208:	0.020280681818182	0.033577840909091	0.417727272727273	0.318417613636364	0.209996590909091		1
000209:	0.046271590909091	0.026968750000000	0.467610795454545	0.311820454545455	0.147328409090909		1
000210:	0.021707386363636	0.034495454545455	0.332872159090909	0.383692045454545	0.227232954545455		1
000211:	0.035973295454545	0.032807386363636	0.069602840909091	0.752266477272727	0.109350000000000		1
000212:	0.099334090909091	0.025315909090909	0.229517045454545	0.545802840909091	0.100030113636364		1
000213:	0.050517045454545	0.017700000000000	0.186140909090909	0.691246022727273	0.054396022727273		1
000214:	0.234124431818182	0.024705113636364	0.048757386363636	0.571776704545455	0.120636363636364		1
000215:	0.171779545454545	0.047393750000000	0.078295454545455	0.392016477272727	0.310514772727273		1
000216:	0.053100000000000	0.023933522727273	0.246512500000000	0.638693181818182	0.037760795454545		1
000217:	0.101982386363636	0.033225000000000	0.106990909090909	0.706985795454545	0.050815909090909		1
000218:	0.052618750000000	0.010393750000000	0.115127272727273	0.784012500000000	0.037847727272727		1
000219:	0.035320454545455	0.011831250000000	0.081330681818182	0.846088068181818	0.025429545454545		1
000220:	0.062997159090909	0.008827272727273	0.225731818181818	0.675232954545455	0.027210795454545		1
000221:	0.043026136363636	0.010804545454545	0.100882386363636	0.815890340909091	0.029396590909091		1
000222:	0.036598295454545	0.011255681818182	0.556196022727273	0.373166477272727	0.022783522727273		1
000223:	0.073231250000000	0.111940909090909	0.261608522727273	0.391700000000000	0.161519318181818		1
000224:	0.112108522727273	0.177990340909091	0.108116477272727	0.042684659090909	0.559100000000000		1
000225:	0.084815340909091	0.131027272727273	0.067977840909091	0.046467045454545	0.669712500000000		1
000226:	0.281945454545455	0.081093750000000	0.174040340909091	0.069040909090909	0.393879545454545		1
000227:	0.228497727272727	0.106131818181818	0.050382386363636	0.058980113636364	0.556007954545455		1
000228:	0.227025568181818	0.639807386363636	0.027750568181818	0.067343750000000	0.038072727272727		1
000229:	0.226651136363636	0.200647727272727	0.050364772727273	0.180753977272727	0.341582386363636		1
000230:	0.736513636363636	0.065544886363636	0.063417045454545	0.103356818181818	0.031167613636364		1
000231:	0.158324431818182	0.096442613636364	0.043074431818182	0.117068181818182	0.585090340909091		1
000232:	0.346411931818182	0.105928409090909	0.227897159090909	0.242626136363636	0.077136363636364		1
000233:	0.185044318181818	0.098046590909091	0.041838636363636	0.043294886363636	0.631775568181818		1
000234:	0.102031818181818	0.609909659090909	0.033225000000000	0.033606250000000	0.221227272727273		1
000235:	0.044006250000000	0.790270454545455	0.045968181818182	0.043297159090909	0.076457954545455		1
000236:	0.362254545454545	0.149880681818182	0.403292045454545	0.038334659090909	0.046238068181818		1
000237:	0.075214204545455	0.455607386363636	0.038057386363636	0.044757954545455	0.386363068181818		1
000238:	0.086422159090909	0.080946590909091	0.722265340909091	0.052878977272727	0.057486931818182		1
000239:	0.220365909090909	0.201041477272727	0.082298295454545	0.057521590909091	0.438772727272727		1
000240:	0.821003977272727	0.052710227272727	0.032238636363636	0.025158522727273	0.068888636363636		1
000241:	0.124770454545455	0.119476136363636	0.344028977272727	0.036356818181818	0.375367613636364		1
000242:	0.057564772727273	0.210110227272727	0.045828977272727	0.056460227272727	0.630035795454545		1
000243:	0.596824431818182	0.262430113636364	0.038799431818182	0.025994318181818	0.075951704545455		1
000244:	0.470938068181818	0.138981818181818	0.070376136363636	0.118108522727273	0.201595454545455		1
000245:	0.438402272727273	0.129276136363636	0.040562500000000	0.051015909090909	0.340743181818182		1
000246:	0.162927840909091	0.370389204545455	0.081271022727273	0.044432954545455	0.340978977272727		1
000247:	0.234583522727273	0.256253409090909	0.065469318181818	0.084743750000000	0.358950000000000		1
000248:	0.680223863636364	0.077865340909091	0.037635227272727	0.074853977272727	0.129421590909091		1
000249:	0.485235227272727	0.321540909090909	0.032520454545455	0.032129545454545	0.128573863636364		1
000250:	0.138515340909091	0.186635795454545	0.048065340909091	0.036949431818182	0.589834090909091		1
000251:	0.356456818181818	0.147407954545455	0.045481818181818	0.039661931818182	0.410991477272727		1
000252:	0.463840909090909	0.146756250000000	0.190341477272727	0.087776136363636	0.111285227272727		1
000253:	0.215603977272727	0.581205113636364	0.078526136363636	0.062536363636364	0.062128409090909		1
000254:	0.397706818181818	0.367936931818182	0.075634090909091	0.086103977272727	0.072618181818182		1
000255:	0.414278409090909	0.329922159090909	0.073133522727273	0.101805113636364	0.080860795454545		1
000256:	0.271467045454545	0.084043750000000	0.056793750000000	0.121738636363636	0.465956818181818		1
000257:	0.093849431818182	0.055557386363636	0.670030113636364	0.153871022727273	0.026692045454545		1
000258:	0.121776704545455	0.060642613636364	0.054659659090909	0.269188068181818	0.493732954545455		1
000259:	0.025539204545455	0.024472727272727	0.898261363636364	0.028881818181818	0.022844886363636		1
000260:	0.627256818181818	0.129514772727273	0.036613068181818	0.052813636363636	0.153801704545455		1
000261:	0.294224431818182	0.332915340909091	0.135576704545455	0.153368750000000	0.083914772727273		1
000262:	0.297148295454545	0.115425568181818	0.440607954545455	0.075688636363636	0.071129545454545		1
000263:	0.093602272727273	0.044723295454545	0.197971022727273	0.277727272727273	0.385976136363636		1
000264:	0.023545454545455	0.014845454545455	0.930861931818182	0.018948295454545	0.011798863636364		1
000265:	0.082735795454545	0.100818750000000	0.100763068181818	0.661263636363636	0.054418750000000		1
000266:	0.214588068181818	0.308714204545455	0.145903977272727	0.092486931818182	0.238306818181818		1
000267:	0.428704545454545	0.271867045454545	0.034984090909091	0.055621022727273	0.208823295454545		1
000268:	0.122585227272727	0.100568750000000	0.196630681818182	0.437625568181818	0.142589772727273		1
000269:	0.041873295454545	0.497177272727273	0.083074431818182	0.059353977272727	0.318521022727273		1
000270:	0.028583522727273	0.019201704545455	0.890566477272727	0.038052840909091	0.023595454545455		1
000271:	0.310094318181818	0.476156818181818	0.102043181818182	0.044087500000000	0.067618181818182		1
000272:	0.317909090909091	0.302065909090909	0.199813636363636	0.065013068181818	0.115198295454545		1
000273:	0.088217613636364	0.266077840909091	0.494471590909091	0.051963636363636	0.099269318181818		1
000274:	0.279054545454545	0.377793750000000	0.072408522727273	0.097824431818182	0.172918750000000		1
000275:	0.138520454545455	0.103206818181818	0.118194886363636	0.103600568181818	0.536477272727273		1
000276:	0.061675000000000	0.060501704545455	0.809499431818182	0.044978409090909	0.023345454545455		1
000277:	0.088570454545455	0.672147727272727	0.092876136363636	0.044522727272727	0.101882954545455		1
000278:	0.183310227272727	0.137646590909091	0.057575568181818	0.198840909090909	0.422626704545455		1
000279:	0.011055681818182	0.141406250000000	0.169602840909091	0.004621022727273	0.673314204545455		1
000280:	0.501509090909091	0.086718750000000	0.183926704545455	0.079453409090909	0.148392045454545		1
000281:	0.053715340909091	0.347288068181818	0.454516477272727	0.073094318181818	0.071385795454545		1
000282:	0.192105681818182	0.228767045454545	0.147946022727273	0.093387500000000	0.337793750000000		1
000283:	0.051458522727273	0.026494318181818	0.844702272727273	0.053580113636364	0.023764772727273		1
000284:	0.324183522727273	0.404302840909091	0.070065340909091	0.082231818181818	0.119216477272727		1
000285:	0.099703977272727	0.479798295454545	0.040909659090909	0.092803977272727	0.286784090909091		1
000286:	0.092829545454545	0.271378977272727	0.318599431818182	0.057098863636364	0.260093181818182		1
000287:	0.093577840909091	0.441070454545455	0.268889772727273	0.057271022727273	0.139190909090909		1
000288:	0.282538636363636	0.169214204545455	0.256789204545455	0.100150568181818	0.191307386363636		1
000289:	0.055655681818182	0.029592045454545	0.160911931818182	0.631933522727273	0.121906818181818		1
000290:	0.358292045454545	0.022165909090909	0.210350000000000	0.341830113636364	0.067361931818182		1
000291:	0.015261363636364	0.029028409090909	0.059750568181818	0.713676136363636	0.182283522727273		1
000292:	0.086953977272727	0.034482386363636	0.050968181818182	0.764243181818182	0.063352272727273		1
000293:	0.187901136363636	0.805263636363636	0.000979545454545	0.004632386363636	0.001223295454545		1
000294:	0.022919886363636	0.016247159090909	0.214707386363636	0.441846590909091	0.304278977272727		1
000295:	0.029807386363636	0.013361363636364	0.058413068181818	0.257965909090909	0.640452272727273		1
000296:	0.020760227272727	0.021884659090909	0.279393750000000	0.578511931818182	0.099449431818182		1
000297:	0.111871590909091	0.035562500000000	0.307432386363636	0.285894318181818	0.259239204545455		1
000298:	0.034206250000000	0.221220454545455	0.093835795454545	0.072148295454545	0.578589204545455		1
000299:	0.088254545454545	0.077563636363636	0.117397727272727	0.369137500000000	0.347646590909091		1
000300:	0.096644886363636	0.147899431818182	0.166152272727273	0.506547727272727	0.082755681818182		1
000301:	0.041202840909091	0.033379545454545	0.052521022727273	0.653614772727273	0.219281818181818		1
000302:	0.034779545454545	0.008850000000000	0.882070454545455	0.056376704545455	0.017923295454545		1
000303:	0.022634090909091	0.009514772727273	0.891515340909091	0.049336363636364	0.026999431818182		1
000304:	0.059596022727273	0.019588636363636	0.033094318181818	0.781486931818182	0.106234090909091		1
000305:	0.433121590909091	0.028642613636364	0.172284090909091	0.317564204545455	0.048387500000000		1
000306:	0.082969318181818	0.040950000000000	0.724511931818182	0.092876704545455	0.058692045454545		1
000307:	0.463076704545455	0.021322159090909	0.092836931818182	0.395055681818182	0.027708522727273		1
000308:	0.013482954545455	0.967906818181818	0.000428409090909	0.017235227272727	0.000946590909091		1
000309:	0.040277840909091	0.077169318181818	0.072385227272727	0.709555681818182	0.100611931818182		1
000310:	0.013196590909091	0.012813068181818	0.894093181818182	0.054207386363636	0.025689772727273		1
000311:	0.183009090909091	0.077490909090909	0.235345454545455	0.269758522727273	0.234396022727273		1
000312:	0.070119318181818	0.425083522727273	0.065136931818182	0.143540909090909	0.296119318181818		1
000313:	0.071134090909091	0.513946590909091	0.072526136363636	0.119193181818182	0.223200000000000		1
000314:	0.101833522727273	0.232809659090909	0.093571022727273	0.100705681818182	0.471080113636364		1
000315:	0.023828977272727	0.629980113636364	0.029480113636364	0.072293750000000	0.244417045454545		1
000316:	0.098978409090909	0.054130681818182	0.075173295454545	0.353023863636364	0.418693750000000		1
000317:	0.088081818181818	0.070907386363636	0.033339204545455	0.151288068181818	0.656383522727273		1
000318:	0.130742045454545	0.021759090909091	0.192927272727273	0.572930681818182	0.081640909090909		1
000319:	0.027836931818182	0.017740340909091	0.762334659090909	0.166114772727273	0.025973295454545		1
000320:	0.090153977272727	0.071297159090909	0.205664772727273	0.548972727272727	0.083911363636364		1
000321:	0.048264772727273	0.017701704545455	0.037279545454545	0.870534090909091	0.026219886363636		1
000322:	0.244413068181818	0.029519318181818	0.169827840909091	0.517594886363636	0.038644886363636		1
000323:	0.081442045454545	0.396510227272727	0.106581818181818	0.243865909090909	0.171600000000000		1
000324:	0.214490340909091	0.021763068181818	0.182688636363636	0.532472159090909	0.048585795454545		1
000325:	0.053055113636364	0.027829545454545	0.779956818181818	0.116352272727273	0.022806250000000		1
000326:	0.483790909090909	0.054402840909091	0.080169318181818	0.310920454545455	0.070716477272727		1
000327:	0.118171022727273	0.030639772727273	0.088949431818182	0.662751136363636	0.099488636363636		1
000328:	0.785861363636364	0.020100568181818	0.046165340909091	0.122756818181818	0.025115909090909		1
000329:	0.107457954545455	0.081311931818182	0.096547727272727	0.620779545454546	0.093902840909091		1
000330:	0.495928977272727	0.025608522727273	0.105564772727273	0.339543181818182	0.033354545454545		1
000331:	0.734964204545455	0.035418181818182	0.045597159090909	0.166540909090909	0.017479545454545		1
000332:	0.019247727272727	0.010216477272727	0.869310227272727	0.082877840909091	0.018347727272727		1
000333:	0.013572727272727	0.011785795454545	0.906268750000000	0.057556250000000	0.010816477272727		1
000334:	0.026596590909091	0.012843181818182	0.859584090909091	0.081336363636364	0.019639772727273		1
000335:	0.098584659090909	0.035963636363636	0.058019886363636	0.584543181818182	0.222888636363636		1
000336:	0.073821590909091	0.010630113636364	0.759431250000000	0.136778977272727	0.019338068181818		1
000337:	0.364920454545455	0.042240340909091	0.155486931818182	0.389359659090909	0.047992613636364		1
000338:	0.044886363636364	0.018254545454545	0.083610795454545	0.760563068181818	0.092685227272727		1
000339:	0.112157386363636	0.014388636363636	0.061303977272727	0.780431250000000	0.031718750000000		1
000340:	0.038688636363636	0.014965340909091	0.587409090909091	0.339624431818182	0.019312500000000		1
000341:	0.039663636363636	0.017531250000000	0.044317613636364	0.842427840909091	0.056059659090909		1
000342:	0.097667045454545	0.017437500000000	0.063616477272727	0.776371022727273	0.044907954545455		1
000343:	0.063297727272727	0.018319318181818	0.190360795454545	0.685623295454545	0.042398863636364		1
000344:	0.737388068181818	0.019053977272727	0.022742613636364	0.181847727272727	0.038967613636364		1
000345:	0.553932954545455	0.008309090909091	0.030922159090909	0.384280113636364	0.022555681818182		1
000346:	0.073369318181818	0.019702840909091	0.045676704545455	0.800376704545455	0.060874431818182		1
000347:	0.135997159090909	0.010303409090909	0.035672727272727	0.778647159090909	0.039379545454545		1
000348:	0.117755681818182	0.030423863636364	0.105689772727273	0.676940909090909	0.069189772727273		1
000349:	0.107005113636364	0.032682386363636	0.170030681818182	0.592452840909091	0.097828977272727		1
000350:	0.117041477272727	0.016190909090909	0.056083522727273	0.759396022727273	0.051288068181818		1
000351:	0.541253977272727	0.011614204545455	0.024389772727273	0.368503409090909	0.054238636363636		1
000352:	0.034693181818182	0.027770454545455	0.159008522727273	0.721076704545455	0.057451136363636		1
000353:	0.026573863636364	0.012492045454545	0.545748295454546	0.384464204545455	0.030721590909091		1
000354:	0.020348295454545	0.009260795454545	0.656701136363636	0.282294886363636	0.031394886363636		1
000355:	0.007805113636364	0.152027272727273	0.438910227272727	0.392704545454545	0.008552840909091		1
000356:	0.118625000000000	0.242345454545455	0.258573295454545	0.176076704545455	0.204379545454545		1
000357:	0.163763068181818	0.199756818181818	0.038989772727273	0.070401136363636	0.527089204545454		1
000358:	0.090936931818182	0.169895454545455	0.109997727272727	0.196990340909091	0.432179545454545		1
000359:	0.203225000000000	0.368863068181818	0.075237500000000	0.222434659090909	0.130239772727273		1
000360:	0.058350000000000	0.043922159090909	0.145148295454545	0.394693750000000	0.357885795454545		1
000361:	0.130847727272727	0.220546590909091	0.107278409090909	0.060235227272727	0.481092045454545		1
000362:	0.449278409090909	0.046607386363636	0.192635227272727	0.237133522727273	0.074345454545455		1
000363:	0.042708522727273	0.025991477272727	0.064411931818182	0.116655113636364	0.750232954545455		1
000364:	0.271135795454545	0.244907954545455	0.036409659090909	0.138868181818182	0.308678409090909		1
000365:	0.212121590909091	0.075481818181818	0.101897159090909	0.239100568181818	0.371398863636364		1
000366:	0.038118750000000	0.559504545454545	0.037263636363636	0.157970454545455	0.207142613636364		1
000367:	0.056076704545455	0.222939772727273	0.080989204545455	0.141850568181818	0.498143750000000		1
000368:	0.063753409090909	0.262149431818182	0.063494318181818	0.127160227272727	0.483442613636364		1
000369:	0.115876136363636	0.121611931818182	0.219640340909091	0.215206818181818	0.327664772727273		1
000370:	0.097826704545455	0.079598295454545	0.390623863636364	0.352563068181818	0.079388068181818		1
000371:	0.183901704545455	0.033353409090909	0.058046590909091	0.524801136363636	0.199897159090909		1
000372:	0.050165340909091	0.036685795454545	0.037571590909091	0.170335795454545	0.705241477272727		1
000373:	0.124417045454545	0.293463068181818	0.088653409090909	0.259338068181818	0.234128409090909		1
000374:	0.049481250000000	0.031050568181818	0.089567613636364	0.180785795454545	0.649114772727273		1
000375:	0.124095454545455	0.024055113636364	0.701052840909091	0.125819318181818	0.024977272727273		1
000376:	0.053022159090909	0.086025000000000	0.154650000000000	0.143314204545455	0.562988636363636		1
000377:	0.032362500000000	0.011210227272727	0.884144318181818	0.054370454545455	0.017912500000000		1
000378:	0.002932954545455	0.002371590909091	0.477849431818182	0.362697727272727	0.154148295454545		1
000379:	0.026117613636364	0.427073295454545	0.014342613636364	0.051041477272727	0.481425000000000		1
000380:	0.055459090909091	0.207797727272727	0.116678409090909	0.106452840909091	0.513611931818182		1
000381:	0.029614772727273	0.770702272727273	0.022631818181818	0.044847727272727	0.132203409090909		1
000382:	0.057959090909091	0.106119318181818	0.128368181818182	0.112421022727273	0.595132386363636		1
000383:	0.114487500000000	0.151237500000000	0.113909090909091	0.226794318181818	0.393571590909091		1
000384:	0.080488068181818	0.124174431818182	0.042656818181818	0.183890909090909	0.568789772727273		1
000385:	0.353637500000000	0.061623295454545	0.031871590909091	0.146506250000000	0.406361363636364		1
000386:	0.046382954545455	0.736971590909091	0.049715909090909	0.066859659090909	0.100069886363636		1
000387:	0.052514772727273	0.096788636363636	0.126649431818182	0.173683522727273	0.550363636363636		1
000388:	0.131584659090909	0.428543181818182	0.069621022727273	0.273421022727273	0.096830113636364		1
000389:	0.166777840909091	0.061604545454545	0.031024431818182	0.220060227272727	0.520532954545455		1
000390:	0.510861931818182	0.047880113636364	0.169899431818182	0.210028409090909	0.061330113636364		1
