Estimated Clustering Probabilities for Samples
Sample	***Cluster  01***	***Cluster  02***	***Cluster  03***	
000001:	0.040426704545455	0.049368181818182	0.910205113636364		1
000002:	0.023705113636364	0.055110795454545	0.921184090909091		1
000003:	0.027856818181818	0.040432386363636	0.931710795454545		1
000004:	0.018506250000000	0.028666477272727	0.952827272727273		1
000005:	0.023143181818182	0.018725568181818	0.958131250000000		1
000006:	0.071509090909091	0.048989772727273	0.879501136363636		1
000007:	0.015146022727273	0.089231250000000	0.895622727272727		1
000008:	0.018178977272727	0.039648863636364	0.942172159090909		1
000009:	0.021713636363636	0.025260795454545	0.953025568181818		1
000010:	0.031338636363636	0.025538068181818	0.943123295454545		1
000011:	0.327381818181818	0.163380681818182	0.509237500000000		1
000012:	0.754240909090909	0.030140909090909	0.215618181818182		1
000013:	0.868278409090909	0.031965340909091	0.099756250000000		1
000014:	0.300661931818182	0.045655113636364	0.653682954545455		1
000015:	0.119294318181818	0.019363068181818	0.861342613636364		1
000016:	0.100488068181818	0.074103977272727	0.825407954545455		1
000017:	0.272334659090909	0.037078977272727	0.690586363636364		1
000018:	0.894281818181818	0.021421022727273	0.084297159090909		1
000019:	0.553305681818182	0.032591477272727	0.414102840909091		1
000020:	0.375811363636364	0.045342613636364	0.578846022727273		1
000021:	0.794768181818182	0.116219886363636	0.089011931818182		1
000022:	0.629384659090909	0.018853409090909	0.351761931818182		1
000023:	0.694044318181818	0.068084659090909	0.237871022727273		1
000024:	0.478063636363636	0.046827840909091	0.475108522727273		1
000025:	0.822856818181818	0.032647727272727	0.144495454545455		1
000026:	0.836761931818182	0.027279545454545	0.135958522727273		1
000027:	0.926915340909091	0.017934090909091	0.055150568181818		1
000028:	0.297898863636364	0.166742045454545	0.535359090909091		1
000029:	0.637282954545455	0.054097727272727	0.308619318181818		1
000030:	0.542714772727273	0.097001136363636	0.360284090909091		1
000031:	0.933514204545455	0.016348295454545	0.050137500000000		1
000032:	0.818077840909091	0.039471022727273	0.142451136363636		1
000033:	0.612123295454545	0.081236931818182	0.306639772727273		1
000034:	0.402188636363636	0.054490340909091	0.543321022727273		1
000035:	0.779204545454545	0.125829545454545	0.094965909090909		1
000036:	0.396969318181818	0.078748295454545	0.524282386363636		1
000037:	0.785446590909091	0.021008522727273	0.193544886363636		1
000038:	0.510706818181818	0.264719318181818	0.224573863636364		1
000039:	0.848518181818182	0.028361931818182	0.123119886363636		1
000040:	0.397883522727273	0.072493750000000	0.529622727272727		1
000041:	0.736282954545455	0.017493750000000	0.246223295454545		1
000042:	0.887993750000000	0.030993750000000	0.081012500000000		1
000043:	0.193264204545455	0.039648295454545	0.767087500000000		1
000044:	0.562709659090909	0.036061931818182	0.401228409090909		1
000045:	0.919682954545455	0.015029545454545	0.065287500000000		1
000046:	0.709942045454545	0.128176136363636	0.161881818181818		1
000047:	0.349659090909091	0.067219318181818	0.583121590909091		1
000048:	0.058498863636364	0.040985227272727	0.900515909090909		1
000049:	0.190255113636364	0.027367045454545	0.782377840909091		1
000050:	0.458770454545455	0.042109090909091	0.499120454545455		1
000051:	0.055570454545455	0.050371590909091	0.894057954545455		1
000052:	0.058920454545455	0.024192045454545	0.916887500000000		1
000053:	0.468015909090909	0.038905113636364	0.493078977272727		1
000054:	0.798465340909091	0.051108522727273	0.150426136363636		1
000055:	0.071836363636364	0.024652272727273	0.903511363636364		1
000056:	0.255573863636364	0.035639204545455	0.708786931818182		1
000057:	0.396282386363636	0.035836931818182	0.567880681818182		1
000058:	0.584638068181818	0.040628409090909	0.374733522727273		1
000059:	0.807948863636364	0.029081818181818	0.162969318181818		1
000060:	0.108989772727273	0.030359090909091	0.860651136363636		1
000061:	0.292747727272727	0.025813636363636	0.681438636363636		1
000062:	0.066047159090909	0.036606818181818	0.897346022727273		1
000063:	0.056782954545455	0.039627272727273	0.903589772727273		1
000064:	0.037900000000000	0.129960227272727	0.832139772727273		1
000065:	0.082536931818182	0.046321022727273	0.871142045454545		1
000066:	0.432972159090909	0.021628409090909	0.545399431818182		1
000067:	0.048434659090909	0.033621022727273	0.917944318181818		1
000068:	0.682340340909091	0.031315340909091	0.286344318181818		1
000069:	0.447446022727273	0.033973863636364	0.518580113636364		1
000070:	0.435425000000000	0.087031818181818	0.477543181818182		1
000071:	0.628695454545455	0.035522159090909	0.335782386363636		1
000072:	0.089397727272727	0.036307954545455	0.874294318181818		1
000073:	0.106868750000000	0.027653409090909	0.865477840909091		1
000074:	0.850207954545455	0.033903977272727	0.115888068181818		1
000075:	0.558686931818182	0.041135795454545	0.400177272727273		1
000076:	0.427301136363636	0.405693750000000	0.167005113636364		1
000077:	0.351434090909091	0.262475568181818	0.386090340909091		1
000078:	0.120563636363636	0.057718750000000	0.821717613636364		1
000079:	0.695098863636364	0.060487500000000	0.244413636363636		1
000080:	0.776951136363636	0.054352840909091	0.168696022727273		1
000081:	0.083167045454545	0.026053409090909	0.890779545454545		1
000082:	0.079493181818182	0.029672159090909	0.890834659090909		1
000083:	0.316725000000000	0.041355681818182	0.641919318181818		1
000084:	0.303817613636364	0.273269886363636	0.422912500000000		1
000085:	0.498719886363636	0.084516477272727	0.416763636363636		1
000086:	0.339173863636364	0.061812500000000	0.599013636363636		1
000087:	0.361466477272727	0.022745454545455	0.615788068181818		1
000088:	0.795557954545455	0.025801136363636	0.178640909090909		1
000089:	0.751682386363636	0.051369886363636	0.196947727272727		1
000090:	0.822180113636364	0.032012500000000	0.145807386363636		1
000091:	0.675223295454545	0.252635795454545	0.072140909090909		1
000092:	0.482487500000000	0.042731250000000	0.474781250000000		1
000093:	0.526269318181818	0.080513068181818	0.393217613636364		1
000094:	0.699389772727273	0.061738068181818	0.238872159090909		1
000095:	0.073383522727273	0.034580113636364	0.892036363636364		1
000096:	0.111422727272727	0.024068750000000	0.864508522727273		1
000097:	0.792403977272727	0.017918181818182	0.189677840909091		1
000098:	0.558102840909091	0.029222159090909	0.412675000000000		1
000099:	0.434268181818182	0.066932386363636	0.498799431818182		1
000100:	0.109569886363636	0.025944318181818	0.864485795454545		1
000101:	0.616401704545455	0.025651704545455	0.357946590909091		1
000102:	0.425896022727273	0.026310227272727	0.547793750000000		1
000103:	0.599393181818182	0.070960227272727	0.329646590909091		1
000104:	0.085601704545455	0.032714772727273	0.881683522727273		1
000105:	0.807853409090909	0.022117613636364	0.170028977272727		1
000106:	0.772719886363636	0.041084090909091	0.186196022727273		1
000107:	0.240075568181818	0.024867045454545	0.735057386363636		1
000108:	0.298756250000000	0.053314772727273	0.647928977272727		1
000109:	0.669921022727273	0.033646022727273	0.296432954545455		1
000110:	0.753043181818182	0.151768750000000	0.095188068181818		1
000111:	0.151789204545455	0.091086363636364	0.757124431818182		1
000112:	0.792916477272727	0.044091477272727	0.162992045454545		1
000113:	0.141502272727273	0.029865340909091	0.828632386363636		1
000114:	0.584048863636364	0.196722159090909	0.219228977272727		1
000115:	0.452563068181818	0.055803977272727	0.491632954545455		1
000116:	0.113800568181818	0.027969886363636	0.858229545454545		1
000117:	0.519983522727273	0.098382386363636	0.381634090909091		1
000118:	0.081878977272727	0.062407386363636	0.855713636363636		1
000119:	0.762148295454545	0.019736931818182	0.218114772727273		1
000120:	0.094619318181818	0.028140340909091	0.877240340909091		1
000121:	0.638105681818182	0.043934090909091	0.317960227272727		1
000122:	0.489528977272727	0.012791477272727	0.497679545454545		1
000123:	0.231281250000000	0.077826136363636	0.690892613636364		1
000124:	0.618247159090909	0.129364204545455	0.252388636363636		1
000125:	0.098572159090909	0.206247159090909	0.695180681818182		1
000126:	0.055078409090909	0.784094886363636	0.160826704545455		1
000127:	0.312950568181818	0.028511363636364	0.658538068181818		1
000128:	0.118752840909091	0.029280681818182	0.851966477272727		1
000129:	0.882219318181818	0.021234659090909	0.096546022727273		1
000130:	0.146537500000000	0.102918750000000	0.750543750000000		1
000131:	0.480775568181818	0.033326704545455	0.485897727272727		1
000132:	0.130219886363636	0.027431250000000	0.842348863636364		1
000133:	0.476394886363636	0.262050000000000	0.261555113636364		1
000134:	0.501654545454545	0.052492045454545	0.445853409090909		1
000135:	0.895132386363636	0.019717613636364	0.085150000000000		1
000136:	0.159404545454545	0.056852840909091	0.783742613636364		1
000137:	0.826927272727273	0.028642613636364	0.144430113636364		1
000138:	0.276457954545455	0.114085795454545	0.609456250000000		1
000139:	0.361411363636364	0.051710795454545	0.586877840909091		1
000140:	0.870269318181818	0.036561931818182	0.093168750000000		1
000141:	0.113517045454545	0.088488636363636	0.797994318181818		1
000142:	0.647914772727273	0.018457386363636	0.333627840909091		1
000143:	0.264359090909091	0.023163068181818	0.712477840909091		1
000144:	0.180260227272727	0.018738636363636	0.801001136363636		1
000145:	0.181076136363636	0.057547159090909	0.761376704545455		1
000146:	0.969731818181818	0.028609090909091	0.001659090909091		1
000147:	0.122066477272727	0.028203977272727	0.849729545454545		1
000148:	0.142380681818182	0.035798863636364	0.821820454545454		1
000149:	0.369993750000000	0.050239772727273	0.579766477272727		1
000150:	0.886069886363636	0.016698295454545	0.097231818181818		1
000151:	0.154716477272727	0.035183522727273	0.810100000000000		1
000152:	0.417035795454545	0.082594886363636	0.500369318181818		1
000153:	0.684306818181818	0.023273295454545	0.292419886363636		1
000154:	0.058442613636364	0.025897727272727	0.915659659090909		1
000155:	0.380334090909091	0.037161363636364	0.582504545454545		1
000156:	0.387431250000000	0.034964772727273	0.577603977272727		1
000157:	0.037268181818182	0.043261363636364	0.919470454545455		1
000158:	0.088280681818182	0.283941477272727	0.627777840909091		1
000159:	0.340766477272727	0.423034090909091	0.236199431818182		1
000160:	0.015935795454545	0.845908522727273	0.138155681818182		1
000161:	0.047953977272727	0.374584090909091	0.577461931818182		1
000162:	0.559253977272727	0.285901704545455	0.154844318181818		1
000163:	0.017852840909091	0.031761363636364	0.950385795454545		1
000164:	0.016284659090909	0.069476136363636	0.914239204545455		1
000165:	0.019046022727273	0.055019318181818	0.925934659090909		1
000166:	0.020848295454545	0.032070454545455	0.947081250000000		1
000167:	0.055813636363636	0.065953409090909	0.878232954545455		1
000168:	0.241606818181818	0.038206818181818	0.720186363636364		1
000169:	0.328619886363636	0.025483522727273	0.645896590909091		1
000170:	0.090061931818182	0.023025568181818	0.886912500000000		1
000171:	0.008785227272727	0.260559090909091	0.730655681818182		1
000172:	0.271009090909091	0.062986931818182	0.666003977272727		1
000173:	0.168511363636364	0.016080681818182	0.815407954545455		1
000174:	0.692680681818182	0.016514204545455	0.290805113636364		1
000175:	0.189868750000000	0.033874431818182	0.776256818181818		1
000176:	0.293762500000000	0.053665909090909	0.652571590909091		1
000177:	0.455690909090909	0.020153977272727	0.524155113636364		1
000178:	0.273318750000000	0.018357954545455	0.708323295454545		1
000179:	0.192806250000000	0.026417613636364	0.780776136363636		1
000180:	0.223091477272727	0.023068181818182	0.753840340909091		1
000181:	0.101304545454545	0.110718181818182	0.787977272727273		1
000182:	0.679622727272727	0.038176136363636	0.282201136363636		1
000183:	0.080398295454545	0.035619886363636	0.883981818181818		1
000184:	0.370493181818182	0.049202272727273	0.580304545454545		1
000185:	0.765851136363636	0.036152840909091	0.197996022727273		1
000186:	0.336007386363636	0.090138068181818	0.573854545454546		1
000187:	0.219078409090909	0.029613636363636	0.751307954545455		1
000188:	0.183860795454545	0.116869886363636	0.699269318181818		1
000189:	0.073248295454545	0.016772159090909	0.909979545454545		1
000190:	0.194715909090909	0.033299431818182	0.771984659090909		1
000191:	0.238423295454545	0.022272727272727	0.739303977272727		1
000192:	0.679334659090909	0.047717045454545	0.272948295454545		1
000193:	0.529631250000000	0.035966477272727	0.434402272727273		1
000194:	0.435294886363636	0.035798863636364	0.528906250000000		1
000195:	0.501945454545455	0.017184659090909	0.480869886363636		1
000196:	0.023624431818182	0.251481818181818	0.724893750000000		1
000197:	0.045707386363636	0.037922727272727	0.916369886363636		1
000198:	0.565048863636364	0.095739772727273	0.339211363636364		1
000199:	0.018835227272727	0.046626704545455	0.934538068181818		1
000200:	0.044764772727273	0.104695454545455	0.850539772727273		1
000201:	0.028797159090909	0.077817045454545	0.893385795454545		1
000202:	0.569848295454545	0.046834659090909	0.383317045454545		1
000203:	0.090657386363636	0.029515340909091	0.879827272727273		1
000204:	0.083464772727273	0.047306818181818	0.869228409090909		1
000205:	0.143016477272727	0.057143181818182	0.799840340909091		1
000206:	0.534043750000000	0.033668750000000	0.432287500000000		1
000207:	0.512642045454546	0.074533522727273	0.412824431818182		1
000208:	0.130443181818182	0.035516477272727	0.834040340909091		1
000209:	0.078363068181818	0.059733522727273	0.861903409090909		1
000210:	0.084098295454545	0.028517045454545	0.887384659090909		1
000211:	0.053960227272727	0.040412500000000	0.905627272727273		1
000212:	0.045903409090909	0.161057954545455	0.793038636363636		1
000213:	0.034750000000000	0.040778409090909	0.924471590909091		1
000214:	0.051552272727273	0.099847159090909	0.848600568181818		1
000215:	0.208642045454545	0.175184659090909	0.616173295454545		1
000216:	0.030251704545455	0.100410795454545	0.869337500000000		1
000217:	0.038420454545455	0.216367045454545	0.745212500000000		1
000218:	0.028162500000000	0.076557386363636	0.895280113636364		1
000219:	0.019023295454545	0.115173295454545	0.865803409090909		1
000220:	0.014011363636364	0.080421590909091	0.905567045454545		1
000221:	0.015175568181818	0.069700000000000	0.915124431818182		1
000222:	0.020186931818182	0.072973863636364	0.906839204545455		1
000223:	0.208175568181818	0.105121022727273	0.686703409090909		1
000224:	0.886564204545455	0.065132386363636	0.048303409090909		1
000225:	0.877346022727273	0.055657386363636	0.066996590909091		1
000226:	0.499592613636364	0.331442613636364	0.168964772727273		1
000227:	0.847977840909091	0.093411363636364	0.058610795454545		1
000228:	0.399713068181818	0.567973863636364	0.032313068181818		1
000229:	0.703906250000000	0.156146022727273	0.139947727272727		1
000230:	0.049861363636364	0.885273295454545	0.064865340909091		1
000231:	0.744280681818182	0.176235795454545	0.079483522727273		1
000232:	0.252468750000000	0.426714772727273	0.320816477272727		1
000233:	0.861988636363636	0.111578409090909	0.026432954545455		1
000234:	0.898965340909091	0.078184090909091	0.022850568181818		1
000235:	0.934880681818182	0.043397159090909	0.021722159090909		1
000236:	0.291107954545455	0.658314772727273	0.050577272727273		1
000237:	0.914889772727273	0.055272727272727	0.029837500000000		1
000238:	0.177685795454545	0.093473863636364	0.728840340909091		1
000239:	0.674924431818182	0.241049431818182	0.084026136363636		1
000240:	0.128186931818182	0.844656250000000	0.027156818181818		1
000241:	0.720397159090909	0.170865340909091	0.108737500000000		1
000242:	0.908397727272727	0.048916477272727	0.042685795454545		1
000243:	0.351946022727273	0.622797727272727	0.025256250000000		1
000244:	0.337522727272727	0.401555113636364	0.260922159090909		1
000245:	0.475238636363636	0.408824431818182	0.115936931818182		1
000246:	0.871952840909091	0.093574431818182	0.034472727272727		1
000247:	0.805758522727273	0.130664204545455	0.063577272727273		1
000248:	0.185043750000000	0.730395454545455	0.084560795454545		1
000249:	0.709011931818182	0.263478977272727	0.027509090909091		1
000250:	0.918474431818182	0.054134090909091	0.027391477272727		1
000251:	0.727545454545454	0.231326704545455	0.041127840909091		1
000252:	0.326210795454545	0.581801704545455	0.091987500000000		1
000253:	0.664398863636364	0.297100000000000	0.038501136363636		1
000254:	0.342315340909091	0.589008522727273	0.068676136363636		1
000255:	0.503947159090909	0.389807954545455	0.106244886363636		1
000256:	0.548719886363636	0.216500000000000	0.234780113636364		1
000257:	0.170882954545455	0.433830113636364	0.395286931818182		1
000258:	0.162910795454545	0.069342613636364	0.767746590909091		1
000259:	0.332043750000000	0.114977840909091	0.552978409090909		1
000260:	0.469814204545455	0.480138636363636	0.050047159090909		1
000261:	0.461563636363636	0.406134090909091	0.132302272727273		1
000262:	0.306755113636364	0.451478977272727	0.241765909090909		1
000263:	0.162571590909091	0.091944318181818	0.745484090909091		1
000264:	0.186873295454545	0.427884659090909	0.385242045454545		1
000265:	0.099582386363636	0.152467613636364	0.747950000000000		1
000266:	0.710401136363636	0.125997727272727	0.163601136363636		1
000267:	0.641164772727273	0.303325568181818	0.055509659090909		1
000268:	0.287398863636364	0.141461363636364	0.571139772727273		1
000269:	0.890493181818182	0.043906818181818	0.065600000000000		1
000270:	0.109150000000000	0.107270454545455	0.783579545454545		1
000271:	0.565219886363636	0.401985227272727	0.032794886363636		1
000272:	0.473417045454545	0.457092045454545	0.069490909090909		1
000273:	0.713321022727273	0.109996590909091	0.176682386363636		1
000274:	0.559351704545455	0.356507386363636	0.084140909090909		1
000275:	0.653039772727273	0.143749431818182	0.203210795454545		1
000276:	0.279378409090909	0.353796022727273	0.366825568181818		1
000277:	0.850488068181818	0.105415340909091	0.044096590909091		1
000278:	0.535572727272727	0.147925568181818	0.316501704545455		1
000279:	0.926723863636364	0.044915340909091	0.028360795454545		1
000280:	0.334600568181818	0.500548863636364	0.164850568181818		1
000281:	0.865437500000000	0.075892045454545	0.058670454545455		1
000282:	0.711543181818182	0.158235227272727	0.130221590909091		1
000283:	0.087772159090909	0.403525000000000	0.508702840909091		1
000284:	0.582263636363636	0.336044318181818	0.081692045454545		1
000285:	0.889795454545455	0.057673863636364	0.052530681818182		1
000286:	0.794538636363636	0.119702840909091	0.085758522727273		1
000287:	0.859288636363636	0.079542045454545	0.061169318181818		1
000288:	0.562567613636364	0.288044318181818	0.149388068181818		1
000289:	0.064259659090909	0.114458522727273	0.821281818181818		1
000290:	0.054051136363636	0.479671022727273	0.466277840909091		1
000291:	0.052773863636364	0.024478977272727	0.922747159090909		1
000292:	0.067283522727273	0.155625000000000	0.777091477272727		1
000293:	0.039390909090909	0.031993750000000	0.928615340909091		1
000294:	0.067589772727273	0.026069318181818	0.906340909090909		1
000295:	0.147890340909091	0.023537500000000	0.828572159090909		1
000296:	0.050353409090909	0.044969886363636	0.904676704545455		1
000297:	0.073846022727273	0.083560227272727	0.842593750000000		1
000298:	0.875592613636364	0.029559090909091	0.094848295454545		1
000299:	0.207273295454545	0.076047727272727	0.716678977272727		1
000300:	0.152646590909091	0.154398863636364	0.692954545454545		1
000301:	0.054412500000000	0.057972159090909	0.887615340909091		1
000302:	0.061437500000000	0.227767045454545	0.710795454545455		1
000303:	0.111743750000000	0.252984659090909	0.635271590909091		1
000304:	0.041308522727273	0.093585227272727	0.865106250000000		1
000305:	0.040133522727273	0.653458522727273	0.306407954545455		1
000306:	0.163883522727273	0.405538636363636	0.430577840909091		1
000307:	0.023303409090909	0.832855113636364	0.143841477272727		1
000308:	0.030163068181818	0.092840340909091	0.876996590909091		1
000309:	0.193519318181818	0.076973295454545	0.729507386363636		1
000310:	0.125401136363636	0.050292613636364	0.824306250000000		1
000311:	0.155554545454545	0.288747159090909	0.555698295454545		1
000312:	0.776097727272727	0.059381818181818	0.164520454545455		1
000313:	0.816278409090909	0.068510227272727	0.115211363636364		1
000314:	0.778750568181818	0.092036931818182	0.129212500000000		1
000315:	0.785451704545455	0.044734659090909	0.169813636363636		1
000316:	0.278934659090909	0.079148863636364	0.641916477272727		1
000317:	0.633717613636364	0.115894886363636	0.250387500000000		1
000318:	0.034733522727273	0.131614772727273	0.833651704545455		1
000319:	0.047282386363636	0.073323295454545	0.879394318181818		1
000320:	0.094373863636364	0.177306250000000	0.728319886363636		1
000321:	0.025601704545455	0.107854545454545	0.866543750000000		1
000322:	0.039107386363636	0.547883522727273	0.413009090909091		1
000323:	0.488721022727273	0.161758522727273	0.349520454545455		1
000324:	0.040192045454545	0.297442613636364	0.662365340909091		1
000325:	0.189439772727273	0.391900000000000	0.418660227272727		1
000326:	0.100157954545455	0.590218750000000	0.309623295454545		1
000327:	0.074336363636364	0.285022159090909	0.640641477272727		1
000328:	0.017076136363636	0.897997159090909	0.084926704545455		1
000329:	0.088672159090909	0.165034659090909	0.746293181818182		1
000330:	0.037043750000000	0.793827272727273	0.169128977272727		1
000331:	0.034040340909091	0.855913068181818	0.110046590909091		1
000332:	0.057013068181818	0.082751704545455	0.860235227272727		1
000333:	0.090130681818182	0.112175568181818	0.797693750000000		1
000334:	0.104943181818182	0.085819886363636	0.809236931818182		1
000335:	0.068896022727273	0.076451136363636	0.854652840909091		1
000336:	0.040992045454545	0.300618181818182	0.658389772727273		1
000337:	0.073109090909091	0.575981250000000	0.350909659090909		1
000338:	0.027389772727273	0.058021022727273	0.914589204545455		1
000339:	0.030006250000000	0.287931250000000	0.682062500000000		1
000340:	0.025331250000000	0.075439204545455	0.899229545454545		1
000341:	0.021968750000000	0.040047727272727	0.937983522727273		1
000342:	0.028204545454545	0.210947159090909	0.760848295454545		1
000343:	0.032621022727273	0.084464772727273	0.882914204545455		1
000344:	0.024573863636364	0.877472727272727	0.097953409090909		1
000345:	0.013239772727273	0.829561931818182	0.157198295454545		1
000346:	0.039317045454545	0.146940909090909	0.813742045454545		1
000347:	0.021368750000000	0.268352840909091	0.710278409090909		1
000348:	0.034482386363636	0.296321590909091	0.669196022727273		1
000349:	0.060140340909091	0.335290340909091	0.604569318181818		1
000350:	0.045092045454545	0.274119886363636	0.680788068181818		1
000351:	0.031929545454545	0.583238068181818	0.384832386363636		1
000352:	0.041995454545455	0.042705681818182	0.915298863636364		1
000353:	0.026589772727273	0.037996022727273	0.935414204545455		1
000354:	0.026842045454545	0.058261931818182	0.914896022727273		1
000355:	0.033576136363636	0.222581250000000	0.743842613636364		1
000356:	0.561414204545455	0.127034659090909	0.311551136363636		1
000357:	0.862782954545455	0.075267045454545	0.061950000000000		1
000358:	0.694797727272727	0.136818181818182	0.168384090909091		1
000359:	0.562527840909091	0.281348863636364	0.156123295454545		1
000360:	0.138297159090909	0.059115909090909	0.802586931818182		1
000361:	0.873228409090909	0.071760795454545	0.055010795454545		1
000362:	0.090894318181818	0.651548295454545	0.257557386363636		1
000363:	0.329852272727273	0.033417045454545	0.636730681818182		1
000364:	0.604195454545455	0.253280681818182	0.142523863636364		1
000365:	0.350971022727273	0.259016477272727	0.390012500000000		1
000366:	0.869828409090909	0.036541477272727	0.093630113636364		1
000367:	0.815384659090909	0.062615340909091	0.122000000000000		1
000368:	0.831785227272727	0.039835795454545	0.128378977272727		1
000369:	0.443897159090909	0.078161363636364	0.477941477272727		1
000370:	0.111114204545455	0.126868181818182	0.762017613636364		1
000371:	0.072361931818182	0.130531250000000	0.797106818181818		1
000372:	0.499278977272727	0.050957386363636	0.449763636363636		1
000373:	0.516437500000000	0.178555113636364	0.305007386363636		1
000374:	0.207427840909091	0.052536931818182	0.740035227272727		1
000375:	0.055203977272727	0.310272727272727	0.634523295454545		1
000376:	0.516382386363636	0.048180681818182	0.435436931818182		1
000377:	0.067131250000000	0.232194886363636	0.700673863636364		1
000378:	0.912173295454546	0.028836931818182	0.058989772727273		1
000379:	0.945118750000000	0.017593750000000	0.037287500000000		1
000380:	0.818513636363636	0.039905113636364	0.141581250000000		1
000381:	0.931034659090909	0.027221590909091	0.041743750000000		1
000382:	0.686486363636364	0.050767045454545	0.262746590909091		1
000383:	0.548905113636364	0.104583522727273	0.346511363636364		1
000384:	0.663317045454546	0.070618181818182	0.266064772727273		1
000385:	0.416698863636364	0.412965909090909	0.170335227272727		1
000386:	0.888361363636364	0.054498863636364	0.057139772727273		1
000387:	0.538547159090909	0.047222727272727	0.414230113636364		1
000388:	0.549165340909091	0.258753409090909	0.192081250000000		1
000389:	0.463642045454545	0.151380681818182	0.384977272727273		1
000390:	0.051178977272727	0.662588636363636	0.286232386363636		1
000391:	0.782059659090909	0.069442613636364	0.148497727272727		1
000392:	0.818205113636364	0.137896590909091	0.043898295454545		1
000393:	0.743944318181818	0.046003977272727	0.210051704545455		1
000394:	0.721592045454545	0.028321022727273	0.250086931818182		1
000395:	0.401350000000000	0.049119318181818	0.549530681818182		1
000396:	0.571553409090909	0.171090340909091	0.257356250000000		1
000397:	0.538993181818182	0.045860795454545	0.415146022727273		1
000398:	0.489125568181818	0.131141477272727	0.379732954545455		1
000399:	0.892690340909091	0.075308522727273	0.032001136363636		1
000400:	0.769618750000000	0.077436363636364	0.152944886363636		1
000401:	0.864656818181818	0.032059090909091	0.103284090909091		1
000402:	0.587641477272727	0.045902840909091	0.366455681818182		1
000403:	0.552240909090909	0.136346022727273	0.311413068181818		1
000404:	0.569707954545455	0.240617045454545	0.189675000000000		1
000405:	0.717653409090909	0.021750000000000	0.260596590909091		1
000406:	0.132106250000000	0.037705681818182	0.830188068181818		1
000407:	0.268697159090909	0.045498295454545	0.685804545454545		1
000408:	0.664324431818182	0.238253977272727	0.097421590909091		1
000409:	0.107748863636364	0.067421022727273	0.824830113636364		1
000410:	0.116515909090909	0.095135795454545	0.788348295454545		1
000411:	0.163235795454545	0.100347159090909	0.736417045454545		1
000412:	0.890282954545455	0.052448295454545	0.057268750000000		1
000413:	0.518643181818182	0.090902840909091	0.390453977272727		1
000414:	0.885817045454545	0.037026136363636	0.077156818181818		1
000415:	0.398950568181818	0.566153409090909	0.034896022727273		1
000416:	0.944284659090909	0.033880681818182	0.021834659090909		1
000417:	0.606888068181818	0.195721590909091	0.197390340909091		1
000418:	0.850875000000000	0.074167045454545	0.074957954545455		1
000419:	0.906654545454545	0.064642613636364	0.028702840909091		1
000420:	0.126985227272727	0.408242613636364	0.464772159090909		1
000421:	0.822757386363636	0.042326704545455	0.134915909090909		1
000422:	0.693878409090909	0.157986363636364	0.148135227272727		1
000423:	0.110666477272727	0.724405113636364	0.164928409090909		1
000424:	0.931762500000000	0.039941477272727	0.028296022727273		1
000425:	0.870996590909091	0.072720454545455	0.056282954545455		1
000426:	0.222744886363636	0.739410227272727	0.037844886363636		1
000427:	0.674510227272727	0.111803977272727	0.213685795454545		1
000428:	0.661449431818182	0.053665340909091	0.284885227272727		1
000429:	0.311998295454545	0.127942045454545	0.560059659090909		1
000430:	0.620967045454546	0.261564204545455	0.117468750000000		1
000431:	0.816800000000000	0.064127840909091	0.119072159090909		1
000432:	0.750568750000000	0.102176704545455	0.147254545454545		1
000433:	0.403836931818182	0.369661363636364	0.226501704545455		1
000434:	0.679593750000000	0.193807386363636	0.126598863636364		1
000435:	0.456040340909091	0.164100000000000	0.379859659090909		1
000436:	0.469199431818182	0.452927272727273	0.077873295454545		1
000437:	0.768028977272727	0.180517045454545	0.051453977272727		1
000438:	0.790027272727273	0.118335795454545	0.091636931818182		1
000439:	0.912351704545455	0.061669318181818	0.025978977272727		1
000440:	0.925742045454545	0.040766477272727	0.033491477272727		1
000441:	0.935619318181818	0.038567045454545	0.025813636363636		1
000442:	0.896384090909091	0.055364772727273	0.048251136363636		1
000443:	0.185108522727273	0.095019886363636	0.719871590909091		1
000444:	0.672727840909091	0.300448863636364	0.026823295454545		1
000445:	0.782097159090909	0.067697727272727	0.150205113636364		1
000446:	0.406800568181818	0.300022159090909	0.293177272727273		1
000447:	0.857132954545455	0.048689772727273	0.094177272727273		1
000448:	0.647869886363636	0.100818750000000	0.251311363636364		1
000449:	0.565964204545455	0.106592613636364	0.327443181818182		1
000450:	0.188502840909091	0.062036931818182	0.749460227272727		1
000451:	0.149153977272727	0.056514772727273	0.794331250000000		1
000452:	0.143439204545455	0.777947159090909	0.078613636363636		1
000453:	0.917073863636364	0.053487500000000	0.029438636363636		1
000454:	0.304927272727273	0.270585795454545	0.424486931818182		1
000455:	0.065723863636364	0.071723863636364	0.862552272727273		1
000456:	0.016999431818182	0.042133522727273	0.940867045454545		1
000457:	0.027716477272727	0.084400568181818	0.887882954545455		1
000458:	0.091194886363636	0.096480681818182	0.812324431818182		1
000459:	0.029438068181818	0.051456818181818	0.919105113636364		1
000460:	0.022088636363636	0.025202840909091	0.952708522727273		1
000461:	0.074186931818182	0.045894886363636	0.879918181818182		1
000462:	0.055422159090909	0.221246022727273	0.723331818181818		1
000463:	0.041469886363636	0.371851136363636	0.586678977272727		1
000464:	0.072707954545455	0.341814204545455	0.585477840909091		1
000465:	0.053490340909091	0.085622159090909	0.860887500000000		1
000466:	0.030176704545455	0.040744886363636	0.929078409090909		1
000467:	0.033205681818182	0.047091477272727	0.919702840909091		1
000468:	0.023744886363636	0.031198863636364	0.945056250000000		1
000469:	0.805045454545455	0.067898863636364	0.127055681818182		1
000470:	0.765673863636364	0.112743181818182	0.121582954545455		1
000471:	0.784646590909091	0.034807954545455	0.180545454545455		1
000472:	0.168894318181818	0.670048863636364	0.161056818181818		1
000473:	0.093331250000000	0.531890340909091	0.374778409090909		1
000474:	0.777372727272727	0.054438068181818	0.168189204545455		1
000475:	0.734351704545455	0.036218750000000	0.229429545454545		1
000476:	0.243334090909091	0.135129545454545	0.621536363636364		1
000477:	0.884307386363636	0.026339204545455	0.089353409090909		1
000478:	0.840536363636364	0.043990909090909	0.115472727272727		1
000479:	0.280082954545455	0.129903977272727	0.590013068181818		1
000480:	0.527373863636364	0.069393750000000	0.403232386363636		1
000481:	0.205673295454545	0.044530681818182	0.749796022727273		1
000482:	0.289115909090909	0.567087500000000	0.143796590909091		1
000483:	0.432743750000000	0.355334090909091	0.211922159090909		1
000484:	0.135897727272727	0.058337500000000	0.805764772727273		1
000485:	0.845701704545455	0.093582954545455	0.060715340909091		1
000486:	0.548427272727273	0.053754545454545	0.397818181818182		1
000487:	0.084806250000000	0.678642045454545	0.236551704545455		1
000488:	0.646001136363636	0.065110227272727	0.288888636363636		1
000489:	0.783102272727273	0.162000000000000	0.054897727272727		1
000490:	0.781832954545455	0.049176136363636	0.168990909090909		1
000491:	0.113529545454545	0.281966477272727	0.604503977272727		1
000492:	0.851078977272727	0.052038636363636	0.096882386363636		1
000493:	0.181784659090909	0.199975568181818	0.618239772727273		1
000494:	0.129630113636364	0.086435795454545	0.783934090909091		1
000495:	0.234388636363636	0.053036931818182	0.712574431818182		1
000496:	0.058734090909091	0.059306250000000	0.881959659090909		1
000497:	0.404584090909091	0.196972727272727	0.398443181818182		1
000498:	0.224557386363636	0.049134659090909	0.726307954545454		1
000499:	0.037696590909091	0.159526136363636	0.802777272727273		1
000500:	0.107676704545455	0.047043181818182	0.845280113636364		1
000501:	0.101851136363636	0.237744886363636	0.660403977272727		1
000502:	0.028704545454545	0.061956250000000	0.909339204545455		1
000503:	0.037017613636364	0.047689772727273	0.915292613636364		1
000504:	0.014207954545455	0.902046022727273	0.083746022727273		1
000505:	0.129774431818182	0.151007386363636	0.719218181818182		1
000506:	0.095564204545455	0.252545454545455	0.651890340909091		1
000507:	0.111351136363636	0.081967613636364	0.806681250000000		1
000508:	0.054637500000000	0.054531818181818	0.890830681818182		1
000509:	0.023752840909091	0.058103409090909	0.918143750000000		1
000510:	0.026518750000000	0.045040340909091	0.928440909090909		1
000511:	0.021133522727273	0.024671022727273	0.954195454545455		1
000512:	0.039227840909091	0.244946590909091	0.715825568181818		1
000513:	0.077521022727273	0.201531818181818	0.720947159090909		1
000514:	0.028868750000000	0.287850568181818	0.683280681818182		1
000515:	0.031094318181818	0.062834659090909	0.906071022727273		1
000516:	0.025857954545455	0.036333522727273	0.937808522727273		1
000517:	0.018414772727273	0.043655113636364	0.937930113636364		1
000518:	0.056392613636364	0.363541477272727	0.580065909090909		1
000519:	0.135863636363636	0.503174431818182	0.360961931818182		1
000520:	0.076551136363636	0.818856250000000	0.104592613636364		1
000521:	0.021780113636364	0.600086931818182	0.378132954545455		1
000522:	0.171307386363636	0.378388068181818	0.450304545454545		1
000523:	0.194597727272727	0.690222727272727	0.115179545454545		1
000524:	0.114813068181818	0.218781250000000	0.666405681818182		1
000525:	0.442554545454545	0.556209659090909	0.001235795454545		1
000526:	0.134631818181818	0.388611931818182	0.476756250000000		1
000527:	0.060598295454545	0.710967613636364	0.228434090909091		1
000528:	0.079753409090909	0.855835227272727	0.064411363636364		1
000529:	0.149399431818182	0.679276704545455	0.171323863636364		1
000530:	0.063895454545455	0.873037500000000	0.063067045454545		1
000531:	0.048617045454545	0.637023863636364	0.314359090909091		1
000532:	0.021618181818182	0.890406250000000	0.087975568181818		1
000533:	0.029353977272727	0.459061931818182	0.511584090909091		1
000534:	0.058943181818182	0.574100000000000	0.366956818181818		1
000535:	0.024091477272727	0.869617045454545	0.106291477272727		1
000536:	0.068823295454545	0.570181818181818	0.360994886363636		1
000537:	0.427168750000000	0.397975000000000	0.174856250000000		1
000538:	0.094379545454545	0.787625000000000	0.117995454545455		1
000539:	0.322184659090909	0.489674431818182	0.188140909090909		1
000540:	0.096482386363636	0.531635227272727	0.371882386363636		1
000541:	0.043953409090909	0.129701704545455	0.826344886363636		1
000542:	0.317031250000000	0.352169886363636	0.330798863636364		1
000543:	0.065534659090909	0.729898295454545	0.204567045454545		1
000544:	0.019986931818182	0.590634090909091	0.389378977272727		1
000545:	0.020775000000000	0.180003409090909	0.799221590909091		1
000546:	0.064061931818182	0.223920454545455	0.712017613636364		1
000547:	0.042271022727273	0.662346590909091	0.295382386363636		1
000548:	0.033296022727273	0.428402272727273	0.538301704545455		1
000549:	0.033669318181818	0.738677272727273	0.227653409090909		1
000550:	0.103815909090909	0.439569886363636	0.456614204545455		1
000551:	0.074727840909091	0.746210227272727	0.179061931818182		1
000552:	0.058526704545455	0.859552840909091	0.081920454545455		1
000553:	0.070567045454545	0.527934659090909	0.401498295454545		1
000554:	0.061657954545455	0.799034090909091	0.139307954545455		1
000555:	0.039894318181818	0.769749431818182	0.190356250000000		1
000556:	0.058695454545455	0.853657954545455	0.087646590909091		1
000557:	0.038829545454545	0.739211931818182	0.221958522727273		1
000558:	0.038302272727273	0.922355681818182	0.039342045454545		1
000559:	0.023759090909091	0.915682386363636	0.060558522727273		1
000560:	0.042014204545455	0.915383522727273	0.042602272727273		1
000561:	0.230288068181818	0.544114204545455	0.225597727272727		1
000562:	0.026997727272727	0.185148295454545	0.787853977272727		1
000563:	0.244794318181818	0.655791477272727	0.099414204545455		1
000564:	0.144806818181818	0.598606250000000	0.256586931818182		1
000565:	0.037988636363636	0.778803977272727	0.183207386363636		1
000566:	0.020565340909091	0.904441477272727	0.074993181818182		1
000567:	0.016176136363636	0.894682954545455	0.089140909090909		1
000568:	0.017355681818182	0.874185227272727	0.108459090909091		1
000569:	0.033573863636364	0.197224431818182	0.769201704545455		1
000570:	0.021372159090909	0.071006250000000	0.907621590909091		1
000571:	0.012926136363636	0.906090340909091	0.080983522727273		1
000572:	0.020230113636364	0.235564204545455	0.744205681818182		1
000573:	0.020298295454545	0.161552272727273	0.818149431818182		1
000574:	0.019173863636364	0.663193181818182	0.317632954545455		1
000575:	0.038872727272727	0.071357386363636	0.889769886363636		1
000576:	0.040350000000000	0.739401136363636	0.220248863636364		1
000577:	0.312825000000000	0.520932954545455	0.166242045454545		1
000578:	0.063707954545455	0.736489772727273	0.199802272727273		1
000579:	0.047106818181818	0.788227272727273	0.164665909090909		1
000580:	0.551698295454545	0.217296022727273	0.231005681818182		1
000581:	0.058226136363636	0.701760795454546	0.240013068181818		1
000582:	0.087117045454545	0.439575000000000	0.473307954545455		1
000583:	0.361390340909091	0.161378409090909	0.477231250000000		1
000584:	0.042689204545455	0.771090340909091	0.186220454545455		1
000585:	0.017373863636364	0.893572727272727	0.089053409090909		1
000586:	0.020811931818182	0.592439204545455	0.386748863636364		1
000587:	0.265753409090909	0.013396590909091	0.720850000000000		1
000588:	0.085996022727273	0.367556818181818	0.546447159090909		1
000589:	0.070334090909091	0.169623295454545	0.760042613636364		1
000590:	0.058522159090909	0.321871022727273	0.619606818181818		1
000591:	0.014320454545455	0.540551704545455	0.445127840909091		1
000592:	0.021786931818182	0.713021022727273	0.265192045454545		1
000593:	0.057083522727273	0.658993750000000	0.283922727272727		1
000594:	0.533236363636364	0.042549431818182	0.424214204545455		1
000595:	0.347628977272727	0.362969886363636	0.289401136363636		1
000596:	0.139886931818182	0.524448295454545	0.335664772727273		1
000597:	0.088661363636364	0.647029545454545	0.264309090909091		1
000598:	0.048034659090909	0.575427840909091	0.376537500000000		1
000599:	0.059625568181818	0.854092613636364	0.086281818181818		1
000600:	0.064193750000000	0.806680681818182	0.129125568181818		1
000601:	0.025677840909091	0.925598295454545	0.048723863636364		1
000602:	0.097659659090909	0.432182954545455	0.470157386363636		1
000603:	0.020523295454545	0.676435227272727	0.303041477272727		1
000604:	0.076482386363636	0.311259090909091	0.612258522727273		1
