Estimated Clustering Probabilities for Samples
Sample	***Cluster  01***	***Cluster  02***	***Cluster  03***	
000001:	0.046420454545455	0.107552272727273	0.846027272727273		1
000002:	0.012662500000000	0.040647727272727	0.946689772727273		1
000003:	0.020689204545455	0.082795454545455	0.896515340909091		1
000004:	0.016215909090909	0.045299431818182	0.938484659090909		1
000005:	0.014241477272727	0.022161363636364	0.963597159090909		1
000006:	0.029348295454545	0.965121022727273	0.005530681818182		1
000007:	0.015448295454545	0.147734659090909	0.836817045454545		1
000008:	0.023678409090909	0.052096022727273	0.924225568181818		1
000009:	0.018175568181818	0.034699431818182	0.947125000000000		1
000010:	0.025347727272727	0.043358522727273	0.931293750000000		1
000011:	0.280222727272727	0.131935227272727	0.587842045454545		1
000012:	0.663275000000000	0.028539772727273	0.308185227272727		1
000013:	0.863252272727273	0.019309659090909	0.117438068181818		1
000014:	0.245057954545455	0.051031818181818	0.703910227272727		1
000015:	0.147306250000000	0.023326136363636	0.829367613636364		1
000016:	0.098214204545455	0.033511363636364	0.868274431818182		1
000017:	0.201267613636364	0.046278977272727	0.752453409090909		1
000018:	0.894573863636364	0.022379545454545	0.083046590909091		1
000019:	0.537018750000000	0.032595454545455	0.430385795454545		1
000020:	0.276669886363636	0.034438068181818	0.688892045454545		1
000021:	0.772503977272727	0.106716477272727	0.120779545454545		1
000022:	0.524608522727273	0.022475000000000	0.452916477272727		1
000023:	0.666206818181818	0.083182954545455	0.250610227272727		1
000024:	0.585920454545454	0.034863636363636	0.379215909090909		1
000025:	0.837814772727273	0.028711931818182	0.133473295454545		1
000026:	0.799423295454545	0.027119886363636	0.173456818181818		1
000027:	0.896307386363636	0.010901704545455	0.092790909090909		1
000028:	0.316374431818182	0.166616477272727	0.517009090909091		1
000029:	0.628298295454545	0.037914772727273	0.333786931818182		1
000030:	0.529968181818182	0.071707386363636	0.398324431818182		1
000031:	0.933586931818182	0.014887500000000	0.051525568181818		1
000032:	0.807499431818182	0.039952840909091	0.152547727272727		1
000033:	0.598315340909091	0.084533522727273	0.317151136363636		1
000034:	0.339730113636364	0.050731818181818	0.609538068181818		1
000035:	0.822336363636364	0.110346022727273	0.067317613636364		1
000036:	0.390841477272727	0.060176704545455	0.548981818181818		1
000037:	0.723566477272727	0.027385227272727	0.249048295454545		1
000038:	0.483884659090909	0.215071022727273	0.301044318181818		1
000039:	0.841655113636364	0.021411363636364	0.136933522727273		1
000040:	0.393063636363636	0.044551704545455	0.562384659090909		1
000041:	0.692059659090909	0.039149431818182	0.268790909090909		1
000042:	0.887392613636364	0.024692613636364	0.087914772727273		1
000043:	0.152343181818182	0.036127272727273	0.811529545454545		1
000044:	0.521352840909091	0.042241477272727	0.436405681818182		1
000045:	0.901631818181818	0.015442613636364	0.082925568181818		1
000046:	0.705225000000000	0.125376704545455	0.169398295454545		1
000047:	0.391090340909091	0.088390340909091	0.520519318181818		1
000048:	0.071911363636364	0.037618181818182	0.890470454545455		1
000049:	0.240322159090909	0.035650000000000	0.724027840909091		1
000050:	0.436531818181818	0.052190340909091	0.511277840909091		1
000051:	0.060556250000000	0.085193750000000	0.854250000000000		1
000052:	0.051193181818182	0.033406818181818	0.915400000000000		1
000053:	0.398264772727273	0.033378409090909	0.568356818181818		1
000054:	0.768669886363636	0.069581818181818	0.161748295454545		1
000055:	0.069431818181818	0.034110227272727	0.896457954545455		1
000056:	0.219592613636364	0.040296022727273	0.740111363636364		1
000057:	0.345721022727273	0.049571022727273	0.604707954545455		1
000058:	0.534418750000000	0.040968750000000	0.424612500000000		1
000059:	0.722455113636364	0.032875568181818	0.244669318181818		1
000060:	0.082933522727273	0.029899431818182	0.887167045454545		1
000061:	0.218761931818182	0.022795454545455	0.758442613636364		1
000062:	0.056676136363636	0.045169318181818	0.898154545454545		1
000063:	0.063517613636364	0.086447159090909	0.850035227272727		1
000064:	0.037947727272727	0.188618750000000	0.773433522727273		1
000065:	0.075235795454545	0.055711931818182	0.869052272727273		1
000066:	0.346729545454545	0.019523295454545	0.633747159090909		1
000067:	0.044771590909091	0.052792045454545	0.902436363636364		1
000068:	0.595682954545455	0.031503409090909	0.372813636363636		1
000069:	0.393305113636364	0.029408522727273	0.577286363636364		1
000070:	0.375746590909091	0.075332386363636	0.548921022727273		1
000071:	0.685619886363636	0.035275000000000	0.279105113636364		1
000072:	0.080481250000000	0.037060795454545	0.882457954545455		1
000073:	0.116704545454545	0.042859090909091	0.840436363636364		1
000074:	0.820805681818182	0.033051704545455	0.146142613636364		1
000075:	0.513468181818182	0.046727840909091	0.439803977272727		1
000076:	0.385167613636364	0.432053977272727	0.182778409090909		1
000077:	0.353079545454545	0.284410227272727	0.362510227272727		1
000078:	0.059249431818182	0.046122727272727	0.894627840909091		1
000079:	0.660452840909091	0.048187500000000	0.291359659090909		1
000080:	0.811343750000000	0.043944318181818	0.144711931818182		1
000081:	0.093955681818182	0.027938636363636	0.878105681818182		1
000082:	0.076120454545455	0.043738636363636	0.880140909090909		1
000083:	0.269049431818182	0.045940909090909	0.685009659090909		1
000084:	0.357993181818182	0.264702840909091	0.377303977272727		1
000085:	0.413580113636364	0.070665909090909	0.515753977272727		1
000086:	0.318889204545455	0.048418750000000	0.632692045454545		1
000087:	0.314632954545455	0.020886931818182	0.664480113636364		1
000088:	0.793773863636364	0.027385227272727	0.178840909090909		1
000089:	0.679038636363636	0.062789204545455	0.258172159090909		1
000090:	0.795327272727273	0.024586363636364	0.180086363636364		1
000091:	0.725495454545454	0.189691477272727	0.084813068181818		1
000092:	0.407397159090909	0.052249431818182	0.540353409090909		1
000093:	0.466308522727273	0.084692045454545	0.448999431818182		1
000094:	0.616121590909091	0.049385795454545	0.334492613636364		1
000095:	0.053560795454545	0.029153409090909	0.917285795454545		1
000096:	0.088072159090909	0.043098295454545	0.868829545454545		1
000097:	0.688439204545455	0.019420454545455	0.292140340909091		1
000098:	0.353797159090909	0.570225568181818	0.075977272727273		1
000099:	0.346505681818182	0.051579545454545	0.601914772727273		1
000100:	0.078462500000000	0.022716477272727	0.898821022727273		1
000101:	0.445327840909091	0.022502840909091	0.532169318181818		1
000102:	0.408835795454545	0.037444886363636	0.553719318181818		1
000103:	0.571422159090909	0.071578977272727	0.356998863636364		1
000104:	0.096381818181818	0.025898295454545	0.877719886363636		1
000105:	0.735157386363636	0.024253409090909	0.240589204545455		1
000106:	0.695227840909091	0.038282954545455	0.266489204545455		1
000107:	0.226226136363636	0.022076136363636	0.751697727272727		1
000108:	0.280620454545455	0.049922727272727	0.669456818181818		1
000109:	0.597515909090909	0.026838636363636	0.375645454545455		1
000110:	0.778986931818182	0.106507386363636	0.114505681818182		1
000111:	0.121094886363636	0.071515909090909	0.807389204545455		1
000112:	0.781668181818182	0.031384659090909	0.186947159090909		1
000113:	0.151590340909091	0.028731818181818	0.819677840909091		1
000114:	0.564384659090909	0.193691477272727	0.241923863636364		1
000115:	0.412277272727273	0.046078977272727	0.541643750000000		1
000116:	0.110363068181818	0.031489772727273	0.858147159090909		1
000117:	0.510715340909091	0.096760227272727	0.392524431818182		1
000118:	0.072234659090909	0.062232386363636	0.865532954545455		1
000119:	0.686894886363636	0.025978977272727	0.287126136363636		1
000120:	0.086711931818182	0.032168181818182	0.881119886363636		1
000121:	0.590163636363636	0.071192045454545	0.338644318181818		1
000122:	0.358661931818182	0.016244318181818	0.625093750000000		1
000123:	0.208866477272727	0.080269318181818	0.710864204545455		1
000124:	0.657073863636364	0.123606818181818	0.219319318181818		1
000125:	0.106600568181818	0.209042613636364	0.684356818181818		1
000126:	0.053021590909091	0.800764772727273	0.146213636363636		1
000127:	0.262690909090909	0.042397727272727	0.694911363636364		1
000128:	0.113217045454545	0.036935227272727	0.849847727272727		1
000129:	0.839758522727273	0.023036363636364	0.137205113636364		1
000130:	0.130775568181818	0.092215909090909	0.777008522727273		1
000131:	0.443514204545455	0.041377272727273	0.515108522727273		1
000132:	0.105623295454545	0.024344886363636	0.870031818181818		1
000133:	0.412186363636364	0.273130113636364	0.314683522727273		1
000134:	0.489670454545455	0.052538068181818	0.457791477272727		1
000135:	0.902002840909091	0.015632954545455	0.082364204545455		1
000136:	0.152559659090909	0.046300568181818	0.801139772727273		1
000137:	0.830834659090909	0.020409659090909	0.148755681818182		1
000138:	0.260613068181818	0.113844318181818	0.625542613636364		1
000139:	0.326767045454545	0.053757386363636	0.619475568181818		1
000140:	0.854121590909091	0.028257954545455	0.117620454545455		1
000141:	0.096973863636364	0.104055681818182	0.798970454545455		1
000142:	0.628596022727273	0.018486931818182	0.352917045454545		1
000143:	0.176810227272727	0.015899431818182	0.807290340909091		1
000144:	0.150281250000000	0.023480113636364	0.826238636363636		1
000145:	0.197163068181818	0.074317045454545	0.728519886363636		1
000146:	0.391993750000000	0.027141477272727	0.580864772727273		1
000147:	0.094595454545455	0.040604545454545	0.864800000000000		1
000148:	0.113723295454545	0.037896590909091	0.848380113636364		1
000149:	0.404539772727273	0.037088068181818	0.558372159090909		1
000150:	0.847191477272727	0.017730113636364	0.135078409090909		1
000151:	0.149472727272727	0.035741477272727	0.814785795454545		1
000152:	0.324005113636364	0.070727840909091	0.605267045454545		1
000153:	0.621997159090909	0.024448295454545	0.353554545454545		1
000154:	0.065839204545455	0.039022159090909	0.895138636363636		1
000155:	0.384479545454545	0.038800000000000	0.576720454545455		1
000156:	0.279563636363636	0.024125000000000	0.696311363636364		1
000157:	0.032917045454545	0.076292045454545	0.890790909090909		1
000158:	0.065651136363636	0.307113068181818	0.627235795454545		1
000159:	0.358845454545455	0.359594886363636	0.281559659090909		1
000160:	0.012026136363636	0.872355113636364	0.115618750000000		1
000161:	0.037135795454545	0.535310227272727	0.427553977272727		1
000162:	0.535432386363636	0.308197159090909	0.156370454545455		1
000163:	0.017780113636364	0.032448295454545	0.949771590909091		1
000164:	0.020161931818182	0.119293181818182	0.860544886363636		1
000165:	0.015753409090909	0.090335227272727	0.893911363636364		1
000166:	0.011539204545455	0.034488636363636	0.953972159090909		1
000167:	0.035803977272727	0.084235795454545	0.879960227272727		1
000168:	0.191552272727273	0.017156818181818	0.791290909090909		1
000169:	0.281638636363636	0.025418181818182	0.692943181818182		1
000170:	0.085217045454545	0.024573863636364	0.890209090909091		1
000171:	0.106110795454545	0.022873295454545	0.871015909090909		1
000172:	0.256188068181818	0.069764772727273	0.674047159090909		1
000173:	0.117648863636364	0.018447159090909	0.863903977272727		1
000174:	0.590438068181818	0.017106250000000	0.392455681818182		1
000175:	0.194203977272727	0.025592045454545	0.780203977272727		1
000176:	0.268777272727273	0.041733522727273	0.689489204545455		1
000177:	0.352582954545455	0.014447727272727	0.632969318181818		1
000178:	0.231775000000000	0.015018750000000	0.753206250000000		1
000179:	0.133701136363636	0.032094886363636	0.834203977272727		1
000180:	0.185360227272727	0.030686931818182	0.783952840909091		1
000181:	0.107355113636364	0.081502840909091	0.811142045454545		1
000182:	0.573901136363636	0.043175568181818	0.382923295454545		1
000183:	0.074890909090909	0.017477840909091	0.907631250000000		1
000184:	0.299560795454545	0.027480681818182	0.672958522727273		1
000185:	0.697613636363636	0.034286363636364	0.268100000000000		1
000186:	0.224673863636364	0.074272727272727	0.701053409090909		1
000187:	0.187637500000000	0.041223863636364	0.771138636363636		1
000188:	0.152777272727273	0.121937500000000	0.725285227272727		1
000189:	0.068013068181818	0.019144318181818	0.912842613636364		1
000190:	0.190546590909091	0.041509090909091	0.767944318181818		1
000191:	0.178366477272727	0.016441477272727	0.805192045454545		1
000192:	0.666063068181818	0.062873295454545	0.271063636363636		1
000193:	0.499002840909091	0.022019886363636	0.478977272727273		1
000194:	0.413511363636364	0.034274431818182	0.552214204545455		1
000195:	0.414430113636364	0.017211931818182	0.568357954545455		1
000196:	0.024821590909091	0.308948295454545	0.666230113636364		1
000197:	0.032950568181818	0.052655113636364	0.914394318181818		1
000198:	0.455848863636364	0.161127272727273	0.383023863636364		1
000199:	0.021172727272727	0.102409090909091	0.876418181818182		1
000200:	0.029354545454545	0.195517613636364	0.775127840909091		1
000201:	0.028244886363636	0.105248863636364	0.866506250000000		1
000202:	0.434122727272727	0.049268750000000	0.516608522727273		1
000203:	0.104335227272727	0.030635227272727	0.865029545454545		1
000204:	0.077714772727273	0.060186363636364	0.862098863636364		1
000205:	0.148677840909091	0.071014204545455	0.780307954545455		1
000206:	0.390878977272727	0.045802840909091	0.563318181818182		1
000207:	0.485777272727273	0.058792045454545	0.455430681818182		1
000208:	0.134583522727273	0.019605681818182	0.845810795454545		1
000209:	0.055539204545455	0.057997159090909	0.886463636363636		1
000210:	0.110123295454545	0.040600000000000	0.849276704545455		1
000211:	0.048523863636364	0.050886931818182	0.900589204545455		1
000212:	0.043905681818182	0.279380113636364	0.676714204545455		1
000213:	0.024039204545455	0.073756250000000	0.902204545454545		1
000214:	0.067742045454545	0.165046022727273	0.767211931818182		1
000215:	0.194806818181818	0.188175000000000	0.617018181818182		1
000216:	0.033125568181818	0.112297159090909	0.854577272727273		1
000217:	0.035685795454545	0.292219886363636	0.672094318181818		1
000218:	0.025442045454545	0.076692045454545	0.897865909090909		1
000219:	0.021059090909091	0.189594318181818	0.789346590909091		1
000220:	0.013022159090909	0.089699431818182	0.897278409090909		1
000221:	0.542101136363636	0.004517613636364	0.453381250000000		1
000222:	0.020842045454545	0.122078409090909	0.857079545454545		1
000223:	0.192971590909091	0.108221022727273	0.698807386363636		1
000224:	0.871071022727273	0.060086363636364	0.068842613636364		1
000225:	0.884085227272727	0.048340340909091	0.067574431818182		1
000226:	0.458638636363636	0.279012500000000	0.262348863636364		1
000227:	0.834854545454545	0.112309090909091	0.052836363636364		1
000228:	0.571978977272727	0.399143181818182	0.028877840909091		1
000229:	0.707986363636364	0.139972727272727	0.152040909090909		1
000230:	0.048652840909091	0.908115909090909	0.043231250000000		1
000231:	0.766964772727273	0.155347159090909	0.077688068181818		1
000232:	0.232780113636364	0.409057954545455	0.358161931818182		1
000233:	0.874374431818182	0.095719886363636	0.029905681818182		1
000234:	0.913231818181818	0.066764204545455	0.020003977272727		1
000235:	0.944522727272727	0.037773863636364	0.017703409090909		1
000236:	0.438340909090909	0.513823863636364	0.047835227272727		1
000237:	0.923865909090909	0.047041477272727	0.029092613636364		1
000238:	0.278553409090909	0.127003409090909	0.594443181818182		1
000239:	0.716347159090909	0.165761363636364	0.117891477272727		1
000240:	0.145097159090909	0.829302272727273	0.025600568181818		1
000241:	0.725557954545455	0.154067045454545	0.120375000000000		1
000242:	0.921021590909091	0.052797159090909	0.026181250000000		1
000243:	0.393061363636364	0.584719318181818	0.022219318181818		1
000244:	0.399321022727273	0.404012500000000	0.196666477272727		1
000245:	0.485403977272727	0.421982954545455	0.092613068181818		1
000246:	0.890813068181818	0.066020454545455	0.043166477272727		1
000247:	0.783278977272727	0.115298863636364	0.101422159090909		1
000248:	0.166969318181818	0.680538636363636	0.152492045454545		1
000249:	0.768775568181818	0.201220454545455	0.030003977272727		1
000250:	0.937515909090909	0.038200000000000	0.024284090909091		1
000251:	0.779657386363636	0.175714204545455	0.044628409090909		1
000252:	0.252310795454545	0.645313068181818	0.102376136363636		1
000253:	0.705811363636364	0.256411363636364	0.037777272727273		1
000254:	0.395226136363636	0.532996022727273	0.071777840909091		1
000255:	0.503615909090909	0.407675568181818	0.088708522727273		1
000256:	0.494525568181818	0.218537500000000	0.286936931818182		1
000257:	0.102822159090909	0.655818750000000	0.241359090909091		1
000258:	0.165696590909091	0.065236363636364	0.769067045454545		1
000259:	0.327805681818182	0.103665909090909	0.568528409090909		1
000260:	0.580955113636364	0.362523295454545	0.056521590909091		1
000261:	0.472597159090909	0.409414772727273	0.117988068181818		1
000262:	0.364578977272727	0.434670454545455	0.200750568181818		1
000263:	0.127985795454545	0.085484659090909	0.786529545454545		1
000264:	0.164176704545455	0.368644886363636	0.467178409090909		1
000265:	0.076091477272727	0.213402272727273	0.710506250000000		1
000266:	0.686094886363636	0.122750568181818	0.191154545454545		1
000267:	0.675319318181818	0.258536931818182	0.066143750000000		1
000268:	0.194540340909091	0.123976136363636	0.681483522727273		1
000269:	0.897581818181818	0.036936931818182	0.065481250000000		1
000270:	0.101373863636364	0.117169886363636	0.781456250000000		1
000271:	0.730364772727273	0.243250568181818	0.026384659090909		1
000272:	0.492486363636364	0.426508522727273	0.081005113636364		1
000273:	0.728611363636364	0.113401136363636	0.157987500000000		1
000274:	0.570671590909091	0.368844318181818	0.060484090909091		1
000275:	0.670508522727273	0.123448295454545	0.206043181818182		1
000276:	0.255891477272727	0.311119886363636	0.432988636363636		1
000277:	0.822146590909091	0.119294318181818	0.058559090909091		1
000278:	0.490204545454545	0.193996590909091	0.315798863636364		1
000279:	0.926656818181818	0.043482386363636	0.029860795454545		1
000280:	0.352155681818182	0.508405113636364	0.139439204545455		1
000281:	0.851244318181818	0.074429545454545	0.074326136363636		1
000282:	0.677376704545455	0.156318181818182	0.166305113636364		1
000283:	0.096946022727273	0.538200000000000	0.364853977272727		1
000284:	0.620823863636364	0.288897159090909	0.090278977272727		1
000285:	0.866587500000000	0.084826704545455	0.048585795454545		1
000286:	0.825802272727273	0.100149431818182	0.074048295454545		1
000287:	0.837711931818182	0.081873295454545	0.080414772727273		1
000288:	0.598139204545455	0.237489772727273	0.164371022727273		1
000289:	0.071802272727273	0.110772727272727	0.817425000000000		1
000290:	0.045606250000000	0.503459090909091	0.450934659090909		1
000291:	0.054943750000000	0.028766477272727	0.916289772727273		1
000292:	0.066706250000000	0.175861931818182	0.757431818181818		1
000293:	0.032134090909091	0.036367613636364	0.931498295454545		1
000294:	0.044262500000000	0.028728977272727	0.927008522727273		1
000295:	0.067676704545455	0.024413068181818	0.907910227272727		1
000296:	0.053094886363636	0.050857386363636	0.896047727272727		1
000297:	0.072313068181818	0.076102272727273	0.851584659090909		1
000298:	0.582120454545455	0.416176704545455	0.001702840909091		1
000299:	0.180718750000000	0.066836931818182	0.752444318181818		1
000300:	0.155105681818182	0.179256250000000	0.665638068181818		1
000301:	0.063773863636364	0.060332386363636	0.875893750000000		1
000302:	0.056695454545455	0.233534090909091	0.709770454545455		1
000303:	0.104896022727273	0.297593750000000	0.597510227272727		1
000304:	0.031905113636364	0.138259659090909	0.829835227272727		1
000305:	0.051409659090909	0.660159090909091	0.288431250000000		1
000306:	0.183517045454545	0.370602272727273	0.445880681818182		1
000307:	0.024474431818182	0.822956250000000	0.152569318181818		1
000308:	0.028203409090909	0.116819318181818	0.854977272727273		1
000309:	0.133199431818182	0.055941477272727	0.810859090909091		1
000310:	0.106073295454545	0.060286363636364	0.833640340909091		1
000311:	0.160161931818182	0.305367045454545	0.534471022727273		1
000312:	0.805909090909091	0.045688636363636	0.148402272727273		1
000313:	0.833058522727273	0.053232386363636	0.113709090909091		1
000314:	0.830751136363636	0.059710227272727	0.109538636363636		1
000315:	0.766788636363636	0.054273295454545	0.178938068181818		1
000316:	0.194681250000000	0.074480113636364	0.730838636363636		1
000317:	0.624648863636364	0.129773295454545	0.245577840909091		1
000318:	0.032563068181818	0.157475568181818	0.809961363636364		1
000319:	0.045365909090909	0.098035227272727	0.856598863636364		1
000320:	0.110947159090909	0.164816477272727	0.724236363636364		1
000321:	0.026678409090909	0.101899431818182	0.871422159090909		1
000322:	0.045280113636364	0.595363068181818	0.359356818181818		1
000323:	0.444393181818182	0.171809659090909	0.383797159090909		1
000324:	0.035493750000000	0.360960795454545	0.603545454545454		1
000325:	0.214515340909091	0.435457954545455	0.350026704545455		1
000326:	0.074399431818182	0.633602840909091	0.291997727272727		1
000327:	0.048365909090909	0.343030681818182	0.608603409090909		1
000328:	0.024898295454545	0.903409090909091	0.071692613636364		1
000329:	0.102330113636364	0.256543750000000	0.641126136363636		1
000330:	0.026478409090909	0.820067045454545	0.153454545454545		1
000331:	0.029630681818182	0.861618750000000	0.108750568181818		1
000332:	0.063552840909091	0.111325000000000	0.825122159090909		1
000333:	0.081130681818182	0.155484090909091	0.763385227272727		1
000334:	0.074679545454545	0.162491477272727	0.762828977272727		1
000335:	0.057959659090909	0.105835795454545	0.836204545454545		1
000336:	0.039603977272727	0.370806250000000	0.589589772727273		1
000337:	0.054423863636364	0.612295454545455	0.333280681818182		1
000338:	0.026789204545455	0.071806818181818	0.901403977272727		1
000339:	0.030161931818182	0.426098295454545	0.543739772727273		1
000340:	0.024414204545455	0.154850000000000	0.820735795454545		1
000341:	0.028160795454545	0.056222159090909	0.915617045454545		1
000342:	0.024075568181818	0.275425568181818	0.700498863636364		1
000343:	0.024179545454545	0.099959659090909	0.875860795454545		1
000344:	0.023751704545455	0.883126704545454	0.093121590909091		1
000345:	0.013378409090909	0.866964204545455	0.119657386363636		1
000346:	0.027867045454545	0.260111931818182	0.712021022727273		1
000347:	0.024256250000000	0.301031250000000	0.674712500000000		1
000348:	0.035007386363636	0.386883522727273	0.578109090909091		1
000349:	0.073314204545455	0.437072727272727	0.489613068181818		1
000350:	0.038900568181818	0.440465909090909	0.520633522727273		1
000351:	0.027906250000000	0.648564772727273	0.323528977272727		1
000352:	0.035556250000000	0.058996590909091	0.905447159090909		1
000353:	0.023815340909091	0.070451136363636	0.905733522727273		1
000354:	0.027167613636364	0.064142613636364	0.908689772727273		1
000355:	0.033618181818182	0.250942045454545	0.715439772727273		1
000356:	0.625501704545455	0.158992045454545	0.215506250000000		1
000357:	0.857816477272727	0.080633522727273	0.061550000000000		1
000358:	0.674039204545455	0.132706818181818	0.193253977272727		1
000359:	0.541722727272727	0.305905681818182	0.152371590909091		1
000360:	0.101550000000000	0.085712500000000	0.812737500000000		1
000361:	0.870481818181818	0.071931250000000	0.057586931818182		1
000362:	0.094578409090909	0.664582386363636	0.240839204545455		1
000363:	0.253719886363636	0.036860795454545	0.709419318181818		1
000364:	0.599158522727273	0.201065340909091	0.199776136363636		1
000365:	0.258643181818182	0.261306250000000	0.480050568181818		1
000366:	0.861099431818182	0.040957954545455	0.097942613636364		1
000367:	0.761435795454545	0.055367613636364	0.183196590909091		1
000368:	0.820240340909091	0.036536931818182	0.143222727272727		1
000369:	0.409128409090909	0.110980113636364	0.479891477272727		1
000370:	0.159898863636364	0.119764204545455	0.720336931818182		1
000371:	0.056365909090909	0.135092045454545	0.808542045454545		1
000372:	0.427399431818182	0.048704545454545	0.523896022727273		1
000373:	0.480958522727273	0.203148295454545	0.315893181818182		1
000374:	0.199248295454545	0.058041477272727	0.742710227272727		1
000375:	0.061655113636364	0.268514772727273	0.669830113636364		1
000376:	0.521410227272727	0.064316477272727	0.414273295454545		1
000377:	0.060690909090909	0.405361363636364	0.533947727272727		1
000378:	0.919522159090909	0.023951136363636	0.056526704545455		1
000379:	0.942564204545455	0.016626136363636	0.040809659090909		1
000380:	0.766970454545455	0.042780113636364	0.190249431818182		1
000381:	0.924741477272727	0.029447727272727	0.045810795454545		1
000382:	0.647852840909091	0.060193750000000	0.291953409090909		1
000383:	0.445813636363636	0.103617613636364	0.450568750000000		1
000384:	0.548577272727273	0.084814772727273	0.366607954545455		1
000385:	0.356686931818182	0.429635795454545	0.213677272727273		1
000386:	0.900138636363636	0.039145454545455	0.060715909090909		1
000387:	0.435375568181818	0.059781250000000	0.504843181818182		1
000388:	0.560047727272727	0.254556818181818	0.185395454545455		1
000389:	0.438181818181818	0.185008522727273	0.376809659090909		1
000390:	0.054510795454545	0.694956818181818	0.250532386363636		1
000391:	0.719951136363636	0.078054545454545	0.201994318181818		1
000392:	0.827308522727273	0.105966477272727	0.066725000000000		1
000393:	0.724359659090909	0.056604545454545	0.219035795454545		1
000394:	0.609820454545455	0.038290909090909	0.351888636363636		1
000395:	0.247934090909091	0.039676136363636	0.712389772727273		1
000396:	0.518115340909091	0.189617613636364	0.292267045454545		1
000397:	0.395532954545455	0.050469886363636	0.553997159090909		1
000398:	0.436444318181818	0.162576704545455	0.400978977272727		1
000399:	0.905566477272727	0.057540909090909	0.036892613636364		1
000400:	0.727178409090909	0.061448863636364	0.211372727272727		1
000401:	0.831625000000000	0.043516477272727	0.124858522727273		1
000402:	0.540614772727273	0.043896022727273	0.415489204545455		1
000403:	0.496760227272727	0.130211931818182	0.373027840909091		1
000404:	0.592453977272727	0.232887500000000	0.174658522727273		1
000405:	0.658087500000000	0.025755113636364	0.316157386363636		1
000406:	0.080161931818182	0.041287500000000	0.878550568181818		1
000407:	0.182160227272727	0.039853977272727	0.777985795454545		1
000408:	0.686040909090909	0.187931818181818	0.126027272727273		1
000409:	0.104255681818182	0.081330113636364	0.814414204545455		1
000410:	0.085215340909091	0.088278409090909	0.826506250000000		1
000411:	0.216143181818182	0.155954545454545	0.627902272727273		1
000412:	0.887064772727273	0.050598295454545	0.062336931818182		1
000413:	0.494008522727273	0.107728409090909	0.398263068181818		1
000414:	0.892765340909091	0.038190909090909	0.069043750000000		1
000415:	0.504363636363636	0.453909659090909	0.041726704545455		1
000416:	0.942947727272727	0.034675568181818	0.022376704545455		1
000417:	0.635312500000000	0.163919318181818	0.200768181818182		1
000418:	0.808815340909091	0.072786931818182	0.118397727272727		1
000419:	0.903786363636364	0.059056818181818	0.037156818181818		1
000420:	0.110378409090909	0.458290909090909	0.431330681818182		1
000421:	0.810874431818182	0.053175000000000	0.135950568181818		1
000422:	0.681173863636364	0.112072159090909	0.206753977272727		1
000423:	0.087353977272727	0.710426136363636	0.202219886363636		1
000424:	0.944731818181818	0.031482386363636	0.023785795454545		1
000425:	0.883684659090909	0.044840909090909	0.071474431818182		1
000426:	0.243951136363636	0.713702840909091	0.042346022727273		1
000427:	0.680559659090909	0.098658522727273	0.220781818181818		1
000428:	0.564003977272727	0.056960795454545	0.379035227272727		1
000429:	0.318600000000000	0.160361363636364	0.521038636363636		1
000430:	0.637534090909091	0.256889772727273	0.105576136363636		1
000431:	0.809005681818182	0.057085795454545	0.133908522727273		1
000432:	0.703872159090909	0.138415909090909	0.157711931818182		1
000433:	0.484152840909091	0.320601136363636	0.195246022727273		1
000434:	0.648452272727273	0.185644886363636	0.165902840909091		1
000435:	0.408485227272727	0.203585795454545	0.387928977272727		1
000436:	0.479716477272727	0.458100568181818	0.062182954545455		1
000437:	0.761703409090909	0.193313068181818	0.044983522727273		1
000438:	0.763438636363636	0.134497159090909	0.102064204545455		1
000439:	0.929755113636364	0.038804545454545	0.031440340909091		1
000440:	0.943357386363636	0.022063636363636	0.034578977272727		1
000441:	0.941278977272727	0.034228409090909	0.024492613636364		1
000442:	0.897094318181818	0.048131250000000	0.054774431818182		1
000443:	0.153554545454545	0.079977840909091	0.766467613636364		1
000444:	0.713270454545455	0.250531818181818	0.036197727272727		1
000445:	0.785686931818182	0.054026704545455	0.160286363636364		1
000446:	0.342150568181818	0.261251704545455	0.396597727272727		1
000447:	0.848025000000000	0.038439204545455	0.113535795454545		1
000448:	0.652344886363636	0.071406250000000	0.276248863636364		1
000449:	0.512065909090909	0.075213068181818	0.412721022727273		1
000450:	0.203555113636364	0.052713068181818	0.743731818181818		1
000451:	0.182405113636364	0.080239204545455	0.737355681818182		1
000452:	0.172031818181818	0.735317613636364	0.092650568181818		1
000453:	0.927139204545455	0.037727272727273	0.035133522727273		1
000454:	0.315057954545455	0.187118181818182	0.497823863636364		1
000455:	0.057725568181818	0.095509659090909	0.846764772727273		1
000456:	0.017748295454545	0.057872159090909	0.924379545454545		1
000457:	0.019149431818182	0.129292045454545	0.851558522727273		1
000458:	0.070934659090909	0.102264204545455	0.826801136363636		1
000459:	0.025680113636364	0.079256818181818	0.895063068181818		1
000460:	0.026735795454545	0.027305681818182	0.945958522727273		1
000461:	0.068376136363636	0.070560795454545	0.861063068181818		1
000462:	0.060180113636364	0.168776704545455	0.771043181818182		1
000463:	0.051940909090909	0.444925000000000	0.503134090909091		1
000464:	0.075969318181818	0.391552840909091	0.532477840909091		1
000465:	0.058380681818182	0.095819886363636	0.845799431818182		1
000466:	0.032355681818182	0.048760227272727	0.918884090909091		1
000467:	0.028244886363636	0.044405113636364	0.927350000000000		1
000468:	0.018963636363636	0.046458522727273	0.934577840909091		1
000469:	0.802930113636364	0.057576136363636	0.139493750000000		1
000470:	0.815190909090909	0.086036931818182	0.098772159090909		1
000471:	0.736328977272727	0.032337500000000	0.231333522727273		1
000472:	0.120890909090909	0.746142045454545	0.132967045454545		1
000473:	0.079971590909091	0.593497159090909	0.326531250000000		1
000474:	0.743406250000000	0.050604545454545	0.205989204545455		1
000475:	0.651722727272727	0.045973863636364	0.302303409090909		1
000476:	0.254798295454545	0.100080113636364	0.645121590909091		1
000477:	0.853814772727273	0.024504545454545	0.121680681818182		1
000478:	0.773325568181818	0.036368750000000	0.190305681818182		1
000479:	0.280622159090909	0.110675568181818	0.608702272727273		1
000480:	0.395393750000000	0.052803409090909	0.551802840909091		1
000481:	0.176926136363636	0.044369886363636	0.778703977272727		1
000482:	0.296557954545455	0.541126136363636	0.162315909090909		1
000483:	0.478840909090909	0.318237500000000	0.202921590909091		1
000484:	0.079513636363636	0.042816477272727	0.877669886363636		1
000485:	0.869054545454545	0.088163068181818	0.042782386363636		1
000486:	0.446393181818182	0.051496590909091	0.502110227272727		1
000487:	0.080659659090909	0.804136363636364	0.115203977272727		1
000488:	0.577186363636364	0.051951704545455	0.370861931818182		1
000489:	0.774725000000000	0.160859090909091	0.064415909090909		1
000490:	0.776853977272727	0.055588636363636	0.167557386363636		1
000491:	0.135149431818182	0.290602840909091	0.574247727272727		1
000492:	0.829458522727273	0.046634090909091	0.123907386363636		1
000493:	0.209219886363636	0.351946590909091	0.438833522727273		1
000494:	0.133923863636364	0.074879545454545	0.791196590909091		1
000495:	0.202700000000000	0.070252840909091	0.727047159090909		1
000496:	0.038295454545455	0.067736363636364	0.893968181818182		1
000497:	0.375626136363636	0.169027840909091	0.455346022727273		1
000498:	0.173980681818182	0.102676136363636	0.723343181818182		1
000499:	0.036506818181818	0.098617045454545	0.864876136363636		1
000500:	0.071209090909091	0.051403409090909	0.877387500000000		1
000501:	0.094364772727273	0.216134090909091	0.689501136363636		1
000502:	0.022414204545455	0.067313068181818	0.910272727272727		1
000503:	0.036682954545455	0.097333522727273	0.865983522727273		1
000504:	0.014336931818182	0.903037500000000	0.082625568181818		1
000505:	0.139952272727273	0.200484659090909	0.659563068181818		1
000506:	0.114357386363636	0.287814772727273	0.597827840909091		1
000507:	0.079818750000000	0.093311931818182	0.826869318181818		1
000508:	0.038867045454545	0.072043181818182	0.889089772727273		1
000509:	0.160280113636364	0.837647159090909	0.002072727272727		1
000510:	0.029552840909091	0.154935227272727	0.815511931818182		1
000511:	0.020301704545455	0.027340340909091	0.952357954545455		1
000512:	0.032236363636364	0.368854545454545	0.598909090909091		1
000513:	0.072977272727273	0.304730681818182	0.622292045454545		1
000514:	0.025991477272727	0.410611931818182	0.563396590909091		1
000515:	0.024324431818182	0.090812500000000	0.884863068181818		1
000516:	0.026342045454545	0.061235227272727	0.912422727272727		1
000517:	0.021002272727273	0.059089772727273	0.919907954545455		1
000518:	0.032550000000000	0.502701704545455	0.464748295454545		1
000519:	0.090889772727273	0.663666477272727	0.245443750000000		1
000520:	0.089780113636364	0.815538636363636	0.094681250000000		1
000521:	0.017422727272727	0.660632386363636	0.321944886363636		1
000522:	0.174672159090909	0.457000568181818	0.368327272727273		1
000523:	0.225396022727273	0.669143181818182	0.105460795454545		1
000524:	0.128025568181818	0.362141477272727	0.509832954545455		1
000525:	0.047612500000000	0.593522159090909	0.358865340909091		1
000526:	0.138311363636364	0.445443181818182	0.416245454545455		1
000527:	0.061536931818182	0.732855113636364	0.205607954545455		1
000528:	0.065316477272727	0.885225568181818	0.049457954545455		1
000529:	0.115170454545455	0.734964772727273	0.149864772727273		1
000530:	0.074918750000000	0.874076136363636	0.051005113636364		1
000531:	0.054704545454545	0.646844886363636	0.298450568181818		1
000532:	0.016776136363636	0.905706250000000	0.077517613636364		1
000533:	0.023589204545455	0.577330681818182	0.399080113636364		1
000534:	0.042496590909091	0.636551136363636	0.320952272727273		1
000535:	0.025632954545455	0.913480681818182	0.060886363636364		1
000536:	0.072771022727273	0.543792045454545	0.383436931818182		1
000537:	0.359170454545455	0.449192045454545	0.191637500000000		1
000538:	0.097361363636364	0.784741477272727	0.117897159090909		1
000539:	0.165020454545455	0.715990909090909	0.118988636363636		1
000540:	0.152588636363636	0.549817613636364	0.297593750000000		1
000541:	0.062255681818182	0.229203977272727	0.708540340909091		1
000542:	0.292230681818182	0.382702272727273	0.325067045454545		1
000543:	0.074096590909091	0.730630681818182	0.195272727272727		1
000544:	0.022581250000000	0.767700568181818	0.209718181818182		1
000545:	0.021500568181818	0.345297159090909	0.633202272727273		1
000546:	0.061017045454545	0.278382954545455	0.660600000000000		1
000547:	0.033619318181818	0.832874431818182	0.133506250000000		1
000548:	0.026046022727273	0.583391477272727	0.390562500000000		1
000549:	0.024736931818182	0.807113636363636	0.168149431818182		1
000550:	0.126473295454545	0.498185227272727	0.375341477272727		1
000551:	0.079197727272727	0.743749431818182	0.177052840909091		1
000552:	0.048865909090909	0.863889204545455	0.087244886363636		1
000553:	0.066993750000000	0.662900568181818	0.270105681818182		1
000554:	0.035888068181818	0.838511931818182	0.125600000000000		1
000555:	0.032039204545455	0.833936931818182	0.134023863636364		1
000556:	0.050225568181818	0.880457954545455	0.069316477272727		1
000557:	0.037213068181818	0.800123863636364	0.162663068181818		1
000558:	0.034148863636364	0.928760795454545	0.037090340909091		1
000559:	0.020321590909091	0.925492613636364	0.054185795454545		1
000560:	0.038146022727273	0.917348863636364	0.044505113636364		1
000561:	0.269776704545455	0.535431250000000	0.194792045454545		1
000562:	0.023650000000000	0.229860795454545	0.746489204545455		1
000563:	0.353879545454545	0.526763068181818	0.119357386363636		1
000564:	0.132196590909091	0.628085795454545	0.239717613636364		1
000565:	0.035260227272727	0.792104545454545	0.172635227272727		1
000566:	0.015903409090909	0.918403409090909	0.065693181818182		1
000567:	0.012304545454545	0.922505113636364	0.065190340909091		1
000568:	0.011868750000000	0.909341477272727	0.078789772727273		1
000569:	0.023507954545455	0.240893750000000	0.735598295454545		1
000570:	0.025494318181818	0.098023863636364	0.876481818181818		1
000571:	0.014105681818182	0.916786363636364	0.069107954545455		1
000572:	0.016032954545455	0.246323863636364	0.737643181818182		1
000573:	0.014653977272727	0.188616477272727	0.796729545454545		1
000574:	0.020826136363636	0.702598295454545	0.276575568181818		1
000575:	0.044655113636364	0.089929545454545	0.865415340909091		1
000576:	0.043688068181818	0.818197159090909	0.138114772727273		1
000577:	0.224747727272727	0.597184659090909	0.178067613636364		1
000578:	0.063800000000000	0.779890909090909	0.156309090909091		1
000579:	0.047598295454545	0.751542613636364	0.200859090909091		1
000580:	0.504401136363636	0.221109659090909	0.274489204545455		1
000581:	0.055232386363636	0.779018181818182	0.165749431818182		1
000582:	0.051559659090909	0.520309659090909	0.428130681818182		1
000583:	0.297586931818182	0.194479545454545	0.507933522727273		1
000584:	0.031429545454545	0.823072159090909	0.145498295454545		1
000585:	0.011281818181818	0.925476136363636	0.063242045454545		1
000586:	0.019215340909091	0.711652840909091	0.269131818181818		1
000587:	0.038310795454545	0.395300000000000	0.566389204545454		1
000588:	0.078488068181818	0.455372727272727	0.466139204545455		1
000589:	0.043856818181818	0.238760227272727	0.717382954545455		1
000590:	0.050938636363636	0.450980113636364	0.498081250000000		1
000591:	0.011284659090909	0.691208522727273	0.297506818181818		1
000592:	0.023809659090909	0.800487500000000	0.175702840909091		1
000593:	0.042810795454545	0.759639204545455	0.197550000000000		1
000594:	0.039657386363636	0.182986931818182	0.777355681818182		1
000595:	0.347503977272727	0.328227840909091	0.324268181818182		1
000596:	0.062775568181818	0.599539204545455	0.337685227272727		1
000597:	0.077598863636364	0.628738636363636	0.293662500000000		1
000598:	0.035217045454545	0.626184659090909	0.338598295454545		1
000599:	0.059417045454545	0.859661931818182	0.080921022727273		1
000600:	0.059409659090909	0.854948295454545	0.085642045454545		1
000601:	0.021013636363636	0.938302272727273	0.040684090909091		1
000602:	0.107762500000000	0.424235227272727	0.468002272727273		1
000603:	0.033956818181818	0.758705681818182	0.207337500000000		1
000604:	0.050048295454545	0.294461931818182	0.655489772727273		1
