Estimated Clustering Probabilities for Samples
Sample	***Cluster  01***	***Cluster  02***	***Cluster  03***	
000001:	0.889632954545455	0.037474431818182	0.072892613636364		1
000002:	0.944007386363636	0.016791477272727	0.039201136363636		1
000003:	0.922492613636364	0.022308522727273	0.055198863636364		1
000004:	0.953428977272727	0.016531818181818	0.030039204545455		1
000005:	0.960091477272727	0.016003977272727	0.023904545454545		1
000006:	0.890551704545455	0.055601704545455	0.053846590909091		1
000007:	0.890028977272727	0.014839204545455	0.095131818181818		1
000008:	0.930618181818182	0.021257386363636	0.048124431818182		1
000009:	0.950978977272727	0.019189772727273	0.029831250000000		1
000010:	0.951571022727273	0.022758522727273	0.025670454545455		1
000011:	0.524894318181818	0.345953409090909	0.129152272727273		1
000012:	0.347991477272727	0.615929545454545	0.036078977272727		1
000013:	0.111912500000000	0.859402272727273	0.028685227272727		1
000014:	0.676177840909091	0.270230681818182	0.053591477272727		1
000015:	0.813047727272727	0.162973295454545	0.023978977272727		1
000016:	0.826151136363636	0.128113068181818	0.045735795454545		1
000017:	0.749898863636364	0.218764204545455	0.031336931818182		1
000018:	0.103500568181818	0.865721022727273	0.030778409090909		1
000019:	0.443369886363636	0.528146022727273	0.028484090909091		1
000020:	0.664759090909091	0.292965909090909	0.042275000000000		1
000021:	0.122607386363636	0.770600568181818	0.106792045454545		1
000022:	0.431707386363636	0.538728977272727	0.029563636363636		1
000023:	0.238431250000000	0.670648863636364	0.090919886363636		1
000024:	0.431307954545455	0.531909090909091	0.036782954545455		1
000025:	0.160546022727273	0.807979545454545	0.031474431818182		1
000026:	0.137730681818182	0.839623863636364	0.022645454545455		1
000027:	0.063935227272727	0.915596022727273	0.020468750000000		1
000028:	0.557842045454545	0.258643181818182	0.183514772727273		1
000029:	0.353010795454545	0.597234659090909	0.049754545454545		1
000030:	0.415972159090909	0.490740340909091	0.093287500000000		1
000031:	0.051523295454545	0.927991477272727	0.020485227272727		1
000032:	0.170559659090909	0.789803409090909	0.039636931818182		1
000033:	0.308580113636364	0.593934090909091	0.097485795454545		1
000034:	0.596125000000000	0.348975568181818	0.054899431818182		1
000035:	0.077372159090909	0.846037500000000	0.076590340909091		1
000036:	0.497920454545455	0.431757954545455	0.070321590909091		1
000037:	0.196519886363636	0.780742613636364	0.022737500000000		1
000038:	0.245790909090909	0.492723863636364	0.261485227272727		1
000039:	0.191346022727273	0.777730113636364	0.030923863636364		1
000040:	0.124855681818182	0.860463636363636	0.014680681818182		1
000041:	0.260365340909091	0.710400000000000	0.029234659090909		1
000042:	0.082364772727273	0.883567613636364	0.034067613636364		1
000043:	0.720273295454545	0.238625568181818	0.041101136363636		1
000044:	0.369247727272727	0.589989204545455	0.040763068181818		1
000045:	0.104973295454545	0.877642045454545	0.017384659090909		1
000046:	0.168175000000000	0.718297727272727	0.113527272727273		1
000047:	0.473716477272727	0.421790909090909	0.104492613636364		1
000048:	0.915061931818182	0.048055681818182	0.036882386363636		1
000049:	0.834377840909091	0.141874431818182	0.023747727272727		1
000050:	0.587047159090909	0.371460795454545	0.041492045454545		1
000051:	0.939872727272727	0.001059659090909	0.059067613636364		1
000052:	0.923611363636364	0.051734659090909	0.024653977272727		1
000053:	0.516126704545455	0.452532386363636	0.031340909090909		1
000054:	0.131581250000000	0.829459659090909	0.038959090909091		1
000055:	0.901807954545455	0.057957954545455	0.040234090909091		1
000056:	0.738642045454545	0.223323295454545	0.038034659090909		1
000057:	0.599913636363636	0.351072727272727	0.049013636363636		1
000058:	0.527142045454545	0.438775000000000	0.034082954545455		1
000059:	0.165632386363636	0.799480113636364	0.034887500000000		1
000060:	0.894024431818182	0.080776704545455	0.025198863636364		1
000061:	0.756731250000000	0.218596022727273	0.024672727272727		1
000062:	0.900138636363636	0.055844318181818	0.044017045454545		1
000063:	0.837349431818182	0.068264772727273	0.094385795454545		1
000064:	0.785282954545454	0.033339772727273	0.181377272727273		1
000065:	0.874384090909091	0.075650000000000	0.049965909090909		1
000066:	0.678452272727273	0.302471590909091	0.019076136363636		1
000067:	0.914980681818182	0.034686363636364	0.050332954545455		1
000068:	0.398805681818182	0.560226136363636	0.040968181818182		1
000069:	0.460777272727273	0.538755681818182	0.000467045454545		1
000070:	0.510377272727273	0.410310227272727	0.079312500000000		1
000071:	0.252659659090909	0.709300000000000	0.038040340909091		1
000072:	0.877943750000000	0.079678409090909	0.042377840909091		1
000073:	0.864685795454545	0.102002840909091	0.033311363636364		1
000074:	0.118676704545455	0.849155681818182	0.032167613636364		1
000075:	0.429805681818182	0.533222727272727	0.036971590909091		1
000076:	0.122214204545455	0.478977272727273	0.398808522727273		1
000077:	0.419901704545455	0.339665340909091	0.240432954545455		1
000078:	0.840763636363636	0.086311931818182	0.072924431818182		1
000079:	0.308946590909091	0.642960795454545	0.048092613636364		1
000080:	0.154000000000000	0.798013636363636	0.047986363636364		1
000081:	0.878367045454545	0.091542613636364	0.030090340909091		1
000082:	0.885180113636364	0.082422159090909	0.032397727272727		1
000083:	0.689446590909091	0.254641477272727	0.055911931818182		1
000084:	0.422171022727273	0.305929545454545	0.271899431818182		1
000085:	0.476115909090909	0.450686931818182	0.073197159090909		1
000086:	0.567927840909091	0.344909659090909	0.087162500000000		1
000087:	0.702496590909091	0.278035795454545	0.019467613636364		1
000088:	0.181148295454545	0.797106818181818	0.021744886363636		1
000089:	0.204948295454545	0.720651704545455	0.074400000000000		1
000090:	0.138686931818182	0.833151136363636	0.028161931818182		1
000091:	0.070212500000000	0.751747727272727	0.178039772727273		1
000092:	0.533614204545454	0.422775000000000	0.043610795454545		1
000093:	0.416338068181818	0.479685795454545	0.103976136363636		1
000094:	0.266355113636364	0.666572159090909	0.067072727272727		1
000095:	0.906916477272727	0.055225000000000	0.037858522727273		1
000096:	0.874480681818182	0.088931818181818	0.036587500000000		1
000097:	0.229951704545455	0.746672159090909	0.023376136363636		1
000098:	0.436500568181818	0.537459659090909	0.026039772727273		1
000099:	0.601824431818182	0.343948295454545	0.054227272727273		1
000100:	0.871646022727273	0.111437500000000	0.016916477272727		1
000101:	0.498167613636364	0.479475568181818	0.022356818181818		1
000102:	0.548760795454545	0.425368181818182	0.025871022727273		1
000103:	0.337157386363636	0.592937500000000	0.069905113636364		1
000104:	0.888298863636364	0.088425568181818	0.023275568181818		1
000105:	0.185165909090909	0.792405113636364	0.022428977272727		1
000106:	0.275584090909091	0.690459090909091	0.033956818181818		1
000107:	0.766959090909091	0.213889204545455	0.019151704545455		1
000108:	0.682152272727273	0.286864772727273	0.030982954545455		1
000109:	0.359368750000000	0.606939204545455	0.033692045454545		1
000110:	0.088388636363636	0.790103977272727	0.121507386363636		1
000111:	0.814559090909091	0.125296022727273	0.060144886363636		1
000112:	0.172665909090909	0.788066477272727	0.039267613636364		1
000113:	0.827328977272727	0.143099431818182	0.029571590909091		1
000114:	0.233264772727273	0.567451704545455	0.199283522727273		1
000115:	0.503227272727273	0.447853977272727	0.048918750000000		1
000116:	0.838460227272727	0.115449431818182	0.046090340909091		1
000117:	0.439860227272727	0.483803409090909	0.076336363636364		1
000118:	0.874889204545454	0.062642613636364	0.062468181818182		1
000119:	0.238178977272727	0.737359090909091	0.024461931818182		1
000120:	0.885466477272727	0.089907954545455	0.024625568181818		1
000121:	0.280434090909091	0.672847159090909	0.046718750000000		1
000122:	0.567144886363636	0.417236363636364	0.015618750000000		1
000123:	0.736381818181818	0.196053977272727	0.067564204545455		1
000124:	0.270552272727273	0.601125000000000	0.128322727272727		1
000125:	0.671727840909091	0.111522159090909	0.216750000000000		1
000126:	0.110807386363636	0.055516477272727	0.833676136363636		1
000127:	0.678338636363636	0.278335227272727	0.043326136363636		1
000128:	0.895663636363636	0.084080681818182	0.020255681818182		1
000129:	0.098342045454545	0.869942613636364	0.031715340909091		1
000130:	0.779611363636364	0.162557386363636	0.057831250000000		1
000131:	0.491940909090909	0.468775568181818	0.039283522727273		1
000132:	0.852877840909091	0.127186363636364	0.019935795454545		1
000133:	0.351753409090909	0.461333522727273	0.186913068181818		1
000134:	0.355565340909091	0.585138068181818	0.059296590909091		1
000135:	0.087472159090909	0.892310795454546	0.020217045454545		1
000136:	0.773072159090909	0.173290340909091	0.053637500000000		1
000137:	0.123419886363636	0.851017045454545	0.025563068181818		1
000138:	0.637398863636364	0.268251136363636	0.094350000000000		1
000139:	0.642503409090909	0.323958522727273	0.033538068181818		1
000140:	0.065730113636364	0.910464772727273	0.023805113636364		1
000141:	0.805176704545455	0.110868181818182	0.083955113636364		1
000142:	0.370919886363636	0.612906250000000	0.016173863636364		1
000143:	0.763439772727273	0.215334090909091	0.021226136363636		1
000144:	0.765353977272727	0.209569886363636	0.025076136363636		1
000145:	0.693808522727273	0.210407954545455	0.095783522727273		1
000146:	0.535875568181818	0.420465340909091	0.043659090909091		1
000147:	0.856451136363636	0.116821022727273	0.026727840909091		1
000148:	0.882490909090909	0.089439204545455	0.028069886363636		1
000149:	0.537787500000000	0.417602840909091	0.044609659090909		1
000150:	0.123209090909091	0.857882386363636	0.018908522727273		1
000151:	0.820409659090909	0.143686931818182	0.035903409090909		1
000152:	0.603780681818182	0.321730113636364	0.074489204545455		1
000153:	0.303609090909091	0.670990340909091	0.025400568181818		1
000154:	0.898569886363636	0.059847727272727	0.041582386363636		1
000155:	0.635084090909091	0.333438636363636	0.031477272727273		1
000156:	0.620724431818182	0.350482954545455	0.028792613636364		1
000157:	0.906991477272727	0.030264772727273	0.062743750000000		1
000158:	0.537830681818182	0.074173295454545	0.387996022727273		1
000159:	0.247801136363636	0.372321022727273	0.379877840909091		1
000160:	0.093136931818182	0.011930681818182	0.894932386363636		1
000161:	0.373284090909091	0.037015909090909	0.589700000000000		1
000162:	0.147506250000000	0.565304545454545	0.287189204545455		1
000163:	0.949575568181818	0.022240909090909	0.028183522727273		1
000164:	0.878526704545455	0.012984090909091	0.108489204545455		1
000165:	0.909454545454545	0.015477272727273	0.075068181818182		1
000166:	0.959109090909091	0.013432954545455	0.027457954545455		1
000167:	0.841706818181818	0.048918750000000	0.109374431818182		1
000168:	0.665802840909091	0.300750568181818	0.033446590909091		1
000169:	0.685473863636364	0.285594886363636	0.028931250000000		1
000170:	0.891059659090909	0.083012500000000	0.025927840909091		1
000171:	0.866278977272727	0.106469886363636	0.027251136363636		1
000172:	0.688285227272727	0.266135795454545	0.045578977272727		1
000173:	0.865929545454545	0.119759090909091	0.014311363636364		1
000174:	0.326842613636364	0.657608522727273	0.015548863636364		1
000175:	0.788402840909091	0.183039772727273	0.028557386363636		1
000176:	0.594493750000000	0.337510227272727	0.067996022727273		1
000177:	0.600012500000000	0.386603409090909	0.013384090909091		1
000178:	0.768188068181818	0.219777840909091	0.012034090909091		1
000179:	0.859115340909091	0.121522159090909	0.019362500000000		1
000180:	0.755706250000000	0.208257954545455	0.036035795454545		1
000181:	0.824736363636364	0.106065909090909	0.069197727272727		1
000182:	0.337414772727273	0.625525568181818	0.037059659090909		1
000183:	0.891507954545455	0.084722727272727	0.023769318181818		1
000184:	0.631821590909091	0.344444318181818	0.023734090909091		1
000185:	0.204371590909091	0.760211931818182	0.035416477272727		1
000186:	0.625320454545455	0.266451136363636	0.108228409090909		1
000187:	0.741058522727273	0.216956250000000	0.041985227272727		1
000188:	0.786701704545455	0.113230113636364	0.100068181818182		1
000189:	0.909612500000000	0.071917613636364	0.018469886363636		1
000190:	0.783952840909091	0.170148863636364	0.045898295454545		1
000191:	0.776178977272727	0.207556818181818	0.016264204545455		1
000192:	0.247546590909091	0.686774431818182	0.065678977272727		1
000193:	0.410033522727273	0.557952840909091	0.032013636363636		1
000194:	0.493549431818182	0.464525000000000	0.041925568181818		1
000195:	0.558475000000000	0.421262500000000	0.020262500000000		1
000196:	0.641784090909091	0.028869318181818	0.329346590909091		1
000197:	0.920758522727273	0.047074431818182	0.032167045454545		1
000198:	0.398151136363636	0.433540340909091	0.168308522727273		1
000199:	0.892306818181818	0.026194318181818	0.081498863636364		1
000200:	0.796534090909091	0.039377840909091	0.164088068181818		1
000201:	0.921642045454545	0.024048295454545	0.054309659090909		1
000202:	0.486675568181818	0.451707954545455	0.061616477272727		1
000203:	0.875052840909091	0.094718181818182	0.030228977272727		1
000204:	0.849793750000000	0.089712500000000	0.060493750000000		1
000205:	0.769002840909091	0.137872727272727	0.093124431818182		1
000206:	0.524655113636364	0.438536363636364	0.036808522727273		1
000207:	0.435512500000000	0.507273295454545	0.057214204545455		1
000208:	0.844218181818182	0.130492613636364	0.025289204545455		1
000209:	0.899551704545455	0.046878409090909	0.053569886363636		1
000210:	0.868360795454545	0.100247727272727	0.031391477272727		1
000211:	0.895336931818182	0.055877272727273	0.048785795454545		1
000212:	0.731276704545455	0.048365340909091	0.220357954545455		1
000213:	0.898394318181818	0.028432386363636	0.073173295454545		1
000214:	0.860868750000000	0.047947159090909	0.091184090909091		1
000215:	0.616777840909091	0.164885795454545	0.218336363636364		1
000216:	0.865921590909091	0.025006250000000	0.109072159090909		1
000217:	0.722853977272727	0.043615340909091	0.233530681818182		1
000218:	0.918117613636364	0.015213068181818	0.066669318181818		1
000219:	0.832315909090909	0.015250000000000	0.152434090909091		1
000220:	0.894624431818182	0.017615340909091	0.087760227272727		1
000221:	0.908481818181818	0.014443181818182	0.077075000000000		1
000222:	0.874411931818182	0.013702272727273	0.111885795454545		1
000223:	0.678236363636364	0.197589772727273	0.124173863636364		1
000224:	0.067295454545455	0.859883522727273	0.072821022727273		1
000225:	0.066610795454545	0.882568750000000	0.050820454545455		1
000226:	0.144538636363636	0.504216477272727	0.351244886363636		1
000227:	0.051171590909091	0.830546590909091	0.118281818181818		1
000228:	0.030974431818182	0.513696590909091	0.455328977272727		1
000229:	0.168453977272727	0.633058522727273	0.198487500000000		1
000230:	0.044681818181818	0.044136931818182	0.911181250000000		1
000231:	0.101341477272727	0.687943181818182	0.210715340909091		1
000232:	0.284137500000000	0.206386931818182	0.509475568181818		1
000233:	0.036772159090909	0.808328409090909	0.154899431818182		1
000234:	0.142235227272727	0.233214204545455	0.624550568181818		1
000235:	0.027228977272727	0.922010795454545	0.050760227272727		1
000236:	0.504796022727273	0.001138068181818	0.494065909090909		1
000237:	0.027598863636364	0.907067045454545	0.065334090909091		1
000238:	0.600431818181818	0.268411931818182	0.131156250000000		1
000239:	0.066194886363636	0.691019886363636	0.242785227272727		1
000240:	0.026626704545455	0.155929545454545	0.817443750000000		1
000241:	0.093083522727273	0.752131250000000	0.154785227272727		1
000242:	0.030416477272727	0.911044886363636	0.058538636363636		1
000243:	0.025692045454545	0.374457954545455	0.599850000000000		1
000244:	0.270753977272727	0.332643181818182	0.396602840909091		1
000245:	0.062593750000000	0.496056818181818	0.441349431818182		1
000246:	0.033098295454545	0.890728977272727	0.076172727272727		1
000247:	0.059492045454545	0.710246022727273	0.230261931818182		1
000248:	0.095555113636364	0.175856818181818	0.728588068181818		1
000249:	0.025699431818182	0.676819318181818	0.297481250000000		1
000250:	0.029257954545455	0.912640909090909	0.058101136363636		1
000251:	0.047861931818182	0.722434090909091	0.229703977272727		1
000252:	0.083242613636364	0.312160795454545	0.604596590909091		1
000253:	0.046507386363636	0.641288636363636	0.312203977272727		1
000254:	0.069158522727273	0.329851136363636	0.600990340909091		1
000255:	0.093535795454545	0.511704545454545	0.394759659090909		1
000256:	0.292542045454545	0.497198863636364	0.210259090909091		1
000257:	0.264513636363636	0.121231250000000	0.614255113636364		1
000258:	0.725071590909091	0.186393181818182	0.088535227272727		1
000259:	0.459313636363636	0.358884659090909	0.181801704545455		1
000260:	0.055855113636364	0.446023295454545	0.498121590909091		1
000261:	0.097639772727273	0.521620454545455	0.380739772727273		1
000262:	0.182317045454545	0.327880681818182	0.489802272727273		1
000263:	0.754873295454545	0.156385795454545	0.088740909090909		1
000264:	0.459536931818182	0.160993750000000	0.379469318181818		1
000265:	0.751042613636364	0.082264204545455	0.166693181818182		1
000266:	0.134814772727273	0.699561363636364	0.165623863636364		1
000267:	0.053423295454545	0.667029545454545	0.279547159090909		1
000268:	0.615414772727273	0.200652840909091	0.183932386363636		1
000269:	0.072435795454545	0.873211363636364	0.054352840909091		1
000270:	0.755567613636364	0.129109659090909	0.115322727272727		1
000271:	0.034447727272727	0.638009090909091	0.327543181818182		1
000272:	0.067818750000000	0.426742045454545	0.505439204545455		1
000273:	0.095713636363636	0.788455681818182	0.115830681818182		1
000274:	0.071945454545455	0.538580113636364	0.389474431818182		1
000275:	0.171453409090909	0.669153409090909	0.159393181818182		1
000276:	0.359929545454545	0.328440909090909	0.311629545454545		1
000277:	0.043846022727273	0.851246590909091	0.104907386363636		1
000278:	0.305086931818182	0.517563068181818	0.177350000000000		1
000279:	0.033310795454545	0.916964772727273	0.049724431818182		1
000280:	0.149997159090909	0.365010227272727	0.484992613636364		1
000281:	0.074857954545455	0.842479545454546	0.082662500000000		1
000282:	0.170711931818182	0.673282954545455	0.156005113636364		1
000283:	0.375968181818182	0.079198863636364	0.544832954545455		1
000284:	0.103447159090909	0.599547727272727	0.297005113636364		1
000285:	0.054961363636364	0.877418750000000	0.067619886363636		1
000286:	0.069352840909091	0.812227272727273	0.118419886363636		1
000287:	0.061101704545455	0.840149431818182	0.098748863636364		1
000288:	0.197985227272727	0.512203977272727	0.289810795454545		1
000289:	0.848877272727273	0.066844318181818	0.084278409090909		1
000290:	0.423933522727273	0.041493181818182	0.534573295454545		1
000291:	0.921943181818182	0.052219886363636	0.025836931818182		1
000292:	0.773834090909091	0.055080113636364	0.171085795454545		1
000293:	0.942650568181818	0.026420454545455	0.030928977272727		1
000294:	0.910547159090909	0.058628977272727	0.030823863636364		1
000295:	0.884669886363636	0.089253977272727	0.026076136363636		1
000296:	0.914533522727273	0.041051704545455	0.044414772727273		1
000297:	0.860310795454545	0.056192045454545	0.083497159090909		1
000298:	0.088445454545455	0.879323863636364	0.032230681818182		1
000299:	0.754968181818182	0.166975568181818	0.078056250000000		1
000300:	0.614820454545455	0.146811363636364	0.238368181818182		1
000301:	0.844944318181818	0.088032386363636	0.067023295454545		1
000302:	0.637007954545455	0.062186363636364	0.300805681818182		1
000303:	0.493227272727273	0.132934659090909	0.373838068181818		1
000304:	0.798471022727273	0.051759090909091	0.149769886363636		1
000305:	0.331481818181818	0.039691477272727	0.628826704545455		1
000306:	0.390827272727273	0.205387500000000	0.403785227272727		1
000307:	0.173946022727273	0.022269318181818	0.803784659090909		1
000308:	0.884179545454545	0.025244886363636	0.090575568181818		1
000309:	0.826815340909091	0.119217613636364	0.053967045454545		1
000310:	0.854250568181818	0.092351136363636	0.053398295454545		1
000311:	0.578105113636364	0.108344886363636	0.313550000000000		1
000312:	0.116712500000000	0.816098863636364	0.067188636363636		1
000313:	0.134422159090909	0.784792045454546	0.080785795454545		1
000314:	0.097863068181818	0.805741477272727	0.096395454545455		1
000315:	0.149942045454545	0.769956818181818	0.080101136363636		1
000316:	0.632778409090909	0.276446590909091	0.090775000000000		1
000317:	0.327060227272727	0.003179545454545	0.669760227272727		1
000318:	0.812572727272727	0.028844318181818	0.158582954545455		1
000319:	0.879435227272727	0.057968181818182	0.062596590909091		1
000320:	0.692935227272727	0.107285227272727	0.199779545454545		1
000321:	0.866874431818182	0.025115909090909	0.108009659090909		1
000322:	0.298458522727273	0.032934659090909	0.668606818181818		1
000323:	0.346813068181818	0.504342613636364	0.148844318181818		1
000324:	0.568096022727273	0.033266477272727	0.398637500000000		1
000325:	0.358632386363636	0.175451136363636	0.465916477272727		1
000326:	0.261072727272727	0.098644318181818	0.640282954545455		1
000327:	0.621336363636364	0.067531250000000	0.311132386363636		1
000328:	0.063393750000000	0.024339772727273	0.912266477272727		1
000329:	0.628623295454545	0.086031250000000	0.285345454545455		1
000330:	0.112315909090909	0.034381818181818	0.853302272727273		1
000331:	0.077652272727273	0.026256250000000	0.896091477272727		1
000332:	0.867059659090909	0.049497727272727	0.083442613636364		1
000333:	0.796959090909091	0.062171022727273	0.140869886363636		1
000334:	0.758492045454545	0.087061931818182	0.154446022727273		1
000335:	0.814114204545455	0.076576704545455	0.109309090909091		1
000336:	0.704940340909091	0.027054545454545	0.268005113636364		1
000337:	0.342497727272727	0.056818750000000	0.600683522727273		1
000338:	0.911396022727273	0.025331818181818	0.063272159090909		1
000339:	0.591493181818182	0.034803409090909	0.373703409090909		1
000340:	0.844937500000000	0.015546590909091	0.139515909090909		1
000341:	0.922526704545454	0.027963636363636	0.049509659090909		1
000342:	0.698735795454545	0.023726136363636	0.277538068181818		1
000343:	0.840561931818182	0.028851704545455	0.130586363636364		1
000344:	0.009110795454545	0.337453977272727	0.653435227272727		1
000345:	0.108803409090909	0.012288636363636	0.878907954545455		1
000346:	0.694347727272727	0.028533522727273	0.277118750000000		1
000347:	0.648022727272727	0.026065909090909	0.325911363636364		1
000348:	0.739117045454545	0.028630681818182	0.232252272727273		1
000349:	0.433924431818182	0.082956250000000	0.483119318181818		1
000350:	0.580963068181818	0.039845454545455	0.379191477272727		1
000351:	0.346606818181818	0.029994886363636	0.623398295454546		1
000352:	0.900397159090909	0.036831250000000	0.062771590909091		1
000353:	0.925592613636364	0.016517613636364	0.057889772727273		1
000354:	0.906813636363636	0.022126704545455	0.071059659090909		1
000355:	0.650427272727273	0.035627840909091	0.313944886363636		1
000356:	0.339175000000000	0.516815909090909	0.144009090909091		1
000357:	0.056657386363636	0.844190909090909	0.099151704545455		1
000358:	0.201361931818182	0.624402840909091	0.174235227272727		1
000359:	0.119134659090909	0.526136363636364	0.354728977272727		1
000360:	0.833903409090909	0.100388068181818	0.065708522727273		1
000361:	0.065592613636364	0.853102272727273	0.081305113636364		1
000362:	0.171257954545455	0.099973295454545	0.728768750000000		1
000363:	0.635027840909091	0.323294886363636	0.041677272727273		1
000364:	0.168657954545455	0.591753409090909	0.239588636363636		1
000365:	0.360238068181818	0.292203977272727	0.347557954545455		1
000366:	0.084502840909091	0.858623863636364	0.056873295454545		1
000367:	0.197282954545455	0.735944886363636	0.066772159090909		1
000368:	0.131688636363636	0.826069318181818	0.042242045454545		1
000369:	0.441029545454545	0.437338068181818	0.121632386363636		1
000370:	0.714388068181818	0.152647159090909	0.132964772727273		1
000371:	0.679350000000000	0.098128409090909	0.222521590909091		1
000372:	0.530403977272727	0.417538068181818	0.052057954545455		1
000373:	0.288356250000000	0.487311931818182	0.224331818181818		1
000374:	0.700977840909091	0.243359090909091	0.055663068181818		1
000375:	0.578816477272727	0.078486363636364	0.342697159090909		1
000376:	0.411685227272727	0.525310227272727	0.063004545454545		1
000377:	0.468973863636364	0.071050568181818	0.459975568181818		1
000378:	0.062328977272727	0.901917613636364	0.035753409090909		1
000379:	0.034405681818182	0.947001136363636	0.018593181818182		1
000380:	0.180276704545455	0.764448295454545	0.055275000000000		1
000381:	0.029167045454545	0.942128409090909	0.028704545454545		1
000382:	0.289786363636364	0.645435227272727	0.064778409090909		1
000383:	0.414927272727273	0.444884659090909	0.140188068181818		1
000384:	0.291289772727273	0.612382954545455	0.096327272727273		1
000385:	0.208625000000000	0.364491477272727	0.426883522727273		1
000386:	0.060124431818182	0.892766477272727	0.047109090909091		1
000387:	0.445573295454545	0.482691477272727	0.071735227272727		1
000388:	0.167827840909091	0.536914772727273	0.295257386363636		1
000389:	0.358269886363636	0.452074431818182	0.189655681818182		1
000390:	0.250210227272727	0.057286363636364	0.692503409090909		1
000391:	0.189093750000000	0.710216477272727	0.100689772727273		1
000392:	0.052544318181818	0.812756250000000	0.134699431818182		1
000393:	0.203825568181818	0.743239772727273	0.052934659090909		1
000394:	0.263743181818182	0.696990909090909	0.039265909090909		1
000395:	0.629253409090909	0.326764772727273	0.043981818181818		1
000396:	0.339326136363636	0.484542045454545	0.176131818181818		1
000397:	0.498029545454545	0.455468750000000	0.046501704545455		1
000398:	0.286130113636364	0.539639204545455	0.174230681818182		1
000399:	0.042622727272727	0.889655681818182	0.067721590909091		1
000400:	0.173937500000000	0.745475568181818	0.080586931818182		1
000401:	0.123947727272727	0.834988068181818	0.041064204545455		1
000402:	0.368214204545455	0.578515340909091	0.053270454545455		1
000403:	0.340797727272727	0.529249431818182	0.129952840909091		1
000404:	0.194071022727273	0.524592613636364	0.281336363636364		1
000405:	0.274127840909091	0.699810795454545	0.026061363636364		1
000406:	0.846724431818182	0.115267613636364	0.038007954545455		1
000407:	0.788650000000000	0.169919886363636	0.041430113636364		1
000408:	0.091187500000000	0.649800568181818	0.259011931818182		1
000409:	0.746417045454545	0.126417045454545	0.127165909090909		1
000410:	0.691352840909091	0.164509659090909	0.144137500000000		1
000411:	0.778438636363636	0.124447727272727	0.097113636363636		1
000412:	0.074580113636364	0.868076704545454	0.057343181818182		1
000413:	0.377248863636364	0.497784659090909	0.124966477272727		1
000414:	0.083370454545455	0.865453977272727	0.051175568181818		1
000415:	0.030871590909091	0.353294318181818	0.615834090909091		1
000416:	0.022228977272727	0.929053977272727	0.048717045454545		1
000417:	0.163858522727273	0.648581818181818	0.187559659090909		1
000418:	0.116381250000000	0.797568750000000	0.086050000000000		1
000419:	0.029312500000000	0.900090909090909	0.070596590909091		1
000420:	0.352335795454545	0.107747727272727	0.539916477272727		1
000421:	0.130290909090909	0.826440909090909	0.043268181818182		1
000422:	0.154372159090909	0.677909659090909	0.167718181818182		1
000423:	0.192660227272727	0.097424431818182	0.709915340909091		1
000424:	0.030182954545455	0.936926136363636	0.032890909090909		1
000425:	0.066670454545455	0.865792045454545	0.067537500000000		1
000426:	0.039999431818182	0.238227272727273	0.721773295454545		1
000427:	0.170585795454545	0.706983522727273	0.122430681818182		1
000428:	0.285242045454545	0.641952272727273	0.072805681818182		1
000429:	0.542390909090909	0.313965340909091	0.143643750000000		1
000430:	0.109493181818182	0.620219886363636	0.270286931818182		1
000431:	0.112670454545455	0.812475000000000	0.074854545454545		1
000432:	0.157740909090909	0.718842613636364	0.123416477272727		1
000433:	0.197382954545455	0.439808522727273	0.362808522727273		1
000434:	0.202739772727273	0.636393181818182	0.160867045454545		1
000435:	0.385496590909091	0.422416477272727	0.192086931818182		1
000436:	0.074830113636364	0.460408522727273	0.464761363636364		1
000437:	0.058493750000000	0.740259659090909	0.201246590909091		1
000438:	0.098701136363636	0.775968750000000	0.125330113636364		1
000439:	0.037968750000000	0.908941477272727	0.053089772727273		1
000440:	0.036810795454545	0.917178977272727	0.046010227272727		1
000441:	0.032519318181818	0.919839772727273	0.047640909090909		1
000442:	0.045462500000000	0.884491477272727	0.070046022727273		1
000443:	0.678858522727273	0.171797159090909	0.149344318181818		1
000444:	0.032848295454545	0.698617045454546	0.268534659090909		1
000445:	0.188128977272727	0.752601704545454	0.059269318181818		1
000446:	0.294379545454545	0.424310227272727	0.281310227272727		1
000447:	0.110650000000000	0.839361363636364	0.049988636363636		1
000448:	0.291192045454545	0.631409659090909	0.077398295454545		1
000449:	0.361262500000000	0.538974431818182	0.099763068181818		1
000450:	0.701889204545455	0.204022159090909	0.094088636363636		1
000451:	0.662257386363636	0.269033522727273	0.068709090909091		1
000452:	0.059666477272727	0.139168181818182	0.801165340909091		1
000453:	0.032823295454545	0.923134090909091	0.044042613636364		1
000454:	0.413707954545455	0.306183522727273	0.280108522727273		1
000455:	0.883383522727273	0.055518181818182	0.061098295454545		1
000456:	0.934175000000000	0.017715340909091	0.048109659090909		1
000457:	0.876510795454545	0.016611931818182	0.106877272727273		1
000458:	0.842293181818182	0.066084659090909	0.091622159090909		1
000459:	0.903646022727273	0.023069886363636	0.073284090909091		1
000460:	0.947575000000000	0.025842045454545	0.026582954545455		1
000461:	0.843033522727273	0.092326704545455	0.064639772727273		1
000462:	0.804995454545455	0.052547727272727	0.142456818181818		1
000463:	0.463428977272727	0.041669318181818	0.494901704545455		1
000464:	0.581582386363636	0.073274431818182	0.345143181818182		1
000465:	0.817709659090909	0.051947159090909	0.130343181818182		1
000466:	0.936627272727273	0.025126704545455	0.038246022727273		1
000467:	0.906361363636364	0.021528409090909	0.072110227272727		1
000468:	0.943893181818182	0.026547159090909	0.029559659090909		1
000469:	0.134138068181818	0.786346590909091	0.079515340909091		1
000470:	0.107081818181818	0.805466477272727	0.087451704545455		1
000471:	0.213966477272727	0.748577840909091	0.037455681818182		1
000472:	0.164076704545455	0.158164772727273	0.677758522727273		1
000473:	0.315824431818182	0.108285227272727	0.575890340909091		1
000474:	0.203098863636364	0.735172727272727	0.061728409090909		1
000475:	0.223743181818182	0.719341477272727	0.056915340909091		1
000476:	0.241390340909091	0.752766477272727	0.005843181818182		1
000477:	0.112499431818182	0.857293750000000	0.030206818181818		1
000478:	0.134754545454545	0.823950568181818	0.041294886363636		1
000479:	0.577063636363636	0.243388068181818	0.179548295454545		1
000480:	0.383448295454545	0.545564772727273	0.070986931818182		1
000481:	0.762981250000000	0.196926704545455	0.040092045454545		1
000482:	0.155054545454545	0.252249431818182	0.592696022727273		1
000483:	0.144076136363636	0.469388068181818	0.386535795454545		1
000484:	0.873550568181818	0.076690340909091	0.049759090909091		1
000485:	0.052169318181818	0.843787500000000	0.104043181818182		1
000486:	0.466776704545455	0.473967045454545	0.059256250000000		1
000487:	0.130596590909091	0.079653409090909	0.789750000000000		1
000488:	0.311981818181818	0.618210795454545	0.069807386363636		1
000489:	0.065311931818182	0.774484659090909	0.160203409090909		1
000490:	0.199196022727273	0.749917045454545	0.050886931818182		1
000491:	0.649747159090909	0.121334659090909	0.228918181818182		1
000492:	0.118411931818182	0.835238068181818	0.046350000000000		1
000493:	0.460771022727273	0.209432954545455	0.329796022727273		1
000494:	0.785444318181818	0.125678409090909	0.088877272727273		1
000495:	0.753298295454545	0.187013636363636	0.059688068181818		1
000496:	0.887740909090909	0.035811363636364	0.076447727272727		1
000497:	0.468821590909091	0.290494318181818	0.240684090909091		1
000498:	0.803331818181818	0.105411931818182	0.091256250000000		1
000499:	0.876205681818182	0.040493181818182	0.083301136363636		1
000500:	0.871946590909091	0.075957954545455	0.052095454545455		1
000501:	0.658282386363636	0.097741477272727	0.243976136363636		1
000502:	0.910228409090909	0.024613636363636	0.065157954545455		1
000503:	0.925681250000000	0.025985795454545	0.048332954545455		1
000504:	0.062189204545455	0.013446590909091	0.924364204545455		1
000505:	0.662885227272727	0.133630681818182	0.203484090909091		1
000506:	0.644848295454545	0.106716477272727	0.248435227272727		1
000507:	0.763272159090909	0.106182386363636	0.130545454545455		1
000508:	0.861115909090909	0.062426136363636	0.076457954545455		1
000509:	0.932064204545455	0.019245454545455	0.048690340909091		1
000510:	0.825293750000000	0.032290340909091	0.142415909090909		1
000511:	0.957402840909091	0.016490909090909	0.026106250000000		1
000512:	0.565523295454545	0.034647159090909	0.399829545454545		1
000513:	0.660568181818182	0.070503977272727	0.268927840909091		1
000514:	0.606334090909091	0.036172727272727	0.357493181818182		1
000515:	0.909986931818182	0.022954545454545	0.067058522727273		1
000516:	0.913998863636364	0.038554545454545	0.047446590909091		1
000517:	0.939082386363636	0.017300568181818	0.043617045454545		1
000518:	0.389650568181818	0.042936931818182	0.567412500000000		1
000519:	0.249679545454545	0.094719318181818	0.655601136363636		1
000520:	0.083121590909091	0.075821590909091	0.841056818181818		1
000521:	0.316537500000000	0.023995454545455	0.659467045454545		1
000522:	0.327997159090909	0.172441477272727	0.499561363636364		1
000523:	0.090852272727273	0.181879545454545	0.727268181818182		1
000524:	0.552272727272727	0.134516477272727	0.313210795454545		1
000525:	0.321500568181818	0.053925568181818	0.624573863636364		1
000526:	0.494990909090909	0.101126704545455	0.403882386363636		1
000527:	0.205152272727273	0.052753409090909	0.742094318181818		1
000528:	0.048315340909091	0.058895454545455	0.892789204545455		1
000529:	0.233383522727273	0.116382954545455	0.650233522727273		1
000530:	0.057253977272727	0.059792045454545	0.882953977272727		1
000531:	0.268655113636364	0.040375000000000	0.690969886363636		1
000532:	0.049475000000000	0.019544318181818	0.930980681818182		1
000533:	0.440248295454545	0.024147159090909	0.535604545454545		1
000534:	0.301136363636364	0.040423863636364	0.658439772727273		1
000535:	0.075573863636364	0.027085227272727	0.897340909090909		1
000536:	0.296401136363636	0.043872727272727	0.659726136363636		1
000537:	0.185372159090909	0.416721022727273	0.397906818181818		1
000538:	0.095880681818182	0.095935227272727	0.808184090909091		1
000539:	0.151691477272727	0.205089772727273	0.643218750000000		1
000540:	0.307007954545455	0.123138068181818	0.569853977272727		1
000541:	0.745557954545455	0.051476136363636	0.202965909090909		1
000542:	0.327556818181818	0.300300000000000	0.372143181818182		1
000543:	0.208609659090909	0.076593181818182	0.714797159090909		1
000544:	0.290242045454545	0.019961363636364	0.689796590909091		1
000545:	0.680564772727273	0.018439204545455	0.300996022727273		1
000546:	0.627830113636364	0.061529545454545	0.310640340909091		1
000547:	0.207310227272727	0.040482954545455	0.752206818181818		1
000548:	0.398993750000000	0.037272727272727	0.563733522727273		1
000549:	0.270211931818182	0.028167045454545	0.701621022727273		1
000550:	0.484930113636364	0.115918750000000	0.399151136363636		1
000551:	0.119796590909091	0.097802272727273	0.782401136363636		1
000552:	0.059079545454545	0.053606250000000	0.887314204545455		1
000553:	0.295281818181818	0.074053409090909	0.630664772727273		1
000554:	0.143226704545455	0.042926136363636	0.813847159090909		1
000555:	0.127810795454545	0.040708522727273	0.831480681818182		1
000556:	0.066866477272727	0.043881250000000	0.889252272727273		1
000557:	0.148105113636364	0.042124431818182	0.809770454545455		1
000558:	0.028285227272727	0.034909659090909	0.936805113636364		1
000559:	0.063400000000000	0.026465909090909	0.910134090909091		1
000560:	0.045500568181818	0.055218750000000	0.899280681818182		1
000561:	0.148241477272727	0.221143750000000	0.630614772727273		1
000562:	0.672772159090909	0.023737500000000	0.303490340909091		1
000563:	0.120855113636364	0.314682386363636	0.564462500000000		1
000564:	0.238844886363636	0.160198295454545	0.600956818181818		1
000565:	0.143509659090909	0.032128977272727	0.824361363636364		1
000566:	0.078175568181818	0.016658522727273	0.905165909090909		1
000567:	0.068742045454545	0.014185227272727	0.917072727272727		1
000568:	0.075693181818182	0.012522159090909	0.911784659090909		1
000569:	0.689540340909091	0.016764772727273	0.293694886363636		1
000570:	0.883501704545455	0.018667045454545	0.097831250000000		1
000571:	0.061081818181818	0.012894886363636	0.926023295454545		1
000572:	0.751102840909091	0.016456250000000	0.232440909090909		1
000573:	0.691153409090909	0.024661931818182	0.284184659090909		1
000574:	0.326992613636364	0.022257954545455	0.650749431818182		1
000575:	0.848336363636364	0.033518750000000	0.118144886363636		1
000576:	0.132721022727273	0.044622727272727	0.822656250000000		1
000577:	0.140310227272727	0.176709659090909	0.682980113636364		1
000578:	0.121539772727273	0.045027840909091	0.833432386363636		1
000579:	0.170062500000000	0.030081818181818	0.799855681818182		1
000580:	0.216246590909091	0.493599431818182	0.290153977272727		1
000581:	0.171859659090909	0.048242045454545	0.779898295454545		1
000582:	0.408834659090909	0.052498863636364	0.538666477272727		1
000583:	0.479871590909091	0.323539204545455	0.196589204545455		1
000584:	0.152894886363636	0.045238636363636	0.801866477272727		1
000585:	0.052973863636364	0.015468750000000	0.931557386363636		1
000586:	0.228782954545455	0.021165340909091	0.750051704545455		1
000587:	0.609294318181818	0.034885227272727	0.355820454545455		1
000588:	0.428215909090909	0.050158522727273	0.521625568181818		1
000589:	0.693016477272727	0.064498295454545	0.242485227272727		1
000590:	0.507229545454545	0.065234659090909	0.427535795454545		1
000591:	0.300908522727273	0.013161931818182	0.685929545454545		1
000592:	0.150247727272727	0.021007386363636	0.828744886363636		1
000593:	0.202876136363636	0.046690340909091	0.750433522727273		1
000594:	0.744332386363636	0.039388068181818	0.216279545454545		1
000595:	0.251107386363636	0.320888636363636	0.428003977272727		1
000596:	0.248769886363636	0.104994886363636	0.646235227272727		1
000597:	0.296065909090909	0.081173295454545	0.622760795454545		1
000598:	0.224994886363636	0.048729545454545	0.726275568181818		1
000599:	0.059124431818182	0.061425000000000	0.879450568181818		1
000600:	0.097690909090909	0.090146022727273	0.812163068181818		1
000601:	0.041297159090909	0.018722159090909	0.939980681818182		1
000602:	0.498466477272727	0.094940340909091	0.406593181818182		1
000603:	0.211213636363636	0.021230113636364	0.767556250000000		1
000604:	0.633160795454545	0.068864204545455	0.297975000000000		1
