Estimated Clustering Probabilities for Samples
Sample	***Cluster  01***	***Cluster  02***	***Cluster  03***	***Cluster  04***	
000001:	0.013942613636364	0.595471022727273	0.302353409090909	0.088232954545455		1
000002:	0.005111363636364	0.851125568181818	0.074465340909091	0.069297727272727		1
000003:	0.011318750000000	0.828997159090909	0.111446022727273	0.048238068181818		1
000004:	0.007013068181818	0.426643750000000	0.048268181818182	0.518075000000000		1
000005:	0.006348863636364	0.624115340909091	0.304541477272727	0.064994318181818		1
000006:	0.017084659090909	0.306771590909091	0.137586363636364	0.538557386363636		1
000007:	0.007321022727273	0.882567045454545	0.065666477272727	0.044445454545455		1
000008:	0.007278409090909	0.841403409090909	0.079419886363636	0.071898295454545		1
000009:	0.008210227272727	0.605384090909091	0.105917613636364	0.280488068181818		1
000010:	0.008214204545455	0.639188068181818	0.278935795454545	0.073661931818182		1
000011:	0.085076136363636	0.292860227272727	0.370499431818182	0.251564204545455		1
000012:	0.104376136363636	0.056426136363636	0.676270454545455	0.162927272727273		1
000013:	0.367623863636364	0.071735795454545	0.337510795454545	0.223129545454545		1
000014:	0.023727840909091	0.024682386363636	0.034534090909091	0.917055681818182		1
000015:	0.028484659090909	0.167535795454545	0.522367613636364	0.281611931818182		1
000016:	0.018627272727273	0.031933522727273	0.046140340909091	0.903298863636364		1
000017:	0.033644886363636	0.098011363636364	0.764601136363636	0.103742613636364		1
000018:	0.351907954545455	0.039813636363636	0.535421590909091	0.072856818181818		1
000019:	0.089936931818182	0.141827272727273	0.711657954545455	0.056577840909091		1
000020:	0.027711931818182	0.083038636363636	0.508560227272727	0.380689204545455		1
000021:	0.086035795454545	0.111166477272727	0.774239772727273	0.028557954545455		1
000022:	0.038980681818182	0.054465340909091	0.816820454545455	0.089733522727273		1
000023:	0.218430113636364	0.209090340909091	0.505114772727273	0.067364772727273		1
000024:	0.030235795454545	0.019189204545455	0.067685227272727	0.882889772727273		1
000025:	0.320789772727273	0.072703977272727	0.378964204545455	0.227542045454545		1
000026:	0.071956250000000	0.047684659090909	0.847388068181818	0.032971022727273		1
000027:	0.096653409090909	0.030721022727273	0.829659659090909	0.042965909090909		1
000028:	0.055405681818182	0.359985227272727	0.504761931818182	0.079847159090909		1
000029:	0.071657386363636	0.098906250000000	0.688772159090909	0.140664204545455		1
000030:	0.182117045454545	0.202188636363636	0.436485227272727	0.179209090909091		1
000031:	0.204404545454545	0.035339204545455	0.719872727272727	0.040383522727273		1
000032:	0.078461931818182	0.065708522727273	0.778085227272727	0.077744318181818		1
000033:	0.063375000000000	0.133460795454545	0.749517045454545	0.053647159090909		1
000034:	0.029166477272727	0.020830681818182	0.050876136363636	0.899126704545455		1
000035:	0.250385227272727	0.166276704545455	0.550014772727273	0.033323295454545		1
000036:	0.045665340909091	0.162825568181818	0.650851136363636	0.140657954545455		1
000037:	0.042369318181818	0.041114772727273	0.807407386363636	0.109108522727273		1
000038:	0.268286363636364	0.358638636363636	0.241234659090909	0.131840340909091		1
000039:	0.158796022727273	0.048205113636364	0.697425568181818	0.095573295454545		1
000040:	0.055071590909091	0.051893750000000	0.075012500000000	0.818022159090909		1
000041:	0.057326136363636	0.068233522727273	0.658345454545455	0.216094886363636		1
000042:	0.204534090909091	0.048898863636364	0.626831818181818	0.119735227272727		1
000043:	0.045485227272727	0.193778409090909	0.637227840909091	0.123508522727273		1
000044:	0.048190340909091	0.096289204545455	0.771809090909091	0.083711363636364		1
000045:	0.074542613636364	0.034680681818182	0.860326136363636	0.030450568181818		1
000046:	0.333065340909091	0.158219318181818	0.442391477272727	0.066323863636364		1
000047:	0.112316477272727	0.273597159090909	0.411005681818182	0.203080681818182		1
000048:	0.036376704545455	0.555121590909091	0.305542613636364	0.102959090909091		1
000049:	0.042392613636364	0.195638068181818	0.696651704545455	0.065317613636364		1
000050:	0.067816477272727	0.091390909090909	0.420842613636364	0.419950000000000		1
000051:	0.011852840909091	0.085113636363636	0.042182954545455	0.860850568181818		1
000052:	0.010551704545455	0.053350000000000	0.053412500000000	0.882685795454546		1
000053:	0.041913068181818	0.099524431818182	0.591921590909091	0.266640909090909		1
000054:	0.401071022727273	0.131804545454545	0.381985795454545	0.085138636363636		1
000055:	0.023762500000000	0.205137500000000	0.279575568181818	0.491524431818182		1
000056:	0.034673863636364	0.169733522727273	0.621029545454545	0.174563068181818		1
000057:	0.032572727272727	0.156784659090909	0.683601704545455	0.127040909090909		1
000058:	0.101880681818182	0.144076704545455	0.725047159090909	0.028995454545455		1
000059:	0.048564204545455	0.059898295454545	0.865278977272727	0.026258522727273		1
000060:	0.020667613636364	0.162088636363636	0.703897159090909	0.113346590909091		1
000061:	0.024482386363636	0.101089204545455	0.811117045454545	0.063311363636364		1
000062:	0.011226704545455	0.055617045454545	0.046477272727273	0.886678977272727		1
000063:	0.016143181818182	0.062373295454545	0.030384090909091	0.891099431818182		1
000064:	0.012771590909091	0.113876704545455	0.029294886363636	0.844056818181818		1
000065:	0.025628409090909	0.538172159090909	0.327079545454545	0.109119886363636		1
000066:	0.017628977272727	0.074835227272727	0.817347159090909	0.090188636363636		1
000067:	0.015830113636364	0.124954545454545	0.037753977272727	0.821461363636364		1
000068:	0.026829545454545	0.059900568181818	0.889701704545454	0.023568181818182		1
000069:	0.019615909090909	0.080380113636364	0.828211363636364	0.071792613636364		1
000070:	0.086857386363636	0.190986363636364	0.334907954545455	0.387248295454545		1
000071:	0.046502272727273	0.068356250000000	0.856888636363636	0.028252840909091		1
000072:	0.026627272727273	0.316577272727273	0.421697727272727	0.235097727272727		1
000073:	0.030532954545455	0.293761363636364	0.553742045454545	0.121963636363636		1
000074:	0.198348295454545	0.053167045454545	0.580128977272727	0.168355681818182		1
000075:	0.089575000000000	0.157338636363636	0.689773295454545	0.063313068181818		1
000076:	0.188164772727273	0.439093181818182	0.312411363636364	0.060330681818182		1
000077:	0.175830681818182	0.392180681818182	0.345114204545455	0.086874431818182		1
000078:	0.027232386363636	0.373151704545455	0.469958522727273	0.129657386363636		1
000079:	0.085892045454545	0.102818750000000	0.734741477272727	0.076547727272727		1
000080:	0.231447159090909	0.108261363636364	0.636445454545455	0.023846022727273		1
000081:	0.019948295454545	0.274110227272727	0.649643750000000	0.056297727272727		1
000082:	0.024494886363636	0.327277840909091	0.541015909090909	0.107211363636364		1
000083:	0.031426704545455	0.213082386363636	0.729775568181818	0.025715340909091		1
000084:	0.024392613636364	0.027056818181818	0.030140909090909	0.918409659090909		1
000085:	0.044946022727273	0.221265909090909	0.645537500000000	0.088250568181818		1
000086:	0.092030681818182	0.128271022727273	0.271259659090909	0.508438636363636		1
000087:	0.038081250000000	0.949861931818182	0.011857386363636	0.000199431818182		1
000088:	0.039640340909091	0.049592613636364	0.884873295454545	0.025893750000000		1
000089:	0.037600568181818	0.100220454545455	0.814781818181818	0.047397159090909		1
000090:	0.196668181818182	0.059530113636364	0.616827272727273	0.126974431818182		1
000091:	0.499158522727273	0.234142613636364	0.221397727272727	0.045301136363636		1
000092:	0.053907954545455	0.120242045454545	0.766562500000000	0.059287500000000		1
000093:	0.119016477272727	0.168622159090909	0.631481250000000	0.080880113636364		1
000094:	0.086356250000000	0.112725568181818	0.756332954545455	0.044585227272727		1
000095:	0.033778409090909	0.378663068181818	0.375674431818182	0.211884090909091		1
000096:	0.013717045454545	0.046404545454545	0.053101136363636	0.886777272727273		1
000097:	0.027989204545455	0.046739204545455	0.900987500000000	0.024284090909091		1
000098:	0.022828409090909	0.080342045454545	0.879305681818182	0.017523863636364		1
000099:	0.029809659090909	0.070227840909091	0.432365340909091	0.467597159090909		1
000100:	0.027400568181818	0.103943750000000	0.120301136363636	0.748354545454545		1
000101:	0.014144886363636	0.042165340909091	0.874242045454545	0.069447727272727		1
000102:	0.046364204545455	0.092898295454545	0.626371022727273	0.234366477272727		1
000103:	0.183086363636364	0.307121590909091	0.450255113636364	0.059536931818182		1
000104:	0.014519318181818	0.073733522727273	0.099484090909091	0.812263068181818		1
000105:	0.043640909090909	0.043583522727273	0.727609090909091	0.185166477272727		1
000106:	0.039644886363636	0.066167045454545	0.847838068181818	0.046350000000000		1
000107:	0.022927272727273	0.082304545454545	0.517439204545455	0.377328977272727		1
000108:	0.041413068181818	0.031588068181818	0.096972727272727	0.830026136363636		1
000109:	0.070541477272727	0.113299431818182	0.743878409090909	0.072280681818182		1
000110:	0.676341477272727	0.094827840909091	0.078117045454545	0.150713636363636		1
000111:	0.032704545454545	0.196598295454545	0.316140909090909	0.454556250000000		1
000112:	0.055544318181818	0.069426704545455	0.745594886363636	0.129434090909091		1
000113:	0.030274431818182	0.197844886363636	0.609949431818182	0.161931250000000		1
000114:	0.115145454545455	0.320340340909091	0.525261931818182	0.039252272727273		1
000115:	0.068982954545455	0.134127272727273	0.652166477272727	0.144723295454545		1
000116:	0.034464772727273	0.131694886363636	0.212028409090909	0.621811931818182		1
000117:	0.034171590909091	0.140965340909091	0.755872727272727	0.068990340909091		1
000118:	0.024474431818182	0.411329545454545	0.175597159090909	0.388598863636364		1
000119:	0.025667045454545	0.049565909090909	0.820222727272727	0.104544318181818		1
000120:	0.025564204545455	0.344770454545455	0.397277272727273	0.232388068181818		1
000121:	0.159644886363636	0.179328409090909	0.580515909090909	0.080510795454545		1
000122:	0.018022727272727	0.049844318181818	0.885992045454545	0.046140909090909		1
000123:	0.081470454545455	0.421663068181818	0.431666477272727	0.065200000000000		1
000124:	0.098949431818182	0.166048863636364	0.695169886363636	0.039831818181818		1
000125:	0.031994886363636	0.737203977272727	0.144721022727273	0.086080113636364		1
000126:	0.034946022727273	0.862700000000000	0.066841477272727	0.035512500000000		1
000127:	0.067785227272727	0.256988068181818	0.467719886363636	0.207506818181818		1
000128:	0.030946022727273	0.341266477272727	0.523059659090909	0.104727840909091		1
000129:	0.098548863636364	0.051580681818182	0.829743750000000	0.020126704545455		1
000130:	0.099978409090909	0.540936363636364	0.250244886363636	0.108840340909091		1
000131:	0.027263068181818	0.095027840909091	0.783987500000000	0.093721590909091		1
000132:	0.013552272727273	0.367489772727273	0.120268750000000	0.498689204545455		1
000133:	0.258955681818182	0.328780681818182	0.344746590909091	0.067517045454545		1
000134:	0.172526704545455	0.250910227272727	0.523714772727273	0.052848295454545		1
000135:	0.096586931818182	0.059504545454545	0.824757386363636	0.019151136363636		1
000136:	0.039951704545455	0.305301136363636	0.513578977272727	0.141168181818182		1
000137:	0.170846590909091	0.080526704545455	0.700029545454545	0.048597159090909		1
000138:	0.079213068181818	0.373798863636364	0.486888636363636	0.060099431818182		1
000139:	0.039618750000000	0.184921590909091	0.694491477272727	0.080968181818182		1
000140:	0.619393750000000	0.050635795454545	0.265695454545455	0.064275000000000		1
000141:	0.038048295454545	0.390552272727273	0.111115340909091	0.460284090909091		1
000142:	0.034759090909091	0.050528409090909	0.829800568181818	0.084911931818182		1
000143:	0.026998863636364	0.116221022727273	0.805293181818182	0.051486931818182		1
000144:	0.018392613636364	0.134906250000000	0.665713636363636	0.180987500000000		1
000145:	0.024701704545455	0.062148863636364	0.054914204545455	0.858235227272727		1
000146:	0.039664204545455	0.132761363636364	0.728461363636364	0.099113068181818		1
000147:	0.024565340909091	0.349906250000000	0.494251704545455	0.131276704545455		1
000148:	0.044842045454545	0.446247727272727	0.448526136363636	0.060384090909091		1
000149:	0.043548863636364	0.164138068181818	0.707106250000000	0.085206818181818		1
000150:	0.086076704545455	0.040744318181818	0.812459090909091	0.060719886363636		1
000151:	0.036261363636364	0.340618181818182	0.361385795454545	0.261734659090909		1
000152:	0.106934659090909	0.261886363636364	0.488033522727273	0.143145454545455		1
000153:	0.035476136363636	0.074971022727273	0.796522159090909	0.093030681818182		1
000154:	0.020617613636364	0.132977840909091	0.074998295454545	0.771406250000000		1
000155:	0.064709090909091	0.059780681818182	0.358565909090909	0.516944318181818		1
000156:	0.021968750000000	0.060971590909091	0.573760795454546	0.343298863636364		1
000157:	0.011369318181818	0.150038636363636	0.027022727272727	0.811569318181818		1
000158:	0.022926136363636	0.662627272727273	0.203157386363636	0.111289204545455		1
000159:	0.101668750000000	0.201720454545455	0.118192613636364	0.578418181818182		1
000160:	0.006917613636364	0.929017045454545	0.017651136363636	0.046414204545455		1
000161:	0.017688068181818	0.860068181818182	0.046519318181818	0.075724431818182		1
000162:	0.209843181818182	0.398390909090909	0.357668181818182	0.034097727272727		1
000163:	0.012402272727273	0.628863636363636	0.296062500000000	0.062671590909091		1
000164:	0.007782386363636	0.341647159090909	0.026978977272727	0.623591477272727		1
000165:	0.002673295454545	0.372298863636364	0.576650568181818	0.048377272727273		1
000166:	0.010873295454545	0.767090909090909	0.132277840909091	0.089757954545455		1
000167:	0.031299431818182	0.659075000000000	0.210195454545455	0.099430113636364		1
000168:	0.029751704545455	0.133993181818182	0.488064772727273	0.348190340909091		1
000169:	0.021890909090909	0.085838636363636	0.846773295454545	0.045497159090909		1
000170:	0.033402840909091	0.606928409090909	0.317037500000000	0.042631250000000		1
000171:	0.028769886363636	0.097961363636364	0.123597727272727	0.749671022727273		1
000172:	0.057275000000000	0.374726704545455	0.479781250000000	0.088217045454545		1
000173:	0.009865909090909	0.102745454545455	0.785736363636364	0.101652272727273		1
000174:	0.046059659090909	0.049403977272727	0.858525000000000	0.046011363636364		1
000175:	0.009648295454545	0.033500568181818	0.042432954545455	0.914418181818182		1
000176:	0.028490340909091	0.161767045454545	0.708914772727273	0.100827840909091		1
000177:	0.025655113636364	0.052618750000000	0.801243181818182	0.120482954545455		1
000178:	0.020480681818182	0.048997727272727	0.719577272727273	0.210944318181818		1
000179:	0.012861363636364	0.033051136363636	0.099806250000000	0.854281250000000		1
000180:	0.017210227272727	0.032350000000000	0.042703409090909	0.907736363636364		1
000181:	0.009021022727273	0.052546590909091	0.039124431818182	0.899307954545455		1
000182:	0.140844886363636	0.136660227272727	0.516367045454545	0.206127840909091		1
000183:	0.009660227272727	0.031515909090909	0.056157954545455	0.902665909090909		1
000184:	0.071835795454545	0.179546590909091	0.600543181818182	0.148074431818182		1
000185:	0.248886931818182	0.110027272727273	0.523994886363636	0.117090909090909		1
000186:	0.034145454545455	0.072437500000000	0.104491477272727	0.788925568181818		1
000187:	0.000378409090909	0.251938636363636	0.036382954545455	0.711300000000000		1
000188:	0.036825568181818	0.594406250000000	0.190470454545455	0.178297727272727		1
000189:	0.016167613636364	0.200492045454545	0.707037500000000	0.076302840909091		1
000190:	0.044024431818182	0.477607954545455	0.431574431818182	0.046793181818182		1
000191:	0.016043750000000	0.115396022727273	0.783246590909091	0.085313636363636		1
000192:	0.030440340909091	0.107998863636364	0.775349431818182	0.086211363636364		1
000193:	0.039069318181818	0.081000568181818	0.721696022727273	0.158234090909091		1
000194:	0.134257954545455	0.188636363636364	0.562809659090909	0.114296022727273		1
000195:	0.014558522727273	0.054464204545455	0.880014204545455	0.050963068181818		1
000196:	0.014790909090909	0.763739204545455	0.058332386363636	0.163137500000000		1
000197:	0.012399431818182	0.435619886363636	0.431134090909091	0.120846590909091		1
000198:	0.071743750000000	0.333752272727273	0.497118181818182	0.097385795454545		1
000199:	0.015938636363636	0.852943181818182	0.055935227272727	0.075182954545455		1
000200:	0.017387500000000	0.859174431818182	0.069431818181818	0.054006250000000		1
000201:	0.014326704545455	0.096169886363636	0.028926704545455	0.860576704545455		1
000202:	0.069213068181818	0.222046590909091	0.522066477272727	0.186673863636364		1
000203:	0.036165340909091	0.442334659090909	0.358703977272727	0.162796022727273		1
000204:	0.038498295454545	0.398248295454545	0.102573863636364	0.460679545454545		1
000205:	0.060015909090909	0.148258522727273	0.178485795454545	0.613239772727273		1
000206:	0.266848295454545	0.272735227272727	0.314275000000000	0.146141477272727		1
000207:	0.033377272727273	0.232513068181818	0.708512500000000	0.025597159090909		1
000208:	0.028081250000000	0.215713068181818	0.407284659090909	0.348921022727273		1
000209:	0.019544318181818	0.170833522727273	0.157674431818182	0.651947727272727		1
000210:	0.026631818181818	0.190027272727273	0.458657954545455	0.324682954545455		1
000211:	0.015892613636364	0.436580113636364	0.395738068181818	0.151789204545455		1
000212:	0.003142045454545	0.161414204545455	0.404228409090909	0.431215340909091		1
000213:	0.014493750000000	0.515430113636364	0.076326704545455	0.393749431818182		1
000214:	0.024847727272727	0.811974431818182	0.106364772727273	0.056813068181818		1
000215:	0.066159659090909	0.407360227272727	0.342330113636364	0.184150000000000		1
000216:	0.018096590909091	0.560842045454545	0.073110795454545	0.347950568181818		1
000217:	0.025280681818182	0.802664772727273	0.053767613636364	0.118286931818182		1
000218:	0.010015340909091	0.719881818181818	0.059185795454545	0.210917045454545		1
000219:	0.011490340909091	0.844764772727273	0.031301136363636	0.112443750000000		1
000220:	0.010550568181818	0.691800000000000	0.034346022727273	0.263303409090909		1
000221:	0.012559090909091	0.750875568181818	0.056072159090909	0.180493181818182		1
000222:	0.009337500000000	0.297341477272727	0.027075568181818	0.666245454545455		1
000223:	0.097554545454545	0.321577840909091	0.237636363636364	0.343231250000000		1
000224:	0.252898295454545	0.070834090909091	0.590384659090909	0.085882954545455		1
000225:	0.160781250000000	0.065680113636364	0.723268181818182	0.050270454545455		1
000226:	0.102759090909091	0.272563068181818	0.453718181818182	0.170959659090909		1
000227:	0.236380681818182	0.159757954545455	0.549542613636364	0.054318750000000		1
000228:	0.856043750000000	0.091705113636364	0.032867045454545	0.019384090909091		1
000229:	0.308943181818182	0.290012500000000	0.366973295454545	0.034071022727273		1
000230:	0.101584659090909	0.797394318181818	0.033272159090909	0.067748863636364		1
000231:	0.190597159090909	0.277736931818182	0.499241477272727	0.032424431818182		1
000232:	0.351936363636364	0.401379545454545	0.046777272727273	0.199906818181818		1
000233:	0.195547727272727	0.111944318181818	0.666331250000000	0.026176704545455		1
000234:	0.565010795454545	0.081794886363636	0.326916477272727	0.026277840909091		1
000235:	0.702154545454545	0.075448863636364	0.160011363636364	0.062385227272727		1
000236:	0.422848863636364	0.186335227272727	0.067084659090909	0.323731250000000		1
000237:	0.433277272727273	0.082918750000000	0.448145454545455	0.035658522727273		1
000238:	0.047024431818182	0.097907386363636	0.050095454545455	0.804972727272727		1
000239:	0.112959090909091	0.137998295454545	0.002241477272727	0.746801136363636		1
000240:	0.171585795454545	0.698446590909091	0.100555113636364	0.029412500000000		1
000241:	0.162221022727273	0.125736931818182	0.406635227272727	0.305406818181818		1
000242:	0.174580681818182	0.059459659090909	0.736526704545455	0.029432954545455		1
000243:	0.707122727272727	0.176834659090909	0.062492613636364	0.053550000000000		1
000244:	0.156457954545455	0.481302272727273	0.269190340909091	0.093049431818182		1
000245:	0.189032954545455	0.407847727272727	0.371681250000000	0.031438068181818		1
000246:	0.413141477272727	0.079560795454545	0.452837500000000	0.054460227272727		1
000247:	0.262176704545455	0.236647727272727	0.446407954545455	0.054767613636364		1
000248:	0.180169318181818	0.533676704545455	0.227240340909091	0.058913636363636		1
000249:	0.690886363636364	0.126446022727273	0.150108522727273	0.032559090909091		1
000250:	0.354800568181818	0.056645454545455	0.547300568181818	0.041253409090909		1
000251:	0.420931818181818	0.180481818181818	0.348243750000000	0.050342613636364		1
000252:	0.250840909090909	0.413723863636364	0.124564204545455	0.210871022727273		1
000253:	0.719610227272727	0.159076704545455	0.068528977272727	0.052784090909091		1
000254:	0.576930681818182	0.299472159090909	0.056119318181818	0.067477840909091		1
000255:	0.636380681818182	0.221946590909091	0.082772159090909	0.058900568181818		1
000256:	0.123668181818182	0.289736931818182	0.540040340909091	0.046554545454545		1
000257:	0.071223295454545	0.405610795454545	0.029817045454545	0.493348863636364		1
000258:	0.044848295454545	0.274564772727273	0.621468181818182	0.059118750000000		1
000259:	0.036781250000000	0.046527840909091	0.029535795454545	0.887155113636364		1
000260:	0.470592045454545	0.318959659090909	0.153117613636364	0.057330681818182		1
000261:	0.516348863636364	0.219565909090909	0.095101704545455	0.168983522727273		1
000262:	0.297421022727273	0.252639772727273	0.083092613636364	0.366846590909091		1
000263:	0.065435795454545	0.436776704545455	0.379356818181818	0.118430681818182		1
000264:	0.052826704545455	0.171205681818182	0.054806818181818	0.721160795454545		1
000265:	0.096627840909091	0.659231818181818	0.068179545454545	0.175960795454545		1
000266:	0.390626136363636	0.143577840909091	0.302850568181818	0.162945454545455		1
000267:	0.737365340909091	0.101384090909091	0.136033522727273	0.025217045454545		1
000268:	0.075915340909091	0.579127272727273	0.181034659090909	0.163922727272727		1
000269:	0.482683522727273	0.067605113636364	0.370035795454545	0.079675568181818		1
000270:	0.025285227272727	0.072021590909091	0.031433522727273	0.871259659090909		1
000271:	0.783393181818182	0.092701704545455	0.040893181818182	0.083011931818182		1
000272:	0.547046590909091	0.199514204545455	0.094587500000000	0.158851704545455		1
000273:	0.297890340909091	0.093446022727273	0.198720454545455	0.409943181818182		1
000274:	0.535078409090909	0.212033522727273	0.146655113636364	0.106232954545455		1
000275:	0.154264204545455	0.148847159090909	0.600946022727273	0.095942613636364		1
000276:	0.110486931818182	0.155432954545455	0.024300000000000	0.709780113636364		1
000277:	0.737361931818182	0.093925568181818	0.087143750000000	0.081568750000000		1
000278:	0.110508522727273	0.256950568181818	0.574146022727273	0.058394886363636		1
000279:	0.641956250000000	0.093795454545455	0.243404545454545	0.020843750000000		1
000280:	0.226528409090909	0.370589204545455	0.171982954545455	0.230899431818182		1
000281:	0.166519886363636	0.023681818181818	0.596377840909091	0.213420454545455		1
000282:	0.231034659090909	0.212651704545455	0.409935227272727	0.146378409090909		1
000283:	0.000206818181818	0.965653409090909	0.000105113636364	0.034034659090909		1
000284:	0.655292045454545	0.203439772727273	0.059726136363636	0.081542045454545		1
000285:	0.417064772727273	0.156227840909091	0.393171022727273	0.033536363636364		1
000286:	0.499064204545455	0.088279545454545	0.116523295454545	0.296132954545455		1
000287:	0.520333522727273	0.082605681818182	0.236040340909091	0.161020454545455		1
000288:	0.337919318181818	0.224001136363636	0.158976136363636	0.279103409090909		1
000289:	0.028654545454545	0.610344886363636	0.161063068181818	0.199937500000000		1
000290:	0.030277840909091	0.763867613636364	0.063515340909091	0.142339204545455		1
000291:	0.014618181818182	0.244278977272727	0.610482386363636	0.130620454545455		1
000292:	0.029736363636364	0.846038068181818	0.070225000000000	0.054000568181818		1
000293:	0.013203409090909	0.721026704545455	0.185622159090909	0.080147727272727		1
000294:	0.015803977272727	0.326485795454545	0.494561931818182	0.163148295454545		1
000295:	0.010818181818182	0.177005113636364	0.758893750000000	0.053282954545455		1
000296:	0.009763636363636	0.603834090909091	0.155294318181818	0.231107954545455		1
000297:	0.003790909090909	0.028672727272727	0.962700000000000	0.004836363636364		1
000298:	0.263118181818182	0.064506818181818	0.578693750000000	0.093681250000000		1
000299:	0.084396022727273	0.277077272727273	0.527097159090909	0.111429545454545		1
000300:	0.119884090909091	0.408803409090909	0.157707386363636	0.313605113636364		1
000301:	0.026976704545455	0.529550568181818	0.375569318181818	0.067903409090909		1
000302:	0.014479545454545	0.092630113636364	0.026127272727273	0.866763068181818		1
000303:	0.019847159090909	0.067921590909091	0.022050000000000	0.890181250000000		1
000304:	0.020006818181818	0.862731250000000	0.087911363636364	0.029350568181818		1
000305:	0.030414772727273	0.820862500000000	0.052188636363636	0.096534090909091		1
000306:	0.054769318181818	0.112574431818182	0.051396022727273	0.781260227272727		1
000307:	0.015721022727273	0.895438636363636	0.030257954545455	0.058582386363636		1
000308:	0.019632954545455	0.872336931818182	0.051044886363636	0.056985227272727		1
000309:	0.121365909090909	0.533817613636364	0.238025000000000	0.106791477272727		1
000310:	0.014915340909091	0.061832386363636	0.049620454545455	0.873631818181818		1
000311:	0.087790909090909	0.484340909090909	0.207828977272727	0.220039204545455		1
000312:	0.328453409090909	0.135485795454545	0.486115909090909	0.049944886363636		1
000313:	0.509647727272727	0.168469886363636	0.262925000000000	0.058957386363636		1
000314:	0.222209659090909	0.140367045454545	0.552387500000000	0.085035795454545		1
000315:	0.252381250000000	0.176072159090909	0.538542613636364	0.033003977272727		1
000316:	0.054782954545455	0.328882954545455	0.564413068181818	0.051921022727273		1
000317:	0.068606250000000	0.211539772727273	0.691740340909091	0.028113636363636		1
000318:	0.014277840909091	0.747006250000000	0.091196022727273	0.147519886363636		1
000319:	0.018057386363636	0.129536931818182	0.024816477272727	0.827589204545455		1
000320:	0.066357954545455	0.346498295454545	0.139729545454545	0.447414204545455		1
000321:	0.014638636363636	0.872756818181818	0.038618750000000	0.073985795454545		1
000322:	0.023732954545455	0.819831250000000	0.035237500000000	0.121198295454545		1
000323:	0.280181818181818	0.269601704545455	0.323143750000000	0.127072727272727		1
000324:	0.020248295454545	0.807414204545455	0.039396022727273	0.132941477272727		1
000325:	0.703414772727273	0.024178409090909	0.000981818181818	0.271425000000000		1
000326:	0.129276136363636	0.676659659090909	0.109475000000000	0.084589204545455		1
000327:	0.024514772727273	0.814146590909091	0.095189772727273	0.066148863636364		1
000328:	0.035673863636364	0.920686931818182	0.018921022727273	0.024718181818182		1
000329:	0.067498295454545	0.625686931818182	0.199143181818182	0.107671590909091		1
000330:	0.048350000000000	0.830918750000000	0.036350568181818	0.084380681818182		1
000331:	0.244114772727273	0.741657386363636	0.002152840909091	0.012075000000000		1
000332:	0.013605113636364	0.068891477272727	0.026527840909091	0.890975568181818		1
000333:	0.017828409090909	0.074140340909091	0.021571590909091	0.886459659090909		1
000334:	0.020816477272727	0.082023863636364	0.020882386363636	0.876277272727273		1
000335:	0.063934090909091	0.604850568181818	0.254270454545455	0.076944886363636		1
000336:	0.015154545454545	0.172320454545455	0.024949431818182	0.787575568181818		1
000337:	0.122666477272727	0.655033522727273	0.054332954545455	0.167967045454545		1
000338:	0.021918750000000	0.610643750000000	0.183413636363636	0.184023863636364		1
000339:	0.015076136363636	0.849622727272727	0.039050000000000	0.096251136363636		1
000340:	0.017202272727273	0.264664772727273	0.021358522727273	0.696774431818182		1
000341:	0.020563068181818	0.817089772727273	0.105168750000000	0.057178409090909		1
000342:	0.017971590909091	0.872461363636364	0.040775568181818	0.068791477272727		1
000343:	0.027416477272727	0.730439204545455	0.070891477272727	0.171252840909091		1
000344:	0.056740909090909	0.839168181818182	0.076955113636364	0.027135795454545		1
000345:	0.012129545454545	0.925575000000000	0.022303977272727	0.039991477272727		1
000346:	0.021447159090909	0.802451136363636	0.110155113636364	0.065946590909091		1
000347:	0.016087500000000	0.884845454545454	0.060903977272727	0.038163068181818		1
000348:	0.013219318181818	0.782031250000000	0.078548863636364	0.126200568181818		1
000349:	0.027794318181818	0.723611931818182	0.089969318181818	0.158624431818182		1
000350:	0.012716477272727	0.869724431818182	0.064368750000000	0.053190340909091		1
000351:	0.009897159090909	0.915126136363636	0.052828409090909	0.022148295454545		1
000352:	0.029760227272727	0.656001136363636	0.131717045454545	0.182521590909091		1
000353:	0.010042045454545	0.162337500000000	0.026315340909091	0.801305113636364		1
000354:	0.013714772727273	0.186319318181818	0.035016477272727	0.764949431818182		1
000355:	0.031576136363636	0.795452272727273	0.040473295454545	0.132498295454545		1
000356:	0.342118181818182	0.160519886363636	0.200044318181818	0.297317613636364		1
000357:	0.275222159090909	0.118300000000000	0.572614204545455	0.033863636363636		1
000358:	0.102952840909091	0.190635227272727	0.549773295454545	0.156638636363636		1
000359:	0.377077272727273	0.293461931818182	0.267239772727273	0.062221022727273		1
000360:	0.046574431818182	0.362031250000000	0.452199431818182	0.139194886363636		1
000361:	0.421950568181818	0.102371590909091	0.389039204545455	0.086638636363636		1
000362:	0.080644886363636	0.713051704545455	0.056986931818182	0.149316477272727		1
000363:	0.027952272727273	0.096150568181818	0.808778977272727	0.067118181818182		1
000364:	0.406843750000000	0.314463636363636	0.243396590909091	0.035296022727273		1
000365:	0.067003977272727	0.489197727272727	0.358446022727273	0.085352272727273		1
000366:	0.342748863636364	0.165366477272727	0.440567613636364	0.051317045454545		1
000367:	0.184188068181818	0.101858522727273	0.680072159090909	0.033881250000000		1
000368:	0.146040909090909	0.093097159090909	0.708457954545455	0.052403977272727		1
000369:	0.136362500000000	0.244903977272727	0.435840340909091	0.182893181818182		1
000370:	0.077280113636364	0.326460795454545	0.092614772727273	0.503644318181818		1
000371:	0.040525568181818	0.701386931818182	0.212150568181818	0.045936931818182		1
000372:	0.024814772727273	0.113474431818182	0.836848295454545	0.024862500000000		1
000373:	0.247029545454545	0.338276136363636	0.348715909090909	0.065978409090909		1
000374:	0.032328409090909	0.131517613636364	0.746164772727273	0.089989204545455		1
000375:	0.040467045454545	0.281400000000000	0.038614772727273	0.639518181818182		1
000376:	0.068540909090909	0.111538636363636	0.648844318181818	0.171076136363636		1
000377:	0.021580113636364	0.140426704545455	0.031958522727273	0.806034659090909		1
000378:	0.394586363636364	0.055268181818182	0.487402272727273	0.062743181818182		1
000379:	0.190577840909091	0.036867045454545	0.754933522727273	0.017621590909091		1
000380:	0.033671022727273	0.218569886363636	0.715706250000000	0.032052840909091		1
000381:	0.602308522727273	0.049265909090909	0.313717613636364	0.034707954545455		1
000382:	0.098817045454545	0.095770454545455	0.731752272727273	0.073660227272727		1
000383:	0.138252840909091	0.191603977272727	0.572361363636364	0.097781818181818		1
000384:	0.177440909090909	0.150032386363636	0.633655113636364	0.038871590909091		1
000385:	0.096392045454545	0.423910795454545	0.454786363636364	0.024910795454545		1
000386:	0.648952272727273	0.068800568181818	0.232884659090909	0.049362500000000		1
000387:	0.060859090909091	0.112971022727273	0.704175568181818	0.121994318181818		1
000388:	0.455620454545455	0.296151704545455	0.168409659090909	0.079818181818182		1
000389:	0.068630113636364	0.272571590909091	0.630218181818182	0.028580113636364		1
000390:	0.051848295454545	0.738280113636364	0.050400568181818	0.159471022727273		1
000391:	0.082099431818182	0.134740340909091	0.754328977272727	0.028831250000000		1
000392:	0.598157386363636	0.093489772727273	0.254920454545455	0.053432386363636		1
000393:	0.130552272727273	0.137146022727273	0.663400000000000	0.068901704545455		1
000394:	0.028322159090909	0.063862500000000	0.859692045454545	0.048123295454545		1
000395:	0.034069886363636	0.095457386363636	0.782126136363636	0.088346590909091		1
000396:	0.087269886363636	0.258436363636364	0.620477840909091	0.033815909090909		1
000397:	0.028898295454545	0.065926704545455	0.884745454545455	0.020429545454545		1
000398:	0.132107386363636	0.239011931818182	0.557965340909091	0.070915340909091		1
000399:	0.804771022727273	0.033130681818182	0.053014772727273	0.109083522727273		1
000400:	0.186326704545455	0.121430113636364	0.634259659090909	0.057983522727273		1
000401:	0.186251704545455	0.088479545454545	0.671998863636364	0.053269886363636		1
000402:	0.049361363636364	0.124428977272727	0.737800568181818	0.088409090909091		1
000403:	0.214735227272727	0.244392613636364	0.438635227272727	0.102236931818182		1
000404:	0.307206250000000	0.260082954545455	0.377089772727273	0.055621022727273		1
000405:	0.045842045454545	0.050677840909091	0.835092613636364	0.068387500000000		1
000406:	0.030993750000000	0.214016477272727	0.635941477272727	0.119048295454545		1
000407:	0.034977272727273	0.114363068181818	0.801206818181818	0.049452840909091		1
000408:	0.487571022727273	0.220789772727273	0.246777840909091	0.044861363636364		1
000409:	0.027345454545455	0.066525568181818	0.030378409090909	0.875750568181818		1
000410:	0.031852272727273	0.036048863636364	0.030788068181818	0.901310795454545		1
000411:	0.025249431818182	0.090965340909091	0.029130113636364	0.854655113636364		1
000412:	0.541791477272727	0.101028409090909	0.299202272727273	0.057977840909091		1
000413:	0.092825000000000	0.181322159090909	0.678627272727273	0.047225568181818		1
000414:	0.442468181818182	0.093875568181818	0.331709659090909	0.131946590909091		1
000415:	0.742231818181818	0.121406250000000	0.036002272727273	0.100359659090909		1
000416:	0.804296590909091	0.041730113636364	0.128687500000000	0.025285795454545		1
000417:	0.554140909090909	0.216497727272727	0.152209659090909	0.077151704545455		1
000418:	0.526061931818182	0.149031250000000	0.255615909090909	0.069290909090909		1
000419:	0.858400568181818	0.043044318181818	0.073470454545455	0.025084659090909		1
000420:	0.046103977272727	0.801472159090909	0.074811363636364	0.077612500000000		1
000421:	0.382390909090909	0.078050568181818	0.275511363636364	0.264047159090909		1
000422:	0.342768750000000	0.117915909090909	0.301966477272727	0.237348863636364		1
000423:	0.063902272727273	0.671347159090909	0.066282386363636	0.198468181818182		1
000424:	0.807413636363636	0.023171022727273	0.150317045454545	0.019098295454545		1
000425:	0.706420454545455	0.055700568181818	0.166538068181818	0.071340909090909		1
000426:	0.702277840909091	0.199268750000000	0.050019318181818	0.048434090909091		1
000427:	0.146921590909091	0.147926136363636	0.532722727272727	0.172429545454545		1
000428:	0.144474431818182	0.159182954545455	0.578573863636364	0.117768750000000		1
000429:	0.148917045454545	0.412725000000000	0.312653977272727	0.125703977272727		1
000430:	0.389463636363636	0.181066477272727	0.351346590909091	0.078123295454545		1
000431:	0.105039772727273	0.093175568181818	0.732033522727273	0.069751136363636		1
000432:	0.302547727272727	0.210046590909091	0.409992613636364	0.077413068181818		1
000433:	0.311732954545455	0.346893750000000	0.120319886363636	0.221053409090909		1
000434:	0.175480681818182	0.222319886363636	0.543548295454545	0.058651136363636		1
000435:	0.125401136363636	0.303003409090909	0.314928977272727	0.256666477272727		1
000436:	0.216818750000000	0.774409659090909	0.004752840909091	0.004018750000000		1
000437:	0.652775000000000	0.108559659090909	0.194728409090909	0.043936931818182		1
000438:	0.508226704545455	0.098622159090909	0.301690340909091	0.091460795454545		1
000439:	0.760455681818182	0.048601704545455	0.110932954545455	0.080009659090909		1
000440:	0.689440909090909	0.034005681818182	0.222694886363636	0.053858522727273		1
000441:	0.859514204545455	0.023261931818182	0.073154545454545	0.044069318181818		1
000442:	0.838264204545455	0.043582954545455	0.079656250000000	0.038496590909091		1
000443:	0.037734090909091	0.032047727272727	0.029837500000000	0.900380681818182		1
000444:	0.511546022727273	0.198602272727273	0.269646022727273	0.020205681818182		1
000445:	0.295068750000000	0.124877272727273	0.524264772727273	0.055789204545455		1
000446:	0.161396590909091	0.428164204545455	0.281289204545455	0.129150000000000		1
000447:	0.354867045454545	0.094029545454545	0.510092613636364	0.041010795454545		1
000448:	0.286436363636364	0.150241477272727	0.478943750000000	0.084378409090909		1
000449:	0.069914204545455	0.104907386363636	0.790609090909091	0.034569318181818		1
000450:	0.026662500000000	0.042092045454545	0.070922727272727	0.860322727272727		1
000451:	0.028366477272727	0.033087500000000	0.048347727272727	0.890198295454545		1
000452:	0.181503409090909	0.609137500000000	0.092331818181818	0.117027272727273		1
000453:	0.614865340909091	0.053861931818182	0.297573295454545	0.033699431818182		1
000454:	0.048038068181818	0.048671022727273	0.030039204545455	0.873251704545455		1
000455:	0.025469886363636	0.393522727272727	0.250686931818182	0.330320454545455		1
000456:	0.009347159090909	0.861230113636364	0.068097727272727	0.061325000000000		1
000457:	0.010294886363636	0.880440340909091	0.046840909090909	0.062423863636364		1
000458:	0.047164204545455	0.768396590909091	0.136834090909091	0.047605113636364		1
000459:	0.010500000000000	0.878019886363636	0.055179545454545	0.056300568181818		1
000460:	0.020929545454545	0.662734090909091	0.200965340909091	0.115371022727273		1
000461:	0.023520454545455	0.414790340909091	0.357443181818182	0.204246022727273		1
000462:	0.024230681818182	0.675454545454545	0.092005681818182	0.208309090909091		1
000463:	0.015381818181818	0.851110795454545	0.062299431818182	0.071207954545455		1
000464:	0.091372159090909	0.801484090909091	0.057604545454545	0.049539204545455		1
000465:	0.037291477272727	0.808878977272727	0.107030681818182	0.046798863636364		1
000466:	0.017165909090909	0.681760227272727	0.118261931818182	0.182811931818182		1
000467:	0.013977272727273	0.774496590909091	0.086039772727273	0.125486363636364		1
000468:	0.414267045454545	0.006356250000000	0.577806818181818	0.001569886363636		1
000469:	0.156163636363636	0.100446022727273	0.720530113636364	0.022860227272727		1
000470:	0.183544886363636	0.107001704545455	0.610884090909091	0.098569318181818		1
000471:	0.087395454545455	0.078045454545455	0.754194886363636	0.080364204545455		1
000472:	0.271203977272727	0.496044318181818	0.087050568181818	0.145701136363636		1
000473:	0.085008522727273	0.745168181818182	0.091910227272727	0.077913068181818		1
000474:	0.105747159090909	0.051180113636364	0.278930681818182	0.564142045454545		1
