Estimated Clustering Probabilities for Samples
Sample	***Cluster  01***	***Cluster  02***	***Cluster  03***	***Cluster  04***	
000001:	0.011400568181818	0.187472159090909	0.709109659090909	0.092017613636364		1
000002:	0.005162500000000	0.041127840909091	0.918625568181818	0.035084090909091		1
000003:	0.009209090909091	0.049494886363636	0.872976704545455	0.068319318181818		1
000004:	0.005828977272727	0.035241477272727	0.941967045454545	0.016962500000000		1
000005:	0.003192613636364	0.067656818181818	0.909255113636364	0.019895454545455		1
000006:	0.013414204545455	0.078886931818182	0.870325000000000	0.037373863636364		1
000007:	0.005118181818182	0.026914204545455	0.831309659090909	0.136657954545455		1
000008:	0.006613068181818	0.034994886363636	0.934417045454545	0.023975000000000		1
000009:	0.006264772727273	0.051432386363636	0.918993750000000	0.023309090909091		1
000010:	0.006943750000000	0.081640340909091	0.877826136363636	0.033589772727273		1
000011:	0.124915340909091	0.205626704545455	0.568855113636364	0.100602840909091		1
000012:	0.141762500000000	0.639013068181818	0.186728977272727	0.032495454545455		1
000013:	0.523146590909091	0.273619886363636	0.168396022727273	0.034837500000000		1
000014:	0.119932386363636	0.118413068181818	0.717749431818182	0.043905113636364		1
000015:	0.039271590909091	0.183072159090909	0.757588068181818	0.020068181818182		1
000016:	0.065109659090909	0.125424431818182	0.749175000000000	0.060290909090909		1
000017:	0.035875000000000	0.614118181818182	0.287258522727273	0.062748295454545		1
000018:	0.314938068181818	0.554860227272727	0.103429545454545	0.026772159090909		1
000019:	0.170008522727273	0.352989204545455	0.430575000000000	0.046427272727273		1
000020:	0.055348295454545	0.461555113636364	0.434594318181818	0.048502272727273		1
000021:	0.051709090909091	0.781635227272727	0.063947727272727	0.102707954545455		1
000022:	0.058102840909091	0.714302840909091	0.208140909090909	0.019453409090909		1
000023:	0.227051704545455	0.442832954545455	0.233039204545455	0.097076136363636		1
000024:	0.230839772727273	0.254479545454545	0.493243750000000	0.021436931818182		1
000025:	0.453023863636364	0.332564204545455	0.186372727272727	0.028039204545455		1
000026:	0.075640340909091	0.791090340909091	0.106301704545455	0.026967613636364		1
000027:	0.115051136363636	0.767894886363636	0.093616477272727	0.023437500000000		1
000028:	0.042480113636364	0.427450568181818	0.202041477272727	0.328027840909091		1
000029:	0.069702272727273	0.607309090909091	0.280502840909091	0.042485795454545		1
000030:	0.159310795454545	0.278101136363636	0.436714772727273	0.125873295454545		1
000031:	0.173623295454545	0.736165340909091	0.065090340909091	0.025121022727273		1
000032:	0.068125000000000	0.785075568181818	0.111550568181818	0.035248863636364		1
000033:	0.069988636363636	0.652230113636364	0.196634090909091	0.081147159090909		1
000034:	0.083819886363636	0.299377272727273	0.576830681818182	0.039972159090909		1
000035:	0.146385227272727	0.647300000000000	0.102567613636364	0.103747159090909		1
000036:	0.058783522727273	0.541421022727273	0.308614772727273	0.091180681818182		1
000037:	0.066257954545455	0.781867045454545	0.135185795454545	0.016689204545455		1
000038:	0.258121022727273	0.209318750000000	0.342752272727273	0.189807954545455		1
000039:	0.159225568181818	0.672975568181818	0.142174431818182	0.025624431818182		1
000040:	0.217214204545455	0.167448295454545	0.568131818181818	0.047205681818182		1
000041:	0.077634659090909	0.692706818181818	0.199257954545455	0.030400568181818		1
000042:	0.271700000000000	0.597031250000000	0.098185795454545	0.033082954545455		1
000043:	0.052098863636364	0.288786363636364	0.624813636363636	0.034301136363636		1
000044:	0.060195454545455	0.636542045454545	0.265326704545455	0.037935795454545		1
000045:	0.064506818181818	0.833942045454545	0.082529545454545	0.019021590909091		1
000046:	0.113756818181818	0.555022727272727	0.163980113636364	0.167240340909091		1
000047:	0.090511931818182	0.426179545454545	0.397240340909091	0.086068181818182		1
000048:	0.038367613636364	0.104471022727273	0.818507386363636	0.038653977272727		1
000049:	0.054667045454545	0.253124431818182	0.649344318181818	0.042864204545455		1
000050:	0.096836363636364	0.362122159090909	0.482698863636364	0.058342613636364		1
000051:	0.029030113636364	0.057360227272727	0.888861931818182	0.024747727272727		1
000052:	0.018930681818182	0.063830113636364	0.886496022727273	0.030743181818182		1
000053:	0.066675568181818	0.481451704545455	0.421990909090909	0.029881818181818		1
000054:	0.382514204545455	0.319989772727273	0.247206250000000	0.050289772727273		1
000055:	0.026205681818182	0.140775568181818	0.800204545454545	0.032814204545455		1
000056:	0.044757954545455	0.383040340909091	0.535661931818182	0.036539772727273		1
000057:	0.028671022727273	0.537602840909091	0.391006818181818	0.042719318181818		1
000058:	0.138964772727273	0.436930681818182	0.380321590909091	0.043782954545455		1
000059:	0.047893750000000	0.776772727272727	0.143453409090909	0.031880113636364		1
000060:	0.032794318181818	0.340129545454545	0.594108522727273	0.032967613636364		1
000061:	0.042990340909091	0.438211931818182	0.492682386363636	0.026115340909091		1
000062:	0.033835795454545	0.070220454545455	0.867492613636364	0.028451136363636		1
000063:	0.041535227272727	0.054446022727273	0.874020454545455	0.029998295454545		1
000064:	0.021202272727273	0.038360795454545	0.881269318181818	0.059167613636364		1
000065:	0.032982954545455	0.135941477272727	0.762176704545454	0.068898863636364		1
000066:	0.022435795454545	0.649731818181818	0.301581250000000	0.026251136363636		1
000067:	0.020667613636364	0.048507954545455	0.903818181818182	0.027006250000000		1
000068:	0.034583522727273	0.747965909090909	0.192903409090909	0.024547159090909		1
000069:	0.025452840909091	0.702199431818182	0.246635227272727	0.025712500000000		1
000070:	0.103734659090909	0.346093750000000	0.426973295454545	0.123198295454545		1
000071:	0.047526704545455	0.783716477272727	0.129153409090909	0.039603409090909		1
000072:	0.038155113636364	0.209413636363636	0.683080681818182	0.069350568181818		1
000073:	0.040088068181818	0.212720454545455	0.711999431818182	0.035192045454545		1
000074:	0.203484659090909	0.628637500000000	0.128285795454545	0.039592045454545		1
000075:	0.158949431818182	0.367820454545455	0.427439204545455	0.045790909090909		1
000076:	0.091094886363636	0.290744886363636	0.120773295454545	0.497386931818182		1
000077:	0.171172159090909	0.250894886363636	0.320351136363636	0.257581818181818		1
000078:	0.031088068181818	0.215392045454545	0.702732386363636	0.050787500000000		1
000079:	0.099284090909091	0.617177840909091	0.228628409090909	0.054909659090909		1
000080:	0.223842613636364	0.559942613636364	0.146942045454545	0.069272727272727		1
000081:	0.017443181818182	0.344287500000000	0.579420454545455	0.058848863636364		1
000082:	0.021347159090909	0.287084659090909	0.645434659090909	0.046133522727273		1
000083:	0.048890909090909	0.531730681818182	0.360909090909091	0.058469318181818		1
000084:	0.302263636363636	0.090279545454545	0.486469318181818	0.120987500000000		1
000085:	0.055022159090909	0.519726704545455	0.375131818181818	0.050119318181818		1
000086:	0.107525000000000	0.250749431818182	0.582526704545455	0.059198863636364		1
000087:	0.032666477272727	0.742575568181818	0.204640340909091	0.020117613636364		1
000088:	0.041314772727273	0.833129545454545	0.101514204545455	0.024041477272727		1
000089:	0.040789772727273	0.763414772727273	0.138397727272727	0.057397727272727		1
000090:	0.181498863636364	0.617280681818182	0.158182386363636	0.043038068181818		1
000091:	0.267980113636364	0.386591477272727	0.127634659090909	0.217793750000000		1
000092:	0.077899431818182	0.502617613636364	0.363614772727273	0.055868181818182		1
000093:	0.113350568181818	0.468923295454545	0.344818181818182	0.072907954545455		1
000094:	0.111195454545455	0.593702840909091	0.235565909090909	0.059535795454545		1
000095:	0.035759090909091	0.148768181818182	0.773910795454545	0.041561931818182		1
000096:	0.040791477272727	0.075281818181818	0.859700000000000	0.024226704545455		1
000097:	0.029193750000000	0.832855113636364	0.118847727272727	0.019103409090909		1
000098:	0.029761363636364	0.733436931818182	0.205218181818182	0.031583522727273		1
000099:	0.064621590909091	0.393990340909091	0.497938636363636	0.043449431818182		1
000100:	0.047368181818182	0.142587500000000	0.789706818181818	0.020337500000000		1
000101:	0.022713636363636	0.767820454545455	0.189989772727273	0.019476136363636		1
000102:	0.057719886363636	0.546272727272727	0.362648863636364	0.033358522727273		1
000103:	0.265427840909091	0.275807954545455	0.346450568181818	0.112313636363636		1
000104:	0.031653977272727	0.125808522727273	0.823092613636364	0.019444886363636		1
000105:	0.051816477272727	0.773625000000000	0.150468750000000	0.024089772727273		1
000106:	0.040057954545455	0.772713068181818	0.155044318181818	0.032184659090909		1
000107:	0.044265340909091	0.437958522727273	0.497225000000000	0.020551136363636		1
000108:	0.114064772727273	0.231778409090909	0.605541477272727	0.048615340909091		1
000109:	0.084913636363636	0.607247727272727	0.229543750000000	0.078294886363636		1
000110:	0.694635795454545	0.090443181818182	0.138825000000000	0.076096022727273		1
000111:	0.039740909090909	0.242244318181818	0.637951136363636	0.080063636363636		1
000112:	0.106797159090909	0.685618181818182	0.172893750000000	0.034690909090909		1
000113:	0.028448295454545	0.365778977272727	0.572490340909091	0.033282386363636		1
000114:	0.073255113636364	0.474132386363636	0.170398863636364	0.282213636363636		1
000115:	0.077909090909091	0.473607954545455	0.398680113636364	0.049802840909091		1
000116:	0.058464772727273	0.152451136363636	0.757475568181818	0.031608522727273		1
000117:	0.039250568181818	0.619136363636364	0.266491477272727	0.075121590909091		1
000118:	0.022662500000000	0.125302272727273	0.798830681818182	0.053204545454545		1
000119:	0.048527272727273	0.735719318181818	0.188319886363636	0.027433522727273		1
000120:	0.034131250000000	0.134840340909091	0.799198863636364	0.031829545454545		1
000121:	0.171334659090909	0.445076136363636	0.292672727272727	0.090916477272727		1
000122:	0.026551136363636	0.790050568181818	0.168419318181818	0.014978977272727		1
000123:	0.093669318181818	0.248196590909091	0.563921022727273	0.094213068181818		1
000124:	0.105318181818182	0.506255113636364	0.231101704545455	0.157325000000000		1
000125:	0.033811931818182	0.102855113636364	0.710982386363636	0.152350568181818		1
000126:	0.032202272727273	0.055613068181818	0.150789204545455	0.761395454545455		1
000127:	0.064819886363636	0.295059659090909	0.608007954545455	0.032112500000000		1
000128:	0.039708522727273	0.171606250000000	0.757373295454545	0.031311931818182		1
000129:	0.078117045454545	0.798698295454545	0.089342613636364	0.033842045454545		1
000130:	0.096767613636364	0.132986931818182	0.711230681818182	0.059014772727273		1
000131:	0.035679545454545	0.586144886363636	0.340101136363636	0.038074431818182		1
000132:	0.044180113636364	0.291010227272727	0.645811931818182	0.018997727272727		1
000133:	0.179667613636364	0.293526704545455	0.276236363636364	0.250569318181818		1
000134:	0.251114772727273	0.321151136363636	0.372981818181818	0.054752272727273		1
000135:	0.131747727272727	0.739031818181818	0.096313068181818	0.032907386363636		1
000136:	0.051264772727273	0.234478409090909	0.669575568181818	0.044681250000000		1
000137:	0.202516477272727	0.624936363636364	0.133613636363636	0.038933522727273		1
000138:	0.097243750000000	0.305963068181818	0.449747159090909	0.147046022727273		1
000139:	0.075015909090909	0.425167613636364	0.431737500000000	0.068078977272727		1
000140:	0.525836363636364	0.328150568181818	0.122426136363636	0.023586931818182		1
000141:	0.057117045454545	0.111038636363636	0.766951704545455	0.064892613636364		1
000142:	0.039161363636364	0.745460795454545	0.195467613636364	0.019910227272727		1
000143:	0.047052840909091	0.425118181818182	0.505113636363636	0.022715340909091		1
000144:	0.031315909090909	0.462651704545455	0.479796022727273	0.026236363636364		1
000145:	0.071335227272727	0.143355113636364	0.736090340909091	0.049219318181818		1
000146:	0.114326704545455	0.467442613636364	0.388271022727273	0.029959659090909		1
000147:	0.025756818181818	0.292184659090909	0.658753409090909	0.023305113636364		1
000148:	0.057470454545455	0.210039204545455	0.685417613636364	0.047072727272727		1
000149:	0.061435795454545	0.496831818181818	0.419536931818182	0.022195454545455		1
000150:	0.180356250000000	0.672577272727273	0.119248863636364	0.027817613636364		1
000151:	0.055538068181818	0.164021022727273	0.729259090909091	0.051181818181818		1
000152:	0.152468750000000	0.276766477272727	0.495215909090909	0.075548863636364		1
000153:	0.046282386363636	0.724956818181818	0.204195454545455	0.024565340909091		1
000154:	0.025595454545455	0.060043181818182	0.893027840909091	0.021333522727273		1
000155:	0.082868750000000	0.310226136363636	0.587559659090909	0.019345454545455		1
000156:	0.049677272727273	0.585280681818182	0.333326704545455	0.031715340909091		1
000157:	0.015500000000000	0.032459090909091	0.909884659090909	0.042156250000000		1
000158:	0.025832386363636	0.176559659090909	0.538763636363636	0.258844318181818		1
000159:	0.203368181818182	0.243950000000000	0.292590340909091	0.260091477272727		1
000160:	0.010060795454545	0.017370454545455	0.189098863636364	0.783469886363636		1
000161:	0.027023863636364	0.051703977272727	0.714840909090909	0.206431250000000		1
000162:	0.128739772727273	0.390431818181818	0.184465340909091	0.296363068181818		1
000163:	0.008581250000000	0.077107386363636	0.884925568181818	0.029385795454545		1
000164:	0.013484659090909	0.019570454545455	0.907094318181818	0.059850568181818		1
000165:	0.010583522727273	0.020785227272727	0.927885227272727	0.040746022727273		1
000166:	0.008761363636364	0.040693750000000	0.925573295454545	0.024971590909091		1
000167:	0.029695454545455	0.102636363636364	0.774994318181818	0.092673863636364		1
000168:	0.045551704545455	0.336351136363636	0.591408522727273	0.026688636363636		1
000169:	0.038393181818182	0.613998295454545	0.314686363636364	0.032922159090909		1
000170:	0.033082386363636	0.083482954545455	0.865988636363636	0.017446022727273		1
000171:	0.042534659090909	0.154694886363636	0.765005681818182	0.037764772727273		1
000172:	0.090314772727273	0.265862500000000	0.577865340909091	0.065957386363636		1
000173:	0.018854545454545	0.445631818181818	0.515705113636364	0.019808522727273		1
000174:	0.043685227272727	0.742557386363636	0.197160795454545	0.016596590909091		1
000175:	0.070913068181818	0.157055681818182	0.749944886363636	0.022086363636364		1
000176:	0.026803977272727	0.566585795454545	0.343112500000000	0.063497727272727		1
000177:	0.046847159090909	0.590777272727273	0.344953409090909	0.017422159090909		1
000178:	0.042215340909091	0.352136931818182	0.591873295454545	0.013774431818182		1
000179:	0.033056250000000	0.168214772727273	0.777968181818182	0.020760795454545		1
000180:	0.079657954545455	0.147805113636364	0.749581818181818	0.022955113636364		1
000181:	0.038244318181818	0.108135795454545	0.799152840909091	0.054467045454545		1
000182:	0.185365340909091	0.471067613636364	0.291411363636364	0.052155681818182		1
000183:	0.031436363636364	0.107289204545455	0.841743750000000	0.019530681818182		1
000184:	0.087717045454545	0.351475000000000	0.532730113636364	0.028077840909091		1
000185:	0.282664204545455	0.452040909090909	0.215530681818182	0.049764204545455		1
000186:	0.134459659090909	0.149721022727273	0.664155681818182	0.051663636363636		1
000187:	0.097880681818182	0.107156250000000	0.770041477272727	0.024921590909091		1
000188:	0.061992045454545	0.136740909090909	0.699183522727273	0.102083522727273		1
000189:	0.025137500000000	0.312824431818182	0.638242613636364	0.023795454545455		1
000190:	0.069072159090909	0.232663636363636	0.657028409090909	0.041235795454545		1
000191:	0.020060227272727	0.527201704545455	0.432913636363636	0.019824431818182		1
000192:	0.035278977272727	0.731952272727273	0.169884090909091	0.062884659090909		1
000193:	0.048650568181818	0.601989772727273	0.327027272727273	0.022332386363636		1
000194:	0.145784090909091	0.264216477272727	0.562465340909091	0.027534090909091		1
000195:	0.016661931818182	0.789176704545455	0.176084659090909	0.018076704545455		1
000196:	0.013380113636364	0.045553977272727	0.753544886363636	0.187521022727273		1
000197:	0.013956818181818	0.198970454545455	0.737600568181818	0.049472159090909		1
000198:	0.049789772727273	0.482397159090909	0.336866477272727	0.130946590909091		1
000199:	0.010913636363636	0.036559659090909	0.884098863636364	0.068427840909091		1
000200:	0.016953977272727	0.056356250000000	0.852688636363636	0.074001136363636		1
000201:	0.029028977272727	0.046909659090909	0.871594318181818	0.052467045454545		1
000202:	0.076869318181818	0.506261363636364	0.374196590909091	0.042672727272727		1
000203:	0.039077840909091	0.122166477272727	0.816696590909091	0.022059090909091		1
000204:	0.029680681818182	0.083857386363636	0.842114772727273	0.044347159090909		1
000205:	0.069498295454545	0.157608522727273	0.724275568181818	0.048617613636364		1
000206:	0.234486363636364	0.129033522727273	0.607388636363636	0.029091477272727		1
000207:	0.028240909090909	0.651391477272727	0.216351136363636	0.104016477272727		1
000208:	0.029585795454545	0.158050568181818	0.790934090909091	0.021429545454545		1
000209:	0.036490909090909	0.107742613636364	0.810310795454545	0.045455681818182		1
000210:	0.031126704545455	0.155512500000000	0.787842613636364	0.025518181818182		1
000211:	0.030039204545455	0.089844318181818	0.842111931818182	0.038004545454545		1
000212:	0.020576136363636	0.056834090909091	0.778397159090909	0.144192613636364		1
000213:	0.019369318181818	0.035732386363636	0.907957954545455	0.036940340909091		1
000214:	0.025532386363636	0.119161363636364	0.754393750000000	0.100912500000000		1
000215:	0.060276136363636	0.283721590909091	0.441282386363636	0.214719886363636		1
000216:	0.025681818181818	0.038784659090909	0.876719318181818	0.058814204545455		1
000217:	0.020738068181818	0.030906818181818	0.849252272727273	0.099102840909091		1
000218:	0.011036363636364	0.030682954545455	0.914226136363636	0.044054545454545		1
000219:	0.014952272727273	0.020451704545455	0.876502840909091	0.088093181818182		1
000220:	0.000317045454545	0.815072159090909	0.167849431818182	0.016761363636364		1
000221:	0.014501704545455	0.019678409090909	0.919594318181818	0.046225568181818		1
000222:	0.012885795454545	0.020707386363636	0.922477840909091	0.043928977272727		1
000223:	0.123551704545455	0.166640909090909	0.606044886363636	0.103762500000000		1
000224:	0.209276704545455	0.670561363636364	0.062093750000000	0.058068181818182		1
000225:	0.096025000000000	0.780100000000000	0.071659090909091	0.052215909090909		1
000226:	0.118101136363636	0.476838636363636	0.117221590909091	0.287838636363636		1
000227:	0.135466477272727	0.629489772727273	0.078435227272727	0.156608522727273		1
000228:	0.585365909090909	0.059053977272727	0.052305681818182	0.303274431818182		1
000229:	0.212818750000000	0.407178409090909	0.173522159090909	0.206480681818182		1
000230:	0.065431250000000	0.033799431818182	0.088917613636364	0.811851704545455		1
000231:	0.078796590909091	0.629403977272727	0.120364204545455	0.171435227272727		1
000232:	0.194386363636364	0.064444318181818	0.479964204545455	0.261205113636364		1
000233:	0.130548295454545	0.662607954545455	0.047026704545455	0.159817045454545		1
000234:	0.444953977272727	0.407649431818182	0.058656250000000	0.088740340909091		1
000235:	0.415544318181818	0.416202840909091	0.143230681818182	0.025022159090909		1
000236:	0.417090340909091	0.060765909090909	0.073527840909091	0.448615909090909		1
000237:	0.472840340909091	0.411162500000000	0.059274431818182	0.056722727272727		1
000238:	0.131267613636364	0.124315909090909	0.688817045454545	0.055599431818182		1
000239:	0.368970454545455	0.289590340909091	0.127914772727273	0.213524431818182		1
000240:	0.060536363636364	0.073184659090909	0.034054545454545	0.832224431818182		1
000241:	0.162274431818182	0.598315909090909	0.120296590909091	0.119113068181818		1
000242:	0.164947159090909	0.729234090909091	0.056578977272727	0.049239772727273		1
000243:	0.344321590909091	0.101993750000000	0.033497159090909	0.520187500000000		1
000244:	0.183865340909091	0.158981818181818	0.222787500000000	0.434365340909091		1
000245:	0.090869318181818	0.373111363636364	0.064152840909091	0.471866477272727		1
000246:	0.466198295454545	0.345805113636364	0.074727840909091	0.113268750000000		1
000247:	0.367819318181818	0.318382954545455	0.130440909090909	0.183356818181818		1
000248:	0.089010227272727	0.123013068181818	0.101003977272727	0.686972727272727		1
000249:	0.463050000000000	0.163170454545455	0.042164204545455	0.331615340909091		1
000250:	0.212248863636364	0.663164204545455	0.044984090909091	0.079602840909091		1
000251:	0.155366477272727	0.483738636363636	0.075074431818182	0.285820454545455		1
000252:	0.204745454545455	0.066350000000000	0.198596022727273	0.530308522727273		1
000253:	0.685493750000000	0.071559090909091	0.076948295454545	0.165998863636364		1
000254:	0.405347159090909	0.073935227272727	0.117740909090909	0.402976704545455		1
000255:	0.508550568181818	0.080943181818182	0.126936363636364	0.283569886363636		1
000256:	0.120301704545455	0.458057954545455	0.216070454545455	0.205569886363636		1
000257:	0.155875000000000	0.037113068181818	0.603729545454545	0.203282386363636		1
000258:	0.051149431818182	0.372031250000000	0.480117613636364	0.096701704545455		1
000259:	0.236889772727273	0.130725568181818	0.551249431818182	0.081135227272727		1
000260:	0.205309090909091	0.167605681818182	0.058293750000000	0.568791477272727		1
000261:	0.532930113636364	0.086497727272727	0.171122727272727	0.209449431818182		1
000262:	0.332362500000000	0.097640340909091	0.227971590909091	0.342025568181818		1
000263:	0.061502272727273	0.249198295454545	0.602810795454545	0.086488636363636		1
000264:	0.125892045454545	0.076750568181818	0.584919886363636	0.212437500000000		1
000265:	0.107102840909091	0.042667613636364	0.774344318181818	0.075885227272727		1
000266:	0.374640340909091	0.311065909090909	0.174149431818182	0.140144318181818		1
000267:	0.383792045454545	0.211772727272727	0.076606250000000	0.327828977272727		1
000268:	0.106518750000000	0.089888636363636	0.680061931818182	0.123530681818182		1
000269:	0.297490340909091	0.568233522727273	0.096735227272727	0.037540909090909		1
000270:	0.075171022727273	0.044188068181818	0.804448295454545	0.076192613636364		1
000271:	0.706827272727273	0.057215340909091	0.056423295454545	0.179534090909091		1
000272:	0.467518750000000	0.115532954545455	0.135564204545455	0.281384090909091		1
000273:	0.580913636363636	0.173496022727273	0.177413068181818	0.068177272727273		1
000274:	0.565743181818182	0.083372727272727	0.090360227272727	0.260523863636364		1
000275:	0.121885795454545	0.543054545454545	0.188253409090909	0.146806250000000		1
000276:	0.321119318181818	0.050230681818182	0.470655681818182	0.157994318181818		1
000277:	0.753137500000000	0.094518181818182	0.064061931818182	0.088282386363636		1
000278:	0.105355681818182	0.481919318181818	0.264369886363636	0.148355113636364		1
000279:	0.602596590909091	0.280744886363636	0.073972159090909	0.042686363636364		1
000280:	0.157267045454545	0.166095454545455	0.197506818181818	0.479130681818182		1
000281:	0.835826136363636	0.035768750000000	0.083992613636364	0.044412500000000		1
000282:	0.221881818181818	0.431715340909091	0.176533522727273	0.169869318181818		1
000283:	0.098599431818182	0.038304545454545	0.669093750000000	0.194002272727273		1
000284:	0.542712500000000	0.073096022727273	0.117106818181818	0.267084659090909		1
000285:	0.486825000000000	0.311908522727273	0.104740340909091	0.096526136363636		1
000286:	0.641946590909091	0.184273863636364	0.107265909090909	0.066513636363636		1
000287:	0.559074431818182	0.271742045454545	0.088105681818182	0.081077840909091		1
000288:	0.367652272727273	0.188807386363636	0.223607954545455	0.219932386363636		1
000289:	0.018945454545455	0.068038068181818	0.851997727272727	0.061018750000000		1
000290:	0.035620454545455	0.061832386363636	0.519988068181818	0.382559090909091		1
000291:	0.019922159090909	0.161982954545455	0.795917045454545	0.022177840909091		1
000292:	0.033190340909091	0.050467045454545	0.819775568181818	0.096567045454545		1
000293:	0.012793750000000	0.072488068181818	0.874319318181818	0.040398863636364		1
000294:	0.016413068181818	0.171128409090909	0.788006250000000	0.024452272727273		1
000295:	0.012031250000000	0.574891477272727	0.375811931818182	0.037265340909091		1
000296:	0.013217045454545	0.064483522727273	0.897877840909091	0.024421590909091		1
000297:	0.037132954545455	0.175790909090909	0.681417613636364	0.105658522727273		1
000298:	0.136515909090909	0.706787500000000	0.119519886363636	0.037176704545455		1
000299:	0.103069318181818	0.202500000000000	0.617481818181818	0.076948863636364		1
000300:	0.168596590909091	0.083726136363636	0.656139204545454	0.091538068181818		1
000301:	0.026118181818182	0.151238636363636	0.768076136363636	0.054567045454545		1
000302:	0.027021022727273	0.037925568181818	0.805340909090909	0.129712500000000		1
000303:	0.057407954545455	0.061891477272727	0.729548863636364	0.151151704545455		1
000304:	0.021998295454545	0.063799431818182	0.790301136363636	0.123901136363636		1
000305:	0.036194318181818	0.052297159090909	0.444768181818182	0.466740340909091		1
000306:	0.134469318181818	0.109858522727273	0.492726704545455	0.262945454545455		1
000307:	0.019455681818182	0.028365340909091	0.367565909090909	0.584613068181818		1
000308:	0.019430681818182	0.025401136363636	0.914345454545455	0.040822727272727		1
000309:	0.140821590909091	0.058309659090909	0.767959659090909	0.032909090909091		1
000310:	0.058366477272727	0.095638068181818	0.799138636363636	0.046856818181818		1
000311:	0.107148863636364	0.098327840909091	0.636411931818182	0.158111363636364		1
000312:	0.409349431818182	0.348043750000000	0.172544318181818	0.070062500000000		1
000313:	0.577460227272727	0.204491477272727	0.158764772727273	0.059283522727273		1
000314:	0.244968750000000	0.478365909090909	0.150701704545455	0.125963636363636		1
000315:	0.274569886363636	0.435323295454545	0.207113068181818	0.082993750000000		1
000316:	0.000456250000000	0.362680113636364	0.391171590909091	0.245692045454545		1
000317:	0.035752840909091	0.676590340909091	0.175185795454545	0.112471022727273		1
000318:	0.025355681818182	0.048213636363636	0.819421022727273	0.107009659090909		1
000319:	0.024198295454545	0.043629545454545	0.884678409090909	0.047493750000000		1
000320:	0.075115340909091	0.093352272727273	0.753101704545455	0.078430681818182		1
000321:	0.016784659090909	0.030782386363636	0.908151704545455	0.044281250000000		1
000322:	0.022673295454545	0.033459090909091	0.514126704545455	0.429740909090909		1
000323:	0.407050568181818	0.186562500000000	0.325954545454545	0.080432386363636		1
000324:	0.022470454545455	0.035672159090909	0.748413636363636	0.193443750000000		1
000325:	0.219632386363636	0.069931250000000	0.543722159090909	0.166714204545455		1
000326:	0.085138636363636	0.054687500000000	0.400759659090909	0.459414204545455		1
000327:	0.024519886363636	0.081002272727273	0.674327272727273	0.220150568181818		1
000328:	0.029434090909091	0.015628977272727	0.144946590909091	0.809990340909091		1
000329:	0.084703977272727	0.075416477272727	0.700702840909091	0.139176704545455		1
000330:	0.043092613636364	0.024054545454545	0.314815340909091	0.618037500000000		1
000331:	0.054609090909091	0.015586931818182	0.215644886363636	0.714159090909091		1
000332:	0.033583522727273	0.061647159090909	0.850911363636364	0.053857954545455		1
000333:	0.083416477272727	0.053690340909091	0.797452840909091	0.065440340909091		1
000334:	0.079248863636364	0.034839204545455	0.829321022727273	0.056590909090909		1
000335:	0.034851704545455	0.125992613636364	0.724176704545455	0.114978977272727		1
000336:	0.025048863636364	0.031361363636364	0.815196590909091	0.128393181818182		1
000337:	0.116856818181818	0.033993750000000	0.572353409090909	0.276796022727273		1
000338:	0.016180681818182	0.048931818181818	0.891806250000000	0.043081250000000		1
000339:	0.017193181818182	0.036895454545455	0.854673295454545	0.091238068181818		1
000340:	0.022113068181818	0.021588068181818	0.901753977272727	0.054544886363636		1
000341:	0.017279545454545	0.050091477272727	0.880273863636364	0.052355113636364		1
000342:	0.014544318181818	0.023759090909091	0.863925000000000	0.097771590909091		1
000343:	0.029647159090909	0.033827840909091	0.864636363636364	0.071888636363636		1
000344:	0.019085227272727	0.028832954545455	0.109087500000000	0.842994318181818		1
000345:	0.012849431818182	0.019559090909091	0.299759090909091	0.667832386363636		1
000346:	0.017884659090909	0.057366477272727	0.793736931818182	0.131011931818182		1
000347:	0.021915909090909	0.034502840909091	0.754612500000000	0.188968750000000		1
000348:	0.020619886363636	0.055371022727273	0.734768750000000	0.189240340909091		1
000349:	0.028418750000000	0.085543181818182	0.585181818181818	0.300856250000000		1
000350:	0.019456250000000	0.036590340909091	0.696267613636364	0.247685795454545		1
000351:	0.021063068181818	0.049694886363636	0.414705113636364	0.514536931818182		1
000352:	0.017947727272727	0.051070454545455	0.893855113636364	0.037126704545455		1
000353:	0.014369886363636	0.029771590909091	0.920978409090909	0.034880113636364		1
000354:	0.010731250000000	0.028561931818182	0.925673863636364	0.035032954545455		1
000355:	0.033742613636364	0.031862500000000	0.846901704545455	0.087493181818182		1
000356:	0.495718750000000	0.162326704545455	0.246818181818182	0.095136363636364		1
000357:	0.157222727272727	0.622752272727273	0.080719318181818	0.139305681818182		1
000358:	0.071275000000000	0.570007954545454	0.230354545454545	0.128362500000000		1
000359:	0.313877272727273	0.199756250000000	0.172678409090909	0.313688068181818		1
000360:	0.047303977272727	0.221191477272727	0.652218181818182	0.079286363636364		1
000361:	0.359149431818182	0.474475568181818	0.074423863636364	0.091951136363636		1
000362:	0.080175568181818	0.059245454545455	0.434334090909091	0.426244886363636		1
000363:	0.033348863636364	0.661180681818182	0.265530681818182	0.039939772727273		1
000364:	0.317832386363636	0.280745454545455	0.157907386363636	0.243514772727273		1
000365:	0.081050568181818	0.364190909090909	0.266515909090909	0.288242613636364		1
000366:	0.412894886363636	0.357787500000000	0.186694886363636	0.042622727272727		1
000367:	0.168139772727273	0.588252272727273	0.159539204545455	0.084068750000000		1
000368:	0.133309659090909	0.674889204545455	0.149884090909091	0.041917045454545		1
000369:	0.102576136363636	0.344326136363636	0.443369318181818	0.109728409090909		1
000370:	0.114766477272727	0.089967613636364	0.710017045454545	0.085248863636364		1
000371:	0.032693181818182	0.136650000000000	0.673317045454545	0.157339772727273		1
000372:	0.030388636363636	0.654684659090909	0.263855681818182	0.051071022727273		1
000373:	0.188651704545455	0.339046590909091	0.330133522727273	0.142168181818182		1
000374:	0.042024431818182	0.547655113636364	0.366950568181818	0.043369886363636		1
000375:	0.044345454545455	0.044253409090909	0.747861931818182	0.163539204545455		1
000376:	0.089117045454545	0.549578409090909	0.303401704545455	0.057902840909091		1
000377:	0.075068181818182	0.052206818181818	0.651846022727273	0.220878977272727		1
000378:	0.318334090909091	0.573229545454545	0.076358522727273	0.032077840909091		1
000379:	0.202162500000000	0.721160795454545	0.055648863636364	0.021027840909091		1
000380:	0.135590340909091	0.676993181818182	0.139947159090909	0.047469318181818		1
000381:	0.428351136363636	0.473236363636364	0.062099431818182	0.036313068181818		1
000382:	0.065326704545455	0.650030681818182	0.237824431818182	0.046818181818182		1
000383:	0.150722159090909	0.412177272727273	0.335565909090909	0.101534659090909		1
000384:	0.110141477272727	0.601626704545455	0.225861931818182	0.062369886363636		1
000385:	0.079191477272727	0.374051136363636	0.138469318181818	0.408288068181818		1
000386:	0.651119886363636	0.199692045454545	0.101452840909091	0.047735227272727		1
000387:	0.050527272727273	0.636988636363636	0.262262500000000	0.050221590909091		1
000388:	0.470159659090909	0.108407386363636	0.267460227272727	0.153972727272727		1
000389:	0.044870454545455	0.557178409090909	0.251535227272727	0.146415909090909		1
000390:	0.057957386363636	0.044309090909091	0.463436931818182	0.434296590909091		1
000391:	0.102594318181818	0.626858522727273	0.169669886363636	0.100877272727273		1
000392:	0.275559659090909	0.483991477272727	0.066582954545455	0.173865909090909		1
000393:	0.152963636363636	0.584822159090909	0.219452272727273	0.042761931818182		1
000394:	0.029723295454545	0.805726136363636	0.134069318181818	0.030481250000000		1
000395:	0.045567613636364	0.591910227272727	0.321384659090909	0.041137500000000		1
000396:	0.071146590909091	0.502325000000000	0.231982386363636	0.194546022727273		1
000397:	0.026555113636364	0.793397727272727	0.135809659090909	0.044237500000000		1
000398:	0.154972727272727	0.414845454545455	0.279409090909091	0.150772727272727		1
000399:	0.844368181818182	0.069531250000000	0.052159659090909	0.033940909090909		1
000400:	0.236207954545455	0.485005113636364	0.205264772727273	0.073522159090909		1
000401:	0.194014772727273	0.639034090909091	0.127232954545455	0.039718181818182		1
000402:	0.057121022727273	0.578192613636364	0.332571590909091	0.032114772727273		1
000403:	0.202014204545455	0.346806250000000	0.350404545454545	0.100775000000000		1
000404:	0.201100000000000	0.387698863636364	0.192398295454545	0.218802840909091		1
000405:	0.053711363636364	0.763189204545455	0.159785227272727	0.023314204545455		1
000406:	0.046388636363636	0.350215909090909	0.558190340909091	0.045205113636364		1
000407:	0.039672159090909	0.503914772727273	0.406049431818182	0.050363636363636		1
000408:	0.410298295454545	0.236596022727273	0.142988068181818	0.210117613636364		1
000409:	0.114268750000000	0.076052272727273	0.748755113636364	0.060923863636364		1
000410:	0.090331818181818	0.072646022727273	0.773526704545455	0.063495454545455		1
000411:	0.120201136363636	0.074723863636364	0.738843181818182	0.066231818181818		1
000412:	0.541822159090909	0.314960227272727	0.085426136363636	0.057791477272727		1
000413:	0.097276136363636	0.537743750000000	0.299209090909091	0.065771022727273		1
000414:	0.565368181818182	0.241532386363636	0.158623863636364	0.034475568181818		1
000415:	0.725282954545455	0.041184090909091	0.057380113636364	0.176152840909091		1
000416:	0.689666477272727	0.224205681818182	0.041454545454545	0.044673295454545		1
000417:	0.504008522727273	0.116108522727273	0.252843750000000	0.127039204545455		1
000418:	0.557382954545455	0.241873863636364	0.146534659090909	0.054208522727273		1
000419:	0.779376704545454	0.100290909090909	0.038189772727273	0.082142613636364		1
000420:	0.083918181818182	0.063934090909091	0.487156250000000	0.364991477272727		1
000421:	0.510442045454545	0.264004545454545	0.196457386363636	0.029096022727273		1
000422:	0.268984659090909	0.385514204545455	0.174908522727273	0.170592613636364		1
000423:	0.075121590909091	0.059821022727273	0.232133522727273	0.632923863636364		1
000424:	0.681247159090909	0.246800000000000	0.035893181818182	0.036059659090909		1
000425:	0.727072727272727	0.152936363636364	0.071049431818182	0.048941477272727		1
000426:	0.349859090909091	0.058576136363636	0.058515340909091	0.533049431818182		1
000427:	0.164358522727273	0.538918181818182	0.178531250000000	0.118192045454545		1
000428:	0.149610795454545	0.437318750000000	0.348581818181818	0.064488636363636		1
000429:	0.148885795454545	0.276327272727273	0.451325568181818	0.123461363636364		1
000430:	0.144314772727273	0.485713636363636	0.104886363636364	0.265085227272727		1
000431:	0.092951136363636	0.732926136363636	0.118144886363636	0.055977840909091		1
000432:	0.228194886363636	0.465368181818182	0.173427272727273	0.133009659090909		1
000433:	0.364728409090909	0.140992045454545	0.292367613636364	0.201911931818182		1
000434:	0.134323295454545	0.563754545454546	0.131975568181818	0.169946590909091		1
000435:	0.167338068181818	0.341725000000000	0.327681818181818	0.163255113636364		1
000436:	0.531022159090909	0.096414772727273	0.089544886363636	0.283018181818182		1
000437:	0.412433522727273	0.352506250000000	0.054621590909091	0.180438636363636		1
000438:	0.438615909090909	0.312175568181818	0.122328977272727	0.126879545454545		1
000439:	0.801719886363636	0.120414204545455	0.040026704545455	0.037839204545455		1
000440:	0.650504545454546	0.274680113636364	0.045303977272727	0.029511363636364		1
000441:	0.875985227272727	0.068201136363636	0.026976704545455	0.028836931818182		1
000442:	0.879271022727273	0.049280681818182	0.044531818181818	0.026916477272727		1
000443:	0.124025568181818	0.103622159090909	0.698845454545455	0.073506818181818		1
000444:	0.242994886363636	0.385576704545455	0.050393750000000	0.321034659090909		1
000445:	0.338006250000000	0.434790909090909	0.170965340909091	0.056237500000000		1
000446:	0.185558522727273	0.263548863636364	0.340907954545455	0.209984659090909		1
000447:	0.401384090909091	0.387762500000000	0.130959659090909	0.079893750000000		1
000448:	0.396263068181818	0.232064772727273	0.296373295454545	0.075298863636364		1
000449:	0.070785795454545	0.661964772727273	0.187678977272727	0.079570454545455		1
000450:	0.092632386363636	0.147681818181818	0.728250568181818	0.031435227272727		1
000451:	0.091838636363636	0.149702840909091	0.709335227272727	0.049123295454545		1
000452:	0.135718750000000	0.083168181818182	0.123504545454545	0.657608522727273		1
000453:	0.450857954545455	0.452411931818182	0.049121022727273	0.047609090909091		1
000454:	0.303561363636364	0.076938068181818	0.534310227272727	0.085190340909091		1
000455:	0.018896022727273	0.163475000000000	0.718886363636364	0.098742613636364		1
000456:	0.010134659090909	0.034625000000000	0.912059090909091	0.043181250000000		1
000457:	0.011549431818182	0.029650568181818	0.915991477272727	0.042808522727273		1
000458:	0.042707954545455	0.100926704545455	0.780592613636364	0.075772727272727		1
000459:	0.010462500000000	0.033822727272727	0.921447159090909	0.034267613636364		1
000460:	0.012831250000000	0.044802840909091	0.920675568181818	0.021690340909091		1
000461:	0.019040340909091	0.138228409090909	0.804021022727273	0.038710227272727		1
000462:	0.017025568181818	0.077526704545455	0.723548295454545	0.181899431818182		1
000463:	0.029581250000000	0.052625000000000	0.728386363636364	0.189407386363636		1
000464:	0.089696590909091	0.042690340909091	0.681063636363636	0.186549431818182		1
000465:	0.027247727272727	0.055993181818182	0.855285227272727	0.061473863636364		1
000466:	0.013656250000000	0.054972159090909	0.898353409090909	0.033018181818182		1
000467:	0.012592045454545	0.035105113636364	0.921437500000000	0.030865340909091		1
000468:	0.010858522727273	0.031418181818182	0.931832954545455	0.025890340909091		1
000469:	0.172588636363636	0.602187500000000	0.147109090909091	0.078114772727273		1
000470:	0.111329545454545	0.666471022727273	0.114984090909091	0.107215340909091		1
000471:	0.129063636363636	0.692685227272727	0.146755681818182	0.031495454545455		1
000472:	0.185905113636364	0.052464204545455	0.318116477272727	0.443514204545455		1
000473:	0.054365340909091	0.075724431818182	0.469753409090909	0.400156818181818		1
000474:	0.238859659090909	0.492342045454545	0.215364204545455	0.053434090909091		1
