Estimated Clustering Probabilities for Samples
Sample	***Cluster  01***	***Cluster  02***	***Cluster  03***	***Cluster  04***	
000001:	0.009124431818182	0.718298295454545	0.169642045454545	0.102935227272727		1
000002:	0.006727840909091	0.898239772727273	0.031098863636364	0.063933522727273		1
000003:	0.010497727272727	0.856368181818182	0.052865340909091	0.080268750000000		1
000004:	0.005752840909091	0.937071590909091	0.026274431818182	0.030901136363636		1
000005:	0.006130113636364	0.886790909090909	0.076772159090909	0.030306818181818		1
000006:	0.024736363636364	0.851808522727273	0.072967613636364	0.050487500000000		1
000007:	0.012425000000000	0.810947159090909	0.025344886363636	0.151282954545455		1
000008:	0.007436931818182	0.882184090909091	0.031232386363636	0.079146590909091		1
000009:	0.005346022727273	0.923213068181818	0.037752272727273	0.033688636363636		1
000010:	0.008336363636364	0.841936363636364	0.080112500000000	0.069614772727273		1
000011:	0.115502840909091	0.569740340909091	0.141010227272727	0.173746590909091		1
000012:	0.141261931818182	0.298342613636364	0.522097727272727	0.038297727272727		1
000013:	0.416778409090909	0.181618181818182	0.371925568181818	0.029677840909091		1
000014:	0.155909659090909	0.707628977272727	0.100136363636364	0.036325000000000		1
000015:	0.036811931818182	0.790093750000000	0.150236931818182	0.022857386363636		1
000016:	0.043961931818182	0.836307954545455	0.086261363636364	0.033468750000000		1
000017:	0.040347159090909	0.415169886363636	0.479786363636364	0.064696590909091		1
000018:	0.210991477272727	0.109526704545455	0.651367613636364	0.028114204545455		1
000019:	0.146322159090909	0.523393181818182	0.286478409090909	0.043806250000000		1
000020:	0.043657386363636	0.497873295454545	0.410498295454545	0.047971022727273		1
000021:	0.048706818181818	0.081468181818182	0.784450568181818	0.085374431818182		1
000022:	0.071185795454545	0.302085795454545	0.601584659090909	0.025143750000000		1
000023:	0.176049431818182	0.349191477272727	0.396699431818182	0.078059659090909		1
000024:	0.171394886363636	0.521518750000000	0.278439204545455	0.028647159090909		1
000025:	0.427467045454545	0.236376136363636	0.309222727272727	0.026934090909091		1
000026:	0.079471590909091	0.114725568181818	0.773358522727273	0.032444318181818		1
000027:	0.087580681818182	0.089653977272727	0.807429545454545	0.015335795454545		1
000028:	0.040823295454545	0.340560795454545	0.341102272727273	0.277513636363636		1
000029:	0.075072159090909	0.283645454545455	0.592447727272727	0.048834659090909		1
000030:	0.181328409090909	0.513931250000000	0.195955113636364	0.108785227272727		1
000031:	0.117966477272727	0.065868181818182	0.792667613636364	0.023497727272727		1
000032:	0.063682954545455	0.123393750000000	0.763117045454546	0.049806250000000		1
000033:	0.057765909090909	0.170423863636364	0.676373295454545	0.095436931818182		1
000034:	0.094610227272727	0.714013068181818	0.138122727272727	0.053253977272727		1
000035:	0.174678977272727	0.133273295454545	0.596287500000000	0.095760227272727		1
000036:	0.044871022727273	0.408171022727273	0.475760795454545	0.071197159090909		1
000037:	0.072043181818182	0.149915909090909	0.753567613636364	0.024473295454545		1
000038:	0.210260795454545	0.302526704545455	0.180730681818182	0.306481818181818		1
000039:	0.191636363636364	0.139293181818182	0.648050000000000	0.021020454545455		1
000040:	0.174697159090909	0.629349431818182	0.147727272727273	0.048226136363636		1
000041:	0.064043181818182	0.250946022727273	0.645048863636364	0.039961931818182		1
000042:	0.266515340909091	0.129886363636364	0.571302840909091	0.032295454545455		1
000043:	0.047560227272727	0.660431250000000	0.244046022727273	0.047962500000000		1
000044:	0.074577840909091	0.268441477272727	0.612548863636364	0.044431818181818		1
000045:	0.070018750000000	0.078035227272727	0.836346022727273	0.015600000000000		1
000046:	0.081334659090909	0.174386931818182	0.593810795454545	0.150467613636364		1
000047:	0.088097727272727	0.430993750000000	0.385752840909091	0.095155681818182		1
000048:	0.022338636363636	0.888319886363636	0.059231818181818	0.030109659090909		1
000049:	0.043846022727273	0.718622159090909	0.210025000000000	0.027506818181818		1
000050:	0.123858522727273	0.432201136363636	0.384225000000000	0.059715340909091		1
000051:	0.026041477272727	0.896768181818182	0.039496590909091	0.037693750000000		1
000052:	0.024639204545455	0.895780681818182	0.054016477272727	0.025563636363636		1
000053:	0.089842045454545	0.397227840909091	0.482486931818182	0.030443181818182		1
000054:	0.333410227272727	0.286686931818182	0.317202272727273	0.062700568181818		1
000055:	0.027976704545455	0.849639772727273	0.091183522727273	0.031200000000000		1
000056:	0.043689204545455	0.572283522727273	0.337757954545455	0.046269318181818		1
000057:	0.033360795454545	0.423611363636364	0.485323863636364	0.057703977272727		1
000058:	0.134142045454545	0.451459659090909	0.361576136363636	0.052822159090909		1
000059:	0.052891477272727	0.208523295454545	0.712169886363636	0.026415340909091		1
000060:	0.024600000000000	0.711260795454545	0.229101136363636	0.035038068181818		1
000061:	0.033701704545455	0.576674431818182	0.351310227272727	0.038313636363636		1
000062:	0.023852272727273	0.899669886363636	0.045622159090909	0.030855681818182		1
000063:	0.032169318181818	0.878919318181818	0.045919318181818	0.042992045454545		1
000064:	0.024945454545455	0.832111931818182	0.036878977272727	0.106063636363636		1
000065:	0.035813068181818	0.802413068181818	0.110291477272727	0.051482386363636		1
000066:	0.023174431818182	0.342506250000000	0.601502272727273	0.032817045454545		1
000067:	0.019730113636364	0.902373863636364	0.035373295454545	0.042522727272727		1
000068:	0.078779545454545	0.186654545454545	0.698509090909091	0.036056818181818		1
000069:	0.074871590909091	0.133881250000000	0.777322727272727	0.013924431818182		1
000070:	0.097013068181818	0.641801704545455	0.183443750000000	0.077741477272727		1
000071:	0.061014772727273	0.135514772727273	0.756373295454545	0.047097159090909		1
000072:	0.033644318181818	0.756794318181818	0.148614772727273	0.060946590909091		1
000073:	0.039539204545455	0.760885227272727	0.150351136363636	0.049224431818182		1
000074:	0.191272159090909	0.205340909090909	0.567634659090909	0.035752272727273		1
000075:	0.149802840909091	0.505995454545455	0.294588068181818	0.049613636363636		1
000076:	0.100496590909091	0.153060227272727	0.283946590909091	0.462496590909091		1
000077:	0.190911931818182	0.331181250000000	0.247462500000000	0.230444318181818		1
000078:	0.025643181818182	0.722081250000000	0.189844318181818	0.062431250000000		1
000079:	0.135598295454545	0.258810227272727	0.542107954545455	0.063483522727273		1
000080:	0.220391477272727	0.164455681818182	0.533780681818182	0.081372159090909		1
000081:	0.019624431818182	0.677684659090909	0.241567045454545	0.061123863636364		1
000082:	0.021628409090909	0.690519886363636	0.220132386363636	0.067719318181818		1
000083:	0.037932386363636	0.392900000000000	0.496367045454545	0.072800568181818		1
000084:	0.307450568181818	0.451225568181818	0.084406250000000	0.156917613636364		1
000085:	0.052409659090909	0.312239204545455	0.549138636363636	0.086212500000000		1
000086:	0.105032954545455	0.607481250000000	0.219249431818182	0.068236363636364		1
000087:	0.026084659090909	0.308393181818182	0.641864772727273	0.023657386363636		1
000088:	0.033906250000000	0.104695454545455	0.832314204545455	0.029084090909091		1
000089:	0.035027840909091	0.142783522727273	0.760418750000000	0.061769886363636		1
000090:	0.162677272727273	0.185469886363636	0.622691477272727	0.029161363636364		1
000091:	0.263793750000000	0.123802840909091	0.409333522727273	0.203069886363636		1
000092:	0.074964772727273	0.296340340909091	0.582621022727273	0.046073863636364		1
000093:	0.164586363636364	0.367446022727273	0.392301136363636	0.075666477272727		1
000094:	0.125029545454545	0.270567613636364	0.540752272727273	0.063650568181818		1
000095:	0.030208522727273	0.800039772727273	0.123123863636364	0.046627840909091		1
000096:	0.032994318181818	0.846789204545455	0.064734090909091	0.055482386363636		1
000097:	0.035696022727273	0.128893750000000	0.815159090909091	0.020251136363636		1
000098:	0.024057954545455	0.240801704545455	0.684129545454545	0.051010795454545		1
000099:	0.063151704545455	0.577178977272727	0.314320454545455	0.045348863636364		1
000100:	0.029190909090909	0.877577272727273	0.072246590909091	0.020985227272727		1
000101:	0.017555681818182	0.188618750000000	0.774813636363636	0.019011931818182		1
000102:	0.056294318181818	0.487067045454545	0.418396590909091	0.038242045454545		1
000103:	0.244884659090909	0.473800000000000	0.195748863636364	0.085566477272727		1
000104:	0.028447727272727	0.860836363636364	0.086669318181818	0.024046590909091		1
000105:	0.045247159090909	0.178159090909091	0.754877272727273	0.021716477272727		1
000106:	0.031326136363636	0.153816477272727	0.772736363636364	0.042121022727273		1
000107:	0.025335795454545	0.655858522727273	0.289712500000000	0.029093181818182		1
000108:	0.095736363636364	0.658827272727273	0.208291477272727	0.037144886363636		1
000109:	0.081130113636364	0.271451136363636	0.586756250000000	0.060662500000000		1
000110:	0.757510227272727	0.115270454545455	0.063608522727273	0.063610795454545		1
000111:	0.039652840909091	0.697752840909091	0.176533522727273	0.086060795454545		1
000112:	0.069768181818182	0.161174431818182	0.725929545454545	0.043127840909091		1
000113:	0.031700568181818	0.685280113636364	0.246928977272727	0.036090340909091		1
000114:	0.076738068181818	0.173215909090909	0.480103977272727	0.269942045454545		1
000115:	0.038578409090909	0.467762500000000	0.467444886363636	0.026214204545455		1
000116:	0.058034659090909	0.779887500000000	0.119763068181818	0.042314772727273		1
000117:	0.030161363636364	0.292038636363636	0.603794318181818	0.074005681818182		1
000118:	0.030726136363636	0.817467045454545	0.075082386363636	0.076724431818182		1
000119:	0.054468750000000	0.255435227272727	0.667778977272727	0.022317045454545		1
000120:	0.033942045454545	0.838369886363636	0.092589772727273	0.035098295454545		1
000121:	0.172880681818182	0.372485227272727	0.377802272727273	0.076831818181818		1
000122:	0.024834659090909	0.238119318181818	0.715374431818182	0.021671590909091		1
000123:	0.097050568181818	0.612335795454545	0.168599431818182	0.122014204545455		1
000124:	0.096234090909091	0.202001704545455	0.535783522727273	0.165980681818182		1
000125:	0.036013068181818	0.724167045454545	0.086771022727273	0.153048863636364		1
000126:	0.031373295454545	0.136205681818182	0.056464204545455	0.775956818181818		1
000127:	0.073203409090909	0.567785227272727	0.300400568181818	0.058610795454545		1
000128:	0.037142045454545	0.786361363636364	0.138713068181818	0.037783522727273		1
000129:	0.074648295454545	0.092050000000000	0.802994318181818	0.030307386363636		1
000130:	0.099842045454545	0.780393181818182	0.072038636363636	0.047726136363636		1
000131:	0.033955681818182	0.314873295454545	0.608252840909091	0.042918181818182		1
000132:	0.029698863636364	0.785974431818182	0.153348295454545	0.030978409090909		1
000133:	0.240658522727273	0.270462500000000	0.247506818181818	0.241372159090909		1
000134:	0.172442045454545	0.505801704545455	0.280801704545455	0.040954545454545		1
000135:	0.092876704545455	0.104564204545455	0.768434659090909	0.034124431818182		1
000136:	0.056434659090909	0.661736931818182	0.214340909090909	0.067487500000000		1
000137:	0.180823295454545	0.177034090909091	0.591723863636364	0.050418750000000		1
000138:	0.097351136363636	0.485071022727273	0.250193181818182	0.167384659090909		1
000139:	0.055859090909091	0.463156818181818	0.412375000000000	0.068609090909091		1
000140:	0.531048863636364	0.121259659090909	0.318518181818182	0.029173295454545		1
000141:	0.041669318181818	0.802657386363636	0.060194318181818	0.095478977272727		1
000142:	0.041063068181818	0.215206818181818	0.727600000000000	0.016130113636364		1
000143:	0.030047159090909	0.538933522727273	0.405685227272727	0.025334090909091		1
000144:	0.021065909090909	0.528153977272727	0.420059659090909	0.030720454545455		1
000145:	0.137160795454545	0.745729545454546	0.076978409090909	0.040131250000000		1
000146:	0.116919886363636	0.428730681818182	0.412022159090909	0.042327272727273		1
000147:	0.019340909090909	0.691268750000000	0.235761931818182	0.053628409090909		1
000148:	0.048676136363636	0.793247159090909	0.113099431818182	0.044977272727273		1
000149:	0.040753409090909	0.322689772727273	0.479487500000000	0.157069318181818		1
000150:	0.106578977272727	0.134197159090909	0.729422727272727	0.029801136363636		1
000151:	0.044346590909091	0.738739204545454	0.164530113636364	0.052384090909091		1
000152:	0.118622159090909	0.587626136363636	0.201918750000000	0.091832954545455		1
000153:	0.053771022727273	0.244492045454545	0.680379545454545	0.021357386363636		1
000154:	0.027646022727273	0.880667613636364	0.066543181818182	0.025143181818182		1
000155:	0.105867613636364	0.589782954545455	0.265061363636364	0.039288068181818		1
000156:	0.027924431818182	0.436544318181818	0.500727272727273	0.034803977272727		1
000157:	0.022042045454545	0.863578409090909	0.051263636363636	0.063115909090909		1
000158:	0.027169318181818	0.425294886363636	0.182919886363636	0.364615909090909		1
000159:	0.141782954545455	0.240001136363636	0.297662500000000	0.320553409090909		1
000160:	0.009573863636364	0.157889772727273	0.017503409090909	0.815032954545455		1
000161:	0.025119318181818	0.485906818181818	0.048128977272727	0.440844886363636		1
000162:	0.074768181818182	0.127532954545455	0.444881818181818	0.352817045454545		1
000163:	0.007440340909091	0.899602272727273	0.046748863636364	0.046208522727273		1
000164:	0.014048863636364	0.899231818181818	0.016998295454545	0.069721022727273		1
000165:	0.013226136363636	0.896765909090909	0.020111931818182	0.069896022727273		1
000166:	0.008000568181818	0.920968750000000	0.036578977272727	0.034451704545455		1
000167:	0.034007386363636	0.767888636363636	0.109385227272727	0.088718750000000		1
000168:	0.052895454545455	0.692064772727273	0.222184659090909	0.032855113636364		1
000169:	0.033488636363636	0.371394318181818	0.558661363636364	0.036455681818182		1
000170:	0.032995454545455	0.843479545454546	0.081596022727273	0.041928977272727		1
000171:	0.037247159090909	0.803295454545455	0.119783522727273	0.039673863636364		1
000172:	0.077827272727273	0.626923295454546	0.220818181818182	0.074431250000000		1
000173:	0.015880681818182	0.547555681818182	0.409182954545455	0.027380681818182		1
000174:	0.047870454545455	0.197718181818182	0.736556250000000	0.017855113636364		1
000175:	0.097250568181818	0.800840340909091	0.084586363636364	0.017322727272727		1
000176:	0.022107386363636	0.439250568181818	0.478013068181818	0.060628977272727		1
000177:	0.000385795454545	0.017655113636364	0.387858522727273	0.594100568181818		1
000178:	0.026985227272727	0.562063068181818	0.392702272727273	0.018249431818182		1
000179:	0.019639772727273	0.821595454545455	0.133786363636364	0.024978409090909		1
000180:	0.055893750000000	0.829645454545455	0.094002840909091	0.020457954545455		1
000181:	0.044865340909091	0.823042045454545	0.065292045454545	0.066800568181818		1
000182:	0.128465340909091	0.354015909090909	0.438046590909091	0.079472159090909		1
000183:	0.025817045454545	0.850768181818182	0.097705681818182	0.025709090909091		1
000184:	0.096060795454545	0.573389772727273	0.305659090909091	0.024890340909091		1
000185:	0.171645454545455	0.282010227272727	0.492868181818182	0.053476136363636		1
000186:	0.128218181818182	0.668142613636364	0.138628409090909	0.065010795454545		1
000187:	0.091543181818182	0.799105681818182	0.082864772727273	0.026486363636364		1
000188:	0.051988636363636	0.763967613636364	0.107658522727273	0.076385227272727		1
000189:	0.016064204545455	0.789275000000000	0.170698295454545	0.023962500000000		1
000190:	0.062364772727273	0.646256250000000	0.204254545454545	0.087124431818182		1
000191:	0.032739204545455	0.517476136363636	0.426502840909091	0.023281818181818		1
000192:	0.031361363636364	0.170684090909091	0.733819318181818	0.064135227272727		1
000193:	0.040527272727273	0.411477840909091	0.512056818181818	0.035938068181818		1
000194:	0.176013068181818	0.559131250000000	0.225551704545455	0.039303977272727		1
000195:	0.019351704545455	0.189950000000000	0.773417613636364	0.017280681818182		1
000196:	0.014397159090909	0.648979545454546	0.046853977272727	0.289769318181818		1
000197:	0.012077272727273	0.758193181818182	0.162895454545455	0.066834090909091		1
000198:	0.047260795454545	0.319749431818182	0.476675000000000	0.156314772727273		1
000199:	0.018442613636364	0.863426136363636	0.030443750000000	0.087687500000000		1
000200:	0.016634659090909	0.787990340909091	0.066076136363636	0.129298863636364		1
000201:	0.012796590909091	0.840830681818182	0.042473295454545	0.103899431818182		1
000202:	0.098073295454545	0.441200000000000	0.415971590909091	0.044755113636364		1
000203:	0.035164204545455	0.870303977272727	0.070581250000000	0.023950568181818		1
000204:	0.033105681818182	0.856150000000000	0.056408522727273	0.054335795454545		1
000205:	0.061004545454545	0.754474431818182	0.130482386363636	0.054038636363636		1
000206:	0.240399431818182	0.624543181818182	0.101442613636364	0.033614772727273		1
000207:	0.038772727272727	0.233394318181818	0.611423863636364	0.116409090909091		1
000208:	0.030981250000000	0.765426704545455	0.163852272727273	0.039739772727273		1
000209:	0.022377272727273	0.821819886363636	0.105457386363636	0.050345454545455		1
000210:	0.035195454545455	0.823872159090909	0.103190909090909	0.037741477272727		1
000211:	0.041046590909091	0.812613636363636	0.096715340909091	0.049624431818182		1
000212:	0.024306250000000	0.478319318181818	0.097477272727273	0.399897159090909		1
000213:	0.021951704545455	0.877002272727273	0.032045454545455	0.069000568181818		1
000214:	0.024533522727273	0.757332386363636	0.099162500000000	0.118971590909091		1
000215:	0.099811363636364	0.485786363636364	0.201084659090909	0.213317613636364		1
000216:	0.027161931818182	0.826724431818182	0.033728409090909	0.112385227272727		1
000217:	0.031110227272727	0.753657386363636	0.025186363636364	0.190046022727273		1
000218:	0.014534659090909	0.833939204545455	0.041602840909091	0.109923295454545		1
000219:	0.016350568181818	0.769736931818182	0.027132954545455	0.186779545454545		1
000220:	0.015096590909091	0.880276136363636	0.019617613636364	0.085009659090909		1
000221:	0.015009090909091	0.894928409090909	0.020864204545455	0.069198295454545		1
000222:	0.013994886363636	0.875545454545455	0.016117613636364	0.094342045454545		1
000223:	0.119498863636364	0.636825000000000	0.128826136363636	0.114850000000000		1
000224:	0.250289204545455	0.088093181818182	0.591913636363636	0.069703977272727		1
000225:	0.160282954545455	0.077718181818182	0.695473295454546	0.066525568181818		1
000226:	0.116373863636364	0.163724431818182	0.437131818181818	0.282769886363636		1
000227:	0.201684090909091	0.078360227272727	0.574127272727273	0.145828409090909		1
000228:	0.602710227272727	0.048830681818182	0.067511363636364	0.280947727272727		1
000229:	0.320486931818182	0.206656818181818	0.294846022727273	0.178010227272727		1
000230:	0.073125000000000	0.084323295454545	0.033381250000000	0.809170454545455		1
000231:	0.131262500000000	0.098855113636364	0.553930113636364	0.215952272727273		1
000232:	0.261882386363636	0.378669318181818	0.079874431818182	0.279573863636364		1
000233:	0.160271590909091	0.049809090909091	0.639309090909091	0.150610227272727		1
000234:	0.399971590909091	0.044247727272727	0.483334090909091	0.072446590909091		1
000235:	0.717151704545455	0.072213636363636	0.169978409090909	0.040656250000000		1
000236:	0.511982954545455	0.078101136363636	0.069351136363636	0.340564772727273		1
000237:	0.417009090909091	0.072212500000000	0.450441477272727	0.060336931818182		1
000238:	0.169584090909091	0.594225000000000	0.134318750000000	0.101872159090909		1
000239:	0.348257386363636	0.132299431818182	0.300226136363636	0.219217045454545		1
000240:	0.082289772727273	0.066103977272727	0.088632386363636	0.762973863636364		1
000241:	0.177897727272727	0.176251136363636	0.499644318181818	0.146206818181818		1
000242:	0.126107386363636	0.049676136363636	0.771444886363636	0.052771590909091		1
000243:	0.434781250000000	0.041528409090909	0.103517613636364	0.420172727272727		1
000244:	0.186791477272727	0.322538636363636	0.170219886363636	0.320450000000000		1
000245:	0.148471590909091	0.100204545454545	0.341142045454545	0.410181818181818		1
000246:	0.371681250000000	0.080961931818182	0.443780681818182	0.103576136363636		1
000247:	0.281911363636364	0.157136931818182	0.298552272727273	0.262399431818182		1
000248:	0.127398295454545	0.142675568181818	0.112306250000000	0.617619886363636		1
000249:	0.520727272727273	0.054197727272727	0.190737500000000	0.234337500000000		1
000250:	0.298990340909091	0.055703409090909	0.574400000000000	0.070906250000000		1
000251:	0.309015340909091	0.071845454545455	0.427910227272727	0.191228977272727		1
000252:	0.344475568181818	0.176928409090909	0.072026136363636	0.406569886363636		1
000253:	0.722893181818182	0.056043750000000	0.067402272727273	0.153660795454545		1
000254:	0.545988068181818	0.133030113636364	0.052215340909091	0.268766477272727		1
000255:	0.620459090909091	0.135988068181818	0.069108522727273	0.174444318181818		1
000256:	0.125720454545455	0.273150568181818	0.402748295454545	0.198380681818182		1
000257:	0.164323295454545	0.530456250000000	0.030127840909091	0.275092613636364		1
000258:	0.056727272727273	0.620459090909091	0.206527840909091	0.116285795454545		1
000259:	0.235560227272727	0.581503409090909	0.109990340909091	0.072946022727273		1
000260:	0.320480113636364	0.072856818181818	0.186046022727273	0.420617045454545		1
000261:	0.628610795454545	0.135629545454545	0.072015340909091	0.163744318181818		1
000262:	0.350490340909091	0.264355113636364	0.120493750000000	0.264660795454545		1
000263:	0.053697727272727	0.620605113636364	0.220282954545455	0.105414204545455		1
000264:	0.166608522727273	0.583935795454545	0.064897159090909	0.184558522727273		1
000265:	0.101888636363636	0.725968181818182	0.041709090909091	0.130434090909091		1
000266:	0.485504545454545	0.190207386363636	0.233640909090909	0.090647159090909		1
000267:	0.590317613636364	0.083879545454545	0.159072727272727	0.166730113636364		1
000268:	0.100619318181818	0.695317613636364	0.074457386363636	0.129605681818182		1
000269:	0.431468181818182	0.096881250000000	0.429656818181818	0.041993750000000		1
000270:	0.078735795454545	0.781200568181818	0.056083522727273	0.083980113636364		1
000271:	0.760705113636364	0.063210795454545	0.050664772727273	0.125419318181818		1
000272:	0.543445454545455	0.115784659090909	0.103002272727273	0.237767613636364		1
000273:	0.497220454545455	0.177913068181818	0.234846590909091	0.090019886363636		1
000274:	0.582406250000000	0.117082954545455	0.109216477272727	0.191294318181818		1
000275:	0.148119318181818	0.155830113636364	0.539536363636364	0.156514204545455		1
000276:	0.316947159090909	0.442294886363636	0.057243181818182	0.183514772727273		1
000277:	0.789688636363636	0.058568750000000	0.084859090909091	0.066883522727273		1
000278:	0.118410227272727	0.280893181818182	0.442073863636364	0.158622727272727		1
000279:	0.561217613636364	0.076906250000000	0.299355113636364	0.062521022727273		1
000280:	0.232903409090909	0.270690340909091	0.160343181818182	0.336063068181818		1
000281:	0.821540909090909	0.088784659090909	0.039843181818182	0.049831250000000		1
000282:	0.261830113636364	0.189665340909091	0.366980681818182	0.181523863636364		1
000283:	0.081812500000000	0.495753409090909	0.040959659090909	0.381474431818182		1
000284:	0.654603977272727	0.124748295454545	0.075561931818182	0.145085795454545		1
000285:	0.451039204545455	0.097569886363636	0.352651704545455	0.098739204545455		1
000286:	0.615127840909091	0.131403977272727	0.174047727272727	0.079420454545455		1
000287:	0.584785795454545	0.104339772727273	0.244334659090909	0.066539772727273		1
000288:	0.400910795454545	0.168415909090909	0.209429545454545	0.221243750000000		1
000289:	0.027166477272727	0.818055681818182	0.059156818181818	0.095621022727273		1
000290:	0.028997727272727	0.466325000000000	0.049875000000000	0.454802272727273		1
000291:	0.016716477272727	0.835687500000000	0.114560227272727	0.033035795454545		1
000292:	0.033276136363636	0.780527272727273	0.044951136363636	0.141245454545455		1
000293:	0.012082954545455	0.881378409090909	0.062206250000000	0.044332386363636		1
000294:	0.013936931818182	0.798565909090909	0.149281250000000	0.038215909090909		1
000295:	0.014159090909091	0.437824431818182	0.500534659090909	0.047481818181818		1
000296:	0.018028409090909	0.877950568181818	0.061547727272727	0.042473295454545		1
000297:	0.056861931818182	0.699619886363636	0.138077840909091	0.105440340909091		1
000298:	0.185364204545455	0.140724431818182	0.633514204545455	0.040397159090909		1
000299:	0.076366477272727	0.643327840909091	0.187333522727273	0.092972159090909		1
000300:	0.176971022727273	0.592830681818182	0.104978977272727	0.125219318181818		1
000301:	0.037285795454545	0.759730681818182	0.124321590909091	0.078661931818182		1
000302:	0.043230681818182	0.678724431818182	0.054436931818182	0.223607954545455		1
000303:	0.131839204545455	0.559221590909091	0.153579545454545	0.155359659090909		1
000304:	0.022635795454545	0.725896022727273	0.063881818181818	0.187586363636364		1
000305:	0.034656250000000	0.335118181818182	0.082130113636364	0.548095454545454		1
000306:	0.191083522727273	0.426105113636364	0.096812500000000	0.285998863636364		1
000307:	0.027533522727273	0.274968181818182	0.020922727272727	0.676575568181818		1
000308:	0.025585227272727	0.875915340909091	0.025027272727273	0.073472159090909		1
000309:	0.085906818181818	0.801475000000000	0.058602272727273	0.054015909090909		1
000310:	0.037019318181818	0.852357386363636	0.055626136363636	0.054997159090909		1
000311:	0.120254545454545	0.559168181818182	0.123164772727273	0.197412500000000		1
000312:	0.458571022727273	0.214786931818182	0.263610227272727	0.063031818181818		1
000313:	0.443238636363636	0.190903409090909	0.280990909090909	0.084867045454545		1
000314:	0.152484659090909	0.123826704545455	0.625422159090909	0.098266477272727		1
000315:	0.298817613636364	0.213041477272727	0.401533522727273	0.086607386363636		1
000316:	0.100703977272727	0.639947159090909	0.166664204545455	0.092684659090909		1
000317:	0.040532386363636	0.133596590909091	0.687073863636364	0.138797159090909		1
000318:	0.025232954545455	0.834201704545455	0.033869318181818	0.106696022727273		1
000319:	0.056239772727273	0.829606250000000	0.042071022727273	0.072082954545455		1
000320:	0.077678409090909	0.767182954545455	0.076301136363636	0.078837500000000		1
000321:	0.022577840909091	0.864018750000000	0.027185227272727	0.086218181818182		1
000322:	0.029289772727273	0.495876136363636	0.034314204545455	0.440519886363636		1
000323:	0.369726136363636	0.273001136363636	0.210755113636364	0.146517613636364		1
000324:	0.029639772727273	0.584626704545455	0.032431818181818	0.353301704545455		1
000325:	0.287185795454545	0.386839772727273	0.056256818181818	0.269717613636364		1
000326:	0.111806818181818	0.420674431818182	0.074697159090909	0.392821590909091		1
000327:	0.030694318181818	0.558663636363636	0.083955681818182	0.326686363636364		1
000328:	0.028768181818182	0.104457386363636	0.026858522727273	0.839915909090909		1
000329:	0.073181250000000	0.658798863636364	0.056342613636364	0.211677272727273		1
000330:	0.062834090909091	0.216057386363636	0.028850000000000	0.692258522727273		1
000331:	0.093351704545455	0.185810227272727	0.017622159090909	0.703215909090909		1
000332:	0.027769318181818	0.815522159090909	0.073473863636364	0.083234659090909		1
000333:	0.122928409090909	0.706802272727273	0.055869318181818	0.114400000000000		1
000334:	0.096126136363636	0.771981818181818	0.037303977272727	0.094588068181818		1
000335:	0.058109659090909	0.674951136363636	0.112379545454545	0.154559659090909		1
000336:	0.035268750000000	0.716150568181818	0.031463636363636	0.217117045454545		1
000337:	0.242014772727273	0.483830681818182	0.022837500000000	0.251317045454545		1
000338:	0.698525568181818	0.002542045454545	0.227892613636364	0.071039772727273		1
000339:	0.025162500000000	0.689533522727273	0.031577272727273	0.253726704545455		1
000340:	0.022839204545455	0.885081818181818	0.019331818181818	0.072747159090909		1
000341:	0.020166477272727	0.886807386363636	0.028835795454545	0.064190340909091		1
000342:	0.015824431818182	0.694859090909091	0.024843181818182	0.264473295454545		1
000343:	0.026063636363636	0.814206818181818	0.022744886363636	0.136984659090909		1
000344:	0.035756818181818	0.110015909090909	0.045076704545455	0.809150568181818		1
000345:	0.001102272727273	0.010989772727273	0.309153409090909	0.678754545454545		1
000346:	0.022964772727273	0.652589772727273	0.062901136363636	0.261544318181818		1
000347:	0.020162500000000	0.669320454545455	0.025136931818182	0.285380113636364		1
000348:	0.020095454545455	0.539258522727273	0.061207386363636	0.379438636363636		1
000349:	0.029657386363636	0.488856250000000	0.095519318181818	0.385967045454545		1
000350:	0.018239772727273	0.460979545454545	0.048913636363636	0.471867045454545		1
000351:	0.015684090909091	0.291932386363636	0.047668181818182	0.644715340909091		1
000352:	0.025416477272727	0.864622727272727	0.046718750000000	0.063242045454545		1
000353:	0.012286931818182	0.902390909090909	0.028788068181818	0.056534090909091		1
000354:	0.016362500000000	0.889161931818182	0.030297727272727	0.064177840909091		1
000355:	0.029350000000000	0.784153977272727	0.028493750000000	0.158002272727273		1
000356:	0.422036931818182	0.357147727272727	0.132407954545455	0.088407386363636		1
000357:	0.233968750000000	0.095401136363636	0.554973863636364	0.115656250000000		1
000358:	0.074393181818182	0.137925568181818	0.663234659090909	0.124446590909091		1
000359:	0.298969886363636	0.201024431818182	0.194719886363636	0.305285795454545		1
000360:	0.043448863636364	0.725502840909091	0.157135227272727	0.073913068181818		1
000361:	0.259331250000000	0.072482386363636	0.575320454545455	0.092865909090909		1
000362:	0.112944886363636	0.318750568181818	0.054551704545455	0.513752840909091		1
000363:	0.031276136363636	0.322485227272727	0.600022727272727	0.046215909090909		1
000364:	0.362946022727273	0.167628409090909	0.260135795454545	0.209289772727273		1
000365:	0.077329545454545	0.292908522727273	0.332857954545455	0.296903977272727		1
000366:	0.288486363636364	0.135107386363636	0.519322159090909	0.057084090909091		1
000367:	0.182808522727273	0.215421590909091	0.514643181818182	0.087126704545455		1
000368:	0.123448863636364	0.114851704545455	0.684255113636364	0.077444318181818		1
000369:	0.130304545454545	0.424140909090909	0.324221022727273	0.121333522727273		1
000370:	0.132901136363636	0.678519318181818	0.065811931818182	0.122767613636364		1
000371:	0.040265909090909	0.531684659090909	0.163508522727273	0.264540909090909		1
000372:	0.028165340909091	0.255743750000000	0.649052272727273	0.067038636363636		1
000373:	0.178786931818182	0.281732954545455	0.330784090909091	0.208696022727273		1
000374:	0.042253409090909	0.401192613636364	0.491714772727273	0.064839204545455		1
000375:	0.082597159090909	0.584002840909091	0.057640909090909	0.275759090909091		1
000376:	0.099318181818182	0.301655113636364	0.537978977272727	0.061047727272727		1
000377:	0.052943181818182	0.601155681818182	0.038814772727273	0.307086363636364		1
000378:	0.211181250000000	0.086903977272727	0.664431250000000	0.037483522727273		1
000379:	0.209463068181818	0.064473863636364	0.700960795454545	0.025102272727273		1
000380:	0.190403977272727	0.189389772727273	0.562326704545455	0.057879545454545		1
000381:	0.388339204545455	0.070265340909091	0.496300000000000	0.045095454545455		1
000382:	0.105717045454545	0.204714204545455	0.606265340909091	0.083303409090909		1
000383:	0.258950000000000	0.293720454545455	0.356319886363636	0.091009659090909		1
000384:	0.119989204545455	0.230663068181818	0.548885227272727	0.100462500000000		1
000385:	0.072881818181818	0.121215340909091	0.387093750000000	0.418809090909091		1
000386:	0.658851704545454	0.117399431818182	0.176723863636364	0.047025000000000		1
000387:	0.082968750000000	0.307456250000000	0.539282386363636	0.070292613636364		1
000388:	0.468381250000000	0.252330113636364	0.108608522727273	0.170680113636364		1
000389:	0.050594318181818	0.195542045454545	0.534484090909091	0.219379545454545		1
000390:	0.081791477272727	0.431869886363636	0.041914772727273	0.444423863636364		1
000391:	0.041921022727273	0.117635227272727	0.696264772727273	0.144178977272727		1
000392:	0.337531250000000	0.075468750000000	0.452955681818182	0.134044318181818		1
000393:	0.140249431818182	0.195871590909091	0.600967613636364	0.062911363636364		1
000394:	0.041390340909091	0.133773863636364	0.781517613636364	0.043318181818182		1
000395:	0.047385795454545	0.356992045454545	0.530253409090909	0.065368750000000		1
000396:	0.082757954545455	0.193030113636364	0.512438636363636	0.211773295454545		1
000397:	0.031782954545455	0.177775568181818	0.745221022727273	0.045220454545455		1
000398:	0.180211931818182	0.266021022727273	0.335187500000000	0.218579545454545		1
000399:	0.853721022727273	0.047038068181818	0.067451136363636	0.031789772727273		1
000400:	0.242952840909091	0.230221590909091	0.443334090909091	0.083491477272727		1
000401:	0.125084090909091	0.133973295454545	0.684940909090909	0.056001704545455		1
000402:	0.062875000000000	0.249297159090909	0.642380681818182	0.045447159090909		1
000403:	0.218297159090909	0.404740909090909	0.267471022727273	0.109490909090909		1
000404:	0.164744318181818	0.211977840909091	0.376096022727273	0.247181818181818		1
000405:	0.054918750000000	0.205903409090909	0.709784090909091	0.029393750000000		1
000406:	0.035677840909091	0.660752840909091	0.256300568181818	0.047268750000000		1
000407:	0.049049431818182	0.480675000000000	0.414803977272727	0.055471590909091		1
000408:	0.469748863636364	0.147886363636364	0.213264204545455	0.169100568181818		1
000409:	0.089469886363636	0.782655681818182	0.053621022727273	0.074253409090909		1
000410:	0.102135227272727	0.752946022727273	0.077992045454545	0.066926704545455		1
000411:	0.114547727272727	0.737402840909091	0.061567613636364	0.086481818181818		1
000412:	0.493734090909091	0.101244886363636	0.344906818181818	0.060114204545455		1
000413:	0.099706818181818	0.284639772727273	0.521300568181818	0.094352840909091		1
000414:	0.552431818181818	0.148339204545455	0.247119886363636	0.052109090909091		1
000415:	0.699858522727273	0.076431250000000	0.050606250000000	0.173103977272727		1
000416:	0.528113068181818	0.055992045454545	0.351839204545455	0.064055681818182		1
000417:	0.553267613636364	0.264303409090909	0.090776136363636	0.091652840909091		1
000418:	0.563837500000000	0.190067613636364	0.166798295454545	0.079296590909091		1
000419:	0.778210227272727	0.046729545454545	0.105955681818182	0.069104545454545		1
000420:	0.064098295454545	0.466490909090909	0.075300568181818	0.394110227272727		1
000421:	0.445732954545455	0.223118750000000	0.287588068181818	0.043560227272727		1
000422:	0.394548863636364	0.223575568181818	0.235172159090909	0.146703409090909		1
000423:	0.093555681818182	0.236109090909091	0.047088068181818	0.623247159090909		1
000424:	0.723028977272727	0.041748863636364	0.209072727272727	0.026149431818182		1
000425:	0.692105681818182	0.092100000000000	0.161295454545455	0.054498863636364		1
000426:	0.388260795454545	0.069351704545455	0.058806250000000	0.483581250000000		1
000427:	0.140322727272727	0.188555113636364	0.519714204545455	0.151407954545455		1
000428:	0.144264204545455	0.343585795454545	0.452147727272727	0.060002272727273		1
000429:	0.133502272727273	0.429346022727273	0.285465909090909	0.151685795454545		1
000430:	0.134518181818182	0.078180113636364	0.460220454545455	0.327081250000000		1
000431:	0.099596590909091	0.127169886363636	0.716382954545455	0.056850568181818		1
000432:	0.270271590909091	0.192698863636364	0.425890909090909	0.111138636363636		1
000433:	0.381281818181818	0.265861931818182	0.122808522727273	0.230047727272727		1
000434:	0.069163068181818	0.024943181818182	0.271311363636364	0.634582386363636		1
000435:	0.144959090909091	0.292167045454545	0.378756250000000	0.184117613636364		1
000436:	0.610125000000000	0.060850000000000	0.094865340909091	0.234159659090909		1
000437:	0.433392045454545	0.065718750000000	0.353621590909091	0.147267613636364		1
000438:	0.465541477272727	0.137096590909091	0.298086931818182	0.099275000000000		1
000439:	0.774007954545455	0.052917045454545	0.134823295454545	0.038251704545455		1
000440:	0.596132386363636	0.057610227272727	0.312428409090909	0.033828977272727		1
000441:	0.850866477272727	0.035113068181818	0.082632386363636	0.031388068181818		1
000442:	0.856925568181818	0.056055113636364	0.051482954545455	0.035536363636364		1
000443:	0.102622727272727	0.739714204545455	0.090223863636364	0.067439204545455		1
000444:	0.324055681818182	0.046348863636364	0.358464772727273	0.271130681818182		1
000445:	0.410844886363636	0.166884659090909	0.349777840909091	0.072492613636364		1
000446:	0.205260227272727	0.241968750000000	0.246351136363636	0.306419886363636		1
000447:	0.318115909090909	0.143840340909091	0.468653409090909	0.069390340909091		1
000448:	0.396419886363636	0.341848863636364	0.205305681818182	0.056425568181818		1
000449:	0.083462500000000	0.243546022727273	0.585642613636364	0.087348863636364		1
000450:	0.082458522727273	0.755984090909091	0.108076704545455	0.053480681818182		1
000451:	0.061592045454545	0.766405681818182	0.112378977272727	0.059623295454545		1
000452:	0.170843181818182	0.109142045454545	0.087350000000000	0.632664772727273		1
000453:	0.343028977272727	0.052196022727273	0.548046590909091	0.056728409090909		1
000454:	0.293248863636364	0.511682954545455	0.071986363636364	0.123081818181818		1
000455:	0.026430681818182	0.743209659090909	0.116839772727273	0.113519886363636		1
000456:	0.011728977272727	0.906864772727273	0.029416477272727	0.051989772727273		1
000457:	0.014802272727273	0.859356250000000	0.027669318181818	0.098172159090909		1
000458:	0.039635795454545	0.716878409090909	0.110131250000000	0.133354545454545		1
000459:	0.011660795454545	0.867797159090909	0.034330681818182	0.086211363636364		1
000460:	0.020118181818182	0.893535227272727	0.049839772727273	0.036506818181818		1
000461:	0.019415340909091	0.822401704545455	0.089138068181818	0.069044886363636		1
000462:	0.022614204545455	0.694188636363636	0.064956818181818	0.218240340909091		1
000463:	0.008497727272727	0.183967613636364	0.502846022727273	0.304688636363636		1
000464:	0.100562500000000	0.520587500000000	0.041726136363636	0.337123863636364		1
000465:	0.026615909090909	0.827451704545455	0.047181250000000	0.098751136363636		1
000466:	0.016806250000000	0.877401704545455	0.048459659090909	0.057332386363636		1
000467:	0.016498863636364	0.898386931818182	0.033685795454545	0.051428409090909		1
000468:	0.015044886363636	0.907175000000000	0.034386931818182	0.043393181818182		1
000469:	0.173584090909091	0.143640340909091	0.607359659090909	0.075415909090909		1
000470:	0.144868181818182	0.117150568181818	0.623708522727273	0.114272727272727		1
000471:	0.097709090909091	0.156492613636364	0.694278409090909	0.051519886363636		1
000472:	0.189683522727273	0.254948863636364	0.069067045454545	0.486300568181818		1
000473:	0.079913636363636	0.391888636363636	0.087112500000000	0.441085227272727		1
000474:	0.264446022727273	0.237015909090909	0.434928409090909	0.063609659090909		1
