Estimated Clustering Probabilities for Samples
Sample	***Cluster  01***	***Cluster  02***	***Cluster  03***	***Cluster  04***	***Cluster  05***	
000001:	0.422538068181818	0.168744318181818	0.095379545454545	0.019908522727273	0.293429545454545		1
000002:	0.763503409090909	0.039062500000000	0.070888636363636	0.007175000000000	0.119370454545455		1
000003:	0.828361363636364	0.036151136363636	0.046459090909091	0.016108522727273	0.072919886363636		1
000004:	0.529731250000000	0.023235795454545	0.386665340909091	0.006752840909091	0.053614772727273		1
000005:	0.816155113636364	0.057886363636364	0.042671590909091	0.005481818181818	0.077805113636364		1
000006:	0.402880681818182	0.069810227272727	0.418586931818182	0.016623295454545	0.092098863636364		1
000007:	0.626253977272727	0.033061931818182	0.041563068181818	0.008589772727273	0.290531250000000		1
000008:	0.845849431818182	0.028844886363636	0.046808522727273	0.008706250000000	0.069790909090909		1
000009:	0.747211363636364	0.031056250000000	0.122976136363636	0.012586363636364	0.086169886363636		1
000010:	0.804647159090909	0.039737500000000	0.061273863636364	0.008844318181818	0.085497159090909		1
000011:	0.258990340909091	0.124940340909091	0.251618181818182	0.071233522727273	0.293217613636364		1
000012:	0.254940909090909	0.412493750000000	0.183453409090909	0.116130113636364	0.032981818181818		1
000013:	0.101387500000000	0.310259659090909	0.194615340909091	0.362365909090909	0.031371590909091		1
000014:	0.041274431818182	0.044830681818182	0.867401704545455	0.031500000000000	0.014993181818182		1
000015:	0.643589204545455	0.118661931818182	0.172332954545455	0.044721022727273	0.020694886363636		1
000016:	0.057540340909091	0.023985227272727	0.884214204545455	0.019065909090909	0.015194318181818		1
000017:	0.378419318181818	0.441447159090909	0.085933522727273	0.047946590909091	0.046253409090909		1
000018:	0.097421022727273	0.463437500000000	0.091986931818182	0.322918750000000	0.024235795454545		1
000019:	0.639255681818182	0.152238636363636	0.045750000000000	0.128972727272727	0.033782954545455		1
000020:	0.283684659090909	0.276076704545455	0.337238068181818	0.054202272727273	0.048798295454545		1
000021:	0.074073863636364	0.794101136363636	0.036583522727273	0.036185795454545	0.059055681818182		1
000022:	0.342916477272727	0.469721590909091	0.095779545454545	0.064645454545455	0.026936931818182		1
000023:	0.214247159090909	0.371643750000000	0.090175568181818	0.225146022727273	0.098787500000000		1
000024:	0.032678977272727	0.055021022727273	0.872465909090909	0.032027272727273	0.007806818181818		1
000025:	0.111541477272727	0.275390340909091	0.189717045454545	0.396228409090909	0.027122727272727		1
000026:	0.222641477272727	0.580532954545455	0.044852840909091	0.128879545454545	0.023093181818182		1
000027:	0.074131818181818	0.763846590909091	0.060260795454545	0.077432954545455	0.024327840909091		1
000028:	0.287952840909091	0.348093750000000	0.088359090909091	0.053618181818182	0.221976136363636		1
000029:	0.181402840909091	0.527957386363636	0.151579545454545	0.075184659090909	0.063875568181818		1
000030:	0.319132386363636	0.335022159090909	0.079554545454545	0.170451136363636	0.095839772727273		1
000031:	0.044155681818182	0.780756818181818	0.022028977272727	0.139097727272727	0.013960795454545		1
000032:	0.006174431818182	0.024580681818182	0.675727840909091	0.289399431818182	0.004117613636364		1
000033:	0.010806250000000	0.604859090909091	0.006518181818182	0.038110795454545	0.339705681818182		1
000034:	0.039777272727273	0.081834090909091	0.810461931818182	0.044516477272727	0.023410227272727		1
000035:	0.085454545454545	0.630225568181818	0.039234090909091	0.151332386363636	0.093753409090909		1
000036:	0.296094886363636	0.450901136363636	0.109016477272727	0.048106818181818	0.095880681818182		1
000037:	0.120291477272727	0.678759659090909	0.113490340909091	0.063984659090909	0.023473863636364		1
000038:	0.210592613636364	0.146230113636364	0.122213068181818	0.299878977272727	0.221085227272727		1
000039:	0.130821590909091	0.584883522727273	0.125591477272727	0.131717045454545	0.026986363636364		1
000040:	0.136444318181818	0.055015340909091	0.717590909090909	0.065545454545455	0.025403977272727		1
000041:	0.157113068181818	0.559664204545455	0.186835227272727	0.063036931818182	0.033350568181818		1
000042:	0.083799431818182	0.453053409090909	0.093390340909091	0.343851704545455	0.025905113636364		1
000043:	0.499168181818182	0.270152272727273	0.098515340909091	0.053256818181818	0.078907386363636		1
000044:	0.253579545454545	0.506627840909091	0.132176704545455	0.061065909090909	0.046550000000000		1
000045:	0.084058522727273	0.775940340909091	0.026563068181818	0.081499431818182	0.031938636363636		1
000046:	0.094932954545455	0.438671022727273	0.073832954545455	0.230934659090909	0.161628409090909		1
000047:	0.233719318181818	0.317509659090909	0.196393181818182	0.084589204545455	0.167788636363636		1
000048:	0.861514204545455	0.035535795454545	0.039557386363636	0.032259090909091	0.031133522727273		1
000049:	0.797412500000000	0.057356818181818	0.023269886363636	0.034253409090909	0.087707386363636		1
000050:	0.236509090909091	0.209734659090909	0.413781818181818	0.086958522727273	0.053015909090909		1
000051:	0.140947159090909	0.029394886363636	0.766589204545455	0.020073295454545	0.042995454545455		1
000052:	0.067879545454545	0.016777272727273	0.889593181818182	0.010214772727273	0.015535227272727		1
000053:	0.363442045454545	0.298211931818182	0.247647159090909	0.049267613636364	0.041431250000000		1
000054:	0.127303409090909	0.263411363636364	0.118344886363636	0.377848295454545	0.113092045454545		1
000055:	0.702153409090909	0.071712500000000	0.159209090909091	0.029673295454545	0.037251704545455		1
000056:	0.688886931818182	0.139077272727273	0.070076704545455	0.046909090909091	0.055050000000000		1
000057:	0.327368181818182	0.398276704545455	0.143261931818182	0.041414204545455	0.089678977272727		1
000058:	0.669588636363636	0.118073295454545	0.025593750000000	0.148210227272727	0.038534090909091		1
000059:	0.373352840909091	0.475878977272727	0.028161363636364	0.084668181818182	0.037938636363636		1
000060:	0.776548295454545	0.085052840909091	0.071032954545455	0.024331250000000	0.043034659090909		1
000061:	0.779216477272727	0.127369886363636	0.042290909090909	0.024630113636364	0.026492613636364		1
000062:	0.643178977272727	0.354734090909091	0.000802272727273	0.000469886363636	0.000814772727273		1
000063:	0.122330113636364	0.023850568181818	0.805271590909091	0.016371022727273	0.032176704545455		1
000064:	0.096380113636364	0.027080681818182	0.798846590909091	0.017827840909091	0.059864772727273		1
000065:	0.824500568181818	0.061285795454545	0.051350000000000	0.024926704545455	0.037936931818182		1
000066:	0.364458522727273	0.476682954545455	0.095220454545455	0.028706818181818	0.034931250000000		1
000067:	0.123844886363636	0.028676136363636	0.778027840909091	0.014456818181818	0.054994318181818		1
000068:	0.416601136363636	0.462103409090909	0.031102272727273	0.056750000000000	0.033443181818182		1
000069:	0.423576704545455	0.446526704545455	0.071918750000000	0.023710795454545	0.034267045454545		1
000070:	0.317398863636364	0.157109659090909	0.322813068181818	0.072697159090909	0.129981250000000		1
000071:	0.305122159090909	0.512963068181818	0.031989204545455	0.093707386363636	0.056218181818182		1
000072:	0.770756250000000	0.086472159090909	0.061900568181818	0.033956250000000	0.046914772727273		1
000073:	0.779042045454545	0.080895454545455	0.047357954545455	0.035227272727273	0.057477272727273		1
000074:	0.075176704545455	0.475245454545455	0.184193750000000	0.221927840909091	0.043456250000000		1
000075:	0.425635795454545	0.258551136363636	0.072480113636364	0.166189772727273	0.077143181818182		1
000076:	0.189175000000000	0.184030681818182	0.052647159090909	0.168859090909091	0.405288068181818		1
000077:	0.298703409090909	0.182951704545455	0.094805113636364	0.160107954545455	0.263431818181818		1
000078:	0.634531818181818	0.165165909090909	0.075086363636364	0.028751704545455	0.096464204545455		1
000079:	0.324064204545455	0.375011931818182	0.075206818181818	0.155134090909091	0.070582954545455		1
000080:	0.231800568181818	0.345171590909091	0.030956250000000	0.334042045454545	0.058029545454545		1
000081:	0.795898863636364	0.110640340909091	0.036796022727273	0.017894318181818	0.038770454545455		1
000082:	0.771534659090909	0.092902840909091	0.058401704545455	0.026403977272727	0.050756818181818		1
000083:	0.690364772727273	0.194782386363636	0.025462500000000	0.049018750000000	0.040371590909091		1
000084:	0.028328409090909	0.023405113636364	0.907747727272727	0.023668181818182	0.016850568181818		1
000085:	0.232253409090909	0.498869886363636	0.113589772727273	0.049664772727273	0.105622159090909		1
000086:	0.173403409090909	0.175585795454545	0.502720454545455	0.088332386363636	0.059957954545455		1
000087:	0.654964204545455	0.260599431818182	0.031478409090909	0.027573295454545	0.025384659090909		1
000088:	0.143428409090909	0.746396022727273	0.046230113636364	0.034243181818182	0.029702272727273		1
000089:	0.103575568181818	0.738611363636364	0.051063068181818	0.048971590909091	0.057778409090909		1
000090:	0.105990340909091	0.521750568181818	0.166073295454545	0.166805113636364	0.039380681818182		1
000091:	0.065326136363636	0.225954545454545	0.052998295454545	0.489794886363636	0.165926136363636		1
000092:	0.604773863636364	0.212582954545455	0.061964772727273	0.066773295454545	0.053905113636364		1
000093:	0.358212500000000	0.328171022727273	0.074510795454545	0.146593181818182	0.092512500000000		1
000094:	0.226856818181818	0.458772159090909	0.046541477272727	0.118927840909091	0.148901704545455		1
000095:	0.829737500000000	0.041889772727273	0.073666477272727	0.018227272727273	0.036478977272727		1
000096:	0.062060227272727	0.036210227272727	0.874057954545455	0.013213068181818	0.014458522727273		1
000097:	0.260978977272727	0.633575000000000	0.035650568181818	0.033416477272727	0.036378977272727		1
000098:	0.611519318181818	0.302072727272727	0.019418181818182	0.037871590909091	0.029118181818182		1
000099:	0.236235227272727	0.312547727272727	0.373380681818182	0.034525568181818	0.043310795454545		1
000100:	0.186536931818182	0.079439204545455	0.682194886363636	0.030169318181818	0.021659659090909		1
000101:	0.133050568181818	0.740090340909091	0.070655681818182	0.026248295454545	0.029955113636364		1
000102:	0.269971590909091	0.402067045454545	0.212742045454545	0.078218181818182	0.037001136363636		1
000103:	0.450879545454545	0.132446590909091	0.062365340909091	0.248152272727273	0.106156250000000		1
000104:	0.369664772727273	0.064186363636364	0.512206250000000	0.027576704545455	0.026365909090909		1
000105:	0.155138636363636	0.607121022727273	0.152171022727273	0.057302272727273	0.028267045454545		1
000106:	0.194561363636364	0.666943181818182	0.047323295454545	0.057148295454545	0.034023863636364		1
000107:	0.350228977272727	0.327721022727273	0.266849431818182	0.024691477272727	0.030509090909091		1
000108:	0.002053409090909	0.005768750000000	0.945440909090909	0.046088636363636	0.000648295454545		1
000109:	0.397101704545455	0.359701136363636	0.070831818181818	0.104150000000000	0.068215340909091		1
000110:	0.044328977272727	0.080690909090909	0.169618181818182	0.577343750000000	0.128018181818182		1
000111:	0.292846022727273	0.167940340909091	0.374172727272727	0.044435795454545	0.120605113636364		1
000112:	0.102447727272727	0.690825000000000	0.100544318181818	0.052823863636364	0.053359090909091		1
000113:	0.724414772727273	0.119526704545455	0.093709659090909	0.024716477272727	0.037632386363636		1
000114:	0.211863636363636	0.307976136363636	0.043441477272727	0.184541477272727	0.252177272727273		1
000115:	0.436155681818182	0.297728409090909	0.119218750000000	0.097798863636364	0.049098295454545		1
000116:	0.467052840909091	0.096617045454545	0.347522727272727	0.040927840909091	0.047879545454545		1
000117:	0.264239772727273	0.518351704545455	0.075657386363636	0.043439204545455	0.098311931818182		1
000118:	0.589909659090909	0.070925000000000	0.214299431818182	0.031982386363636	0.092883522727273		1
000119:	0.219863068181818	0.548766477272727	0.114567613636364	0.079827272727273	0.036975568181818		1
000120:	0.702503977272727	0.082085795454545	0.129455681818182	0.030275000000000	0.055679545454545		1
000121:	0.432900568181818	0.238464204545455	0.085740340909091	0.176964772727273	0.065930113636364		1
000122:	0.536473295454545	0.358911363636364	0.057877272727273	0.024673295454545	0.022064772727273		1
000123:	0.791536931818182	0.064609090909091	0.034429545454545	0.077919318181818	0.031505113636364		1
000124:	0.265125568181818	0.407477840909091	0.036036363636364	0.132780113636364	0.158580113636364		1
000125:	0.407096590909091	0.076089204545455	0.161892045454545	0.044840340909091	0.310081818181818		1
000126:	0.110378409090909	0.062421590909091	0.041553409090909	0.035991477272727	0.749655113636364		1
000127:	0.484699431818182	0.232596590909091	0.153959659090909	0.058514772727273	0.070229545454545		1
000128:	0.854907954545455	0.049301136363636	0.019845454545455	0.019742613636364	0.056202840909091		1
000129:	0.138278977272727	0.704202840909091	0.023847727272727	0.091765909090909	0.041904545454545		1
000130:	0.704079545454545	0.081436363636364	0.073175568181818	0.074986363636364	0.066322159090909		1
000131:	0.362707954545455	0.448690909090909	0.094301136363636	0.049488068181818	0.044811931818182		1
000132:	0.211276704545455	0.091819886363636	0.647590909090909	0.018782386363636	0.030530113636364		1
000133:	0.174377840909091	0.252032386363636	0.068138636363636	0.218016477272727	0.287434659090909		1
000134:	0.378413068181818	0.243268181818182	0.078814772727273	0.214878409090909	0.084625568181818		1
000135:	0.136026136363636	0.629857954545455	0.020792613636364	0.176402840909091	0.036920454545455		1
000136:	0.692118181818182	0.116086931818182	0.092176136363636	0.055403977272727	0.044214772727273		1
000137:	0.180803409090909	0.447581818181818	0.084056250000000	0.243816477272727	0.043742045454545		1
000138:	0.533453409090909	0.198024431818182	0.037421590909091	0.090456250000000	0.140644318181818		1
000139:	0.440275568181818	0.341052840909091	0.063928977272727	0.064979545454545	0.089763068181818		1
000140:	0.105164772727273	0.201904545454545	0.059913636363636	0.602222159090909	0.030794886363636		1
000141:	0.283364772727273	0.073685227272727	0.374356818181818	0.056986363636364	0.211606818181818		1
000142:	0.255062500000000	0.522377840909091	0.114857386363636	0.071935795454545	0.035766477272727		1
000143:	0.710093750000000	0.172810795454545	0.044774431818182	0.037305681818182	0.035015340909091		1
000144:	0.420689204545455	0.257132386363636	0.270573295454545	0.020322159090909	0.031282954545455		1
000145:	0.096723863636364	0.059222159090909	0.773103977272727	0.032960795454545	0.037989204545455		1
000146:	0.406865909090909	0.298816477272727	0.108894318181818	0.134186363636364	0.051236931818182		1
000147:	0.744277840909091	0.131143181818182	0.069320454545455	0.019753409090909	0.035505113636364		1
000148:	0.833808522727273	0.058896022727273	0.046015909090909	0.034867613636364	0.026411931818182		1
000149:	0.282382386363636	0.434247159090909	0.108961931818182	0.056328977272727	0.118079545454545		1
000150:	0.113237500000000	0.669599431818182	0.074540340909091	0.108229545454545	0.034393181818182		1
000151:	0.513590909090909	0.116831818181818	0.233336931818182	0.053600000000000	0.082640340909091		1
000152:	0.579725000000000	0.157251704545455	0.077223295454545	0.135201704545455	0.050598295454545		1
000153:	0.235911931818182	0.588682954545454	0.103289772727273	0.046759090909091	0.025356250000000		1
000154:	0.468968181818182	0.055456818181818	0.411903977272727	0.024457386363636	0.039213636363636		1
000155:	0.310034659090909	0.170294318181818	0.404309659090909	0.082090909090909	0.033270454545455		1
000156:	0.226730113636364	0.431436931818182	0.271375568181818	0.028110795454545	0.042346590909091		1
000157:	0.072589772727273	0.020130113636364	0.841272159090909	0.007910795454545	0.058097159090909		1
000158:	0.199347727272727	0.119738636363636	0.125486363636364	0.039715909090909	0.515711363636364		1
000159:	0.076914772727273	0.109836363636364	0.597006818181818	0.039385795454545	0.176856250000000		1
000160:	0.042959659090909	0.010071022727273	0.027965909090909	0.009700000000000	0.909303409090909		1
000161:	0.163424431818182	0.052823863636364	0.102732386363636	0.026684090909091	0.654335227272727		1
000162:	0.103322159090909	0.383389772727273	0.028681250000000	0.103565909090909	0.381040909090909		1
000163:	0.893307386363636	0.022118750000000	0.031447727272727	0.008866477272727	0.044259659090909		1
000164:	0.106330681818182	0.008199431818182	0.822871590909091	0.006847159090909	0.055751136363636		1
000165:	0.796222727272727	0.016234659090909	0.073443750000000	0.016498863636364	0.097600000000000		1
000166:	0.859555113636364	0.014713636363636	0.051982954545455	0.010080681818182	0.063667613636364		1
000167:	0.737910795454545	0.071258522727273	0.056192613636364	0.026822727272727	0.107815340909091		1
000168:	0.401300568181818	0.298117613636364	0.234470454545455	0.038445454545455	0.027665909090909		1
000169:	0.652847159090909	0.250791477272727	0.035239772727273	0.028880681818182	0.032240909090909		1
000170:	0.899751136363636	0.038561363636364	0.018608522727273	0.026182954545455	0.016896022727273		1
000171:	0.255022159090909	0.069184090909091	0.614238068181818	0.030421022727273	0.031134659090909		1
000172:	0.592631818181818	0.146309090909091	0.064972727272727	0.078762500000000	0.117323863636364		1
000173:	0.651432386363636	0.212634659090909	0.073994318181818	0.017485795454545	0.044452840909091		1
000174:	0.378901704545455	0.480547159090909	0.045256250000000	0.071452272727273	0.023842613636364		1
000175:	0.069338636363636	0.033714772727273	0.852368750000000	0.028816477272727	0.015761363636364		1
000176:	0.397809659090909	0.394925000000000	0.109489772727273	0.026351136363636	0.071424431818182		1
000177:	0.539319886363636	0.304659090909091	0.083047159090909	0.048466477272727	0.024507386363636		1
000178:	0.553192613636364	0.240204545454545	0.144945454545455	0.041195454545455	0.020461931818182		1
000179:	0.079230681818182	0.055476704545455	0.840798863636364	0.010412500000000	0.014081250000000		1
000180:	0.048473295454545	0.047195454545455	0.871083522727273	0.014277272727273	0.018970454545455		1
000181:	0.043798295454545	0.021233522727273	0.906609090909091	0.008038636363636	0.020320454545455		1
000182:	0.329757954545455	0.018339204545455	0.010078977272727	0.637225568181818	0.004598295454545		1
000183:	0.076936931818182	0.033277840909091	0.866821590909091	0.009728977272727	0.013234659090909		1
000184:	0.498805113636364	0.221706250000000	0.172831818181818	0.064978409090909	0.041678409090909		1
000185:	0.002923863636364	0.002968750000000	0.001567613636364	0.742340909090909	0.250198863636364		1
000186:	0.093463636363636	0.073045454545455	0.756870454545455	0.049084659090909	0.027535795454545		1
000187:	0.046532954545455	0.032609659090909	0.888827272727273	0.015311363636364	0.016718750000000		1
000188:	0.340538068181818	0.111198295454545	0.333014204545455	0.056816477272727	0.158432954545455		1
000189:	0.868232386363636	0.067619886363636	0.030041477272727	0.015247727272727	0.018858522727273		1
000190:	0.762650568181818	0.112144318181818	0.040501704545455	0.049811931818182	0.034891477272727		1
000191:	0.596409090909091	0.310119886363636	0.044157954545455	0.021839772727273	0.027473295454545		1
000192:	0.174016477272727	0.774020454545455	0.020606250000000	0.017137500000000	0.014219318181818		1
000193:	0.288001136363636	0.446914772727273	0.148943750000000	0.068357954545455	0.047782386363636		1
000194:	0.517706818181818	0.019238636363636	0.008311931818182	0.453066477272727	0.001676136363636		1
000195:	0.268458522727273	0.608963068181818	0.069238636363636	0.028893181818182	0.024446590909091		1
000196:	0.233782386363636	0.053305681818182	0.295293750000000	0.014573295454545	0.403044886363636		1
000197:	0.686064204545455	0.121335227272727	0.081234090909091	0.013787500000000	0.097578977272727		1
000198:	0.381303409090909	0.225725568181818	0.062932954545455	0.033265909090909	0.296772159090909		1
000199:	0.681509659090909	0.041201136363636	0.076979545454545	0.023293750000000	0.177015909090909		1
000200:	0.515202272727273	0.075300000000000	0.063163636363636	0.024794318181818	0.321539772727273		1
000201:	0.059455113636364	0.025277840909091	0.848396022727273	0.008383522727273	0.058487500000000		1
000202:	0.257285227272727	0.314289204545455	0.237768750000000	0.106662500000000	0.083994318181818		1
000203:	0.768179545454545	0.086090340909091	0.086266477272727	0.035005681818182	0.024457954545455		1
000204:	0.591405681818182	0.062190909090909	0.191384659090909	0.041668181818182	0.113350568181818		1
000205:	0.505964204545455	0.083263068181818	0.310717613636364	0.060202272727273	0.039852840909091		1
000206:	0.463893181818182	0.089086931818182	0.139394886363636	0.249525000000000	0.058100000000000		1
000207:	0.202198295454545	0.577934090909091	0.030457386363636	0.048813068181818	0.140597159090909		1
000208:	0.465322727272727	0.136583522727273	0.278289772727273	0.037288068181818	0.082515909090909		1
000209:	0.416593181818182	0.058472159090909	0.444186931818182	0.021585227272727	0.059162500000000		1
000210:	0.493407954545455	0.130284090909091	0.290538636363636	0.033631818181818	0.052137500000000		1
000211:	0.721985795454545	0.049496590909091	0.061358522727273	0.041758522727273	0.125400568181818		1
000212:	0.314465909090909	0.070121590909091	0.237277272727273	0.024312500000000	0.353822727272727		1
000213:	0.609002840909091	0.037435795454545	0.226267045454545	0.020489772727273	0.106804545454545		1
000214:	0.581080681818182	0.087063636363636	0.078107386363636	0.024962500000000	0.228785795454545		1
000215:	0.507099431818182	0.099994318181818	0.068462500000000	0.136363636363636	0.188080113636364		1
000216:	0.093564204545455	0.012372727272727	0.728011363636364	0.007778977272727	0.158272727272727		1
000217:	0.456043750000000	0.033297159090909	0.169260795454545	0.024264772727273	0.317133522727273		1
000218:	0.614013636363636	0.033307386363636	0.197023295454545	0.015331818181818	0.140323863636364		1
000219:	0.494039772727273	0.026272159090909	0.092965340909091	0.019085227272727	0.367637500000000		1
000220:	0.434461931818182	0.017381818181818	0.373239772727273	0.011548863636364	0.163367613636364		1
000221:	0.764107386363636	0.014744886363636	0.099928409090909	0.013677840909091	0.107541477272727		1
000222:	0.219792613636364	0.016822159090909	0.625064204545455	0.013838068181818	0.124482954545455		1
000223:	0.398681250000000	0.115663068181818	0.226043750000000	0.106018181818182	0.153593750000000		1
000224:	0.092624431818182	0.278166477272727	0.067288636363636	0.491846590909091	0.070073863636364		1
000225:	0.148218181818182	0.431248295454545	0.041534090909091	0.319307954545455	0.059691477272727		1
000226:	0.149855681818182	0.318447727272727	0.159267613636364	0.147737500000000	0.224691477272727		1
000227:	0.074717613636364	0.398816477272727	0.037618750000000	0.370551136363636	0.118296022727273		1
000228:	0.029268181818182	0.036144886363636	0.022103409090909	0.763818750000000	0.148664772727273		1
000229:	0.254865340909091	0.072461363636364	0.035939204545455	0.574175568181818	0.062558522727273		1
000230:	0.042361931818182	0.024539204545455	0.044572159090909	0.065319886363636	0.823206818181818		1
000231:	0.116334090909091	0.446681250000000	0.038640909090909	0.217128409090909	0.181215340909091		1
000232:	0.225525000000000	0.063005113636364	0.212762500000000	0.247827840909091	0.250879545454545		1
000233:	0.072659659090909	0.451321590909091	0.050120454545455	0.309096022727273	0.116802272727273		1
000234:	0.050627840909091	0.169883522727273	0.034296022727273	0.683353409090909	0.061839204545455		1
000235:	0.059293181818182	0.103160795454545	0.056523295454545	0.747401704545455	0.033621022727273		1
000236:	0.053381818181818	0.068342045454545	0.197759659090909	0.492146022727273	0.188370454545455		1
000237:	0.530137500000000	0.127351704545455	0.016792613636364	0.279556250000000	0.046161931818182		1
000238:	0.125437500000000	0.042804545454545	0.727336363636364	0.057834659090909	0.046586931818182		1
000239:	0.079093750000000	0.159740909090909	0.111815340909091	0.505940340909091	0.143409659090909		1
000240:	0.030134659090909	0.097501704545455	0.030178409090909	0.091723863636364	0.750461363636364		1
000241:	0.049005681818182	0.350624431818182	0.419425568181818	0.100893750000000	0.080050568181818		1
000242:	0.253273295454545	0.002170454545455	0.694042613636364	0.043601136363636	0.006912500000000		1
000243:	0.024092045454545	0.059304545454545	0.039238068181818	0.555102840909091	0.322262500000000		1
000244:	0.207530681818182	0.092195454545455	0.061703409090909	0.210829545454545	0.427740909090909		1
000245:	0.233795454545455	0.149020454545455	0.034364204545455	0.314804545454545	0.268015340909091		1
000246:	0.107624431818182	0.223526136363636	0.040915340909091	0.538914204545455	0.089019886363636		1
000247:	0.100263636363636	0.326257386363636	0.077710227272727	0.364233522727273	0.131535227272727		1
000248:	0.268611931818182	0.081822159090909	0.053266477272727	0.199380681818182	0.396918750000000		1
000249:	0.024618750000000	0.163739204545455	0.031159659090909	0.589425000000000	0.191057386363636		1
000250:	0.067628977272727	0.206886931818182	0.045186931818182	0.636067613636364	0.044229545454545		1
000251:	0.066606818181818	0.269029545454545	0.048722159090909	0.428286363636364	0.187355113636364		1
000252:	0.089150568181818	0.073089772727273	0.215745454545455	0.196545454545455	0.425468750000000		1
000253:	0.044547727272727	0.044630681818182	0.058753409090909	0.698707386363636	0.153360795454545		1
000254:	0.042838636363636	0.050762500000000	0.054059659090909	0.589498295454545	0.262840909090909		1
000255:	0.081780113636364	0.044388636363636	0.052851704545455	0.733302272727273	0.087677272727273		1
000256:	0.470831250000000	0.122746590909091	0.045125568181818	0.240598863636364	0.120697727272727		1
000257:	0.089380113636364	0.030418750000000	0.494126136363636	0.082056818181818	0.304018181818182		1
000258:	0.759552840909091	0.078667613636364	0.055265340909091	0.048889772727273	0.057624431818182		1
000259:	0.022434659090909	0.023459659090909	0.905062500000000	0.020122727272727	0.028920454545455		1
000260:	0.058576704545455	0.100547727272727	0.056632386363636	0.409641477272727	0.374601704545455		1
000261:	0.060763636363636	0.094318750000000	0.126735227272727	0.469401136363636	0.248781250000000		1
000262:	0.044787500000000	0.089674431818182	0.542878409090909	0.144444318181818	0.178215340909091		1
000263:	0.559727272727273	0.135190340909091	0.093960227272727	0.058491477272727	0.152630681818182		1
000264:	0.005935795454545	0.007161363636364	0.871152840909091	0.104682954545455	0.011067045454545		1
000265:	0.618481250000000	0.045206250000000	0.085853977272727	0.114964204545455	0.135494318181818		1
000266:	0.174981250000000	0.069932386363636	0.138346590909091	0.548493750000000	0.068246022727273		1
000267:	0.050514204545455	0.076222727272727	0.028432954545455	0.767980113636364	0.076850000000000		1
000268:	0.477352272727273	0.058440909090909	0.121612500000000	0.092681818181818	0.249912500000000		1
000269:	0.061363636363636	0.286936931818182	0.077391477272727	0.532703977272727	0.041603977272727		1
000270:	0.028040909090909	0.016261931818182	0.895136931818182	0.033636363636364	0.026923863636364		1
000271:	0.033547727272727	0.043893181818182	0.106733522727273	0.696165909090909	0.119659659090909		1
000272:	0.054376136363636	0.084813636363636	0.151599431818182	0.439103977272727	0.270106818181818		1
000273:	0.048985795454545	0.096469318181818	0.415493181818182	0.367123863636364	0.071927840909091		1
000274:	0.099264772727273	0.052910227272727	0.076550000000000	0.574498295454545	0.196776704545455		1
000275:	0.282888068181818	0.296843181818182	0.088318181818182	0.226342613636364	0.105607954545455		1
000276:	0.040152840909091	0.014580681818182	0.810299431818182	0.063298295454545	0.071668750000000		1
000277:	0.033040340909091	0.038899431818182	0.059159090909091	0.816230113636364	0.052671022727273		1
000278:	0.480653977272727	0.191334090909091	0.049509090909091	0.165669886363636	0.112832954545455		1
000279:	0.097323863636364	0.089671022727273	0.019730113636364	0.763846022727273	0.029428977272727		1
000280:	0.118885227272727	0.110472159090909	0.258413636363636	0.288380113636364	0.223848863636364		1
000281:	0.033632954545455	0.037426136363636	0.435621022727273	0.444965340909091	0.048354545454545		1
000282:	0.083000000000000	0.338105681818182	0.205558522727273	0.219295454545455	0.154040340909091		1
000283:	0.029961363636364	0.012103409090909	0.876001704545455	0.023669886363636	0.058263636363636		1
000284:	0.062426136363636	0.031365909090909	0.069350568181818	0.692909090909091	0.143948295454545		1
000285:	0.088472727272727	0.302997159090909	0.039579545454545	0.460276704545455	0.108673863636364		1
000286:	0.045197727272727	0.124282954545455	0.189681250000000	0.579794318181818	0.061043750000000		1
000287:	0.042087500000000	0.096675568181818	0.197654545454545	0.609821590909091	0.053760795454545		1
000288:	0.125268181818182	0.065017613636364	0.208919318181818	0.456966477272727	0.143828409090909		1
000289:	0.520857386363636	0.054860227272727	0.177357386363636	0.032377272727273	0.214547727272727		1
000290:	0.169444318181818	0.041974431818182	0.229517045454545	0.040313636363636	0.518750568181818		1
000291:	0.779913636363636	0.075372159090909	0.083274431818182	0.021426704545455	0.040013068181818		1
000292:	0.579627272727273	0.049061363636364	0.053903977272727	0.044588068181818	0.272819318181818		1
000293:	0.845152840909091	0.041106818181818	0.043169318181818	0.010777840909091	0.059793181818182		1
000294:	0.788817613636364	0.072023295454545	0.072576136363636	0.025937500000000	0.040645454545455		1
000295:	0.644883522727273	0.223807954545455	0.050577840909091	0.011117045454545	0.069613636363636		1
000296:	0.280393181818182	0.063443750000000	0.557353409090909	0.018531818181818	0.080277840909091		1
000297:	0.625769886363636	0.061792045454545	0.182928977272727	0.029763068181818	0.099746022727273		1
000298:	0.102603977272727	0.535917045454545	0.089044318181818	0.225048295454545	0.047386363636364		1
000299:	0.729269318181818	0.052461931818182	0.061494886363636	0.076148295454545	0.080625568181818		1
000300:	0.395044886363636	0.040460795454545	0.186747727272727	0.167392613636364	0.210353977272727		1
000301:	0.801505681818182	0.073824431818182	0.045225000000000	0.027886931818182	0.051557954545455		1
000302:	0.055380681818182	0.029250000000000	0.812142045454545	0.018191477272727	0.085035795454545		1
000303:	0.034755681818182	0.018572159090909	0.886640340909091	0.014973863636364	0.045057954545455		1
000304:	0.751508522727273	0.037413636363636	0.025545454545455	0.021569318181818	0.163963068181818		1
000305:	0.091436931818182	0.037826136363636	0.121496022727273	0.036487500000000	0.712753409090909		1
000306:	0.054452840909091	0.037758522727273	0.799551136363636	0.044297727272727	0.063939772727273		1
000307:	0.082638636363636	0.021140909090909	0.087343750000000	0.028471022727273	0.780405681818182		1
000308:	0.820644886363636	0.017429545454545	0.048450000000000	0.026256250000000	0.087219318181818		1
000309:	0.698183522727273	0.068023295454545	0.094438068181818	0.061713068181818	0.077642045454545		1
000310:	0.060335795454545	0.024765909090909	0.867506818181818	0.015513068181818	0.031878409090909		1
000311:	0.372385227272727	0.104971022727273	0.221999431818182	0.120571022727273	0.180073295454545		1
000312:	0.188264204545455	0.192049431818182	0.057306250000000	0.471158522727273	0.091221590909091		1
000313:	0.150713068181818	0.169614204545455	0.094627272727273	0.507056818181818	0.077988636363636		1
000314:	0.083786931818182	0.527925000000000	0.115834659090909	0.157797159090909	0.114656250000000		1
000315:	0.213297159090909	0.316170454545455	0.038398295454545	0.333384659090909	0.098749431818182		1
000316:	0.721938636363636	0.097601704545455	0.050732386363636	0.074935795454545	0.054791477272727		1
000317:	0.099412500000000	0.579418181818182	0.033421590909091	0.132572727272727	0.155175000000000		1
000318:	0.583213068181818	0.035893750000000	0.162555113636364	0.025792613636364	0.192545454545455		1
000319:	0.099571022727273	0.016021590909091	0.822903977272727	0.018331250000000	0.043172159090909		1
000320:	0.236808522727273	0.069769886363636	0.462268750000000	0.073193181818182	0.157959659090909		1
000321:	0.749261363636364	0.029877840909091	0.073371022727273	0.020976136363636	0.126513636363636		1
000322:	0.135913636363636	0.027902272727273	0.150068181818182	0.040148295454545	0.645967613636364		1
000323:	0.194007954545455	0.160385795454545	0.107211931818182	0.367646022727273	0.170748295454545		1
000324:	0.300339772727273	0.034199431818182	0.204365340909091	0.045190340909091	0.415905113636364		1
000325:	0.067305113636364	0.015405681818182	0.753757954545455	0.048355113636364	0.115176136363636		1
000326:	0.355619318181818	0.041150568181818	0.072753409090909	0.199985227272727	0.330491477272727		1
000327:	0.404067045454545	0.066228409090909	0.106372159090909	0.033657386363636	0.389675000000000		1
000328:	0.056179545454545	0.013018750000000	0.030694318181818	0.021459090909091	0.878648295454545		1
000329:	0.598611363636364	0.054675000000000	0.071942045454545	0.069890909090909	0.204880681818182		1
000330:	0.052637500000000	0.020181250000000	0.134963636363636	0.035156818181818	0.757060795454545		1
000331:	0.013263068181818	0.336746590909091	0.009022159090909	0.011056250000000	0.629911931818182		1
000332:	0.059111363636364	0.011898863636364	0.886113068181818	0.010776704545455	0.032100000000000		1
000333:	0.063207954545455	0.009849431818182	0.872677840909091	0.013391477272727	0.040873295454545		1
000334:	0.070855681818182	0.010205113636364	0.808759659090909	0.033657954545455	0.076521590909091		1
000335:	0.654138068181818	0.054543750000000	0.068630681818182	0.052743181818182	0.169944318181818		1
000336:	0.049112500000000	0.018346022727273	0.826142613636364	0.020238068181818	0.086160795454545		1
000337:	0.187460227272727	0.017161931818182	0.174594318181818	0.420741477272727	0.200042045454545		1
000338:	0.761401704545455	0.033343750000000	0.091074431818182	0.019824431818182	0.094355681818182		1
000339:	0.389148863636364	0.029434659090909	0.097221022727273	0.025592045454545	0.458603409090909		1
000340:	0.184273863636364	0.012195454545455	0.694462500000000	0.015869318181818	0.093198863636364		1
000341:	0.823883522727273	0.021547727272727	0.039542613636364	0.016755681818182	0.098270454545455		1
000342:	0.557576704545454	0.021473295454545	0.071781818181818	0.022751704545455	0.326416477272727		1
000343:	0.486084090909091	0.008053409090909	0.333205681818182	0.109638068181818	0.063018750000000		1
000344:	0.071234659090909	0.033008522727273	0.037237500000000	0.053552840909091	0.804966477272727		1
000345:	0.070843750000000	0.008652272727273	0.035180681818182	0.018159659090909	0.867163636363636		1
000346:	0.483698863636364	0.015693750000000	0.021641477272727	0.009953409090909	0.469012500000000		1
000347:	0.618300000000000	0.019755113636364	0.039520454545455	0.020230681818182	0.302193750000000		1
000348:	0.184076136363636	0.038753977272727	0.159764772727273	0.018562500000000	0.598842613636364		1
000349:	0.140811931818182	0.097668750000000	0.246611363636364	0.020402840909091	0.494505113636364		1
000350:	0.284181818181818	0.052285795454545	0.079458522727273	0.045797727272727	0.538276136363636		1
000351:	0.199122727272727	0.031869886363636	0.037556250000000	0.017482386363636	0.713968750000000		1
000352:	0.703331818181818	0.047621590909091	0.116805681818182	0.025718750000000	0.106522159090909		1
000353:	0.181301136363636	0.019583522727273	0.740565909090909	0.010401136363636	0.048148295454545		1
000354:	0.343955681818182	0.017763636363636	0.529303977272727	0.026108522727273	0.082868181818182		1
000355:	0.510182386363636	0.020686363636364	0.203463068181818	0.042509090909091	0.223159090909091		1
000356:	0.126307954545455	0.102657386363636	0.287817045454545	0.365651704545455	0.117565909090909		1
000357:	0.102418181818182	0.330447727272727	0.042928977272727	0.407661363636364	0.116543750000000		1
000358:	0.115949431818182	0.458811363636364	0.129107386363636	0.091180681818182	0.204951136363636		1
000359:	0.119384090909091	0.145068750000000	0.060671022727273	0.430897727272727	0.243978409090909		1
000360:	0.661228977272727	0.082626136363636	0.106935795454545	0.040827272727273	0.108381818181818		1
000361:	0.053622727272727	0.247725000000000	0.255250000000000	0.399669886363636	0.043732386363636		1
000362:	0.135907954545455	0.038903977272727	0.228298295454545	0.119335795454545	0.477553977272727		1
000363:	0.684144318181818	0.183850000000000	0.043092045454545	0.042327840909091	0.046585795454545		1
000364:	0.211167045454545	0.110025568181818	0.031781250000000	0.503119886363636	0.143906250000000		1
000365:	0.282838636363636	0.205673863636364	0.118771590909091	0.090562500000000	0.302153409090909		1
000366:	0.212381818181818	0.255321022727273	0.039202272727273	0.329384659090909	0.163710227272727		1
000367:	0.296085227272727	0.227425568181818	0.033875000000000	0.375990909090909	0.066623295454545		1
000368:	0.169323863636364	0.384696022727273	0.060463068181818	0.310685795454545	0.074831250000000		1
000369:	0.249510227272727	0.201738636363636	0.255353977272727	0.128361363636364	0.165035795454545		1
000370:	0.267868181818182	0.091300000000000	0.345656818181818	0.117799431818182	0.177375568181818		1
000371:	0.563330113636364	0.046962500000000	0.045813068181818	0.067032386363636	0.276861931818182		1
000372:	0.574155681818182	0.293802840909091	0.036456818181818	0.051783522727273	0.043801136363636		1
000373:	0.261161363636364	0.181875568181818	0.079375568181818	0.283938636363636	0.193648863636364		1
000374:	0.605753409090909	0.220726704545455	0.080211363636364	0.038011363636364	0.055297159090909		1
000375:	0.072144886363636	0.025967045454545	0.708619318181818	0.035614772727273	0.157653977272727		1
000376:	0.371740340909091	0.213316477272727	0.211680681818182	0.144896590909091	0.058365909090909		1
000377:	0.028011363636364	0.015898863636364	0.893050568181818	0.026701704545455	0.036337500000000		1
000378:	0.051233522727273	0.365759659090909	0.127411363636364	0.416168750000000	0.039426704545455		1
000379:	0.117265340909091	0.380244886363636	0.020827840909091	0.453832386363636	0.027829545454545		1
000380:	0.236161363636364	0.317651704545455	0.119422727272727	0.268811931818182	0.057952272727273		1
000381:	0.078000000000000	0.206313068181818	0.026625000000000	0.649225568181818	0.039836363636364		1
000382:	0.370909659090909	0.454062500000000	0.069290340909091	0.058757386363636	0.046980113636364		1
000383:	0.348826704545455	0.154082954545455	0.121213636363636	0.268696022727273	0.107180681818182		1
000384:	0.348004545454545	0.251247727272727	0.077006818181818	0.210743750000000	0.112997159090909		1
000385:	0.271760227272727	0.241023863636364	0.032573863636364	0.100830113636364	0.353811931818182		1
000386:	0.124569318181818	0.064924431818182	0.025007386363636	0.748976136363636	0.036522727272727		1
000387:	0.239231250000000	0.422577840909091	0.075306250000000	0.203348863636364	0.059535795454545		1
000388:	0.148700568181818	0.079842613636364	0.098885795454545	0.452134659090909	0.220436363636364		1
000389:	0.405983522727273	0.285354545454545	0.029932386363636	0.110885795454545	0.167843750000000		1
000390:	0.190589772727273	0.028306818181818	0.143028409090909	0.045890909090909	0.592184090909091		1
