Estimated Clustering Probabilities for Samples
Sample	***Cluster  01***	***Cluster  02***	***Cluster  03***	***Cluster  04***	***Cluster  05***	
000001:	0.524226136363636	0.181231818181818	0.127640909090909	0.157881250000000	0.009019886363636		1
000002:	0.786019318181818	0.119860795454545	0.049950568181818	0.038510227272727	0.005659090909091		1
000003:	0.821212500000000	0.098084090909091	0.040084090909091	0.031250000000000	0.009369318181818		1
000004:	0.612994886363636	0.071417045454545	0.263676136363636	0.043413636363636	0.008498295454545		1
000005:	0.856711363636364	0.039467045454545	0.042889204545455	0.056513068181818	0.004419318181818		1
000006:	0.372744318181818	0.081661363636364	0.449363636363636	0.075432386363636	0.020798295454545		1
000007:	0.781732386363636	0.150913636363636	0.041202840909091	0.020035227272727	0.006115909090909		1
000008:	0.838345454545455	0.070665340909091	0.056414204545455	0.026032386363636	0.008542613636364		1
000009:	0.686817045454545	0.002781250000000	0.305486931818182	0.004347727272727	0.000567045454545		1
000010:	0.812902840909091	0.055009090909091	0.070610227272727	0.051968750000000	0.009509090909091		1
000011:	0.307324431818182	0.162587500000000	0.318200000000000	0.127155681818182	0.084732386363636		1
000012:	0.178201704545455	0.018520454545455	0.238646022727273	0.444968750000000	0.119663068181818		1
000013:	0.083861363636364	0.034431250000000	0.204374431818182	0.317999431818182	0.359333522727273		1
000014:	0.039075568181818	0.017143181818182	0.878518181818182	0.037692613636364	0.027570454545455		1
000015:	0.590602840909091	0.027062500000000	0.178469318181818	0.177389204545455	0.026476136363636		1
000016:	0.072149431818182	0.018494318181818	0.841132954545455	0.043419886363636	0.024803409090909		1
000017:	0.344446022727273	0.082898295454545	0.127425568181818	0.407762500000000	0.037467613636364		1
000018:	0.083067613636364	0.023517613636364	0.114579545454545	0.537075000000000	0.241760227272727		1
000019:	0.600828977272727	0.032510227272727	0.050983522727273	0.200867613636364	0.114809659090909		1
000020:	0.246433522727273	0.040387500000000	0.320957386363636	0.359981250000000	0.032240340909091		1
000021:	0.050734090909091	0.100380681818182	0.028589204545455	0.765880113636364	0.054415909090909		1
000022:	0.261700000000000	0.022481818181818	0.102260227272727	0.565392613636364	0.048165340909091		1
000023:	0.215067045454545	0.100594886363636	0.144227840909091	0.372457954545455	0.167652272727273		1
000024:	0.479478977272727	0.001233522727273	0.012373295454545	0.502639772727273	0.004274431818182		1
000025:	0.108605113636364	0.038994318181818	0.205932386363636	0.298478977272727	0.347989204545455		1
000026:	0.103401704545455	0.017102272727273	0.042248863636364	0.668850000000000	0.168397159090909		1
000027:	0.066771590909091	0.019289772727273	0.063244318181818	0.725518750000000	0.125175568181818		1
000028:	0.379939772727273	0.162598295454545	0.086325000000000	0.324068181818182	0.047068750000000		1
000029:	0.202611931818182	0.049008522727273	0.196892613636364	0.481305113636364	0.070181818181818		1
000030:	0.408553977272727	0.067553977272727	0.161423295454545	0.165947727272727	0.196521022727273		1
000031:	0.039453409090909	0.023567045454545	0.087928409090909	0.717124431818182	0.131926704545455		1
000032:	0.008933522727273	0.447018750000000	0.016324431818182	0.513172159090909	0.014551136363636		1
000033:	0.230110795454545	0.122835227272727	0.054670454545455	0.525512500000000	0.066871022727273		1
000034:	0.029641477272727	0.008173863636364	0.885328409090909	0.049951704545455	0.026904545454545		1
000035:	0.092947159090909	0.081151136363636	0.035223295454545	0.690148863636364	0.100529545454545		1
000036:	0.223433522727273	0.111144318181818	0.163617613636364	0.459038068181818	0.042766477272727		1
000037:	0.114886363636364	0.019196022727273	0.082081818181818	0.733068181818182	0.050767613636364		1
000038:	0.144432386363636	0.231255681818182	0.181848295454545	0.149299431818182	0.293164204545455		1
000039:	0.104789772727273	0.025414772727273	0.147111931818182	0.579663636363636	0.143019886363636		1
000040:	0.032999431818182	0.030286363636364	0.831461931818182	0.053801136363636	0.051451136363636		1
000041:	0.138355113636364	0.033524431818182	0.196901136363636	0.570659659090909	0.060559659090909		1
000042:	0.065215340909091	0.033013068181818	0.110576704545455	0.612218750000000	0.178976136363636		1
000043:	0.466238636363636	0.063539772727273	0.154111363636364	0.273056818181818	0.043053409090909		1
000044:	0.210867613636364	0.045651136363636	0.136597727272727	0.562305681818182	0.044577840909091		1
000045:	0.099093181818182	0.019667613636364	0.036410795454545	0.768280681818182	0.076547727272727		1
000046:	0.107789772727273	0.146917613636364	0.093906818181818	0.471240909090909	0.180144886363636		1
000047:	0.247723863636364	0.105285795454545	0.153850000000000	0.403338068181818	0.089802272727273		1
000048:	0.785027272727273	0.059361363636364	0.065213068181818	0.057655681818182	0.032742613636364		1
000049:	0.680535795454545	0.040632386363636	0.058200000000000	0.168181250000000	0.052450568181818		1
000050:	0.155107386363636	0.062468750000000	0.435814772727273	0.267917613636364	0.078691477272727		1
000051:	0.120117045454545	0.018021022727273	0.820925568181818	0.026623863636364	0.014312500000000		1
000052:	0.152721022727273	0.029992045454545	0.784663636363636	0.023838636363636	0.008784659090909		1
000053:	0.248960227272727	0.045049431818182	0.268781250000000	0.385433522727273	0.051775568181818		1
000054:	0.168414772727273	0.086618181818182	0.083619886363636	0.286497727272727	0.374849431818182		1
000055:	0.599133522727273	0.048893750000000	0.225372727272727	0.101147159090909	0.025452840909091		1
000056:	0.638164204545455	0.036488636363636	0.067938068181818	0.213225568181818	0.044183522727273		1
000057:	0.288246022727273	0.062155113636364	0.160921590909091	0.451968750000000	0.036708522727273		1
000058:	0.536748863636364	0.037055113636364	0.032045454545455	0.165651704545455	0.228498863636364		1
000059:	0.210951136363636	0.037675568181818	0.040951136363636	0.626730113636364	0.083692045454545		1
000060:	0.703067045454545	0.030926704545455	0.088155681818182	0.158102272727273	0.019748295454545		1
000061:	0.580307954545455	0.038003977272727	0.071078409090909	0.261065340909091	0.049544318181818		1
000062:	0.070636931818182	0.026537500000000	0.863313636363636	0.022886363636364	0.016625568181818		1
000063:	0.085314772727273	0.113871022727273	0.761782386363636	0.023402840909091	0.015628977272727		1
000064:	0.083104545454545	0.061785227272727	0.819956818181818	0.024354545454545	0.010798863636364		1
000065:	0.755982954545454	0.054612500000000	0.079385227272727	0.080917045454545	0.029102272727273		1
000066:	0.437982954545455	0.026944318181818	0.079154545454545	0.429744886363636	0.026173295454545		1
000067:	0.158052840909091	0.031268181818182	0.754340909090909	0.037618181818182	0.018719886363636		1
000068:	0.286533522727273	0.029126136363636	0.033326136363636	0.595456250000000	0.055557954545455		1
000069:	0.292522159090909	0.031948863636364	0.101511931818182	0.541323863636364	0.032693181818182		1
000070:	0.221305113636364	0.095198863636364	0.362101136363636	0.236331818181818	0.085063068181818		1
000071:	0.168288068181818	0.044989772727273	0.033547727272727	0.703146022727273	0.050028409090909		1
000072:	0.628835795454545	0.069515909090909	0.118700000000000	0.155019318181818	0.027928977272727		1
000073:	0.771742613636364	0.034252840909091	0.056713068181818	0.100542613636364	0.036748863636364		1
000074:	0.129239204545455	0.034405113636364	0.197852840909091	0.417903977272727	0.220598863636364		1
000075:	0.525450000000000	0.044420454545455	0.075439772727273	0.244357386363636	0.110332386363636		1
000076:	0.158683522727273	0.468213636363636	0.035842045454545	0.212671022727273	0.124589772727273		1
000077:	0.269453409090909	0.306125000000000	0.093322727272727	0.196308522727273	0.134790340909091		1
000078:	0.598644886363636	0.080107954545455	0.200623295454545	0.102608522727273	0.018015340909091		1
000079:	0.198639772727273	0.067090909090909	0.133770454545455	0.475396022727273	0.125102840909091		1
000080:	0.247606250000000	0.094399431818182	0.029198295454545	0.352800568181818	0.275995454545455		1
000081:	0.759957386363636	0.029322727272727	0.037526704545455	0.158338068181818	0.014855113636364		1
000082:	0.692975000000000	0.055675000000000	0.069876136363636	0.161292613636364	0.020181250000000		1
000083:	0.651167613636364	0.053298295454545	0.025471022727273	0.231334659090909	0.038728409090909		1
000084:	0.022732386363636	0.021271590909091	0.908916477272727	0.024643750000000	0.022435795454545		1
000085:	0.297750000000000	0.086512500000000	0.087961931818182	0.489884090909091	0.037891477272727		1
000086:	0.203255681818182	0.070892045454545	0.454034659090909	0.192139204545455	0.079678409090909		1
000087:	0.313631250000000	0.029559090909091	0.052375568181818	0.573414204545455	0.031019886363636		1
000088:	0.082339204545455	0.055486363636364	0.028942045454545	0.791231250000000	0.042001136363636		1
000089:	0.092111363636364	0.074150568181818	0.056186363636364	0.735773863636364	0.041777840909091		1
000090:	0.122866477272727	0.037888068181818	0.155648863636364	0.500105113636364	0.183491477272727		1
000091:	0.131730113636364	0.167005113636364	0.048563636363636	0.340976704545455	0.311724431818182		1
000092:	0.443842613636364	0.054560227272727	0.078768750000000	0.349691477272727	0.073136931818182		1
000093:	0.358464204545455	0.081172159090909	0.072057954545455	0.336773295454545	0.151532386363636		1
000094:	0.345633522727273	0.070185227272727	0.046750568181818	0.403400000000000	0.134030681818182		1
000095:	0.629371022727273	0.054142613636364	0.193077272727273	0.097573863636364	0.025835227272727		1
000096:	0.081657386363636	0.013692045454545	0.855978409090909	0.033101704545455	0.015570454545455		1
000097:	0.126039204545455	0.020694886363636	0.034516477272727	0.791800568181818	0.026948863636364		1
000098:	0.456687500000000	0.037056818181818	0.023940909090909	0.450434090909091	0.031880681818182		1
000099:	0.188802840909091	0.050787500000000	0.433230681818182	0.278967045454545	0.048211931818182		1
000100:	0.263030113636364	0.017788636363636	0.627156250000000	0.064001136363636	0.028023863636364		1
000101:	0.093256818181818	0.030031818181818	0.067089204545455	0.792613068181818	0.017009090909091		1
000102:	0.155996590909091	0.036798863636364	0.273018181818182	0.484892613636364	0.049293750000000		1
000103:	0.424098295454545	0.087602840909091	0.053367613636364	0.198596590909091	0.236334659090909		1
000104:	0.336781250000000	0.016047159090909	0.554189204545455	0.070827840909091	0.022154545454545		1
000105:	0.094365909090909	0.027267045454545	0.160994886363636	0.664456250000000	0.052915909090909		1
000106:	0.202752272727273	0.036309090909091	0.055606250000000	0.656910795454545	0.048421590909091		1
000107:	0.233274431818182	0.030869886363636	0.412739204545455	0.299047159090909	0.024069318181818		1
000108:	0.104128977272727	0.023038068181818	0.728030113636364	0.098372727272727	0.046430113636364		1
000109:	0.011482386363636	0.694614772727273	0.005488068181818	0.286202840909091	0.002211931818182		1
000110:	0.065852840909091	0.112612500000000	0.132836363636364	0.099586363636364	0.589111931818182		1
000111:	0.238077840909091	0.113846590909091	0.442151704545455	0.173298863636364	0.032625000000000		1
000112:	0.082638636363636	0.040428977272727	0.138125000000000	0.637185795454545	0.101621590909091		1
000113:	0.735832386363636	0.026263636363636	0.093494318181818	0.122119318181818	0.022290340909091		1
000114:	0.132593181818182	0.337851704545455	0.041051136363636	0.354138068181818	0.134365909090909		1
000115:	0.273918181818182	0.001267613636364	0.008632386363636	0.714625000000000	0.001556818181818		1
000116:	0.432110795454545	0.037053409090909	0.374726136363636	0.100262500000000	0.055847159090909		1
000117:	0.179497727272727	0.109138068181818	0.082782954545455	0.594089772727273	0.034491477272727		1
000118:	0.591471590909091	0.069033522727273	0.215794318181818	0.099342045454545	0.024358522727273		1
000119:	0.137145454545455	0.030415340909091	0.107897727272727	0.686447159090909	0.038094318181818		1
000120:	0.644347727272727	0.041861363636364	0.141941477272727	0.140378977272727	0.031470454545455		1
000121:	0.284692045454545	0.089069886363636	0.101442045454545	0.365794318181818	0.159001704545455		1
000122:	0.243998863636364	0.023928409090909	0.080264772727273	0.621727840909091	0.030080113636364		1
000123:	0.691118750000000	0.052090340909091	0.075430113636364	0.096753409090909	0.084607386363636		1
000124:	0.251489204545455	0.146166477272727	0.041135227272727	0.423939204545455	0.137269886363636		1
000125:	0.532979545454545	0.190184659090909	0.159548295454545	0.084017045454545	0.033270454545455		1
000126:	0.094963068181818	0.778193750000000	0.042566477272727	0.050406250000000	0.033870454545455		1
000127:	0.541765340909091	0.048165909090909	0.140473295454545	0.197307954545455	0.072287500000000		1
000128:	0.730622727272727	0.040391477272727	0.091609659090909	0.108041477272727	0.029334659090909		1
000129:	0.134807386363636	0.031470454545455	0.027261363636364	0.709174431818182	0.097286363636364		1
000130:	0.655909090909091	0.092870454545455	0.112544318181818	0.073172727272727	0.065503409090909		1
000131:	0.331253977272727	0.045574431818182	0.087322727272727	0.494540909090909	0.041307954545455		1
000132:	0.186404545454545	0.021494318181818	0.669543181818182	0.098614772727273	0.023943181818182		1
000133:	0.209189204545455	0.238929545454545	0.071615909090909	0.272148863636364	0.208116477272727		1
000134:	0.373633522727273	0.089875568181818	0.093782386363636	0.265328409090909	0.177380113636364		1
000135:	0.130839772727273	0.038169886363636	0.024472159090909	0.666605113636364	0.139913068181818		1
000136:	0.473559090909091	0.114804545454545	0.128826704545455	0.208234659090909	0.074575000000000		1
000137:	0.138601704545455	0.074063636363636	0.056204545454545	0.578116477272727	0.153013636363636		1
000138:	0.579102840909091	0.082334090909091	0.061757954545455	0.180651704545455	0.096153409090909		1
000139:	0.515809659090909	0.051417613636364	0.084323863636364	0.270408522727273	0.078040340909091		1
000140:	0.091207954545455	0.027716477272727	0.065561363636364	0.251843181818182	0.563671022727273		1
000141:	0.182611931818182	0.176109090909091	0.535743750000000	0.075460227272727	0.030075000000000		1
000142:	0.189090909090909	0.021818750000000	0.111711931818182	0.635718181818182	0.041660227272727		1
000143:	0.739213068181818	0.024824431818182	0.047464772727273	0.155096022727273	0.033401704545455		1
000144:	0.420730681818182	0.040653977272727	0.215205113636364	0.300454545454545	0.022955681818182		1
000145:	0.115015909090909	0.027047159090909	0.802610795454546	0.033046022727273	0.022280113636364		1
000146:	0.324998295454545	0.037764204545455	0.089668181818182	0.480562500000000	0.067006818181818		1
000147:	0.716605681818182	0.032606818181818	0.095881818181818	0.128172727272727	0.026732954545455		1
000148:	0.795458522727273	0.035453409090909	0.051261931818182	0.082738636363636	0.035087500000000		1
000149:	0.285753977272727	0.064249431818182	0.102263636363636	0.503969886363636	0.043763068181818		1
000150:	0.151025568181818	0.028290909090909	0.075268750000000	0.638008522727273	0.107406250000000		1
000151:	0.402528409090909	0.057326136363636	0.306847727272727	0.194571022727273	0.038726704545455		1
000152:	0.451706818181818	0.111353409090909	0.096751704545455	0.221085227272727	0.119102840909091		1
000153:	0.162803977272727	0.040118750000000	0.101934090909091	0.656639204545455	0.038503977272727		1
000154:	0.417175568181818	0.042138068181818	0.471235795454545	0.048950568181818	0.020500000000000		1
000155:	0.234989772727273	0.034830113636364	0.424875000000000	0.202588068181818	0.102717045454545		1
000156:	0.135935227272727	0.038510227272727	0.356530681818182	0.444392045454545	0.024631818181818		1
000157:	0.062256818181818	0.031359659090909	0.885585227272727	0.013706250000000	0.007092045454545		1
000158:	0.031601704545455	0.005238068181818	0.051603977272727	0.382532954545455	0.529023295454545		1
000159:	0.416052840909091	0.001897159090909	0.001019318181818	0.580846022727273	0.000184659090909		1
000160:	0.077312500000000	0.862605113636364	0.034771022727273	0.014607386363636	0.010703977272727		1
000161:	0.381789772727273	0.455114772727273	0.097722727272727	0.047877272727273	0.017495454545455		1
000162:	0.134261363636364	0.377257386363636	0.025386363636364	0.359836363636364	0.103258522727273		1
000163:	0.897528409090909	0.036167613636364	0.030770454545455	0.026913636363636	0.008619886363636		1
000164:	0.250500568181818	0.053651136363636	0.670698863636364	0.016598295454545	0.008551136363636		1
000165:	0.002596590909091	0.916949431818182	0.004775568181818	0.000486931818182	0.075191477272727		1
000166:	0.890951704545455	0.032807954545455	0.042831250000000	0.024517613636364	0.008891477272727		1
000167:	0.773229545454545	0.079513068181818	0.054246022727273	0.067013068181818	0.025998295454545		1
000168:	0.352235795454545	0.039203409090909	0.334322727272727	0.225303409090909	0.048934659090909		1
000169:	0.510339772727273	0.040678977272727	0.048894318181818	0.368401704545455	0.031685227272727		1
000170:	0.906180113636364	0.012858522727273	0.022638068181818	0.038055681818182	0.020267613636364		1
000171:	0.147943750000000	0.247262500000000	0.470898295454545	0.064537500000000	0.069357954545455		1
000172:	0.623188068181818	0.082768750000000	0.052608522727273	0.139729545454545	0.101705113636364		1
000173:	0.619168750000000	0.035577272727273	0.056042045454545	0.272281818181818	0.016930113636364		1
000174:	0.240941477272727	0.017696590909091	0.068077840909091	0.598398863636364	0.074885227272727		1
000175:	0.043545454545455	0.012304545454545	0.886811363636364	0.040123863636364	0.017214772727273		1
000176:	0.319901704545455	0.072903409090909	0.153961931818182	0.429209090909091	0.024023863636364		1
000177:	0.359772159090909	0.022590909090909	0.106300000000000	0.462156818181818	0.049180113636364		1
000178:	0.493310227272727	0.015480681818182	0.180047727272727	0.279727272727273	0.031434090909091		1
000179:	0.045324431818182	0.011004545454545	0.876994886363636	0.050497159090909	0.016178977272727		1
000180:	0.074633522727273	0.013588636363636	0.844331818181818	0.050152840909091	0.017293181818182		1
000181:	0.057043750000000	0.021023863636364	0.874127840909091	0.038521022727273	0.009283522727273		1
000182:	0.204011931818182	0.046990909090909	0.237057954545455	0.384098863636364	0.127840340909091		1
000183:	0.010863068181818	0.917569886363636	0.001211363636364	0.003247727272727	0.067107954545455		1
000184:	0.426322159090909	0.044461931818182	0.157940909090909	0.293209659090909	0.078065340909091		1
000185:	0.238563636363636	0.077006818181818	0.088850000000000	0.398694318181818	0.196885227272727		1
000186:	0.117752272727273	0.044454545454545	0.691843750000000	0.090897727272727	0.055051704545455		1
000187:	0.039406250000000	0.013331818181818	0.889626136363636	0.036057954545455	0.021577840909091		1
000188:	0.410035227272727	0.121909659090909	0.313114204545455	0.104830681818182	0.050110227272727		1
000189:	0.780442045454545	0.021024431818182	0.057992613636364	0.118780681818182	0.021760227272727		1
000190:	0.772638068181818	0.035175568181818	0.027977272727273	0.123213636363636	0.040995454545455		1
000191:	0.523185795454545	0.021729545454545	0.065424431818182	0.367363636363636	0.022296590909091		1
000192:	0.127717613636364	0.064709090909091	0.096025000000000	0.682974431818182	0.028573863636364		1
000193:	0.138014772727273	0.045325000000000	0.194798295454545	0.576593181818182	0.045268750000000		1
000194:	0.545553409090909	0.050946022727273	0.089155681818182	0.172697727272727	0.141647159090909		1
000195:	0.160722727272727	0.016459090909091	0.047120454545455	0.760160795454545	0.015536931818182		1
000196:	0.331600000000000	0.382321022727273	0.231225000000000	0.042047159090909	0.012806818181818		1
000197:	0.687478409090909	0.058375000000000	0.093944886363636	0.148933522727273	0.011268181818182		1
000198:	0.179337500000000	0.230126136363636	0.103911931818182	0.436193181818182	0.050431250000000		1
000199:	0.765532954545455	0.118779545454545	0.067015340909091	0.037072727272727	0.011599431818182		1
000200:	0.591535795454545	0.260995454545455	0.064638636363636	0.054682954545455	0.028147159090909		1
000201:	0.072563068181818	0.042096022727273	0.851575568181818	0.024481818181818	0.009283522727273		1
000202:	0.316747159090909	0.073159659090909	0.223496590909091	0.293626136363636	0.092970454545455		1
000203:	0.723325000000000	0.024656250000000	0.127779545454545	0.087503977272727	0.036735227272727		1
000204:	0.538106250000000	0.044117045454545	0.334984659090909	0.052393181818182	0.030398863636364		1
000205:	0.262764772727273	0.073259090909091	0.490608522727273	0.114221590909091	0.059146022727273		1
000206:	0.516559659090909	0.036043750000000	0.119241477272727	0.078798295454545	0.249356818181818		1
000207:	0.242873863636364	0.096174431818182	0.041643181818182	0.573696590909091	0.045611931818182		1
000208:	0.413074431818182	0.042575568181818	0.356660227272727	0.156809659090909	0.030880113636364		1
000209:	0.276505113636364	0.113917045454545	0.504427840909091	0.084280113636364	0.020869886363636		1
000210:	0.547640909090909	0.040047727272727	0.224875568181818	0.157535795454545	0.029900000000000		1
000211:	0.774227272727273	0.045823295454545	0.085732954545455	0.065893181818182	0.028323295454545		1
000212:	0.354831250000000	0.273228409090909	0.290518750000000	0.058476136363636	0.022945454545455		1
000213:	0.564090909090909	0.061217045454545	0.315056818181818	0.034179545454545	0.025455681818182		1
000214:	0.600002272727273	0.202596590909091	0.071114204545455	0.097229545454545	0.029057386363636		1
000215:	0.557548295454545	0.193137500000000	0.067259659090909	0.096809090909091	0.085245454545455		1
000216:	0.448003977272727	0.155294886363636	0.317010227272727	0.054660795454545	0.025030113636364		1
000217:	0.547155681818182	0.255404545454545	0.129017613636364	0.037161931818182	0.031260227272727		1
000218:	0.561602840909091	0.208121022727273	0.176082954545455	0.038790909090909	0.015402272727273		1
000219:	0.744194318181818	0.159589204545455	0.067467613636364	0.017072727272727	0.011676136363636		1
000220:	0.528610795454545	0.173493181818182	0.268285227272727	0.018496590909091	0.011114204545455		1
000221:	0.810661931818182	0.080988636363636	0.081123863636364	0.016472727272727	0.010752840909091		1
000222:	0.232470454545455	0.074222727272727	0.669429545454545	0.013673863636364	0.010203409090909		1
000223:	0.370456818181818	0.158284090909091	0.236414204545455	0.147490909090909	0.087353977272727		1
000224:	0.055424431818182	0.072570454545455	0.090700000000000	0.453988068181818	0.327317045454545		1
000225:	0.068646022727273	0.046845454545455	0.052529545454545	0.557417045454545	0.274561931818182		1
000226:	0.104122159090909	0.249692045454545	0.156572159090909	0.381074431818182	0.108539204545455		1
000227:	0.054763068181818	0.134403409090909	0.052697727272727	0.554004545454545	0.204131250000000		1
000228:	0.026075568181818	0.241765909090909	0.028501704545455	0.047191477272727	0.656465340909091		1
000229:	0.291213068181818	0.103961363636364	0.058825000000000	0.156589204545455	0.389411363636364		1
000230:	0.039622727272727	0.818480113636364	0.053476136363636	0.031158522727273	0.057262500000000		1
000231:	0.114740340909091	0.186256250000000	0.037014772727273	0.531922159090909	0.130066477272727		1
000232:	0.168996590909091	0.325531818181818	0.213405681818182	0.058064204545455	0.234001704545455		1
000233:	0.042222159090909	0.133660227272727	0.035005113636364	0.595835227272727	0.193277272727273		1
000234:	0.028446022727273	0.073942613636364	0.031857954545455	0.234203977272727	0.631549431818182		1
000235:	0.031667613636364	0.041140340909091	0.064463068181818	0.087006250000000	0.775722727272727		1
000236:	0.046223295454545	0.272735795454545	0.268226704545455	0.066363068181818	0.346451136363636		1
000237:	0.076971022727273	0.061394318181818	0.039648863636364	0.387046590909091	0.434939204545455		1
000238:	0.059710227272727	0.052493750000000	0.778008522727273	0.054284659090909	0.055502840909091		1
000239:	0.086684090909091	0.200898863636364	0.334748295454545	0.138982954545455	0.238685795454545		1
000240:	0.019532386363636	0.796554545454545	0.030510795454545	0.072334659090909	0.081067613636364		1
000241:	0.047790909090909	0.118572727272727	0.303740340909091	0.438503409090909	0.091392613636364		1
000242:	0.027577272727273	0.062690340909091	0.039498295454545	0.772331818181818	0.097902272727273		1
000243:	0.023087500000000	0.437052272727273	0.049994886363636	0.078711931818182	0.411153409090909		1
000244:	0.309389772727273	0.372547159090909	0.068441477272727	0.118557386363636	0.131064204545455		1
000245:	0.119140340909091	0.377242613636364	0.046210227272727	0.262593181818182	0.194813636363636		1
000246:	0.075873295454545	0.107850568181818	0.042580681818182	0.358738068181818	0.414957386363636		1
000247:	0.106880681818182	0.231132954545455	0.057437500000000	0.224093181818182	0.380455681818182		1
000248:	0.193182954545455	0.528270454545455	0.051284090909091	0.083407386363636	0.143855113636364		1
000249:	0.058375568181818	0.214807954545455	0.028392613636364	0.110207386363636	0.588216477272727		1
000250:	0.062268750000000	0.052621590909091	0.052277840909091	0.435633522727273	0.397198295454545		1
000251:	0.059494886363636	0.214258522727273	0.061122727272727	0.328651704545455	0.336472159090909		1
000252:	0.083452840909091	0.530784090909091	0.163691477272727	0.057071590909091	0.165000000000000		1
000253:	0.001642045454545	0.612229545454545	0.006041477272727	0.342645454545455	0.037441477272727		1
000254:	0.051813068181818	0.353347159090909	0.068094318181818	0.054093750000000	0.472651704545455		1
000255:	0.089255681818182	0.151928409090909	0.074227272727273	0.043136931818182	0.641451704545455		1
000256:	0.319426704545455	0.158907386363636	0.062287500000000	0.302444318181818	0.156934090909091		1
000257:	0.076528977272727	0.201658522727273	0.610755113636364	0.029227840909091	0.081829545454545		1
000258:	0.645692613636364	0.079827840909091	0.050296022727273	0.176731818181818	0.047451704545455		1
000259:	0.030126704545455	0.024272727272727	0.866251136363636	0.039883522727273	0.039465909090909		1
000260:	0.063776136363636	0.413298863636364	0.051044886363636	0.161435227272727	0.310444886363636		1
000261:	0.092515909090909	0.247642613636364	0.164108522727273	0.099839772727273	0.395893181818182		1
000262:	0.070693181818182	0.214765909090909	0.468977840909091	0.067618750000000	0.177944318181818		1
000263:	0.311108522727273	0.147192045454545	0.138832954545455	0.338264204545455	0.064602272727273		1
000264:	0.038440340909091	0.095926136363636	0.624135227272727	0.200506818181818	0.040991477272727		1
000265:	0.672228409090909	0.101601136363636	0.110279545454545	0.037549431818182	0.078341477272727		1
000266:	0.051415909090909	0.039494886363636	0.321498295454545	0.071064204545455	0.516526704545455		1
000267:	0.067823863636364	0.116746022727273	0.029375000000000	0.081896022727273	0.704159090909091		1
000268:	0.462338636363636	0.196426704545455	0.177923863636364	0.066215909090909	0.097094886363636		1
000269:	0.077965340909091	0.053664772727273	0.059242613636364	0.387982386363636	0.421144886363636		1
000270:	0.040452272727273	0.033514204545455	0.887720454545455	0.020332386363636	0.017980681818182		1
000271:	0.046871590909091	0.131201136363636	0.115992045454545	0.060875568181818	0.645059659090909		1
000272:	0.046622727272727	0.299352272727273	0.186551136363636	0.105760795454545	0.361713068181818		1
000273:	0.040272727272727	0.109762500000000	0.446044886363636	0.140659659090909	0.263260227272727		1
000274:	0.092721022727273	0.229914204545455	0.075176704545455	0.106023863636364	0.496164204545455		1
000275:	0.225856250000000	0.110627840909091	0.105264772727273	0.401926704545455	0.156324431818182		1
000276:	0.025884090909091	0.094601704545455	0.791155113636364	0.027866477272727	0.060492613636364		1
000277:	0.044041477272727	0.085353409090909	0.100771022727273	0.084345454545455	0.685488636363636		1
000278:	0.253126704545455	0.182935227272727	0.061957954545455	0.358681250000000	0.143298863636364		1
000279:	0.087820454545455	0.044139204545455	0.018122727272727	0.221101704545455	0.628815909090909		1
000280:	0.117622727272727	0.312240909090909	0.222532386363636	0.190467045454545	0.157136931818182		1
000281:	0.040348295454545	0.044265340909091	0.529482954545455	0.032841477272727	0.353061931818182		1
000282:	0.077248863636364	0.153865340909091	0.194239204545455	0.399672159090909	0.174974431818182		1
000283:	0.040018181818182	0.057510795454545	0.860565340909091	0.015750568181818	0.026155113636364		1
000284:	0.071263636363636	0.143199431818182	0.128105113636364	0.059301704545455	0.598130113636364		1
000285:	0.089010795454545	0.116988636363636	0.043324431818182	0.386028409090909	0.364647727272727		1
000286:	0.060644886363636	0.074071590909091	0.309639204545455	0.155009090909091	0.400635227272727		1
000287:	0.052859090909091	0.101047159090909	0.165098863636364	0.172171022727273	0.508823863636364		1
000288:	0.133144318181818	0.228621022727273	0.236394318181818	0.107150568181818	0.294689772727273		1
000289:	0.591961363636364	0.140419886363636	0.173128409090909	0.057978409090909	0.036511931818182		1
000290:	0.161324431818182	0.527710795454545	0.221413636363636	0.036469318181818	0.053081818181818		1
000291:	0.800725000000000	0.032728409090909	0.051885227272727	0.093094886363636	0.021566477272727		1
000292:	0.531225000000000	0.312735795454545	0.059626704545455	0.056419318181818	0.039993181818182		1
000293:	0.847735795454545	0.039135795454545	0.051636931818182	0.052438068181818	0.009053409090909		1
000294:	0.751618181818182	0.040610795454545	0.097121590909091	0.092788636363636	0.017860795454545		1
000295:	0.602265340909091	0.031037500000000	0.048432386363636	0.308002840909091	0.010261931818182		1
000296:	0.493007386363636	0.061281818181818	0.341088068181818	0.082884659090909	0.021738068181818		1
000297:	0.519242613636364	0.103331250000000	0.247711363636364	0.102414772727273	0.027300000000000		1
000298:	0.098335795454545	0.043120454545455	0.073211931818182	0.604981250000000	0.180350568181818		1
000299:	0.666619318181818	0.075740340909091	0.085919318181818	0.115120454545455	0.056600568181818		1
000300:	0.411832386363636	0.164003409090909	0.214191477272727	0.063719886363636	0.146252840909091		1
000301:	0.763301136363636	0.057518181818182	0.051198295454545	0.098160227272727	0.029822159090909		1
000302:	0.049507386363636	0.062338068181818	0.856340340909091	0.017839772727273	0.013974431818182		1
000303:	0.041930681818182	0.034503977272727	0.894463636363636	0.020978409090909	0.008123295454545		1
000304:	0.804396022727273	0.100297727272727	0.036333522727273	0.036709090909091	0.022263636363636		1
000305:	0.140710227272727	0.592744318181818	0.181159659090909	0.052948863636364	0.032436931818182		1
000306:	0.061485227272727	0.088931250000000	0.746231250000000	0.040725000000000	0.062627272727273		1
000307:	0.113598863636364	0.739809090909091	0.093724431818182	0.030024431818182	0.022843181818182		1
000308:	0.794831250000000	0.073585227272727	0.076311931818182	0.019938636363636	0.035332954545455		1
000309:	0.688709659090909	0.077314204545455	0.102600568181818	0.047754545454545	0.083621022727273		1
000310:	0.029688068181818	0.023017045454545	0.899221022727273	0.033652272727273	0.014421590909091		1
000311:	0.348100568181818	0.253598863636364	0.192610795454545	0.104062500000000	0.101627272727273		1
000312:	0.158422727272727	0.071656818181818	0.076859090909091	0.206265340909091	0.486796022727273		1
000313:	0.124951704545455	0.058483522727273	0.095777840909091	0.167909659090909	0.552877272727273		1
000314:	0.104873863636364	0.116950568181818	0.088378409090909	0.538249431818182	0.151547727272727		1
000315:	0.268319886363636	0.099936931818182	0.046485227272727	0.321352840909091	0.263905113636364		1
000316:	0.644769886363636	0.091565340909091	0.084430681818182	0.105192613636364	0.074041477272727		1
000317:	0.085156250000000	0.126971590909091	0.034068181818182	0.719553977272727	0.034250000000000		1
000318:	0.560019886363636	0.207182954545455	0.162959090909091	0.047981818181818	0.021856250000000		1
000319:	0.113130681818182	0.041826704545455	0.813742613636364	0.017056818181818	0.014243181818182		1
000320:	0.324209659090909	0.145814204545455	0.376857954545455	0.095981250000000	0.057136931818182		1
000321:	0.791025000000000	0.102630681818182	0.051093750000000	0.032404545454545	0.022846022727273		1
000322:	0.149478409090909	0.648794318181818	0.148426136363636	0.026261363636364	0.027039772727273		1
000323:	0.204697727272727	0.161943181818182	0.155535795454545	0.174425000000000	0.303398295454545		1
000324:	0.387963068181818	0.348628977272727	0.211084090909091	0.025157386363636	0.027166477272727		1
000325:	0.058299431818182	0.110876704545455	0.767821590909091	0.019820454545455	0.043181818181818		1
000326:	0.008370454545455	0.641777272727273	0.002160227272727	0.002640909090909	0.345051136363636		1
000327:	0.429956818181818	0.273871022727273	0.102645454545455	0.165593181818182	0.027933522727273		1
000328:	0.118660795454545	0.822346022727273	0.029929545454545	0.010761363636364	0.018302272727273		1
000329:	0.437693750000000	0.293172159090909	0.117272159090909	0.060161931818182	0.091700000000000		1
000330:	0.099393181818182	0.722048295454545	0.132286363636364	0.019412500000000	0.026859659090909		1
000331:	0.077436931818182	0.788809659090909	0.052455681818182	0.013468750000000	0.067828977272727		1
000332:	0.060474431818182	0.046432386363636	0.855096590909091	0.024006818181818	0.013989772727273		1
000333:	0.067821022727273	0.036915909090909	0.857569886363636	0.017349431818182	0.020343750000000		1
000334:	0.058547159090909	0.037402840909091	0.869406250000000	0.018805681818182	0.015838068181818		1
000335:	0.683697159090909	0.142302272727273	0.052683522727273	0.080055113636364	0.041261931818182		1
000336:	0.038382386363636	0.155823295454545	0.791493181818182	0.007266477272727	0.007034659090909		1
000337:	0.227909090909091	0.392665909090909	0.250253977272727	0.038134090909091	0.091036931818182		1
000338:	0.786510227272727	0.070311363636364	0.095722159090909	0.029776136363636	0.017680113636364		1
000339:	0.339619886363636	0.444677840909091	0.159688068181818	0.038173863636364	0.017840340909091		1
000340:	0.185471590909091	0.070552272727273	0.711042045454545	0.018641477272727	0.014292613636364		1
000341:	0.850778409090909	0.054325000000000	0.047231818181818	0.031611363636364	0.016053409090909		1
000342:	0.666072727272727	0.215722727272727	0.077989204545455	0.019365909090909	0.020849431818182		1
000343:	0.717822159090909	0.099551704545455	0.138526136363636	0.021776136363636	0.022323863636364		1
000344:	0.075859090909091	0.854917045454545	0.022125568181818	0.020959090909091	0.026139204545455		1
000345:	0.114800568181818	0.811545454545455	0.047853977272727	0.011265340909091	0.014534659090909		1
000346:	0.013391477272727	0.214364204545455	0.002359090909091	0.001601704545455	0.768283522727273		1
000347:	0.699696590909091	0.244683522727273	0.028296022727273	0.014824431818182	0.012499431818182		1
000348:	0.294272727272727	0.465535227272727	0.181552840909091	0.043681250000000	0.014957954545455		1
000349:	0.187671590909091	0.505309090909091	0.179243181818182	0.097495454545455	0.030280681818182		1
000350:	0.374409659090909	0.469193181818182	0.083466477272727	0.057354545454545	0.015576136363636		1
000351:	0.369327840909091	0.541527272727273	0.033782954545455	0.038737500000000	0.016624431818182		1
000352:	0.722216477272727	0.061234090909091	0.147492613636364	0.051111931818182	0.017944886363636		1
000353:	0.189869886363636	0.053962500000000	0.725780113636364	0.021445454545455	0.008942045454545		1
000354:	0.164748863636364	0.040384659090909	0.767625000000000	0.018352840909091	0.008888636363636		1
000355:	0.438312500000000	0.303425000000000	0.189776704545455	0.033011931818182	0.035473863636364		1
000356:	0.015281818181818	0.018890909090909	0.481503409090909	0.475257954545455	0.009065909090909		1
000357:	0.072780113636364	0.132320454545455	0.035355113636364	0.490525000000000	0.269019318181818		1
000358:	0.111582386363636	0.160527272727273	0.109200000000000	0.562546022727273	0.056144318181818		1
000359:	0.134832386363636	0.318338068181818	0.058277272727273	0.174737500000000	0.313814772727273		1
000360:	0.632578409090909	0.094032954545455	0.122564204545455	0.104419886363636	0.046404545454545		1
000361:	0.048731818181818	0.105630113636364	0.096536363636364	0.490327840909091	0.258773863636364		1
000362:	0.139710227272727	0.462098295454545	0.254592613636364	0.058547159090909	0.085051704545455		1
000363:	0.454113068181818	0.056214204545455	0.066531818181818	0.372452840909091	0.050688068181818		1
000364:	0.209782954545455	0.169323295454545	0.037742045454545	0.186968181818182	0.396183522727273		1
000365:	0.248940909090909	0.294418181818182	0.105982386363636	0.271819886363636	0.078838636363636		1
000366:	0.158119318181818	0.086455681818182	0.045235795454545	0.437967045454545	0.272222159090909		1
000367:	0.223730113636364	0.068486363636364	0.050882954545455	0.366480681818182	0.290419886363636		1
000368:	0.137150568181818	0.069765909090909	0.065123295454545	0.528494886363636	0.199465340909091		1
000369:	0.261574431818182	0.176232954545455	0.157225000000000	0.290588068181818	0.114379545454545		1
000370:	0.232131250000000	0.104839204545455	0.476130681818182	0.090784659090909	0.096114204545455		1
000371:	0.714044318181818	0.141265340909091	0.051078409090909	0.069741477272727	0.023870454545455		1
000372:	0.428560227272727	0.051440909090909	0.059706250000000	0.409502272727273	0.050790340909091		1
000373:	0.207951136363636	0.168328409090909	0.146226136363636	0.234682386363636	0.242811931818182		1
000374:	0.647150000000000	0.044920454545455	0.060109090909091	0.214955681818182	0.032864772727273		1
000375:	0.090235795454545	0.127030113636364	0.721886363636364	0.024515909090909	0.036331818181818		1
000376:	0.212341477272727	0.065337500000000	0.166781818181818	0.447281818181818	0.108257386363636		1
000377:	0.062280681818182	0.059300568181818	0.835872727272727	0.023931250000000	0.018614772727273		1
000378:	0.057190909090909	0.051324431818182	0.085493750000000	0.509497727272727	0.296493181818182		1
000379:	0.084687500000000	0.025912500000000	0.021235227272727	0.640698863636364	0.227465909090909		1
000380:	0.163373295454545	0.060156250000000	0.127857386363636	0.442434090909091	0.206178977272727		1
000381:	0.061760795454545	0.047515340909091	0.032930681818182	0.395003977272727	0.462789204545455		1
000382:	0.163878409090909	0.067915340909091	0.135761931818182	0.533561363636364	0.098882954545455		1
000383:	0.317706250000000	0.131525000000000	0.124063068181818	0.260081818181818	0.166623863636364		1
000384:	0.374330113636364	0.068347159090909	0.046658522727273	0.371718181818182	0.138946022727273		1
000385:	0.210908522727273	0.380593181818182	0.036693181818182	0.282042045454545	0.089763068181818		1
000386:	0.076871022727273	0.073375000000000	0.042724431818182	0.136500000000000	0.670529545454545		1
000387:	0.287221590909091	0.079676136363636	0.128698295454545	0.401825000000000	0.102578977272727		1
000388:	0.086904545454545	0.360190909090909	0.053909090909091	0.275108522727273	0.223886931818182		1
000389:	0.313824431818182	0.179675000000000	0.031233522727273	0.376607386363636	0.098659659090909		1
000390:	0.209696590909091	0.426451704545455	0.280500000000000	0.031613068181818	0.051738636363636		1
