Estimated Clustering Probabilities for Samples
Sample	***Cluster  01***	***Cluster  02***	***Cluster  03***	***Cluster  04***	***Cluster  05***	***Cluster  06***	
000001:	0.117685795454545	0.059300000000000	0.133815909090909	0.049576136363636	0.620777840909091	0.018844318181818		1
000002:	0.050548863636364	0.166596590909091	0.044532386363636	0.029592613636364	0.704336363636364	0.004393181818182		1
000003:	0.000753977272727	0.000275000000000	0.987710227272727	0.001853977272727	0.009331250000000	0.000075568181818		1
000004:	0.003517613636364	0.001176136363636	0.002437500000000	0.003002272727273	0.671273863636364	0.318592613636364		1
000005:	0.073194886363636	0.005040909090909	0.020396590909091	0.007253409090909	0.892301136363636	0.001813068181818		1
000006:	0.011525568181818	0.056387500000000	0.003213636363636	0.046469318181818	0.090319886363636	0.792084090909091		1
000007:	0.020927272727273	0.048046590909091	0.054238068181818	0.027409090909091	0.840378977272727	0.009000000000000		1
000008:	0.038598863636364	0.016195454545455	0.074154545454545	0.033978409090909	0.822452840909091	0.014619886363636		1
000009:	0.052547727272727	0.025720454545455	0.056518181818182	0.063098863636364	0.793748863636364	0.008365909090909		1
000010:	0.093611363636364	0.029300000000000	0.127328977272727	0.077059659090909	0.658678977272727	0.014021022727273		1
000011:	0.151635795454545	0.076356250000000	0.190729545454545	0.258630113636364	0.255599431818182	0.067048863636364		1
000012:	0.137817045454545	0.019851136363636	0.484517613636364	0.190363636363636	0.046845454545455	0.120605113636364		1
000013:	0.254707386363636	0.016627272727273	0.090239772727273	0.421807386363636	0.037089204545455	0.179528977272727		1
000014:	0.024995454545455	0.011180681818182	0.025632954545455	0.875498295454545	0.033392613636364	0.029300000000000		1
000015:	0.124043181818182	0.021495454545455	0.577838636363636	0.134425568181818	0.096984090909091	0.045213068181818		1
000016:	0.032881250000000	0.025669886363636	0.059988636363636	0.837252840909091	0.026254545454545	0.017952840909091		1
000017:	0.537416477272727	0.057966477272727	0.169230681818182	0.090716477272727	0.096167045454545	0.048502840909091		1
000018:	0.169231250000000	0.016117045454545	0.142832386363636	0.067465340909091	0.037431250000000	0.566922727272727		1
000019:	0.079668750000000	0.018261363636364	0.741881818181818	0.046275000000000	0.057253409090909	0.056659659090909		1
000020:	0.413657386363636	0.046148295454545	0.053190340909091	0.340303409090909	0.095765340909091	0.050935227272727		1
000021:	0.652950568181818	0.149115340909091	0.106685227272727	0.028934090909091	0.027920454545455	0.034394318181818		1
000022:	0.202573863636364	0.021564772727273	0.486785227272727	0.216810227272727	0.037994318181818	0.034271590909091		1
000023:	0.254645454545455	0.102146022727273	0.294717613636364	0.130132954545455	0.083284659090909	0.135073295454545		1
000024:	0.042111931818182	0.010244886363636	0.014359659090909	0.885220454545455	0.012884659090909	0.035178409090909		1
000025:	0.028090909090909	0.007354545454545	0.021318181818182	0.173925000000000	0.239386363636364	0.529925000000000		1
000026:	0.178961931818182	0.017488068181818	0.661947727272727	0.035948295454545	0.029948295454545	0.075705681818182		1
000027:	0.484312500000000	0.024255113636364	0.088274431818182	0.067752840909091	0.028964204545455	0.306440909090909		1
000028:	0.346316477272727	0.203175000000000	0.238431250000000	0.080650000000000	0.083271590909091	0.048155681818182		1
000029:	0.464454545454545	0.040876136363636	0.157930113636364	0.152505681818182	0.068344318181818	0.115889204545455		1
000030:	0.058664772727273	0.042404545454545	0.643038636363636	0.147526136363636	0.047610227272727	0.060755681818182		1
000031:	0.324291477272727	0.019034659090909	0.141353977272727	0.064913068181818	0.036029545454545	0.414377272727273		1
000032:	0.697172727272727	0.029767613636364	0.066839204545455	0.062834090909091	0.036328977272727	0.107057386363636		1
000033:	0.225219318181818	0.072796022727273	0.500785227272727	0.049111363636364	0.080637500000000	0.071450568181818		1
000034:	0.046713636363636	0.020984659090909	0.016275000000000	0.861526704545455	0.027231250000000	0.027268750000000		1
000035:	0.403477840909091	0.105517613636364	0.101456818181818	0.047630681818182	0.096144318181818	0.245772727272727		1
000036:	0.430483522727273	0.062344318181818	0.159476704545455	0.206810795454545	0.086162500000000	0.054722159090909		1
000037:	0.508650000000000	0.025968750000000	0.071866477272727	0.131289772727273	0.032795454545455	0.229429545454545		1
000038:	0.175625568181818	0.251349431818182	0.120303977272727	0.165574431818182	0.118564204545455	0.168582386363636		1
000039:	0.316515340909091	0.026617613636364	0.225928409090909	0.147643181818182	0.052810227272727	0.230485227272727		1
000040:	0.050282954545455	0.013340909090909	0.022027840909091	0.877064204545455	0.011230113636364	0.026053977272727		1
000041:	0.498576136363636	0.033852840909091	0.118321590909091	0.153196022727273	0.108600568181818	0.087452840909091		1
000042:	0.313057386363636	0.034581818181818	0.129910795454545	0.192217613636364	0.051444318181818	0.278788068181818		1
000043:	0.328869318181818	0.032402840909091	0.199557954545455	0.127818181818182	0.249757386363636	0.061594318181818		1
000044:	0.343831818181818	0.033784090909091	0.324213068181818	0.123028409090909	0.085154545454545	0.089988068181818		1
000045:	0.014246022727273	0.001428977272727	0.014639204545455	0.004661931818182	0.632446590909091	0.332577272727273		1
000046:	0.237465340909091	0.189043750000000	0.271320454545455	0.063664772727273	0.108429545454545	0.130076136363636		1
000047:	0.275050000000000	0.040141477272727	0.223746590909091	0.209730681818182	0.195165909090909	0.056165340909091		1
000048:	0.070175000000000	0.052343181818182	0.423603409090909	0.091735795454545	0.337462500000000	0.024680113636364		1
000049:	0.197006250000000	0.032280681818182	0.553027840909091	0.043001136363636	0.141815909090909	0.032868181818182		1
000050:	0.162740340909091	0.058311931818182	0.217878977272727	0.324515909090909	0.172789204545455	0.063763636363636		1
000051:	0.046082954545455	0.016378977272727	0.033489204545455	0.762175568181818	0.123007386363636	0.018865909090909		1
000052:	0.026694318181818	0.013671590909091	0.048641477272727	0.829684090909091	0.070582954545455	0.010725568181818		1
000053:	0.151584090909091	0.018224431818182	0.423944318181818	0.144318181818182	0.174091477272727	0.087837500000000		1
000054:	0.165396022727273	0.065232386363636	0.112567045454545	0.087497727272727	0.130784659090909	0.438522159090909		1
000055:	0.052923295454545	0.018864204545455	0.528430113636364	0.196139204545455	0.182562500000000	0.021080681818182		1
000056:	0.086980113636364	0.026357954545455	0.680190909090909	0.053675000000000	0.121821590909091	0.030974431818182		1
000057:	0.244799431818182	0.029011931818182	0.466067613636364	0.064511363636364	0.141478409090909	0.054131250000000		1
000058:	0.020187500000000	0.006047727272727	0.915978409090909	0.021236931818182	0.022202272727273	0.014347159090909		1
000059:	0.162865909090909	0.016211931818182	0.697077272727273	0.031106250000000	0.043368181818182	0.049370454545455		1
000060:	0.039803977272727	0.019757954545455	0.782359090909091	0.054464772727273	0.077044318181818	0.026569886363636		1
000061:	0.089140340909091	0.019982954545455	0.740818181818182	0.042707954545455	0.073439772727273	0.033910795454545		1
000062:	0.029748295454545	0.046064204545455	0.031565909090909	0.827288068181818	0.047829545454545	0.017503977272727		1
000063:	0.026093181818182	0.019266477272727	0.035710227272727	0.754409659090909	0.148911363636364	0.015609090909091		1
000064:	0.029775568181818	0.056500000000000	0.059991477272727	0.519814772727273	0.314090340909091	0.019827840909091		1
000065:	0.047011931818182	0.019956818181818	0.729814204545455	0.057800568181818	0.117108522727273	0.028307954545455		1
000066:	0.314799431818182	0.026449431818182	0.423284659090909	0.082826136363636	0.113655681818182	0.038984659090909		1
000067:	0.035725568181818	0.032085795454545	0.034303409090909	0.605415909090909	0.272460795454545	0.020008522727273		1
000068:	0.105521590909091	0.013378409090909	0.781507954545455	0.021762500000000	0.043223295454545	0.034606250000000		1
000069:	0.367108522727273	0.023546590909091	0.420536931818182	0.054558522727273	0.101182954545455	0.033066477272727		1
000070:	0.150948863636364	0.096179545454545	0.250335795454545	0.324528409090909	0.112627272727273	0.065380113636364		1
000071:	0.159256818181818	0.020980113636364	0.718435227272727	0.022894318181818	0.047207386363636	0.031226136363636		1
000072:	0.046687500000000	0.035078977272727	0.642297727272727	0.080923863636364	0.167556250000000	0.027455681818182		1
000073:	0.044243181818182	0.032406818181818	0.694304545454545	0.037614772727273	0.168592613636364	0.022838068181818		1
000074:	0.182496590909091	0.040325000000000	0.220389772727273	0.144781250000000	0.074175568181818	0.337831818181818		1
000075:	0.240633522727273	0.038715340909091	0.154912500000000	0.135486931818182	0.151669886363636	0.278581818181818		1
000076:	0.141333522727273	0.426518750000000	0.201653977272727	0.033740340909091	0.086028977272727	0.110724431818182		1
000077:	0.107410795454545	0.140829545454545	0.481991477272727	0.072419318181818	0.124991477272727	0.072357386363636		1
000078:	0.195020454545455	0.049373295454545	0.354003977272727	0.174880113636364	0.196962500000000	0.029759659090909		1
000079:	0.219300000000000	0.044413068181818	0.381736363636364	0.079009090909091	0.090700568181818	0.184840909090909		1
000080:	0.254768181818182	0.031568750000000	0.429890909090909	0.029768181818182	0.063485227272727	0.190518750000000		1
000081:	0.072182386363636	0.019260227272727	0.687269886363636	0.025765340909091	0.177490909090909	0.018031250000000		1
000082:	0.057135795454545	0.029234659090909	0.679888636363636	0.059924431818182	0.152556818181818	0.021259659090909		1
000083:	0.071022727272727	0.023921590909091	0.793395454545455	0.018841477272727	0.065361363636364	0.027457386363636		1
000084:	0.015186931818182	0.022932386363636	0.012797727272727	0.920936931818182	0.013997159090909	0.014148863636364		1
000085:	0.491059659090909	0.060500568181818	0.147151704545455	0.082398863636364	0.155694318181818	0.063194886363636		1
000086:	0.124032954545455	0.047615909090909	0.098662500000000	0.468135795454545	0.113632386363636	0.147920454545455		1
000087:	0.249771590909091	0.018034090909091	0.590635227272727	0.033731818181818	0.077501704545455	0.030325568181818		1
000088:	0.556003977272727	0.019253409090909	0.304503409090909	0.031505113636364	0.035109090909091	0.053625000000000		1
000089:	0.529792613636364	0.038732954545455	0.243343750000000	0.037340909090909	0.096459090909091	0.054330681818182		1
000090:	0.139018750000000	0.033644886363636	0.422120454545455	0.100868750000000	0.065234090909091	0.239113068181818		1
000091:	0.156274431818182	0.190095454545455	0.271096590909091	0.058269886363636	0.100255113636364	0.224008522727273		1
000092:	0.042921590909091	0.022407386363636	0.797485227272727	0.029315340909091	0.073254545454545	0.034615909090909		1
000093:	0.158944318181818	0.060307954545455	0.406020454545455	0.088872159090909	0.133638068181818	0.152217045454545		1
000094:	0.110029545454545	0.044904545454545	0.723936931818182	0.035071590909091	0.051202840909091	0.034854545454545		1
000095:	0.059147727272727	0.044177272727273	0.616171022727273	0.104338636363636	0.144725000000000	0.031440340909091		1
000096:	0.029955113636364	0.007669886363636	0.043139204545455	0.823697727272727	0.073646022727273	0.021892045454545		1
000097:	0.262091477272727	0.015641477272727	0.576557386363636	0.037031250000000	0.057106250000000	0.051572159090909		1
000098:	0.078543750000000	0.008581250000000	0.840387500000000	0.017275568181818	0.039930113636364	0.015281818181818		1
000099:	0.209760227272727	0.028834090909091	0.282606818181818	0.347949431818182	0.086115340909091	0.044734090909091		1
000100:	0.047927272727273	0.010595454545455	0.230132386363636	0.542576704545455	0.131579545454545	0.037188636363636		1
000101:	0.755173863636364	0.010924431818182	0.111648863636364	0.033838068181818	0.067464772727273	0.020950000000000		1
000102:	0.478419886363636	0.006640340909091	0.331914772727273	0.029054545454545	0.132990340909091	0.020980113636364		1
000103:	0.138663068181818	0.052542045454545	0.511328977272727	0.058081250000000	0.116415909090909	0.122968750000000		1
000104:	0.060514204545455	0.010242045454545	0.203483522727273	0.421277272727273	0.279907954545455	0.024575000000000		1
000105:	0.379803977272727	0.022753409090909	0.270877272727273	0.154553409090909	0.071656818181818	0.100355113636364		1
000106:	0.734371022727273	0.028719318181818	0.091224431818182	0.028938068181818	0.057238636363636	0.059508522727273		1
000107:	0.260090909090909	0.032600000000000	0.070767613636364	0.439624431818182	0.151010795454545	0.045906250000000		1
000108:	0.085990909090909	0.018150000000000	0.054323295454545	0.715418750000000	0.063753409090909	0.062363636363636		1
000109:	0.460800000000000	0.047615340909091	0.267348295454545	0.058218181818182	0.088105113636364	0.077913068181818		1
000110:	0.069709659090909	0.161463068181818	0.061457386363636	0.136954545454545	0.063455681818182	0.506959659090909		1
000111:	0.107646590909091	0.036633522727273	0.089829545454545	0.264539772727273	0.416612500000000	0.084738068181818		1
000112:	0.672130681818182	0.034998295454545	0.051795454545455	0.107388068181818	0.052481818181818	0.081205681818182		1
000113:	0.126285795454545	0.009199431818182	0.289311363636364	0.041629545454545	0.521906818181818	0.011667045454545		1
000114:	0.135962500000000	0.110248295454545	0.533375568181818	0.028062500000000	0.117856818181818	0.074494318181818		1
000115:	0.206263068181818	0.042322159090909	0.501327840909091	0.090261363636364	0.099555113636364	0.060270454545455		1
000116:	0.079873863636364	0.035778409090909	0.300761931818182	0.280234659090909	0.254455113636364	0.048896022727273		1
000117:	0.591677840909091	0.033322159090909	0.055738636363636	0.054132954545455	0.168992045454545	0.096136363636364		1
000118:	0.090704545454545	0.037932954545455	0.306318181818182	0.220015909090909	0.308808522727273	0.036219886363636		1
000119:	0.354004545454545	0.045486363636364	0.401384659090909	0.108638636363636	0.040470454545455	0.050015340909091		1
000120:	0.186691477272727	0.024050568181818	0.115215909090909	0.168135227272727	0.431832386363636	0.074074431818182		1
000121:	0.130622727272727	0.052389772727273	0.459390909090909	0.108530113636364	0.082830681818182	0.166235795454545		1
000122:	0.305268181818182	0.012930681818182	0.549873863636364	0.046413068181818	0.052793181818182	0.032721022727273		1
000123:	0.027803409090909	0.019776704545455	0.872521590909091	0.022913068181818	0.036422727272727	0.020562500000000		1
000124:	0.377645454545455	0.078511931818182	0.221618750000000	0.041867613636364	0.142200568181818	0.138155681818182		1
000125:	0.101468750000000	0.170543750000000	0.147401704545455	0.104644318181818	0.424767613636364	0.051173863636364		1
000126:	0.057541477272727	0.728853977272727	0.034070454545455	0.041174431818182	0.112207386363636	0.026152272727273		1
000127:	0.185406818181818	0.035093750000000	0.375510227272727	0.203346022727273	0.134262500000000	0.066380681818182		1
000128:	0.091161931818182	0.023878409090909	0.446093750000000	0.070658522727273	0.336039204545455	0.032168181818182		1
000129:	0.190639204545455	0.031442045454545	0.603716477272727	0.020544318181818	0.043915909090909	0.109742045454545		1
000130:	0.026350000000000	0.022640340909091	0.791736363636364	0.039477840909091	0.092224431818182	0.027571022727273		1
000131:	0.252468750000000	0.027441477272727	0.512773295454545	0.059976704545455	0.124611363636364	0.022728409090909		1
000132:	0.132777272727273	0.027532386363636	0.091280113636364	0.585606250000000	0.134033522727273	0.028770454545455		1
000133:	0.059375000000000	0.323661931818182	0.442976704545455	0.032750568181818	0.076635227272727	0.064600568181818		1
000134:	0.144573295454545	0.036834090909091	0.424016477272727	0.062263068181818	0.157139772727273	0.175173295454545		1
000135:	0.330383522727273	0.018022727272727	0.284055113636364	0.029600568181818	0.070982386363636	0.266955681818182		1
000136:	0.074438636363636	0.059281250000000	0.656976704545455	0.046522727272727	0.134765909090909	0.028014772727273		1
000137:	0.131401704545455	0.025792045454545	0.470192045454545	0.041019886363636	0.042565909090909	0.289028409090909		1
000138:	0.133784659090909	0.092523863636364	0.490286931818182	0.051576136363636	0.166092613636364	0.065735795454545		1
000139:	0.314125568181818	0.046538636363636	0.278418750000000	0.072375568181818	0.217596022727273	0.070945454545455		1
000140:	0.066326136363636	0.017950568181818	0.116110227272727	0.052698863636364	0.107792613636364	0.639121590909091		1
000141:	0.077531818181818	0.092109090909091	0.073907386363636	0.477627840909091	0.245160227272727	0.033663636363636		1
000142:	0.214990340909091	0.011539204545455	0.599046022727273	0.063553409090909	0.050381818181818	0.060489204545455		1
000143:	0.379244318181818	0.017071590909091	0.378112500000000	0.049669318181818	0.134465340909091	0.041436931818182		1
000144:	0.368332954545455	0.022028409090909	0.136251704545455	0.237054545454545	0.202153977272727	0.034178409090909		1
000145:	0.038890909090909	0.015744886363636	0.036432386363636	0.804207386363636	0.076117613636364	0.028606818181818		1
000146:	0.220797159090909	0.070344886363636	0.374528409090909	0.085843181818182	0.112061363636364	0.136425000000000		1
000147:	0.240050000000000	0.012564772727273	0.407887500000000	0.103426136363636	0.218960227272727	0.017111363636364		1
000148:	0.051501704545455	0.014757386363636	0.732963068181818	0.042014772727273	0.127861931818182	0.030901136363636		1
000149:	0.314537500000000	0.088002272727273	0.156944886363636	0.093506250000000	0.256908522727273	0.090100568181818		1
000150:	0.586011931818182	0.019854545454545	0.154636363636364	0.054117613636364	0.061748863636364	0.123630681818182		1
000151:	0.217562500000000	0.024840340909091	0.158393750000000	0.198028977272727	0.361106818181818	0.040067613636364		1
000152:	0.138086363636364	0.086773295454545	0.407919318181818	0.109751136363636	0.163160227272727	0.094309659090909		1
000153:	0.532571022727273	0.017575568181818	0.079067613636364	0.219007954545455	0.072780113636364	0.078997727272727		1
000154:	0.034248295454545	0.010811931818182	0.179876704545455	0.222287500000000	0.523798295454545	0.028977272727273		1
000155:	0.203836363636364	0.023488636363636	0.416061363636364	0.216743181818182	0.076011363636364	0.063859090909091		1
000156:	0.459916477272727	0.021560227272727	0.085844318181818	0.329634090909091	0.074990909090909	0.028053977272727		1
000157:	0.020535795454545	0.024123863636364	0.023307386363636	0.813443181818182	0.111788636363636	0.006801136363636		1
000158:	0.540620454545455	0.096634659090909	0.085817613636364	0.044876136363636	0.217190909090909	0.014860227272727		1
000159:	0.066689772727273	0.178743750000000	0.018676136363636	0.562986931818182	0.157464772727273	0.015438636363636		1
000160:	0.018820454545455	0.293709090909091	0.019825568181818	0.040817613636364	0.612339772727273	0.014487500000000		1
000161:	0.027905681818182	0.055728977272727	0.022750000000000	0.042884659090909	0.828688068181818	0.022042613636364		1
000162:	0.110480681818182	0.108835227272727	0.040390340909091	0.024371022727273	0.330268750000000	0.385653977272727		1
000163:	0.056238636363636	0.016514204545455	0.089043181818182	0.045096022727273	0.783818750000000	0.009289204545455		1
000164:	0.021016477272727	0.035594886363636	0.048346590909091	0.420250000000000	0.462622159090909	0.012169886363636		1
000165:	0.019742613636364	0.049042613636364	0.090882954545455	0.027944318181818	0.798301136363636	0.014086363636364		1
000166:	0.023368181818182	0.015701136363636	0.069404545454545	0.032497159090909	0.845997727272727	0.013031250000000		1
000167:	0.080358522727273	0.079057954545455	0.207330681818182	0.051811363636364	0.559289204545454	0.022152272727273		1
000168:	0.048988636363636	0.673988636363636	0.011652272727273	0.114260227272727	0.130712500000000	0.020397727272727		1
000169:	0.294599431818182	0.024417045454545	0.548469886363636	0.024312500000000	0.078759090909091	0.029442045454545		1
000170:	0.036357386363636	0.006079545454545	0.885114204545455	0.021721022727273	0.041661363636364	0.009066477272727		1
000171:	0.069434090909091	0.025160227272727	0.162473863636364	0.514295454545455	0.201642613636364	0.026993750000000		1
000172:	0.147506250000000	0.076055113636364	0.429805113636364	0.041857954545455	0.239032954545455	0.065742613636364		1
000173:	0.231671022727273	0.021557386363636	0.541801136363636	0.036247159090909	0.148978977272727	0.019744318181818		1
000174:	0.051469318181818	0.004988068181818	0.761532954545455	0.018739772727273	0.123510227272727	0.039759659090909		1
000175:	0.023248295454545	0.005000000000000	0.012589772727273	0.927266477272727	0.021739772727273	0.010155681818182		1
000176:	0.369417045454545	0.054579545454545	0.288064204545455	0.120288068181818	0.136775568181818	0.030875568181818		1
000177:	0.096930113636364	0.009536363636364	0.717613636363636	0.064993181818182	0.077612500000000	0.033314204545455		1
000178:	0.067657386363636	0.000473295454545	0.863500000000000	0.060498295454545	0.004522159090909	0.003348863636364		1
000179:	0.039829545454545	0.007580113636364	0.021192045454545	0.813981818181818	0.099535227272727	0.017881250000000		1
000180:	0.036510795454545	0.006536363636364	0.028742613636364	0.855933522727273	0.053078977272727	0.019197727272727		1
000181:	0.034306818181818	0.012281250000000	0.016924431818182	0.847311931818182	0.077300000000000	0.011875568181818		1
000182:	0.298090909090909	0.055074431818182	0.122073863636364	0.202855681818182	0.105040340909091	0.216864772727273		1
000183:	0.035861363636364	0.009791477272727	0.038121022727273	0.830172159090909	0.071738068181818	0.014315909090909		1
000184:	0.133661363636364	0.020312500000000	0.463188068181818	0.155739772727273	0.159816477272727	0.067281818181818		1
000185:	0.193301704545455	0.024914204545455	0.191564204545455	0.049803977272727	0.137071022727273	0.403344886363636		1
000186:	0.070785795454545	0.030855681818182	0.077372727272727	0.711432954545455	0.056776136363636	0.052776704545455		1
000187:	0.016145454545455	0.004294318181818	0.012478977272727	0.504274431818182	0.451290340909091	0.011516477272727		1
000188:	0.104546590909091	0.133072727272727	0.128679545454545	0.411402840909091	0.179408522727273	0.042889772727273		1
000189:	0.054456250000000	0.012342045454545	0.802478977272727	0.025671590909091	0.093460227272727	0.011590909090909		1
000190:	0.134852840909091	0.035104545454545	0.461279545454545	0.044482386363636	0.249712500000000	0.074568181818182		1
000191:	0.549519318181818	0.019227272727273	0.214732954545455	0.060044886363636	0.127352272727273	0.029123295454545		1
000192:	0.659463636363636	0.041613068181818	0.092382386363636	0.081277840909091	0.083225000000000	0.042038068181818		1
000193:	0.323864204545455	0.037950000000000	0.318334090909091	0.153577840909091	0.111738636363636	0.054535227272727		1
000194:	0.100384090909091	0.021769318181818	0.577858522727273	0.075905113636364	0.109861931818182	0.114221022727273		1
000195:	0.612047727272727	0.017163636363636	0.185444886363636	0.058581250000000	0.090410795454545	0.036351704545455		1
000196:	0.058023863636364	0.183598863636364	0.052097727272727	0.108144886363636	0.586355113636364	0.011779545454545		1
000197:	0.226634659090909	0.041183522727273	0.235766477272727	0.102169886363636	0.379082386363636	0.015163068181818		1
000198:	0.288525568181818	0.079802272727273	0.109193181818182	0.090334090909091	0.339239204545455	0.092905681818182		1
000199:	0.032689204545455	0.026741477272727	0.051493750000000	0.031789772727273	0.840544318181818	0.016741477272727		1
000200:	0.034817613636364	0.031455681818182	0.049821022727273	0.027259659090909	0.835821590909091	0.020824431818182		1
000201:	0.015548863636364	0.025660795454545	0.017442613636364	0.640675000000000	0.293150568181818	0.007522159090909		1
000202:	0.142907386363636	0.028926136363636	0.422474431818182	0.241223863636364	0.115325568181818	0.049142613636364		1
000203:	0.102023863636364	0.016743750000000	0.370417045454545	0.086910227272727	0.369459659090909	0.054445454545455		1
000204:	0.050343750000000	0.059527840909091	0.135402840909091	0.319044886363636	0.412864772727273	0.022815909090909		1
000205:	0.078702272727273	0.035561931818182	0.383931818181818	0.269365340909091	0.161170454545455	0.071268181818182		1
000206:	0.020119318181818	0.001448295454545	0.013761363636364	0.438086363636364	0.013428409090909	0.513156250000000		1
000207:	0.620282386363636	0.047976704545455	0.142840909090909	0.026284659090909	0.122627840909091	0.039987500000000		1
000208:	0.151438636363636	0.115895454545455	0.209061363636364	0.249859090909091	0.244009090909091	0.029736363636364		1
000209:	0.085553409090909	0.034321590909091	0.055984090909091	0.410351136363636	0.392552272727273	0.021237500000000		1
000210:	0.221090909090909	0.031798863636364	0.126071022727273	0.163485795454545	0.415007386363636	0.042546022727273		1
000211:	0.073701136363636	0.029921022727273	0.367029545454545	0.109452840909091	0.393434659090909	0.026460795454545		1
000212:	0.424735795454545	0.031867613636364	0.055282954545455	0.167526704545455	0.287878409090909	0.032708522727273		1
000213:	0.033423295454545	0.098314772727273	0.081461363636364	0.125849431818182	0.643617613636364	0.017333522727273		1
000214:	0.102586931818182	0.099699431818182	0.076770454545455	0.068845454545455	0.629984090909091	0.022113636363636		1
000215:	0.052528977272727	0.130699431818182	0.557384090909091	0.052504545454545	0.186726136363636	0.020156818181818		1
000216:	0.030955681818182	0.048536931818182	0.041531818181818	0.093780681818182	0.766213636363636	0.018981250000000		1
000217:	0.024584659090909	0.059228977272727	0.039228409090909	0.124509659090909	0.734713068181818	0.017735227272727		1
000218:	0.019462500000000	0.041501704545455	0.075629545454545	0.041359090909091	0.813284090909091	0.008763068181818		1
000219:	0.019873295454545	0.039718181818182	0.023541477272727	0.050505681818182	0.844231250000000	0.022130113636364		1
000220:	0.028362500000000	0.089298863636364	0.080067613636364	0.118594318181818	0.669430113636364	0.014246590909091		1
000221:	0.035756250000000	0.036684659090909	0.085998863636364	0.069422727272727	0.761425000000000	0.010712500000000		1
000222:	0.014249431818182	0.000980681818182	0.140097159090909	0.000468750000000	0.843417613636364	0.000786363636364		1
000223:	0.149953977272727	0.115219886363636	0.134736931818182	0.273182386363636	0.251246590909091	0.075660227272727		1
000224:	0.099257954545455	0.061457386363636	0.583274431818182	0.094356818181818	0.040567613636364	0.121085795454545		1
000225:	0.033734090909091	0.029262500000000	0.832540340909091	0.024224431818182	0.029139772727273	0.051098863636364		1
000226:	0.163589772727273	0.162852840909091	0.487864204545455	0.106020454545455	0.043404545454545	0.036268181818182		1
000227:	0.239925568181818	0.147585795454545	0.333860227272727	0.054450000000000	0.067587500000000	0.156590909090909		1
000228:	0.031988068181818	0.193203409090909	0.027054545454545	0.025771590909091	0.043557954545455	0.678424431818182		1
000229:	0.036334659090909	0.055606250000000	0.760488636363636	0.047978409090909	0.045974431818182	0.053617613636364		1
000230:	0.022145454545455	0.742140340909091	0.064325000000000	0.055008522727273	0.074002272727273	0.042378409090909		1
000231:	0.199207954545455	0.101773863636364	0.437763636363636	0.036782954545455	0.103040909090909	0.121430681818182		1
000232:	0.036442613636364	0.255568181818182	0.104745454545455	0.319501136363636	0.179731818181818	0.104010795454545		1
000233:	0.229231250000000	0.090550000000000	0.480686363636364	0.035857954545455	0.048121590909091	0.115552840909091		1
000234:	0.065784090909091	0.064252272727273	0.467971022727273	0.034184090909091	0.041924431818182	0.325884090909091		1
000235:	0.025551136363636	0.034127272727273	0.079489204545455	0.051811931818182	0.023312500000000	0.785707954545455		1
000236:	0.000837500000000	0.198915340909091	0.001371022727273	0.791765909090909	0.002331818181818	0.004778409090909		1
000237:	0.117849431818182	0.062062500000000	0.303557954545455	0.045865340909091	0.035043750000000	0.435621022727273		1
000238:	0.027312500000000	0.040227272727273	0.069892613636364	0.776324431818182	0.035865340909091	0.050377840909091		1
000239:	0.080324431818182	0.141909090909091	0.477847727272727	0.106136363636364	0.052468750000000	0.141313636363636		1
000240:	0.035082386363636	0.824013068181818	0.056921590909091	0.022706818181818	0.019478409090909	0.041797727272727		1
000241:	0.251128409090909	0.117923295454545	0.172060795454545	0.309823295454545	0.060851704545455	0.088212500000000		1
000242:	0.534675568181818	0.051496590909091	0.088022159090909	0.037657954545455	0.038027840909091	0.250119886363636		1
000243:	0.043963636363636	0.589178409090909	0.052983522727273	0.040158522727273	0.027390340909091	0.246325568181818		1
000244:	0.044209659090909	0.261548295454545	0.473785227272727	0.067247727272727	0.080225568181818	0.072983522727273		1
000245:	0.022435227272727	0.112460227272727	0.761403409090909	0.037010227272727	0.024153409090909	0.042537500000000		1
000246:	0.115440340909091	0.111939204545455	0.315821590909091	0.039307386363636	0.088761931818182	0.328729545454545		1
000247:	0.213393181818182	0.147052840909091	0.227870454545455	0.054461363636364	0.115328409090909	0.241893750000000		1
000248:	0.016421022727273	0.177147159090909	0.679396022727273	0.032461363636364	0.062987500000000	0.031586931818182		1
000249:	0.058584090909091	0.345546590909091	0.189769318181818	0.042154545454545	0.036705681818182	0.327239772727273		1
000250:	0.032298863636364	0.032191477272727	0.802922159090909	0.046705113636364	0.017068181818182	0.068814204545455		1
000251:	0.067944318181818	0.162607386363636	0.612149431818182	0.061606818181818	0.027571590909091	0.068120454545455		1
000252:	0.000622159090909	0.015103977272727	0.435344886363636	0.000793750000000	0.535692613636364	0.012442613636364		1
000253:	0.002870454545455	0.012662500000000	0.003485795454545	0.007693750000000	0.585761931818182	0.387525568181818		1
000254:	0.045943181818182	0.279682386363636	0.230434659090909	0.110423863636364	0.106295454545455	0.227220454545455		1
000255:	0.026216477272727	0.144207386363636	0.579110795454545	0.064213068181818	0.042138068181818	0.144114204545455		1
000256:	0.034671022727273	0.063386363636364	0.774911931818182	0.037973295454545	0.050698295454545	0.038359090909091		1
000257:	0.024744318181818	0.071815340909091	0.041723295454545	0.570178409090909	0.212622727272727	0.078915909090909		1
000258:	0.024131818181818	0.024923863636364	0.838200568181818	0.038400568181818	0.039881818181818	0.034461363636364		1
000259:	0.023981250000000	0.024423295454545	0.011750568181818	0.860407954545455	0.041097159090909	0.038339772727273		1
000260:	0.112722727272727	0.565452840909091	0.115802272727273	0.059669886363636	0.046459090909091	0.099893181818182		1
000261:	0.034889204545455	0.207498295454545	0.061317045454545	0.208579545454545	0.070526704545455	0.417189204545455		1
000262:	0.047867613636364	0.252061363636364	0.048858522727273	0.343921590909091	0.106629545454545	0.200661363636364		1
000263:	0.147865340909091	0.062626704545455	0.386732386363636	0.106306818181818	0.239227272727273	0.057241477272727		1
000264:	0.019239772727273	0.046139204545455	0.077242613636364	0.786938636363636	0.044360795454545	0.026078977272727		1
000265:	0.036060795454545	0.055570454545455	0.428280681818182	0.093343750000000	0.315575000000000	0.071169318181818		1
000266:	0.014060795454545	0.028842045454545	0.867650000000000	0.023669886363636	0.030682954545455	0.035094318181818		1
000267:	0.030644886363636	0.155974431818182	0.622758522727273	0.023154545454545	0.043628977272727	0.123838636363636		1
000268:	0.063128977272727	0.065731818181818	0.296416477272727	0.178777840909091	0.288612500000000	0.107332386363636		1
000269:	0.095526704545455	0.037251704545455	0.132957386363636	0.062551136363636	0.062624431818182	0.609088636363636		1
000270:	0.013961931818182	0.018176704545455	0.021385227272727	0.812436931818182	0.115148863636364	0.018890340909091		1
000271:	0.035036931818182	0.228004545454545	0.062839772727273	0.235629545454545	0.035381818181818	0.403107386363636		1
000272:	0.088978977272727	0.240591477272727	0.059568181818182	0.171111931818182	0.097709090909091	0.342040340909091		1
000273:	0.240197727272727	0.017459090909091	0.549969318181818	0.152437500000000	0.010797727272727	0.029138636363636		1
000274:	0.042015909090909	0.162236363636364	0.229227272727273	0.099453409090909	0.092043750000000	0.375023295454545		1
000275:	0.042100568181818	0.045926704545455	0.773103977272727	0.056040909090909	0.031252272727273	0.051575568181818		1
000276:	0.029698863636364	0.054967045454545	0.026165909090909	0.751552840909091	0.068486363636364	0.069128977272727		1
000277:	0.026055113636364	0.053022159090909	0.098503977272727	0.088401704545455	0.030347159090909	0.703669886363636		1
000278:	0.035950000000000	0.045685795454545	0.738593750000000	0.075646590909091	0.053959090909091	0.050164772727273		1
000279:	0.039471590909091	0.038961363636364	0.236270454545455	0.020157954545455	0.039423295454545	0.625715340909091		1
000280:	0.090947159090909	0.351501136363636	0.230313636363636	0.167509659090909	0.086192613636364	0.073535795454545		1
000281:	0.046798863636364	0.048973295454545	0.031100568181818	0.518607386363636	0.036809659090909	0.317710227272727		1
000282:	0.381673863636364	0.139643181818182	0.169595454545455	0.081509090909091	0.089067613636364	0.138510795454545		1
000283:	0.023649431818182	0.048588636363636	0.017528409090909	0.828964772727273	0.053493750000000	0.027775000000000		1
000284:	0.021342045454545	0.158080681818182	0.088546590909091	0.054205113636364	0.079375000000000	0.598450568181818		1
000285:	0.020764772727273	0.001834090909091	0.821819886363636	0.001253409090909	0.000463068181818	0.153864772727273		1
000286:	0.106377272727273	0.071013636363636	0.207863068181818	0.312173295454545	0.070824431818182	0.231748295454545		1
000287:	0.062256250000000	0.064047727272727	0.266365340909091	0.263698863636364	0.051737500000000	0.291894318181818		1
000288:	0.066562500000000	0.166001136363636	0.302783522727273	0.262719318181818	0.079653409090909	0.122280113636364		1
000289:	0.075166477272727	0.060793750000000	0.487725000000000	0.129600568181818	0.229563068181818	0.017151136363636		1
000290:	0.063596590909091	0.382946022727273	0.049436363636364	0.195913636363636	0.278626704545455	0.029480681818182		1
000291:	0.091540909090909	0.022864204545455	0.469953409090909	0.068581250000000	0.317125000000000	0.029935227272727		1
000292:	0.047376704545455	0.068229545454545	0.057538068181818	0.034756818181818	0.759749431818182	0.032349431818182		1
000293:	0.076632954545455	0.032051704545455	0.196356818181818	0.043553409090909	0.625571590909091	0.025833522727273		1
000294:	0.113995454545455	0.024286363636364	0.435893181818182	0.111822159090909	0.291176704545455	0.022826136363636		1
000295:	0.598052272727273	0.025777840909091	0.156825000000000	0.058547727272727	0.150813068181818	0.009984090909091		1
000296:	0.095297727272727	0.025775568181818	0.088463068181818	0.158440340909091	0.605412500000000	0.026610795454545		1
000297:	0.047922727272727	0.081650000000000	0.514867045454545	0.198811363636364	0.138211931818182	0.018536931818182		1
000298:	0.196818181818182	0.033397159090909	0.334587500000000	0.076833522727273	0.077189204545455	0.281174431818182		1
000299:	0.056151704545455	0.045843750000000	0.757525000000000	0.038748295454545	0.072878977272727	0.028852272727273		1
000300:	0.033803409090909	0.055583522727273	0.209661931818182	0.163186931818182	0.413571590909091	0.124192613636364		1
000301:	0.035495454545455	0.038838068181818	0.649096022727273	0.039745454545455	0.192583522727273	0.044241477272727		1
000302:	0.019451704545455	0.036984659090909	0.071969318181818	0.796643181818182	0.062350000000000	0.012601136363636		1
000303:	0.017187500000000	0.017009090909091	0.005920454545455	0.894428409090909	0.057673295454545	0.007781250000000		1
000304:	0.080985227272727	0.099009659090909	0.145763636363636	0.035724431818182	0.615407386363636	0.023109659090909		1
000305:	0.040938636363636	0.452292045454545	0.019428977272727	0.142743750000000	0.308851136363636	0.035745454545455		1
000306:	0.065215909090909	0.048367045454545	0.043414204545455	0.720575568181818	0.083633522727273	0.038793750000000		1
000307:	0.024238068181818	0.422178409090909	0.044498863636364	0.088221590909091	0.397419886363636	0.023443181818182		1
000308:	0.022763636363636	0.027400000000000	0.171375000000000	0.057103409090909	0.707642613636364	0.013715340909091		1
000309:	0.034889204545455	0.028751704545455	0.406345454545455	0.143003409090909	0.337028409090909	0.049981818181818		1
000310:	0.029176136363636	0.019369318181818	0.047435227272727	0.801225568181818	0.083792045454545	0.019001704545455		1
000311:	0.101506818181818	0.141880681818182	0.199235795454545	0.182093181818182	0.269175568181818	0.106107954545455		1
000312:	0.096265909090909	0.049765340909091	0.533598863636364	0.042276136363636	0.057508522727273	0.220585227272727		1
000313:	0.160785795454545	0.053066477272727	0.213243181818182	0.053869886363636	0.104365340909091	0.414669318181818		1
000314:	0.400133522727273	0.174944318181818	0.089061363636364	0.093340340909091	0.115729545454545	0.126790909090909		1
000315:	0.212444886363636	0.055421022727273	0.143597727272727	0.036355681818182	0.148792045454545	0.403388636363636		1
000316:	0.125564772727273	0.041809659090909	0.613258522727273	0.060872159090909	0.128755681818182	0.029739204545455		1
000317:	0.685724431818182	0.076717045454545	0.067305681818182	0.028394318181818	0.093819318181818	0.048039204545455		1
000318:	0.014859090909091	0.004785795454545	0.842164204545455	0.004680681818182	0.034835227272727	0.098675000000000		1
000319:	0.050731818181818	0.019118181818182	0.017571022727273	0.841688636363636	0.057936363636364	0.012953977272727		1
000320:	0.066338636363636	0.067099431818182	0.070336363636364	0.174048863636364	0.553382386363636	0.068794318181818		1
000321:	0.013293750000000	0.026564204545455	0.038052840909091	0.040648295454545	0.868900000000000	0.012540909090909		1
000322:	0.046772727272727	0.152778977272727	0.027805681818182	0.068286363636364	0.686075000000000	0.018281250000000		1
000323:	0.121264204545455	0.059072159090909	0.123967613636364	0.103379545454545	0.253602272727273	0.338714204545455		1
000324:	0.039498863636364	0.250617613636364	0.097504545454545	0.155735795454545	0.436360227272727	0.020282954545455		1
000325:	0.004454545454545	0.017564204545455	0.011140909090909	0.849389204545455	0.105015340909091	0.012435795454545		1
000326:	0.020625000000000	0.145681818181818	0.640554545454545	0.039017613636364	0.127659659090909	0.026461363636364		1
000327:	0.099448295454545	0.115535227272727	0.148959090909091	0.079167613636364	0.517783522727273	0.039106250000000		1
000328:	0.368217045454545	0.211166477272727	0.012778409090909	0.002570454545455	0.035927840909091	0.369339772727273		1
000329:	0.029796590909091	0.114135795454545	0.242411931818182	0.128238068181818	0.411829545454545	0.073588068181818		1
000330:	0.032080681818182	0.454576136363636	0.031053409090909	0.119630113636364	0.323076704545455	0.039582954545455		1
000331:	0.011933522727273	0.715276704545455	0.036851704545455	0.034034090909091	0.178260795454545	0.023643181818182		1
