Estimated Clustering Probabilities for Samples
Sample	***Cluster  01***	***Cluster  02***	***Cluster  03***	***Cluster  04***	***Cluster  05***	***Cluster  06***	
000001:	0.494271022727273	0.012003977272727	0.114679545454545	0.017215340909091	0.268001136363636	0.093828977272727		1
000002:	0.824522727272727	0.005136931818182	0.054106818181818	0.007956250000000	0.049024431818182	0.059252840909091		1
000003:	0.778493750000000	0.087962500000000	0.035007386363636	0.007801704545455	0.058318750000000	0.032415909090909		1
000004:	0.452169318181818	0.008178977272727	0.029992045454545	0.008697727272727	0.061522727272727	0.439439204545455		1
000005:	0.810313636363636	0.006121590909091	0.046764204545455	0.009060795454545	0.107983522727273	0.019756250000000		1
000006:	0.427817045454545	0.008743181818182	0.030590340909091	0.017381250000000	0.157792613636364	0.357675568181818		1
000007:	0.831505681818182	0.016345454545455	0.054027840909091	0.014197159090909	0.031928409090909	0.051995454545455		1
000008:	0.854560227272727	0.046951704545455	0.018996022727273	0.006050000000000	0.022666477272727	0.050775568181818		1
000009:	0.815259659090909	0.008360795454545	0.029950568181818	0.029225568181818	0.042093750000000	0.075109659090909		1
000010:	0.847840340909091	0.006384090909091	0.034051136363636	0.011696022727273	0.067382954545455	0.032645454545455		1
000011:	0.299960227272727	0.154851136363636	0.073294886363636	0.034871590909091	0.209795454545455	0.227226704545455		1
000012:	0.059030113636364	0.082290340909091	0.024243750000000	0.129523863636364	0.387723295454545	0.317188636363636		1
000013:	0.063275568181818	0.143308522727273	0.036105681818182	0.233795454545455	0.215862500000000	0.307652272727273		1
000014:	0.024092613636364	0.017681250000000	0.013103409090909	0.025819886363636	0.023282954545455	0.896019886363636		1
000015:	0.408823863636364	0.075001136363636	0.026663636363636	0.077576136363636	0.144674431818182	0.267260795454545		1
000016:	0.043918750000000	0.020339772727273	0.012390909090909	0.017072159090909	0.028740340909091	0.877538068181818		1
000017:	0.080702272727273	0.055985227272727	0.048480113636364	0.033516477272727	0.697249431818182	0.084066477272727		1
000018:	0.056723863636364	0.071516477272727	0.019073863636364	0.678943181818182	0.105581250000000	0.068161363636364		1
000019:	0.246365340909091	0.179606818181818	0.040815909090909	0.052340340909091	0.428689204545455	0.052182386363636		1
000020:	0.110315909090909	0.067064772727273	0.025631250000000	0.056642613636364	0.334142045454545	0.406203409090909		1
000021:	0.027132954545455	0.047895454545455	0.059210795454545	0.040984090909091	0.798232386363636	0.026544318181818		1
000022:	0.134384090909091	0.055339204545455	0.030397727272727	0.126464204545455	0.529867613636364	0.123547159090909		1
000023:	0.140223295454545	0.343125568181818	0.036340340909091	0.056252272727273	0.336913068181818	0.087145454545455		1
000024:	0.047072159090909	0.030847159090909	0.011183522727273	0.029873295454545	0.042466477272727	0.838557386363636		1
000025:	0.093023295454545	0.393528977272727	0.025768181818182	0.170341477272727	0.135014772727273	0.182323295454545		1
000026:	0.108769886363636	0.164759659090909	0.024832954545455	0.189697159090909	0.469029545454545	0.042910795454545		1
000027:	0.059719318181818	0.090841477272727	0.021843750000000	0.330196590909091	0.442993181818182	0.054405681818182		1
000028:	0.076292613636364	0.051402840909091	0.254011931818182	0.036343750000000	0.519483522727273	0.062465340909091		1
000029:	0.140480681818182	0.124163636363636	0.050230681818182	0.105603977272727	0.432925568181818	0.146595454545455		1
000030:	0.149373863636364	0.454297727272727	0.040470454545455	0.042960227272727	0.129601704545455	0.183296022727273		1
000031:	0.045932386363636	0.104926136363636	0.028946022727273	0.507956250000000	0.259228977272727	0.053010227272727		1
000032:	0.043542613636364	0.061748863636364	0.034936363636364	0.067160795454545	0.717573863636364	0.075037500000000		1
000033:	0.073152840909091	0.099676136363636	0.036639204545455	0.043132386363636	0.681965340909091	0.065434090909091		1
000034:	0.008931818181818	0.010826136363636	0.005864772727273	0.021264772727273	0.041719318181818	0.911393181818182		1
000035:	0.075467045454545	0.156885795454545	0.077878977272727	0.117457954545455	0.518071590909091	0.054238636363636		1
000036:	0.083290909090909	0.038900000000000	0.051782954545455	0.122893750000000	0.572527272727273	0.130605113636364		1
000037:	0.103385227272727	0.077631250000000	0.024739772727273	0.093994318181818	0.569750000000000	0.130499431818182		1
000038:	0.140371590909091	0.485440340909091	0.070306250000000	0.050841477272727	0.143866477272727	0.109173863636364		1
000039:	0.073345454545455	0.274302272727273	0.036721590909091	0.156325000000000	0.318561363636364	0.140744318181818		1
000040:	0.060417613636364	0.049109090909091	0.016042613636364	0.043123863636364	0.076747159090909	0.754559659090909		1
000041:	0.091632954545455	0.048098295454545	0.032505681818182	0.123261363636364	0.519096022727273	0.185405681818182		1
000042:	0.064658522727273	0.143629545454545	0.045736931818182	0.143298295454545	0.441273295454545	0.161403409090909		1
000043:	0.209362500000000	0.065457954545455	0.037547727272727	0.049367613636364	0.491430681818182	0.146833522727273		1
000044:	0.159382954545455	0.089304545454545	0.032953409090909	0.090882386363636	0.486270454545455	0.141206250000000		1
000045:	0.068288636363636	0.075607954545455	0.038101136363636	0.296222727272727	0.486217613636364	0.035561931818182		1
000046:	0.152240340909091	0.117121022727273	0.218484090909091	0.169706250000000	0.280018181818182	0.062430113636364		1
000047:	0.231585227272727	0.302825568181818	0.071655113636364	0.047026136363636	0.234112500000000	0.112795454545455		1
000048:	0.727327840909091	0.043400000000000	0.043606250000000	0.019277272727273	0.093994886363636	0.072393750000000		1
000049:	0.376965909090909	0.120481250000000	0.030501704545455	0.027899431818182	0.385291477272727	0.058860227272727		1
000050:	0.247884090909091	0.069988068181818	0.056365340909091	0.064263068181818	0.293618750000000	0.267880681818182		1
000051:	0.068393750000000	0.015509659090909	0.008831818181818	0.024422159090909	0.025395454545455	0.857447159090909		1
000052:	0.079150000000000	0.009945454545455	0.014930113636364	0.010020454545455	0.037880681818182	0.848073295454545		1
000053:	0.198797159090909	0.101872727272727	0.031052840909091	0.042747727272727	0.418934659090909	0.206594886363636		1
000054:	0.218355681818182	0.240983522727273	0.058268750000000	0.100967613636364	0.309882954545455	0.071541477272727		1
000055:	0.564922159090909	0.024232954545455	0.035882954545455	0.045818750000000	0.132993181818182	0.196150000000000		1
000056:	0.381480681818182	0.072106818181818	0.052585227272727	0.119940909090909	0.242695454545455	0.131190909090909		1
000057:	0.159560227272727	0.026046590909091	0.056327272727273	0.117098863636364	0.556476704545455	0.084490340909091		1
000058:	0.140344318181818	0.559809659090909	0.030325000000000	0.032981250000000	0.202803977272727	0.033735795454545		1
000059:	0.062780113636364	0.082494886363636	0.021068181818182	0.040126704545455	0.749523863636364	0.044006250000000		1
000060:	0.014052272727273	0.585740340909091	0.013495454545455	0.126872727272727	0.248375000000000	0.011464204545455		1
000061:	0.252611931818182	0.062092613636364	0.037002272727273	0.034572159090909	0.542667045454545	0.071053977272727		1
000062:	0.037193181818182	0.008075000000000	0.007345454545455	0.009485227272727	0.013680681818182	0.924220454545455		1
000063:	0.112824431818182	0.011589772727273	0.026985227272727	0.010560795454545	0.026504545454545	0.811535227272727		1
000064:	0.087589204545455	0.006892613636364	0.017736931818182	0.007439772727273	0.028906250000000	0.851435227272727		1
000065:	0.695163068181818	0.048177840909091	0.029060227272727	0.033975000000000	0.126050000000000	0.067573863636364		1
000066:	0.237957954545455	0.035913636363636	0.027076136363636	0.079090909090909	0.530891477272727	0.089069886363636		1
000067:	0.271088636363636	0.018699431818182	0.026653409090909	0.014990909090909	0.034090340909091	0.634477272727273		1
000068:	0.175368750000000	0.072792613636364	0.036500568181818	0.053821590909091	0.624404545454545	0.037111931818182		1
000069:	0.163079545454545	0.039177272727273	0.028573863636364	0.039292045454545	0.632820454545455	0.097056818181818		1
000070:	0.182792613636364	0.095060795454545	0.066230113636364	0.116975568181818	0.328940909090909	0.210000000000000		1
000071:	0.094968181818182	0.071660795454545	0.035944886363636	0.053664772727273	0.707223295454545	0.036538068181818		1
000072:	0.437363068181818	0.062559090909091	0.084357954545455	0.036381250000000	0.248910795454545	0.130427840909091		1
000073:	0.579396022727273	0.050735795454545	0.046444886363636	0.056103977272727	0.164653977272727	0.102665340909091		1
000074:	0.094774431818182	0.094747159090909	0.033832954545455	0.352402272727273	0.184312500000000	0.239930681818182		1
000075:	0.376087500000000	0.172494318181818	0.056705681818182	0.072670454545455	0.248735795454545	0.073306250000000		1
000076:	0.133568181818182	0.163880113636364	0.391201704545455	0.077767045454545	0.197832386363636	0.035750568181818		1
000077:	0.243137500000000	0.228214772727273	0.167756250000000	0.084995454545455	0.157296022727273	0.118600000000000		1
000078:	0.299060227272727	0.039821590909091	0.059980113636364	0.022831250000000	0.413488068181818	0.164818750000000		1
000079:	0.120356250000000	0.422909659090909	0.047490340909091	0.035147727272727	0.306093181818182	0.068002840909091		1
000080:	0.087705681818182	0.538414204545455	0.035356250000000	0.040892613636364	0.275866477272727	0.021764772727273		1
000081:	0.568879545454545	0.022919318181818	0.044047159090909	0.037589772727273	0.270811931818182	0.055752272727273		1
000082:	0.419504545454545	0.051806250000000	0.068944886363636	0.034799431818182	0.359953977272727	0.064990909090909		1
000083:	0.380705113636364	0.091968181818182	0.038454545454545	0.071553977272727	0.387471022727273	0.029847159090909		1
000084:	0.032408522727273	0.021304545454545	0.015698295454545	0.016754545454545	0.026504545454545	0.887329545454545		1
000085:	0.205596590909091	0.039188068181818	0.068555113636364	0.113934090909091	0.420456250000000	0.152269886363636		1
000086:	0.143636363636364	0.099909090909091	0.057435795454545	0.056103977272727	0.173914772727273	0.469000000000000		1
000087:	0.122601136363636	0.027253977272727	0.018625000000000	0.031249431818182	0.751901704545455	0.048368750000000		1
000088:	0.096222727272727	0.045729545454545	0.023996590909091	0.116844886363636	0.675524431818182	0.041681818181818		1
000089:	0.102543181818182	0.039407386363636	0.038363068181818	0.086643750000000	0.674525568181818	0.058517045454545		1
000090:	0.117031818181818	0.105872727272727	0.045650568181818	0.507574431818182	0.126367613636364	0.097502840909091		1
000091:	0.060772727272727	0.676668750000000	0.073511931818182	0.034726136363636	0.099773295454545	0.054547159090909		1
000092:	0.294112500000000	0.102225568181818	0.054256250000000	0.076181818181818	0.382982954545455	0.090240909090909		1
000093:	0.295153409090909	0.097569318181818	0.087820454545455	0.303882386363636	0.136196022727273	0.079378409090909		1
000094:	0.159880113636364	0.360497727272727	0.047501704545455	0.071793750000000	0.306006250000000	0.054320454545455		1
000095:	0.615946022727273	0.045248295454545	0.046280113636364	0.064358522727273	0.089772727272727	0.138394318181818		1
000096:	0.094932954545455	0.021348295454545	0.011633522727273	0.016305681818182	0.029261931818182	0.826517613636364		1
000097:	0.113335795454545	0.099975000000000	0.016752840909091	0.041215340909091	0.695613636363636	0.033107386363636		1
000098:	0.129988636363636	0.042119886363636	0.022325000000000	0.040373863636364	0.733982954545455	0.031209659090909		1
000099:	0.167634659090909	0.102150568181818	0.025577840909091	0.042546022727273	0.356686363636364	0.305404545454545		1
000100:	0.131208522727273	0.027002272727273	0.019113636363636	0.032038636363636	0.101461931818182	0.689175000000000		1
000101:	0.073604545454545	0.015049431818182	0.027401136363636	0.061498863636364	0.781596022727273	0.040850000000000		1
000102:	0.147665340909091	0.065707386363636	0.025856250000000	0.054250568181818	0.485084659090909	0.221435795454545		1
000103:	0.145211363636364	0.468749431818182	0.050288068181818	0.045587500000000	0.225807954545455	0.064355681818182		1
000104:	0.215740340909091	0.040991477272727	0.020773863636364	0.044471022727273	0.093002272727273	0.585021022727273		1
000105:	0.001518181818182	0.000609090909091	0.000236363636364	0.001356250000000	0.062960227272727	0.933319886363636		1
000106:	0.110932386363636	0.040378977272727	0.027198863636364	0.113099431818182	0.676052840909091	0.032337500000000		1
000107:	0.196113636363636	0.024505113636364	0.029114204545455	0.035547727272727	0.290018181818182	0.424701136363636		1
000108:	0.076211363636364	0.038376136363636	0.022638636363636	0.039834090909091	0.095236931818182	0.727702840909091		1
000109:	0.132834659090909	0.079579545454545	0.037822159090909	0.127780681818182	0.567593181818182	0.054389772727273		1
000110:	0.048557386363636	0.706656818181818	0.037365340909091	0.036602840909091	0.058676704545455	0.112140909090909		1
000111:	0.170524431818182	0.061951704545455	0.073301704545455	0.044498863636364	0.139498295454545	0.510225000000000		1
000112:	0.095196022727273	0.061088068181818	0.042153977272727	0.141471022727273	0.537818181818182	0.122272727272727		1
000113:	0.344060227272727	0.057059659090909	0.025622727272727	0.035386363636364	0.361410227272727	0.176460795454545		1
000114:	0.012977272727273	0.132372727272727	0.776992613636364	0.056564772727273	0.014652272727273	0.006440340909091		1
000115:	0.256393181818182	0.103465340909091	0.063183522727273	0.127327840909091	0.295258522727273	0.154371590909091		1
000116:	0.278628409090909	0.049644886363636	0.027396590909091	0.052636931818182	0.099375568181818	0.492317613636364		1
000117:	0.144148863636364	0.027323863636364	0.065553977272727	0.186842045454545	0.467425000000000	0.108706250000000		1
000118:	0.415713068181818	0.026303409090909	0.074692613636364	0.033232386363636	0.253264772727273	0.196793750000000		1
000119:	0.007148863636364	0.002270454545455	0.954648295454545	0.000867613636364	0.034281818181818	0.000782954545455		1
000120:	0.536819318181818	0.031635795454545	0.030874431818182	0.058361363636364	0.143259659090909	0.199049431818182		1
000121:	0.219511363636364	0.189296022727273	0.065485795454545	0.124345454545455	0.339960227272727	0.061401136363636		1
000122:	0.063347159090909	0.010294318181818	0.009528409090909	0.057523863636364	0.843012500000000	0.016293750000000		1
000123:	0.409993750000000	0.328973295454545	0.046246590909091	0.042740909090909	0.127868181818182	0.044177272727273		1
000124:	0.131608522727273	0.172882954545455	0.105869886363636	0.068859090909091	0.479924431818182	0.040855113636364		1
000125:	0.472634090909091	0.046117045454545	0.161551136363636	0.027180681818182	0.185703409090909	0.106813636363636		1
000126:	0.150028409090909	0.036637500000000	0.679771022727273	0.027092613636364	0.059091477272727	0.047378977272727		1
000127:	0.419336931818182	0.142148863636364	0.035426136363636	0.084726704545455	0.175828409090909	0.142532954545455		1
000128:	0.522307954545455	0.129015340909091	0.021946590909091	0.026846022727273	0.236518750000000	0.063365340909091		1
000129:	0.097978977272727	0.138028977272727	0.026104545454545	0.425117045454545	0.278613068181818	0.034157386363636		1
000130:	0.322884659090909	0.384144886363636	0.045777272727273	0.030528409090909	0.086479545454545	0.130185227272727		1
000131:	0.201124431818182	0.046793750000000	0.073956250000000	0.065826704545455	0.512659090909091	0.099639772727273		1
000132:	0.121911363636364	0.016250000000000	0.016376136363636	0.026983522727273	0.093580113636364	0.724898863636364		1
000133:	0.187660795454545	0.389925568181818	0.159985227272727	0.080130681818182	0.101570454545455	0.080727272727273		1
000134:	0.277680113636364	0.443587500000000	0.039817045454545	0.055524431818182	0.127527272727273	0.055863636363636		1
000135:	0.129741477272727	0.147565909090909	0.028109090909091	0.330773295454545	0.336426704545455	0.027383522727273		1
000136:	0.453201704545455	0.115410227272727	0.041919886363636	0.047718750000000	0.214347159090909	0.127402272727273		1
000137:	0.117959659090909	0.082036931818182	0.033467613636364	0.156482954545455	0.548852272727273	0.061200568181818		1
000138:	0.620263068181818	0.091574431818182	0.048082386363636	0.051077840909091	0.163427272727273	0.025575000000000		1
000139:	0.267476704545455	0.079559090909091	0.069057954545455	0.035490909090909	0.477210227272727	0.071205113636364		1
000140:	0.084460795454545	0.430391477272727	0.024341477272727	0.254955113636364	0.156242613636364	0.049608522727273		1
000141:	0.309918181818182	0.019880681818182	0.042259659090909	0.101697727272727	0.064284659090909	0.461959090909091		1
000142:	0.196640909090909	0.072611931818182	0.025817613636364	0.242599431818182	0.362016477272727	0.100313636363636		1
000143:	0.222366477272727	0.153239204545455	0.020250000000000	0.031308522727273	0.516028409090909	0.056807386363636		1
000144:	0.282272159090909	0.028927272727273	0.035929545454545	0.071357954545455	0.438473295454545	0.143039772727273		1
000145:	0.053577272727273	0.017001136363636	0.013978977272727	0.012614204545455	0.068086363636364	0.834742045454545		1
000146:	0.322092045454545	0.053844318181818	0.020838068181818	0.313563636363636	0.194832386363636	0.094829545454545		1
000147:	0.559316477272727	0.026767045454545	0.016638068181818	0.067165340909091	0.164894886363636	0.165218181818182		1
000148:	0.643580113636364	0.106780681818182	0.028728409090909	0.028898295454545	0.121928409090909	0.070084090909091		1
000149:	0.240521022727273	0.057588068181818	0.039121022727273	0.122721590909091	0.437198863636364	0.102849431818182		1
000150:	0.061852840909091	0.196713068181818	0.026707954545455	0.112644318181818	0.546294318181818	0.055787500000000		1
000151:	0.018886931818182	0.003701136363636	0.200063068181818	0.003596022727273	0.009732954545455	0.764019886363636		1
000152:	0.452035795454545	0.173731818181818	0.064382386363636	0.035043181818182	0.189893181818182	0.084913636363636		1
000153:	0.132193750000000	0.039940340909091	0.020679545454545	0.105623863636364	0.582318181818182	0.119244318181818		1
000154:	0.722858522727273	0.025024431818182	0.032343181818182	0.019276136363636	0.036291477272727	0.164206250000000		1
000155:	0.121798863636364	0.161654545454545	0.020033522727273	0.085598863636364	0.183100000000000	0.427814204545455		1
000156:	0.110975000000000	0.030447727272727	0.028482954545455	0.075761363636364	0.455417613636364	0.298915340909091		1
000157:	0.222365909090909	0.016268181818182	0.053799431818182	0.012976704545455	0.023879545454545	0.670710227272727		1
000158:	0.293239204545455	0.020974431818182	0.281778977272727	0.033013636363636	0.289155681818182	0.081838068181818		1
000159:	0.103127840909091	0.037584090909091	0.197782386363636	0.051828977272727	0.101444318181818	0.508232386363636		1
000160:	0.103150568181818	0.007824431818182	0.776601136363636	0.015738068181818	0.017363636363636	0.079322159090909		1
000161:	0.565661931818182	0.021164772727273	0.234650000000000	0.038634090909091	0.065595454545455	0.074293750000000		1
000162:	0.204056818181818	0.030000568181818	0.212773863636364	0.457429545454545	0.067166477272727	0.028572727272727		1
000163:	0.854455113636364	0.009873295454545	0.041693750000000	0.010994886363636	0.042436363636364	0.040546590909091		1
000164:	0.307631818181818	0.011525568181818	0.046687500000000	0.010259659090909	0.042892045454545	0.581003409090909		1
000165:	0.884985227272727	0.010940909090909	0.032030113636364	0.009982954545455	0.020789772727273	0.041271022727273		1
000166:	0.871985227272727	0.009111363636364	0.024778977272727	0.008990340909091	0.018383522727273	0.066750568181818		1
000167:	0.701618181818182	0.039267613636364	0.092839772727273	0.019035227272727	0.098964772727273	0.048274431818182		1
000168:	0.138966477272727	0.092218181818182	0.032250568181818	0.053570454545455	0.275672727272727	0.407321590909091		1
000169:	0.186792045454545	0.055463068181818	0.033609090909091	0.056260227272727	0.627932954545455	0.039942613636364		1
000170:	0.795340909090909	0.043607954545455	0.024361931818182	0.031594886363636	0.079157954545455	0.025936363636364		1
000171:	0.287965909090909	0.033002840909091	0.013103977272727	0.042944318181818	0.071066477272727	0.551916477272727		1
000172:	0.494019318181818	0.056431250000000	0.057066477272727	0.089809090909091	0.246415340909091	0.056258522727273		1
000173:	0.312482954545455	0.017103977272727	0.021569318181818	0.042232954545455	0.422869886363636	0.183740909090909		1
000174:	0.207228977272727	0.071080113636364	0.018322159090909	0.282509659090909	0.332607954545455	0.088251136363636		1
000175:	0.032731818181818	0.009173295454545	0.009613068181818	0.010167613636364	0.022048295454545	0.916265909090909		1
000176:	0.147557954545455	0.029675000000000	0.032700000000000	0.027910795454545	0.656505681818182	0.105650568181818		1
000177:	0.183882954545455	0.081050000000000	0.021343181818182	0.059732386363636	0.539732954545455	0.114258522727273		1
000178:	0.300878977272727	0.068532386363636	0.018992045454545	0.100616477272727	0.324840340909091	0.186139772727273		1
000179:	0.042350000000000	0.014528409090909	0.005237500000000	0.017101704545455	0.060349431818182	0.860432954545455		1
000180:	0.093049431818182	0.010053977272727	0.013038636363636	0.035444318181818	0.045082954545455	0.803330681818182		1
000181:	0.000267613636364	0.000036931818182	0.000018181818182	0.000061363636364	0.004272727272727	0.995343181818182		1
000182:	0.162148863636364	0.071324431818182	0.039782954545455	0.214363636363636	0.306025568181818	0.206354545454545		1
000183:	0.135055681818182	0.013759090909091	0.008245454545455	0.024339772727273	0.048302272727273	0.770297727272727		1
000184:	0.134339204545455	0.296218750000000	0.004969318181818	0.006417613636364	0.155065340909091	0.402989772727273		1
000185:	0.187670454545455	0.166942045454545	0.077212500000000	0.174182386363636	0.271793181818182	0.122199431818182		1
000186:	0.038485795454545	0.023492613636364	0.026786363636364	0.021203409090909	0.107977272727273	0.782054545454545		1
000187:	0.030448295454545	0.021473863636364	0.008161363636364	0.016675568181818	0.030886363636364	0.892354545454545		1
000188:	0.279085795454545	0.061138636363636	0.173107386363636	0.035275000000000	0.149015340909091	0.302377840909091		1
000189:	0.404461931818182	0.027225568181818	0.026978409090909	0.035511363636364	0.433452840909091	0.072369886363636		1
000190:	0.518268750000000	0.141514772727273	0.043681818181818	0.038061363636364	0.213805113636364	0.044668181818182		1
000191:	0.303503409090909	0.015021022727273	0.026836931818182	0.078725000000000	0.514477272727273	0.061436363636364		1
000192:	0.084989772727273	0.042570454545455	0.024883522727273	0.027118181818182	0.731771022727273	0.088667045454545		1
000193:	0.110352840909091	0.043567045454545	0.034298295454545	0.052698863636364	0.509130113636364	0.249952840909091		1
000194:	0.421059090909091	0.178243181818182	0.032607386363636	0.070739204545455	0.215410795454545	0.081940340909091		1
000195:	0.084632386363636	0.046575568181818	0.012526136363636	0.043062500000000	0.767331818181818	0.045871590909091		1
000196:	0.283185227272727	0.018172727272727	0.166852840909091	0.014999431818182	0.043370454545455	0.473419318181818		1
000197:	0.648530113636364	0.013616477272727	0.056048863636364	0.022744318181818	0.202840340909091	0.056219886363636		1
000198:	0.304989772727273	0.041171022727273	0.132207386363636	0.142963068181818	0.256932954545455	0.121735795454545		1
000199:	0.805192045454545	0.015091477272727	0.059475568181818	0.022568181818182	0.039340340909091	0.058332386363636		1
000200:	0.775205681818182	0.014412500000000	0.092906250000000	0.017607954545455	0.044455681818182	0.055411931818182		1
000201:	0.168167045454545	0.015028977272727	0.028931250000000	0.010539772727273	0.024634090909091	0.752698863636364		1
000202:	0.069176704545455	0.050184659090909	0.010955113636364	0.042111363636364	0.301696590909091	0.525875568181818		1
000203:	0.645064204545455	0.053692613636364	0.025234090909091	0.044652272727273	0.108155113636364	0.123201704545455		1
000204:	0.489513068181818	0.054364772727273	0.053126136363636	0.036048295454545	0.081142045454545	0.285805681818182		1
000205:	0.281944886363636	0.056476704545455	0.043320454545455	0.045254545454545	0.125893181818182	0.447110227272727		1
000206:	0.207985795454545	0.532201136363636	0.030350000000000	0.042659090909091	0.106609659090909	0.080194318181818		1
000207:	0.002560227272727	0.001119886363636	0.000356818181818	0.741025568181818	0.002489204545455	0.252448295454545		1
000208:	0.407295454545455	0.038669886363636	0.051565340909091	0.042375000000000	0.184469886363636	0.275624431818182		1
000209:	0.330305681818182	0.025190909090909	0.047235227272727	0.022676704545455	0.094318181818182	0.480273295454545		1
000210:	0.471885795454545	0.031627840909091	0.030455113636364	0.031712500000000	0.123559659090909	0.310759090909091		1
000211:	0.682176704545455	0.021866477272727	0.043979545454545	0.039860227272727	0.116340909090909	0.095776136363636		1
000212:	0.492651136363636	0.026207954545455	0.197106250000000	0.023209090909091	0.088673863636364	0.172151704545455		1
000213:	0.693884659090909	0.016553409090909	0.053468181818182	0.023908522727273	0.035590340909091	0.176594886363636		1
000214:	0.617909659090909	0.029122727272727	0.130367613636364	0.023603977272727	0.135349431818182	0.063646590909091		1
000215:	0.296523295454545	0.152735227272727	0.222863068181818	0.017458522727273	0.220929545454545	0.089490340909091		1
000216:	0.477126704545455	0.025223863636364	0.146112500000000	0.021127272727273	0.045318181818182	0.285091477272727		1
000217:	0.605448863636364	0.035115909090909	0.135587500000000	0.017369886363636	0.040409090909091	0.166068750000000		1
000218:	0.758061363636364	0.015514204545455	0.069646590909091	0.014593750000000	0.040981250000000	0.101202840909091		1
000219:	0.766934090909091	0.022567045454545	0.105944318181818	0.013194318181818	0.023553409090909	0.067806818181818		1
000220:	0.776275568181818	0.015339772727273	0.087124431818182	0.015545454545455	0.023080681818182	0.082634090909091		1
000221:	0.777433522727273	0.020504545454545	0.063136931818182	0.009547159090909	0.047717613636364	0.081660227272727		1
000222:	0.192841477272727	0.013374431818182	0.077769318181818	0.006281250000000	0.013512500000000	0.696221022727273		1
000223:	0.409070454545455	0.031811363636364	0.163911931818182	0.154388068181818	0.086054545454545	0.154763636363636		1
000224:	0.048169318181818	0.559081818181818	0.045355113636364	0.092679545454545	0.180544886363636	0.074169318181818		1
000225:	0.608068181818182	0.358138068181818	0.014945454545455	0.005635227272727	0.007488636363636	0.005724431818182		1
000226:	0.088163636363636	0.180059090909091	0.169159659090909	0.046757954545455	0.317592613636364	0.198267045454545		1
000227:	0.080859090909091	0.358824431818182	0.128166477272727	0.182889772727273	0.191105113636364	0.058155113636364		1
000228:	0.031753409090909	0.315533522727273	0.466673295454545	0.133011363636364	0.020467045454545	0.032561363636364		1
000229:	0.139433522727273	0.631913636363636	0.040629545454545	0.036948863636364	0.122487500000000	0.028586931818182		1
000230:	0.047592045454545	0.072708522727273	0.788702272727273	0.019501704545455	0.019843750000000	0.051651704545455		1
000231:	0.151903409090909	0.238092045454545	0.168823295454545	0.147763068181818	0.253108522727273	0.040309659090909		1
000232:	0.149565909090909	0.271529545454545	0.178014204545455	0.039520454545455	0.051296590909091	0.310073295454545		1
000233:	0.047055113636364	0.402753409090909	0.116346590909091	0.107065909090909	0.287888636363636	0.038890340909091		1
000234:	0.002693181818182	0.982266477272727	0.004790340909091	0.004398295454545	0.003092045454545	0.002759659090909		1
000235:	0.021635795454545	0.445505681818182	0.046916477272727	0.404384659090909	0.027556818181818	0.054000568181818		1
000236:	0.043235795454545	0.246101704545455	0.303949431818182	0.095113636363636	0.049981818181818	0.261617613636364		1
000237:	0.034691477272727	0.671813636363636	0.043655681818182	0.080879545454545	0.138310227272727	0.030649431818182		1
000238:	0.050144318181818	0.068468181818182	0.055402272727273	0.042486363636364	0.029220454545455	0.754278409090909		1
000239:	0.037808522727273	0.638465340909091	0.123528409090909	0.037320454545455	0.074155681818182	0.088721590909091		1
000240:	0.022802272727273	0.076101136363636	0.760287500000000	0.059426704545455	0.055467613636364	0.025914772727273		1
000241:	0.030512500000000	0.099519886363636	0.174517045454545	0.139496022727273	0.172270454545455	0.383684090909091		1
000242:	0.039412500000000	0.296969318181818	0.061332386363636	0.139086363636364	0.418089204545455	0.045110227272727		1
000243:	0.007416477272727	0.366601136363636	0.535236363636364	0.033002272727273	0.040594318181818	0.017149431818182		1
000244:	0.080402840909091	0.391271022727273	0.227894886363636	0.082829545454545	0.146679545454545	0.070922159090909		1
000245:	0.036402840909091	0.532247159090909	0.188578977272727	0.051886931818182	0.161284090909091	0.029600000000000		1
000246:	0.039402272727273	0.613796590909091	0.101294318181818	0.118896590909091	0.092161931818182	0.034448295454545		1
000247:	0.064168750000000	0.689613068181818	0.075048863636364	0.047417045454545	0.079084659090909	0.044667613636364		1
000248:	0.056025568181818	0.494495454545455	0.325068750000000	0.031244886363636	0.048709090909091	0.044456250000000		1
000249:	0.015170454545455	0.553322727272727	0.257081250000000	0.132346022727273	0.018821022727273	0.023258522727273		1
000250:	0.023938636363636	0.650466477272727	0.038680113636364	0.073646590909091	0.161948863636364	0.051319318181818		1
000251:	0.043800568181818	0.558068750000000	0.187061363636364	0.063582954545455	0.096628977272727	0.050857386363636		1
000252:	0.052139204545455	0.338776136363636	0.363703977272727	0.036311931818182	0.047195454545455	0.161873295454545		1
000253:	0.025627272727273	0.774869318181818	0.083085795454545	0.029909659090909	0.042678409090909	0.043829545454545		1
000254:	0.058758522727273	0.755186363636364	0.075997727272727	0.036547159090909	0.025175000000000	0.048335227272727		1
000255:	0.038244318181818	0.843623295454546	0.040785227272727	0.026994886363636	0.023015909090909	0.027336363636364		1
000256:	0.175582954545455	0.417592613636364	0.098530113636364	0.049528409090909	0.187451136363636	0.071314772727273		1
000257:	0.065558522727273	0.062438068181818	0.152165340909091	0.023194318181818	0.019613068181818	0.677030681818182		1
000258:	0.266655113636364	0.090836363636364	0.080632954545455	0.035937500000000	0.447232954545455	0.078705113636364		1
000259:	0.025735795454545	0.028818181818182	0.021273295454545	0.013842613636364	0.013588636363636	0.896741477272727		1
000260:	0.048988636363636	0.284615909090909	0.436563636363636	0.070772727272727	0.119365909090909	0.039693181818182		1
000261:	0.089592613636364	0.362676704545455	0.191750568181818	0.064201136363636	0.038402840909091	0.253376136363636		1
000262:	0.043418750000000	0.128924431818182	0.256859659090909	0.031826136363636	0.047590340909091	0.491380681818182		1
000263:	0.279052272727273	0.102927840909091	0.150683522727273	0.053728977272727	0.285454545454545	0.128152840909091		1
000264:	0.066727272727273	0.055407954545455	0.066066477272727	0.023480681818182	0.022298295454545	0.766019318181818		1
000265:	0.593878409090909	0.172678409090909	0.067979545454545	0.020133522727273	0.033408522727273	0.111921590909091		1
000266:	0.087182954545455	0.682475000000000	0.049323295454545	0.039222727272727	0.055843750000000	0.085952272727273		1
000267:	0.026227272727273	0.863443750000000	0.044413068181818	0.023183522727273	0.024450568181818	0.018281818181818		1
000268:	0.266177840909091	0.129612500000000	0.089904545454545	0.074000568181818	0.341675568181818	0.098628977272727		1
000269:	0.059115340909091	0.354805681818182	0.033150568181818	0.423102272727273	0.086081818181818	0.043744318181818		1
000270:	0.036432954545455	0.020947159090909	0.033392613636364	0.023621022727273	0.015972159090909	0.869634090909091		1
000271:	0.021985227272727	0.682843750000000	0.070428977272727	0.106165340909091	0.017024431818182	0.101552272727273		1
000272:	0.009272159090909	0.534883522727273	0.029337500000000	0.008535227272727	0.383746022727273	0.034225568181818		1
000273:	0.056605681818182	0.318142613636364	0.064772727272727	0.121813068181818	0.063905113636364	0.374760795454545		1
000274:	0.034672727272727	0.798322727272727	0.061877272727273	0.030009090909091	0.026921590909091	0.048196590909091		1
000275:	0.110833522727273	0.396265909090909	0.092812500000000	0.073573295454545	0.249217613636364	0.077297159090909		1
000276:	0.039028409090909	0.049278409090909	0.060664204545455	0.019180113636364	0.014597159090909	0.817251704545455		1
000277:	0.018493181818182	0.380569318181818	0.053538636363636	0.492422159090909	0.017846022727273	0.037130681818182		1
000278:	0.203051136363636	0.266144886363636	0.147415340909091	0.095727840909091	0.215306250000000	0.072354545454545		1
000279:	0.058138068181818	0.667965340909091	0.042997159090909	0.146531818181818	0.060689204545455	0.023678409090909		1
000280:	0.101226704545455	0.283764204545455	0.234039772727273	0.039564772727273	0.116912500000000	0.224492045454545		1
000281:	0.039923295454545	0.362125568181818	0.045232386363636	0.085071022727273	0.034010227272727	0.433637500000000		1
000282:	0.087144886363636	0.247453977272727	0.172288636363636	0.124939204545455	0.212036363636364	0.156136931818182		1
000283:	0.026535795454545	0.024490340909091	0.042857386363636	0.014206250000000	0.010630113636364	0.881280113636364		1
000284:	0.058952840909091	0.786839204545455	0.050865909090909	0.023492613636364	0.028256250000000	0.051593181818182		1
000285:	0.057817045454545	0.347818181818182	0.064881818181818	0.123115909090909	0.375256818181818	0.031110227272727		1
000286:	0.052682386363636	0.423550000000000	0.068267045454545	0.110221590909091	0.071332386363636	0.273946590909091		1
000287:	0.042290909090909	0.590398863636364	0.060978977272727	0.121885795454545	0.048160795454545	0.136284659090909		1
000288:	0.080141477272727	0.462402272727273	0.121170454545455	0.060452840909091	0.077676704545455	0.198156250000000		1
000289:	0.477559659090909	0.109236931818182	0.068681818181818	0.025130113636364	0.088122159090909	0.231269318181818		1
000290:	0.339381818181818	0.156762500000000	0.189668750000000	0.008334659090909	0.040068750000000	0.265783522727273		1
000291:	0.699730113636364	0.014468750000000	0.024443181818182	0.067132386363636	0.125915340909091	0.068310227272727		1
000292:	0.697502272727273	0.032735227272727	0.118583522727273	0.032811931818182	0.071853977272727	0.046513068181818		1
000293:	0.835286363636364	0.014853409090909	0.033622159090909	0.014951704545455	0.060271022727273	0.041015340909091		1
000294:	0.527017045454545	0.017486931818182	0.036714772727273	0.026916477272727	0.309016477272727	0.082848295454545		1
000295:	0.262552840909091	0.010942045454545	0.041967613636364	0.009036363636364	0.630628409090909	0.044872727272727		1
000296:	0.562139204545455	0.032757386363636	0.037219318181818	0.020253409090909	0.098638068181818	0.248992613636364		1
000297:	0.269725568181818	0.147324431818182	0.144211363636364	0.018780113636364	0.179769318181818	0.240189204545455		1
000298:	0.098537500000000	0.221771022727273	0.047577272727273	0.420071022727273	0.135831818181818	0.076211363636364		1
000299:	0.227736931818182	0.510065340909091	0.053300568181818	0.021164772727273	0.105664772727273	0.082067613636364		1
000300:	0.542285227272727	0.081262500000000	0.096870454545455	0.074988068181818	0.049072727272727	0.155521022727273		1
000301:	0.704952840909091	0.062376704545455	0.047172727272727	0.031796022727273	0.111346022727273	0.042355681818182		1
000302:	0.045784090909091	0.010686363636364	0.026757954545455	0.006665909090909	0.012901136363636	0.897204545454545		1
000303:	0.009659090909091	0.003729545454545	0.003822727272727	0.008589204545455	0.003463636363636	0.970735795454545		1
000304:	0.749331250000000	0.030157954545455	0.093995454545455	0.014546590909091	0.075601136363636	0.036367613636364		1
000305:	0.260253409090909	0.077440909090909	0.427214204545455	0.018689772727273	0.079111931818182	0.137289772727273		1
000306:	0.086707386363636	0.058401136363636	0.087789772727273	0.032042613636364	0.037794886363636	0.697264204545455		1
000307:	0.129225568181818	0.029317045454545	0.761037500000000	0.007934090909091	0.014665909090909	0.057819886363636		1
000308:	0.806526136363636	0.027994318181818	0.067990340909091	0.022404545454545	0.032091477272727	0.042993181818182		1
000309:	0.680167045454545	0.128540909090909	0.039593181818182	0.037719318181818	0.056775000000000	0.057204545454545		1
000310:	0.091213068181818	0.020108522727273	0.023234090909091	0.013137500000000	0.025130681818182	0.827176136363636		1
000311:	0.184231250000000	0.188352272727273	0.201834090909091	0.033208522727273	0.150910795454545	0.241463068181818		1
000312:	0.053714204545455	0.762080113636364	0.022411363636364	0.021725000000000	0.108413636363636	0.031655681818182		1
000313:	0.123026704545455	0.570274431818182	0.045850568181818	0.102035795454545	0.110262500000000	0.048550000000000		1
000314:	0.107074431818182	0.295705681818182	0.113916477272727	0.084051704545455	0.293600000000000	0.105651704545455		1
000315:	0.102980681818182	0.645904545454545	0.036015340909091	0.046197727272727	0.136677840909091	0.032223863636364		1
000316:	0.307051704545455	0.223264772727273	0.085870454545455	0.027593181818182	0.301205113636364	0.055014772727273		1
000317:	0.121607954545455	0.085802272727273	0.098210227272727	0.079338068181818	0.575905113636364	0.039136363636364		1
000318:	0.446684659090909	0.088398295454545	0.261063068181818	0.017046590909091	0.071831250000000	0.114976136363636		1
000319:	0.067102272727273	0.007795454545455	0.032116477272727	0.013805681818182	0.013381818181818	0.865798295454545		1
000320:	0.396663068181818	0.092686931818182	0.096337500000000	0.039319318181818	0.062536931818182	0.312456250000000		1
000321:	0.846325568181818	0.027568750000000	0.042440340909091	0.012970454545455	0.032225568181818	0.038469318181818		1
000322:	0.324515909090909	0.053069886363636	0.343338068181818	0.016153409090909	0.037602272727273	0.225320454545455		1
000323:	0.219121022727273	0.146575000000000	0.104441477272727	0.337467045454545	0.112255681818182	0.080139772727273		1
000324:	0.270730113636364	0.079715909090909	0.347008522727273	0.018400000000000	0.041701704545455	0.242443750000000		1
000325:	0.130694318181818	0.035652272727273	0.094451704545455	0.034013636363636	0.022292045454545	0.682896022727273		1
000326:	0.225897727272727	0.259640909090909	0.333314204545455	0.015692613636364	0.069384659090909	0.096069886363636		1
000327:	0.484146590909091	0.035167613636364	0.240328977272727	0.024519318181818	0.118107386363636	0.097730113636364		1
000328:	0.070805681818182	0.088649431818182	0.770536363636364	0.007350000000000	0.039831250000000	0.022827272727273		1
000329:	0.409342045454545	0.178492613636364	0.207583522727273	0.034247159090909	0.099605681818182	0.070728977272727		1
000330:	0.180281818181818	0.060332954545455	0.547710795454545	0.026426704545455	0.020577272727273	0.164670454545455		1
000331:	0.095893750000000	0.130140909090909	0.675548295454545	0.009435795454545	0.016523295454545	0.072457954545455		1
