Estimated Clustering Probabilities for Samples
Sample	***Cluster  01***	***Cluster  02***	***Cluster  03***	***Cluster  04***	***Cluster  05***	***Cluster  06***	
000001:	0.006674431818182	0.135881818181818	0.172137500000000	0.561096022727273	0.090698295454545	0.033511931818182		1
000002:	0.004800000000000	0.025319886363636	0.058572159090909	0.864184090909091	0.031951136363636	0.015172727272727		1
000003:	0.007859090909091	0.024702840909091	0.032452840909091	0.852427272727273	0.050936363636364	0.031621590909091		1
000004:	0.008072159090909	0.042873295454545	0.186385227272727	0.636113068181818	0.062542045454545	0.064014204545455		1
000005:	0.003170454545455	0.034369886363636	0.041086931818182	0.865622727272727	0.034460795454545	0.021289204545455		1
000006:	0.025260795454545	0.102845454545455	0.384863068181818	0.389788636363636	0.075201704545455	0.022040340909091		1
000007:	0.010003977272727	0.032144886363636	0.033082954545455	0.767532386363636	0.120548295454545	0.036687500000000		1
000008:	0.024731818181818	0.022750000000000	0.026356250000000	0.889682954545455	0.026256818181818	0.010222159090909		1
000009:	0.014721022727273	0.027384659090909	0.049414204545455	0.852183522727273	0.027017613636364	0.029278977272727		1
000010:	0.009072727272727	0.176096590909091	0.034901704545455	0.733677272727273	0.021958522727273	0.024293181818182		1
000011:	0.064387500000000	0.147288636363636	0.236568750000000	0.278286363636364	0.071648863636364	0.201819886363636		1
000012:	0.076140340909091	0.411556818181818	0.122689772727273	0.123453977272727	0.044554545454545	0.221604545454545		1
000013:	0.339978977272727	0.203123863636364	0.220628409090909	0.100337500000000	0.021132386363636	0.114798863636364		1
000014:	0.025923863636364	0.027313636363636	0.848386931818182	0.037856818181818	0.012855681818182	0.047663068181818		1
000015:	0.022400000000000	0.109780113636364	0.169898863636364	0.492317045454545	0.026086363636364	0.179517613636364		1
000016:	0.015329545454545	0.037398863636364	0.854885795454545	0.046996022727273	0.020847727272727	0.024542045454545		1
000017:	0.026781818181818	0.480529545454545	0.139525000000000	0.176229545454545	0.054615340909091	0.122318750000000		1
000018:	0.377147159090909	0.249634090909091	0.136517045454545	0.062069318181818	0.030392045454545	0.144240340909091		1
000019:	0.061913068181818	0.124581250000000	0.028394886363636	0.400490909090909	0.044021590909091	0.340598295454545		1
000020:	0.050006250000000	0.339310227272727	0.370465340909091	0.100073863636364	0.049263068181818	0.090881250000000		1
000021:	0.064022727272727	0.597025568181818	0.033554545454545	0.033963068181818	0.086934659090909	0.184499431818182		1
000022:	0.041328977272727	0.135298863636364	0.149365340909091	0.062599431818182	0.018410227272727	0.592997159090909		1
000023:	0.088663636363636	0.141727272727273	0.037372159090909	0.055760795454545	0.037916477272727	0.638559659090909		1
000024:	0.030175568181818	0.060907954545455	0.859354545454545	0.024349431818182	0.011996590909091	0.013215909090909		1
000025:	0.155490340909091	0.150852840909091	0.122485227272727	0.063481250000000	0.025303409090909	0.482386931818182		1
000026:	0.056998295454545	0.347895454545455	0.035159659090909	0.042491477272727	0.015533522727273	0.501921590909091		1
000027:	0.172175000000000	0.656694318181818	0.060569886363636	0.040752272727273	0.022119318181818	0.047689204545455		1
000028:	0.037861363636364	0.284509659090909	0.073885795454545	0.280349431818182	0.249336931818182	0.074056818181818		1
000029:	0.070735795454545	0.542303409090909	0.123399431818182	0.071173863636364	0.116877272727273	0.075510227272727		1
000030:	0.046724431818182	0.038030681818182	0.032234090909091	0.591806818181818	0.025390909090909	0.265813068181818		1
000031:	0.171980113636364	0.488392613636364	0.048650000000000	0.040659090909091	0.027247159090909	0.223071022727273		1
000032:	0.047069886363636	0.641167045454546	0.081730681818182	0.050751704545455	0.041108522727273	0.138172159090909		1
000033:	0.043830113636364	0.217407954545455	0.053746022727273	0.080942045454545	0.113607954545455	0.490465909090909		1
000034:	0.026001704545455	0.062750568181818	0.845842045454545	0.028428409090909	0.017088636363636	0.019888636363636		1
000035:	0.226642045454545	0.368903977272727	0.054342613636364	0.073535795454545	0.106003977272727	0.170571590909091		1
000036:	0.041943750000000	0.501088636363636	0.136454545454545	0.175481818181818	0.086190909090909	0.058840340909091		1
000037:	0.071025000000000	0.573492613636364	0.124671590909091	0.092503977272727	0.022447159090909	0.115859659090909		1
000038:	0.129128977272727	0.116365909090909	0.101020454545455	0.139438636363636	0.142837500000000	0.371208522727273		1
000039:	0.138705681818182	0.237130113636364	0.133828409090909	0.049962500000000	0.032134659090909	0.408238636363636		1
000040:	0.074061931818182	0.054534659090909	0.732009659090909	0.077235795454545	0.024190340909091	0.037967613636364		1
000041:	0.061557954545455	0.489624431818182	0.169458522727273	0.147442045454545	0.036614204545455	0.095302840909091		1
000042:	0.120440909090909	0.341910227272727	0.109650568181818	0.065293181818182	0.050908522727273	0.311796590909091		1
000043:	0.028201704545455	0.212886931818182	0.096088068181818	0.229925000000000	0.024296590909091	0.408601704545455		1
000044:	0.119480681818182	0.321765340909091	0.063841477272727	0.246726704545455	0.027194886363636	0.220990909090909		1
000045:	0.166039772727273	0.614202840909091	0.030611363636364	0.078035227272727	0.020948863636364	0.090161931818182		1
000046:	0.066378977272727	0.286476704545455	0.061812500000000	0.072392613636364	0.147494318181818	0.365444886363636		1
000047:	0.049500000000000	0.327953977272727	0.148442613636364	0.184276136363636	0.083968750000000	0.205858522727273		1
000048:	0.031364772727273	0.066655681818182	0.051862500000000	0.734503409090909	0.043026136363636	0.072587500000000		1
000049:	0.021851704545455	0.082052840909091	0.110205113636364	0.397523863636364	0.020224431818182	0.368142045454545		1
000050:	0.075509659090909	0.113554545454545	0.366369886363636	0.166498295454545	0.048042045454545	0.230025568181818		1
000051:	0.012987500000000	0.024076704545455	0.766178977272727	0.144520454545455	0.033350568181818	0.018885795454545		1
000052:	0.010884659090909	0.023172159090909	0.819898295454545	0.093749431818182	0.022938636363636	0.029356818181818		1
000053:	0.044817045454545	0.182430113636364	0.108790909090909	0.234756250000000	0.038551704545455	0.390653977272727		1
000054:	0.190159090909091	0.433582954545455	0.079887500000000	0.099173863636364	0.049078409090909	0.148118181818182		1
000055:	0.032807954545455	0.100254545454545	0.226368181818182	0.425284659090909	0.043957386363636	0.171327272727273		1
000056:	0.029109659090909	0.113538636363636	0.097084090909091	0.200482954545455	0.059534090909091	0.500250568181818		1
000057:	0.042715909090909	0.300073295454545	0.163381250000000	0.184271590909091	0.043364204545455	0.266193750000000		1
000058:	0.018552272727273	0.037365909090909	0.022950000000000	0.065830113636364	0.018369318181818	0.836932386363636		1
000059:	0.039040340909091	0.220452840909091	0.030288068181818	0.106922159090909	0.024851136363636	0.578445454545455		1
000060:	0.015636931818182	0.090889772727273	0.075871590909091	0.132563636363636	0.033361931818182	0.651676136363636		1
000061:	0.031959090909091	0.220965340909091	0.076534659090909	0.357524431818182	0.043156818181818	0.269859659090909		1
000062:	0.015261931818182	0.028198863636364	0.821464772727273	0.076569318181818	0.030261363636364	0.028243750000000		1
000063:	0.016807386363636	0.024415340909091	0.846507386363636	0.067298863636364	0.025968181818182	0.019002840909091		1
000064:	0.006566477272727	0.015555113636364	0.854290909090909	0.098952272727273	0.017380113636364	0.007255113636364		1
000065:	0.021605681818182	0.042289772727273	0.068036931818182	0.515731250000000	0.053115340909091	0.299221022727273		1
000066:	0.029080113636364	0.452489772727273	0.088018181818182	0.228860795454545	0.027293181818182	0.174257954545455		1
000067:	0.018700568181818	0.036896022727273	0.405814772727273	0.479778409090909	0.040658522727273	0.018151704545455		1
000068:	0.016653409090909	0.072949431818182	0.013031818181818	0.067301136363636	0.013496022727273	0.816568181818182		1
000069:	0.019731250000000	0.396269886363636	0.085286363636364	0.149256250000000	0.026366477272727	0.323089772727273		1
000070:	0.054221590909091	0.113125000000000	0.189188636363636	0.138757954545455	0.085875568181818	0.418831250000000		1
000071:	0.015780113636364	0.075995454545455	0.015390909090909	0.038074431818182	0.017398863636364	0.837360227272727		1
000072:	0.021009659090909	0.048783522727273	0.118064204545455	0.300850568181818	0.088638068181818	0.422653977272727		1
000073:	0.038601136363636	0.105305681818182	0.112034659090909	0.376434090909091	0.053978409090909	0.313646022727273		1
000074:	0.068798863636364	0.564495454545455	0.105134090909091	0.042933522727273	0.026909659090909	0.191728409090909		1
000075:	0.106941477272727	0.200948863636364	0.069386931818182	0.429963636363636	0.055054545454545	0.137704545454545		1
000076:	0.142517613636364	0.165372159090909	0.039565340909091	0.155195454545455	0.365840340909091	0.131509090909091		1
000077:	0.096771022727273	0.111514772727273	0.084956250000000	0.144060795454545	0.161663068181818	0.401034090909091		1
000078:	0.024501136363636	0.126157386363636	0.128400000000000	0.368381818181818	0.211336931818182	0.141222727272727		1
000079:	0.042144318181818	0.390378409090909	0.049361363636364	0.132752840909091	0.054399431818182	0.330963636363636		1
000080:	0.068317045454545	0.189203409090909	0.016314204545455	0.057246022727273	0.039284090909091	0.629635227272727		1
000081:	0.025250000000000	0.209739204545455	0.035750568181818	0.392952272727273	0.031111363636364	0.305196590909091		1
000082:	0.020471590909091	0.088150000000000	0.086022727272727	0.293017045454545	0.081639772727273	0.430698863636364		1
000083:	0.042581818181818	0.155813636363636	0.032835227272727	0.261397159090909	0.041778409090909	0.465593750000000		1
000084:	0.008813636363636	0.015595454545455	0.945173863636364	0.014397159090909	0.008294318181818	0.007725568181818		1
000085:	0.098428409090909	0.349367613636364	0.253484659090909	0.170589772727273	0.058020454545455	0.070109090909091		1
000086:	0.054716477272727	0.221901704545455	0.454481250000000	0.145013636363636	0.052046590909091	0.071840340909091		1
000087:	0.032559090909091	0.174964204545455	0.037142045454545	0.115468181818182	0.018850000000000	0.621016477272727		1
000088:	0.060267613636364	0.615842613636364	0.037636931818182	0.082021590909091	0.031718750000000	0.172512500000000		1
000089:	0.031811931818182	0.561677840909091	0.077668181818182	0.065722159090909	0.062509090909091	0.200610795454545		1
000090:	0.104843750000000	0.126110227272727	0.090463068181818	0.068211363636364	0.033236931818182	0.577134659090909		1
000091:	0.051273295454545	0.041129545454545	0.031971022727273	0.027159659090909	0.081124431818182	0.767342045454545		1
000092:	0.031218181818182	0.068099431818182	0.058958522727273	0.153277840909091	0.029180681818182	0.659265340909091		1
000093:	0.055902272727273	0.937463068181818	0.000811931818182	0.002826136363636	0.002255113636364	0.000741477272727		1
000094:	0.031354545454545	0.236111931818182	0.058022159090909	0.078340340909091	0.052664204545455	0.543506818181818		1
000095:	0.018082386363636	0.043858522727273	0.068994318181818	0.412885227272727	0.059514204545455	0.396665340909091		1
000096:	0.014353977272727	0.033613068181818	0.871617045454545	0.042564204545455	0.013551136363636	0.024300568181818		1
000097:	0.026314204545455	0.292578409090909	0.028384659090909	0.100598295454545	0.018843750000000	0.533280681818182		1
000098:	0.011089772727273	0.070446022727273	0.013487500000000	0.031453977272727	0.011192613636364	0.862330113636364		1
000099:	0.030157954545455	0.195929545454545	0.219646022727273	0.300570454545455	0.030201704545455	0.223494318181818		1
000100:	0.029563636363636	0.101550000000000	0.629818750000000	0.157363068181818	0.032765340909091	0.048939204545455		1
000101:	0.017093750000000	0.743339204545455	0.044155113636364	0.122332386363636	0.037716477272727	0.035363068181818		1
000102:	0.041339204545455	0.353742045454545	0.258672159090909	0.114608522727273	0.035997727272727	0.195640340909091		1
000103:	0.080940909090909	0.106661363636364	0.037911931818182	0.175790909090909	0.127836931818182	0.470857954545455		1
000104:	0.017034090909091	0.043144886363636	0.588127272727273	0.292754545454545	0.018128977272727	0.040810227272727		1
000105:	0.051405681818182	0.305733522727273	0.191246590909091	0.114562500000000	0.026021022727273	0.311030681818182		1
000106:	0.016943181818182	0.781352840909091	0.050302272727273	0.063610795454545	0.013126136363636	0.074664772727273		1
000107:	0.017796022727273	0.204763068181818	0.446452840909091	0.250517613636364	0.026668750000000	0.053801704545455		1
000108:	0.053716477272727	0.088323863636364	0.630894886363636	0.084830681818182	0.021581818181818	0.120652272727273		1
000109:	0.078912500000000	0.362554545454545	0.038598863636364	0.108369886363636	0.041909090909091	0.369655113636364		1
000110:	0.495040909090909	0.084280681818182	0.143818181818182	0.068188068181818	0.090648863636364	0.118023295454545		1
000111:	0.037108522727273	0.143417045454545	0.244815340909091	0.135670454545455	0.258068181818182	0.180920454545455		1
000112:	0.051814204545455	0.570855113636364	0.211832386363636	0.093546590909091	0.035619886363636	0.036331818181818		1
000113:	0.024864204545455	0.124289772727273	0.166272159090909	0.201329545454545	0.031747159090909	0.451497159090909		1
000114:	0.037361363636364	0.077387500000000	0.047080113636364	0.048194886363636	0.041034659090909	0.748941477272727		1
000115:	0.058207954545455	0.153006818181818	0.076097159090909	0.194188636363636	0.058582954545455	0.459916477272727		1
000116:	0.042347727272727	0.070428409090909	0.261294318181818	0.332251136363636	0.047586931818182	0.246091477272727		1
000117:	0.039113636363636	0.609594886363636	0.068782954545455	0.153481818181818	0.072453409090909	0.056573295454545		1
000118:	0.018432386363636	0.062912500000000	0.130323863636364	0.377177840909091	0.070647159090909	0.340506250000000		1
000119:	0.039625568181818	0.316739772727273	0.121740909090909	0.071972727272727	0.025556818181818	0.424364204545455		1
000120:	0.039585795454545	0.110932954545455	0.128098863636364	0.644871022727273	0.036673295454545	0.039838068181818		1
000121:	0.098118181818182	0.097800568181818	0.116099431818182	0.092091477272727	0.034207954545455	0.561682386363636		1
000122:	0.020803409090909	0.402262500000000	0.055775000000000	0.199722727272727	0.016147159090909	0.305289204545455		1
000123:	0.564489772727273	0.006382954545455	0.004677840909091	0.364532954545455	0.005341477272727	0.054575000000000		1
000124:	0.108667613636364	0.356205113636364	0.056269886363636	0.167618750000000	0.132251704545455	0.178986931818182		1
000125:	0.034087500000000	0.058780113636364	0.139455113636364	0.313315909090909	0.236084659090909	0.218276704545455		1
000126:	0.025673863636364	0.054895454545455	0.044025568181818	0.108456250000000	0.732815909090909	0.034132954545455		1
000127:	0.074570454545455	0.185978409090909	0.122739204545455	0.435890909090909	0.054092613636364	0.126728409090909		1
000128:	0.026536931818182	0.068739204545455	0.098800568181818	0.443174431818182	0.019436931818182	0.343311931818182		1
000129:	0.052129545454545	0.118680113636364	0.015502272727273	0.025303409090909	0.013140909090909	0.775243750000000		1
000130:	0.041181818181818	0.052959659090909	0.067627272727273	0.420403977272727	0.031361363636364	0.386465909090909		1
000131:	0.023180113636364	0.090532954545455	0.031488636363636	0.685936931818182	0.014219886363636	0.154641477272727		1
000132:	0.033094318181818	0.146334659090909	0.499411363636364	0.258836363636364	0.028465909090909	0.033857386363636		1
000133:	0.114340340909091	0.211493181818182	0.073993181818182	0.157934659090909	0.198154545454545	0.244084090909091		1
000134:	0.127775000000000	0.121973863636364	0.063669318181818	0.127134090909091	0.230343750000000	0.329103977272727		1
000135:	0.087002272727273	0.209976136363636	0.016747159090909	0.060756818181818	0.020784659090909	0.604732954545455		1
000136:	0.026598295454545	0.071155113636364	0.081969318181818	0.179742613636364	0.040378409090909	0.600156250000000		1
000137:	0.078203977272727	0.181438068181818	0.050790340909091	0.068811363636364	0.035707954545455	0.585048295454546		1
000138:	0.040425568181818	0.144684659090909	0.050359659090909	0.356716477272727	0.093254545454545	0.314559090909091		1
000139:	0.055815340909091	0.267057954545455	0.049584090909091	0.480089772727273	0.051233522727273	0.096219318181818		1
000140:	0.003173863636364	0.101877840909091	0.004814204545455	0.007119318181818	0.880263636363636	0.002751136363636		1
000141:	0.035939772727273	0.070745454545455	0.417136931818182	0.347334659090909	0.081843750000000	0.046999431818182		1
000142:	0.040375568181818	0.273058522727273	0.061924431818182	0.135244318181818	0.020796022727273	0.468601136363636		1
000143:	0.033310795454545	0.360912500000000	0.082474431818182	0.313328409090909	0.043523295454545	0.166450568181818		1
000144:	0.018056250000000	0.239392613636364	0.131497159090909	0.267725000000000	0.022364204545455	0.320964772727273		1
000145:	0.009716477272727	0.016836363636364	0.887293750000000	0.043374431818182	0.006322727272727	0.036456250000000		1
000146:	0.078759659090909	0.251313068181818	0.101734090909091	0.252797159090909	0.036313636363636	0.279082386363636		1
000147:	0.024193750000000	0.124803977272727	0.085933522727273	0.457776136363636	0.025835795454545	0.281456818181818		1
000148:	0.022426704545455	0.064856250000000	0.054644318181818	0.616203409090909	0.013832954545455	0.228036363636364		1
000149:	0.027345454545455	0.373127272727273	0.124277840909091	0.174155681818182	0.064288068181818	0.236805681818182		1
000150:	0.072460227272727	0.644525000000000	0.043514772727273	0.070348295454545	0.030219318181818	0.138932386363636		1
000151:	0.042889772727273	0.134947727272727	0.332277840909091	0.282590909090909	0.054221590909091	0.153072159090909		1
000152:	0.075727272727273	0.114013636363636	0.153162500000000	0.177142045454545	0.029761931818182	0.450192613636364		1
000153:	0.028136931818182	0.564045454545455	0.085949431818182	0.161200000000000	0.037157954545455	0.123510227272727		1
000154:	0.029346590909091	0.049536931818182	0.506416477272727	0.343545454545455	0.023184659090909	0.047969886363636		1
000155:	0.058097727272727	0.149997727272727	0.216744886363636	0.169526704545455	0.023720454545455	0.381912500000000		1
000156:	0.022574431818182	0.515038068181818	0.143492045454545	0.234807954545455	0.033232386363636	0.050855113636364		1
000157:	0.006493181818182	0.016850000000000	0.835898863636364	0.087284659090909	0.037393750000000	0.016079545454545		1
000158:	0.019873295454545	0.119066477272727	0.190034090909091	0.339818750000000	0.297049431818182	0.034157954545455		1
000159:	0.050452840909091	0.141025568181818	0.463605113636364	0.101648863636364	0.209190340909091	0.034077272727273		1
000160:	0.005042045454545	0.010623863636364	0.024919886363636	0.071959659090909	0.875880113636364	0.011574431818182		1
000161:	0.017012500000000	0.021598863636364	0.123594886363636	0.241407954545455	0.580457386363636	0.015928409090909		1
000162:	0.126627272727273	0.335328409090909	0.032904545454545	0.145835795454545	0.309519318181818	0.049784659090909		1
000163:	0.005043181818182	0.018988636363636	0.029242613636364	0.896184090909091	0.033325000000000	0.017216477272727		1
000164:	0.010398295454545	0.018714204545455	0.288857386363636	0.605066477272727	0.062895454545455	0.014068181818182		1
000165:	0.010326704545455	0.014967045454545	0.050946590909091	0.792885227272727	0.105351136363636	0.025523295454545		1
000166:	0.007814204545455	0.017131818181818	0.050013068181818	0.849157954545455	0.045683522727273	0.030199431818182		1
000167:	0.020155681818182	0.048475000000000	0.042705113636364	0.649126704545455	0.075214204545455	0.164323295454545		1
000168:	0.022342613636364	0.165759090909091	0.359644886363636	0.167759659090909	0.029707386363636	0.254786363636364		1
000169:	0.028171022727273	0.386589204545455	0.032617045454545	0.358100568181818	0.020672727272727	0.173849431818182		1
000170:	0.022766477272727	0.054503977272727	0.022659659090909	0.591990909090909	0.040911363636364	0.267167613636364		1
000171:	0.034218181818182	0.082041477272727	0.561730113636364	0.225321022727273	0.028723295454545	0.067965909090909		1
000172:	0.049005681818182	0.217321022727273	0.074304545454545	0.381796590909091	0.077550568181818	0.200021590909091		1
000173:	0.023064204545455	0.428083522727273	0.036613068181818	0.390675000000000	0.061350000000000	0.060214204545455		1
000174:	0.027813636363636	0.093414204545455	0.096282954545455	0.106877840909091	0.014069318181818	0.661542045454545		1
000175:	0.014391477272727	0.040686931818182	0.861294886363636	0.043018750000000	0.012759090909091	0.027848863636364		1
000176:	0.024067613636364	0.313585795454545	0.104010795454545	0.139314204545455	0.039886363636364	0.379135227272727		1
000177:	0.008735227272727	0.282785227272727	0.015544318181818	0.034171022727273	0.655613068181818	0.003151136363636		1
000178:	0.056632954545455	0.181596590909091	0.137585795454545	0.192492045454545	0.026736363636364	0.404956250000000		1
000179:	0.020132954545455	0.127089772727273	0.792307386363636	0.039047159090909	0.007985795454545	0.013436931818182		1
000180:	0.014704545454545	0.045707386363636	0.852922159090909	0.052814772727273	0.008930681818182	0.024920454545455		1
000181:	0.028393181818182	0.039809090909091	0.794013068181818	0.098226136363636	0.021864772727273	0.017693750000000		1
000182:	0.089766477272727	0.277432954545455	0.225697159090909	0.146138636363636	0.044398295454545	0.216566477272727		1
000183:	0.012838068181818	0.032712500000000	0.866722159090909	0.053646022727273	0.012693750000000	0.021387500000000		1
000184:	0.028154545454545	0.062550568181818	0.050232386363636	0.188678977272727	0.015989204545455	0.654394318181818		1
000185:	0.179496022727273	0.360765909090909	0.094500568181818	0.174213636363636	0.070097727272727	0.120926136363636		1
000186:	0.058812500000000	0.084760227272727	0.682032954545455	0.090523863636364	0.031048295454545	0.052822159090909		1
000187:	0.014114204545455	0.031326704545455	0.884360795454545	0.032034659090909	0.021276704545455	0.016886931818182		1
000188:	0.051702272727273	0.118922159090909	0.236961931818182	0.310955113636364	0.225034659090909	0.056423863636364		1
000189:	0.014059659090909	0.154758522727273	0.056013636363636	0.401328977272727	0.025401704545455	0.348437500000000		1
000190:	0.055054545454545	0.164015909090909	0.038863068181818	0.571427272727273	0.068766477272727	0.101872727272727		1
000191:	0.012967045454545	0.480101704545455	0.057390909090909	0.308636363636364	0.028152272727273	0.112751704545455		1
000192:	0.020099431818182	0.634636363636364	0.067977840909091	0.089242045454545	0.038219318181818	0.149825000000000		1
000193:	0.038688068181818	0.308888068181818	0.165138636363636	0.200329545454545	0.027282386363636	0.259673295454545		1
000194:	0.058584090909091	0.099274431818182	0.108348295454545	0.194937500000000	0.035566477272727	0.503289204545455		1
000195:	0.013787500000000	0.784823295454545	0.042638068181818	0.097015909090909	0.012800568181818	0.048934659090909		1
000196:	0.009718750000000	0.083572159090909	0.308723295454545	0.373556250000000	0.203492045454545	0.020937500000000		1
000197:	0.012586363636364	0.271382954545455	0.092038068181818	0.517778409090909	0.067542613636364	0.038671590909091		1
000198:	0.055790909090909	0.377074431818182	0.097108522727273	0.147191477272727	0.182513068181818	0.140321590909091		1
000199:	0.014799431818182	0.037940340909091	0.074239772727273	0.775587500000000	0.070957386363636	0.026475568181818		1
000200:	0.023013636363636	0.035674431818182	0.082740340909091	0.615021022727273	0.214710795454545	0.028839772727273		1
000201:	0.008251136363636	0.013775000000000	0.834217045454545	0.086315340909091	0.043146590909091	0.014294886363636		1
000202:	0.036824431818182	0.166763068181818	0.143798863636364	0.109376704545455	0.028853977272727	0.514382954545455		1
000203:	0.026821590909091	0.058885227272727	0.084850568181818	0.732560795454545	0.022289204545455	0.074592613636364		1
000204:	0.000299431818182	0.000958522727273	0.137786363636364	0.824598295454545	0.036130681818182	0.000226704545455		1
000205:	0.071257954545455	0.068468181818182	0.350261931818182	0.301551136363636	0.043257954545455	0.165202840909091		1
000206:	0.048642045454545	0.036889772727273	0.066319318181818	0.077526136363636	0.017463636363636	0.753159090909091		1
000207:	0.006455113636364	0.175736363636364	0.001644886363636	0.003675568181818	0.810446590909091	0.002041477272727		1
000208:	0.023176136363636	0.120355113636364	0.228202840909091	0.557317613636364	0.026459659090909	0.044488636363636		1
000209:	0.013960795454545	0.121401704545455	0.095064204545455	0.627216477272727	0.111982954545455	0.030373863636364		1
000210:	0.018137500000000	0.315720454545455	0.123028977272727	0.462422159090909	0.031252272727273	0.049438636363636		1
000211:	0.023464772727273	0.052738068181818	0.072209090909091	0.771876704545455	0.038255681818182	0.041455681818182		1
000212:	0.019642045454545	0.064187500000000	0.303331250000000	0.398962500000000	0.167926704545455	0.045950000000000		1
000213:	0.020111931818182	0.033333522727273	0.307750000000000	0.531560227272727	0.078024431818182	0.029219886363636		1
000214:	0.017707386363636	0.066875000000000	0.048425568181818	0.684136363636364	0.136531250000000	0.046324431818182		1
000215:	0.082317613636364	0.135046590909091	0.073387500000000	0.349889772727273	0.180340909090909	0.179017613636364		1
000216:	0.033822159090909	0.042492613636364	0.237339204545455	0.501499431818182	0.149794886363636	0.035051704545455		1
000217:	0.025351136363636	0.025883522727273	0.143198295454545	0.523311363636364	0.244272727272727	0.037982954545455		1
000218:	0.010296590909091	0.013674431818182	0.092919318181818	0.508475000000000	0.321517613636364	0.053117045454545		1
000219:	0.011496590909091	0.014513636363636	0.094178409090909	0.749258522727273	0.104451136363636	0.026101704545455		1
000220:	0.014240909090909	0.013451136363636	0.245850568181818	0.504995454545455	0.199630681818182	0.021831250000000		1
000221:	0.009473863636364	0.011976704545455	0.044689772727273	0.872859090909091	0.038314772727273	0.022685795454545		1
000222:	0.007786363636364	0.010011363636364	0.680580113636364	0.252757386363636	0.039731818181818	0.009132954545455		1
000223:	0.069781818181818	0.110405681818182	0.241865340909091	0.293190340909091	0.142898863636364	0.141857954545455		1
000224:	0.037623295454545	0.041905681818182	0.055898863636364	0.025941477272727	0.040698295454545	0.797932386363636		1
000225:	0.051884659090909	0.041557386363636	0.027648863636364	0.023672159090909	0.034039204545455	0.821197727272727		1
000226:	0.046237500000000	0.082967613636364	0.187021590909091	0.053330113636364	0.121525000000000	0.508918181818182		1
000227:	0.011092045454545	0.002196590909091	0.009142613636364	0.005509659090909	0.022084659090909	0.949974431818182		1
000228:	0.731858522727273	0.024257954545455	0.023043750000000	0.027917045454545	0.138061931818182	0.054860795454545		1
000229:	0.044542045454545	0.022013068181818	0.023332386363636	0.042573863636364	0.057134659090909	0.810403977272727		1
000230:	0.059718750000000	0.015247727272727	0.049020454545455	0.029827272727273	0.785093750000000	0.061092045454545		1
000231:	0.077166477272727	0.091561363636364	0.029340909090909	0.063551704545455	0.132117045454545	0.606262500000000		1
000232:	0.130329545454545	0.042067045454545	0.232147727272727	0.201567613636364	0.222572159090909	0.171315909090909		1
000233:	0.062411931818182	0.245316477272727	0.039298863636364	0.014778977272727	0.060596022727273	0.577597727272727		1
000234:	0.153946022727273	0.045759659090909	0.023644318181818	0.016141477272727	0.092713068181818	0.667795454545455		1
000235:	0.623415909090909	0.032270454545455	0.055205681818182	0.021169886363636	0.068588636363636	0.199349431818182		1
000236:	0.126906250000000	0.036037500000000	0.425480113636364	0.021689204545455	0.201559659090909	0.188327272727273		1
000237:	0.139600568181818	0.039740909090909	0.033544318181818	0.012593181818182	0.043804545454545	0.730716477272727		1
000238:	0.007366477272727	0.000815340909091	0.003022159090909	0.762942613636364	0.223150000000000	0.002703409090909		1
000239:	0.083443181818182	0.058033522727273	0.108085795454545	0.025168181818182	0.084882386363636	0.640386931818182		1
000240:	0.068965340909091	0.056265340909091	0.028617613636364	0.025957954545455	0.705817045454545	0.114376704545455		1
000241:	0.089388636363636	0.344423863636364	0.264900568181818	0.052909090909091	0.134322727272727	0.114055113636364		1
000242:	0.157252840909091	0.366998295454545	0.050464204545455	0.038279545454545	0.073902272727273	0.313102840909091		1
000243:	0.303484659090909	0.054182386363636	0.060087500000000	0.019464772727273	0.483863636363636	0.078917045454545		1
000244:	0.087948863636364	0.048310795454545	0.122740340909091	0.043265909090909	0.210980681818182	0.486753409090909		1
000245:	0.036877840909091	0.016424431818182	0.030655681818182	0.015911931818182	0.127017613636364	0.773112500000000		1
000246:	0.165265340909091	0.070496022727273	0.034099431818182	0.061202272727273	0.076058522727273	0.592878409090909		1
000247:	0.229835227272727	0.154851136363636	0.089023863636364	0.084190340909091	0.159088636363636	0.283010795454545		1
000248:	0.013310795454545	0.438738068181818	0.042638636363636	0.442040340909091	0.033456818181818	0.029815340909091		1
000249:	0.174725000000000	0.078235795454545	0.019836363636364	0.014321022727273	0.128052840909091	0.584828977272727		1
000250:	0.093714772727273	0.344433522727273	0.011170454545455	0.008296590909091	0.036556250000000	0.505828409090909		1
000251:	0.113490340909091	0.065306818181818	0.061592045454545	0.045890340909091	0.195164772727273	0.518555681818182		1
000252:	0.124847159090909	0.031580681818182	0.185172159090909	0.075128977272727	0.376833522727273	0.206437500000000		1
000253:	0.542281250000000	0.032936363636364	0.048671590909091	0.035738636363636	0.197928977272727	0.142443181818182		1
000254:	0.043836931818182	0.007189772727273	0.023741477272727	0.016672159090909	0.090678977272727	0.817880681818182		1
000255:	0.078372727272727	0.019257386363636	0.035952840909091	0.029964204545455	0.042011363636364	0.794441477272727		1
000256:	0.023266477272727	0.014985227272727	0.031209659090909	0.026544318181818	0.027263068181818	0.876731250000000		1
000257:	0.063782954545455	0.016540909090909	0.628152272727273	0.068825568181818	0.120318750000000	0.102379545454545		1
000258:	0.012356250000000	0.022082954545455	0.021444318181818	0.023699431818182	0.031401704545455	0.889015340909091		1
000259:	0.028449431818182	0.000136931818182	0.000087500000000	0.000127272727273	0.000905681818182	0.970293181818182		1
000260:	0.134797159090909	0.078282954545455	0.062458522727273	0.034928409090909	0.371169886363636	0.318363068181818		1
000261:	0.290535795454545	0.059181818181818	0.214681250000000	0.081521022727273	0.247989204545455	0.106090909090909		1
000262:	0.098608522727273	0.031699431818182	0.510921590909091	0.040342613636364	0.139650568181818	0.178777272727273		1
000263:	0.035827840909091	0.154421022727273	0.128559659090909	0.079794318181818	0.087685227272727	0.513711931818182		1
000264:	0.025577840909091	0.013063068181818	0.773781818181818	0.075886363636364	0.036678977272727	0.075011931818182		1
000265:	0.068499431818182	0.028978409090909	0.080143750000000	0.399700568181818	0.151981250000000	0.270696590909091		1
000266:	0.077344318181818	0.017698295454545	0.032413636363636	0.027730681818182	0.029746590909091	0.815066477272727		1
000267:	0.049294886363636	0.021994318181818	0.018301704545455	0.018997159090909	0.052556818181818	0.838855113636364		1
000268:	0.124475568181818	0.059161931818182	0.136431250000000	0.437221590909091	0.156993750000000	0.085715909090909		1
000269:	0.948261363636364	0.000327272727273	0.039222727272727	0.000602840909091	0.002366477272727	0.009219318181818		1
000270:	0.057425568181818	0.020608522727273	0.689893181818182	0.042841477272727	0.162777272727273	0.026453977272727		1
000271:	0.491195454545455	0.033371590909091	0.199324431818182	0.028875568181818	0.126587500000000	0.120645454545455		1
000272:	0.244083522727273	0.069292045454545	0.220060227272727	0.050713636363636	0.167209659090909	0.248640909090909		1
000273:	0.161615340909091	0.028336363636364	0.429018181818182	0.038183522727273	0.098455681818182	0.244390909090909		1
000274:	0.153875000000000	0.033792613636364	0.048059659090909	0.040768750000000	0.076094886363636	0.647409090909091		1
000275:	0.047564204545455	0.049088068181818	0.029964204545455	0.041636363636364	0.042738068181818	0.789009090909091		1
000276:	0.067510795454545	0.026534090909091	0.715456818181818	0.021510795454545	0.142369886363636	0.026617613636364		1
000277:	0.868574431818182	0.019534090909091	0.020856250000000	0.032631818181818	0.021335795454545	0.037067613636364		1
000278:	0.031063068181818	0.015260227272727	0.036353409090909	0.020723295454545	0.035201136363636	0.861398863636364		1
000279:	0.354147727272727	0.064709659090909	0.022129545454545	0.049007386363636	0.042055113636364	0.467950568181818		1
000280:	0.039891477272727	0.037126704545455	0.298040909090909	0.043074431818182	0.178565909090909	0.403300568181818		1
000281:	0.674756250000000	0.004245454545455	0.106425568181818	0.023497159090909	0.027093181818182	0.163982386363636		1
000282:	0.073616477272727	0.719453977272727	0.045285795454545	0.013047159090909	0.122227840909091	0.026368750000000		1
000283:	0.037663636363636	0.014898863636364	0.697115909090909	0.026817045454545	0.126709090909091	0.096795454545455		1
000284:	0.273486363636364	0.038688636363636	0.110777272727273	0.059867045454545	0.163655681818182	0.353525000000000		1
000285:	0.179681818181818	0.160720454545455	0.030927272727273	0.048039204545455	0.074072159090909	0.506559090909091		1
000286:	0.176822159090909	0.075792613636364	0.238673295454545	0.037717613636364	0.064311363636364	0.406682954545455		1
000287:	0.132619886363636	0.035134090909091	0.147383522727273	0.030356818181818	0.063401136363636	0.591104545454545		1
000288:	0.085865340909091	0.032430681818182	0.150968750000000	0.066274431818182	0.088102840909091	0.576357954545455		1
000289:	0.025918181818182	0.049598863636364	0.143856250000000	0.572700000000000	0.102571022727273	0.105355681818182		1
000290:	0.015184659090909	0.020847159090909	0.156502272727273	0.118214772727273	0.376020454545455	0.313230681818182		1
000291:	0.011527840909091	0.375876704545455	0.114934090909091	0.460463068181818	0.014537500000000	0.022660795454545		1
000292:	0.017915340909091	0.038167613636364	0.052607954545455	0.789818750000000	0.076248863636364	0.025241477272727		1
000293:	0.007796590909091	0.029991477272727	0.037402840909091	0.880043181818182	0.024238636363636	0.020527272727273		1
000294:	0.010842613636364	0.046906250000000	0.156503977272727	0.504918181818182	0.028112500000000	0.252716477272727		1
000295:	0.013879545454545	0.353560795454545	0.045655681818182	0.475272159090909	0.061538636363636	0.050093181818182		1
000296:	0.011040340909091	0.041051136363636	0.191563068181818	0.637719318181818	0.030245454545455	0.088380681818182		1
000297:	0.020103977272727	0.040205681818182	0.157292613636364	0.262169886363636	0.120977272727273	0.399250568181818		1
000298:	0.157249431818182	0.225443181818182	0.106505113636364	0.065688636363636	0.061414204545455	0.383699431818182		1
000299:	0.031385227272727	0.032694318181818	0.093520454545455	0.171469318181818	0.066135795454545	0.604794886363636		1
000300:	0.062107386363636	0.256360795454545	0.074811363636364	0.184402272727273	0.344447727272727	0.077870454545455		1
000301:	0.023059090909091	0.066192045454545	0.050860795454545	0.482037500000000	0.061657954545455	0.316192613636364		1
000302:	0.010994318181818	0.016963068181818	0.678251136363636	0.109243750000000	0.058216477272727	0.126331250000000		1
000303:	0.015799431818182	0.021329545454545	0.837358522727273	0.054510795454545	0.056674431818182	0.014327272727273		1
000304:	0.021384659090909	0.044238636363636	0.029384090909091	0.644613636363636	0.135292045454545	0.125086931818182		1
000305:	0.026056818181818	0.055694318181818	0.105628409090909	0.150270454545455	0.634139772727273	0.028210227272727		1
000306:	0.028064772727273	0.031802840909091	0.753286363636364	0.078277272727273	0.065330681818182	0.043238068181818		1
000307:	0.017745454545455	0.020439772727273	0.104415909090909	0.153575568181818	0.682055681818182	0.021767613636364		1
000308:	0.017022159090909	0.022935227272727	0.055098295454545	0.808767045454545	0.056172159090909	0.040005113636364		1
000309:	0.047642613636364	0.051403409090909	0.078368750000000	0.510062500000000	0.066331250000000	0.246191477272727		1
000310:	0.009711931818182	0.013675000000000	0.886439204545455	0.064881250000000	0.014115340909091	0.011177272727273		1
000311:	0.072773863636364	0.094567613636364	0.172793181818182	0.317184090909091	0.235806250000000	0.106875000000000		1
000312:	0.127396022727273	0.133640340909091	0.081407954545455	0.097556250000000	0.069965909090909	0.490033522727273		1
000313:	0.470672159090909	0.179492045454545	0.075206250000000	0.140957954545455	0.076090340909091	0.057581250000000		1
000314:	0.071121590909091	0.305315340909091	0.055536363636364	0.055703409090909	0.051793750000000	0.460529545454545		1
000315:	0.143592045454545	0.230751136363636	0.032525000000000	0.161775000000000	0.090313636363636	0.341043181818182		1
000316:	0.036817045454545	0.091023863636364	0.046569886363636	0.253797159090909	0.065440909090909	0.506351136363636		1
000317:	0.053009659090909	0.472263636363636	0.049328409090909	0.104165909090909	0.135506818181818	0.185725568181818		1
000318:	0.022582386363636	0.051481818181818	0.128904545454545	0.544805681818182	0.183771022727273	0.068454545454545		1
000319:	0.016472159090909	0.021806250000000	0.791790909090909	0.120263636363636	0.029225000000000	0.020442045454545		1
000320:	0.040665909090909	0.093459659090909	0.171245454545455	0.547825000000000	0.107861363636364	0.038942613636364		1
000321:	0.024138068181818	0.015753409090909	0.033839204545455	0.836203409090909	0.051101136363636	0.038964772727273		1
000322:	0.028416477272727	0.028369318181818	0.199713636363636	0.224595454545455	0.470573863636364	0.048331250000000		1
000323:	0.331725568181818	0.170978409090909	0.096283522727273	0.160687500000000	0.154111931818182	0.086213068181818		1
000324:	0.024290340909091	0.028956818181818	0.111958522727273	0.449956818181818	0.304069886363636	0.080767613636364		1
000325:	0.007460227272727	0.007142613636364	0.911268750000000	0.022178977272727	0.037827272727273	0.014122159090909		1
000326:	0.017152840909091	0.017334090909091	0.042590340909091	0.063531250000000	0.176038636363636	0.683352840909091		1
000327:	0.007655113636364	0.584961931818182	0.023053977272727	0.053856250000000	0.305940340909091	0.024532386363636		1
000328:	0.024344318181818	0.020617045454545	0.031951136363636	0.081208522727273	0.766563068181818	0.075315909090909		1
000329:	0.044288636363636	0.043364772727273	0.067307386363636	0.262246590909091	0.304930113636364	0.277862500000000		1
000330:	0.034788068181818	0.016815909090909	0.115427272727273	0.118900568181818	0.692078977272727	0.021989204545455		1
000331:	0.058168750000000	0.015022159090909	0.037971590909091	0.078706250000000	0.779030113636364	0.031101136363636		1
