Estimated Clustering Probabilities for Samples
Sample	***Cluster  01***	***Cluster  02***	***Cluster  03***	***Cluster  04***	***Cluster  05***	***Cluster  06***	
000001:	0.018803409090909	0.176691477272727	0.051679545454545	0.297571590909091	0.412955113636364	0.042298863636364		1
000002:	0.007083522727273	0.116460227272727	0.021593181818182	0.086753409090909	0.758107954545455	0.010001704545455		1
000003:	0.031520454545455	0.106566477272727	0.015898295454545	0.420876704545455	0.382032954545455	0.043105113636364		1
000004:	0.008863636363636	0.520834659090909	0.031901704545455	0.089801136363636	0.333418181818182	0.015180681818182		1
000005:	0.000532386363636	0.033726136363636	0.001236931818182	0.174459090909091	0.789344886363636	0.000700568181818		1
000006:	0.019391477272727	0.425295454545455	0.028516477272727	0.068924431818182	0.369681818181818	0.088190340909091		1
000007:	0.008593750000000	0.212664204545455	0.010865909090909	0.212010227272727	0.523540340909091	0.032325568181818		1
000008:	0.010758522727273	0.077305113636364	0.016935227272727	0.066531250000000	0.809317613636364	0.019152272727273		1
000009:	0.011640909090909	0.217658522727273	0.028104545454545	0.092622159090909	0.634811931818182	0.015161931818182		1
000010:	0.008668181818182	0.193221022727273	0.019614772727273	0.184002272727273	0.573255681818182	0.021238068181818		1
000011:	0.137818181818182	0.239482954545455	0.079875000000000	0.254713068181818	0.139020454545455	0.149090340909091		1
000012:	0.099761363636364	0.219116477272727	0.326081250000000	0.279870454545455	0.042746590909091	0.032423863636364		1
000013:	0.155847727272727	0.180331818181818	0.534172159090909	0.071854545454545	0.035402272727273	0.022391477272727		1
000014:	0.029959659090909	0.841538068181818	0.050626136363636	0.034204545454545	0.028377272727273	0.015294318181818		1
000015:	0.036282386363636	0.302165909090909	0.053656818181818	0.548093181818182	0.043891477272727	0.015910227272727		1
000016:	0.026880681818182	0.864317613636364	0.027727840909091	0.036136363636364	0.025927272727273	0.019010227272727		1
000017:	0.022658522727273	0.080043750000000	0.057257386363636	0.788708522727273	0.029717613636364	0.021614204545455		1
000018:	0.102276136363636	0.092833522727273	0.643647727272727	0.106590909090909	0.028765909090909	0.025885795454545		1
000019:	0.176192613636364	0.058739204545455	0.139493750000000	0.543425000000000	0.049937500000000	0.032211931818182		1
000020:	0.045506250000000	0.343632954545455	0.136314772727273	0.382081250000000	0.065289204545455	0.027175568181818		1
000021:	0.073257386363636	0.051941477272727	0.327318181818182	0.366099431818182	0.030100000000000	0.151283522727273		1
000022:	0.062778409090909	0.142592045454545	0.169683522727273	0.564163068181818	0.041361363636364	0.019421590909091		1
000023:	0.629884659090909	0.063565340909091	0.200590909090909	0.064918181818182	0.023248863636364	0.017792045454545		1
000024:	0.081464772727273	0.785585227272727	0.066865909090909	0.031365909090909	0.017659090909091	0.017059090909091		1
000025:	0.497141477272727	0.131270454545455	0.205237500000000	0.093539204545455	0.038140340909091	0.034671022727273		1
000026:	0.111699431818182	0.060638068181818	0.310585795454545	0.439582954545455	0.046452840909091	0.031040909090909		1
000027:	0.106640340909091	0.047424431818182	0.746392613636364	0.061789204545455	0.018515340909091	0.019238068181818		1
000028:	0.045375568181818	0.108500568181818	0.151467045454545	0.380450000000000	0.100655113636364	0.213551704545455		1
000029:	0.082006250000000	0.214893750000000	0.351206818181818	0.239022159090909	0.052555681818182	0.060315340909091		1
000030:	0.475619318181818	0.145480681818182	0.083657954545455	0.195479545454545	0.042511363636364	0.057251136363636		1
000031:	0.139488068181818	0.071115909090909	0.639847727272727	0.104842045454545	0.028725000000000	0.015981250000000		1
000032:	0.084139772727273	0.090782954545455	0.509930113636364	0.180776136363636	0.027620454545455	0.106750568181818		1
000033:	0.103972159090909	0.074139772727273	0.196229545454545	0.423884090909091	0.101043181818182	0.100731250000000		1
000034:	0.022108522727273	0.872513636363636	0.043228409090909	0.032556250000000	0.020186931818182	0.009406250000000		1
000035:	0.220983522727273	0.046646022727273	0.405355681818182	0.127509090909091	0.117937500000000	0.081568181818182		1
000036:	0.043703409090909	0.195364204545455	0.252797159090909	0.336841477272727	0.083298863636364	0.087994886363636		1
000037:	0.049425000000000	0.123291477272727	0.557771590909091	0.229392045454545	0.020702840909091	0.019417045454545		1
000038:	0.447461363636364	0.143079545454545	0.121916477272727	0.116225000000000	0.071525568181818	0.099792045454545		1
000039:	0.397140340909091	0.175696590909091	0.209518181818182	0.159748295454545	0.034121590909091	0.023775000000000		1
000040:	0.128530681818182	0.722087500000000	0.045415909090909	0.051253409090909	0.021662500000000	0.031050000000000		1
000041:	0.049707954545455	0.259965909090909	0.397832386363636	0.221795454545455	0.041755681818182	0.028942613636364		1
000042:	0.211950000000000	0.095701704545455	0.380650000000000	0.241898863636364	0.043188068181818	0.026611363636364		1
000043:	0.053044318181818	0.137592613636364	0.097058522727273	0.601722159090909	0.082917045454545	0.027665340909091		1
000044:	0.081831250000000	0.109539204545455	0.179972727272727	0.542013636363636	0.056039772727273	0.030603409090909		1
000045:	0.061257386363636	0.038898863636364	0.640516477272727	0.206568181818182	0.031751136363636	0.021007954545455		1
000046:	0.216646022727273	0.132950000000000	0.379935795454545	0.103418181818182	0.069628409090909	0.097421590909091		1
000047:	0.088107954545455	0.178057954545455	0.223546590909091	0.228286931818182	0.226917613636364	0.055082954545455		1
000048:	0.071180113636364	0.099402840909091	0.045509659090909	0.324152272727273	0.404107386363636	0.055647727272727		1
000049:	0.036526704545455	0.050194886363636	0.035777272727273	0.789971590909091	0.066395454545455	0.021134090909091		1
000050:	0.118930113636364	0.269800000000000	0.153406250000000	0.276301704545455	0.151946590909091	0.029615340909091		1
000051:	0.009902840909091	0.912032386363636	0.018161931818182	0.026833522727273	0.023179545454545	0.009889772727273		1
000052:	0.008464204545455	0.918168750000000	0.012185795454545	0.032566477272727	0.020267045454545	0.008347727272727		1
000053:	0.094894886363636	0.204413636363636	0.262982386363636	0.290005113636364	0.126941477272727	0.020762500000000		1
000054:	0.635929545454545	0.038929545454545	0.138222727272727	0.066663068181818	0.094245454545455	0.026009659090909		1
000055:	0.028455113636364	0.335372727272727	0.045255113636364	0.414526704545455	0.151419318181818	0.024971022727273		1
000056:	0.038377840909091	0.088662500000000	0.124509659090909	0.351998295454545	0.079316477272727	0.317135227272727		1
000057:	0.077530113636364	0.122275568181818	0.193852840909091	0.498192045454545	0.083306250000000	0.024843181818182		1
000058:	0.248407954545455	0.043425000000000	0.043269318181818	0.589535227272727	0.050819886363636	0.024542613636364		1
000059:	0.205197159090909	0.037607386363636	0.125993181818182	0.568197159090909	0.039083522727273	0.023921590909091		1
000060:	0.023447159090909	0.105096022727273	0.034886931818182	0.762950568181818	0.058020454545455	0.015598863636364		1
000061:	0.021845454545455	0.104709090909091	0.063792045454545	0.741057386363636	0.052764772727273	0.015831250000000		1
000062:	0.015817613636364	0.863905681818182	0.018974431818182	0.045763068181818	0.034109659090909	0.021429545454545		1
000063:	0.017302840909091	0.879082386363636	0.019569318181818	0.030674431818182	0.032349431818182	0.021021590909091		1
000064:	0.015547159090909	0.838061363636364	0.013461363636364	0.037793181818182	0.068169886363636	0.026967045454545		1
000065:	0.057391477272727	0.129994318181818	0.059822727272727	0.383286931818182	0.333630681818182	0.035873863636364		1
000066:	0.040511363636364	0.163336931818182	0.148621022727273	0.554946590909091	0.074066477272727	0.018517613636364		1
000067:	0.013836931818182	0.536326704545455	0.017964204545455	0.054513068181818	0.364381818181818	0.012977272727273		1
000068:	0.079355681818182	0.039504545454545	0.082730681818182	0.729393750000000	0.046746022727273	0.022269318181818		1
000069:	0.033322727272727	0.088245454545455	0.113411931818182	0.689827272727273	0.049265340909091	0.025927272727273		1
000070:	0.232135795454545	0.273305113636364	0.085465340909091	0.269432954545455	0.091210795454545	0.048450000000000		1
000071:	0.079009659090909	0.039912500000000	0.074384090909091	0.731727840909091	0.046725000000000	0.028240909090909		1
000072:	0.052212500000000	0.229672727272727	0.046575000000000	0.511615340909091	0.111290340909091	0.048634090909091		1
000073:	0.044761363636364	0.120565340909091	0.077700000000000	0.549284090909091	0.170854545454545	0.036834659090909		1
000074:	0.150076704545455	0.146715909090909	0.345150568181818	0.278235795454545	0.049904545454545	0.029916477272727		1
000075:	0.278825568181818	0.079186931818182	0.138301704545455	0.308801136363636	0.169311363636364	0.025573295454545		1
000076:	0.088836931818182	0.038865340909091	0.137847159090909	0.206314772727273	0.073284659090909	0.454851136363636		1
000077:	0.092678409090909	0.087649431818182	0.208694886363636	0.239931818181818	0.106035795454545	0.265009659090909		1
000078:	0.027040340909091	0.148277272727273	0.037817045454545	0.650780681818182	0.094473295454545	0.041611363636364		1
000079:	0.229341477272727	0.095045454545455	0.079846022727273	0.472773863636364	0.080830681818182	0.042162500000000		1
000080:	0.414731818181818	0.035781250000000	0.102712500000000	0.359714204545455	0.050298295454545	0.036761931818182		1
000081:	0.019269886363636	0.043707954545455	0.060602272727273	0.768817045454545	0.085575568181818	0.022027272727273		1
000082:	0.044326704545455	0.082911931818182	0.035995454545455	0.675538636363636	0.137198295454545	0.024028977272727		1
000083:	0.027717045454545	0.023846590909091	0.155180113636364	0.695067613636364	0.073268750000000	0.024919886363636		1
000084:	0.058790340909091	0.866152840909091	0.034397159090909	0.017612500000000	0.013482954545455	0.009564204545455		1
000085:	0.034860795454545	0.161389204545455	0.314323863636364	0.309299431818182	0.112896022727273	0.067230681818182		1
000086:	0.103836363636364	0.433736363636364	0.108058522727273	0.150039204545455	0.147667045454545	0.056662500000000		1
000087:	0.022930113636364	0.043495454545455	0.037347159090909	0.855370454545455	0.029142613636364	0.011714204545455		1
000088:	0.042161931818182	0.041547159090909	0.506096590909091	0.318884090909091	0.058502840909091	0.032807386363636		1
000089:	0.062339204545455	0.072867613636364	0.461826136363636	0.259753977272727	0.105352272727273	0.037860795454545		1
000090:	0.108457386363636	0.240469318181818	0.523803977272727	0.028858522727273	0.037144886363636	0.061265909090909		1
000091:	0.622359090909091	0.039682954545455	0.085756818181818	0.064072727272727	0.113971590909091	0.074156818181818		1
000092:	0.068706818181818	0.076269318181818	0.128223863636364	0.590928409090909	0.098961931818182	0.036909659090909		1
000093:	0.085276704545455	0.121019886363636	0.256113636363636	0.372594318181818	0.095305681818182	0.069689772727273		1
000094:	0.203955113636364	0.060564772727273	0.106302840909091	0.494289772727273	0.093699431818182	0.041188068181818		1
000095:	0.026768181818182	0.152484659090909	0.048788068181818	0.538714772727273	0.195644886363636	0.037599431818182		1
000096:	0.096740340909091	0.772097159090909	0.026243750000000	0.048163068181818	0.046993750000000	0.009761931818182		1
000097:	0.055063636363636	0.058423295454545	0.105228977272727	0.727988068181818	0.034728977272727	0.018567045454545		1
000098:	0.037034659090909	0.024663636363636	0.075350000000000	0.814908522727273	0.037842613636364	0.010200568181818		1
000099:	0.054991477272727	0.381257386363636	0.150280681818182	0.308997727272727	0.074003409090909	0.030469318181818		1
000100:	0.018194318181818	0.784779545454545	0.037032386363636	0.109107386363636	0.038963636363636	0.011922727272727		1
000101:	0.025096590909091	0.118457386363636	0.427522159090909	0.350267045454545	0.054098863636364	0.024557954545455		1
000102:	0.089569318181818	0.213256250000000	0.128743181818182	0.384150000000000	0.114150568181818	0.070130681818182		1
000103:	0.154743750000000	0.037101704545455	0.064944886363636	0.423579545454545	0.297643181818182	0.021986931818182		1
000104:	0.029978409090909	0.616782386363636	0.056119886363636	0.180336363636364	0.097510795454545	0.019272159090909		1
000105:	0.056704545454545	0.238664772727273	0.345503409090909	0.283451704545455	0.048965340909091	0.026710227272727		1
000106:	0.039038068181818	0.046535795454545	0.340512500000000	0.438783522727273	0.101147727272727	0.033982386363636		1
000107:	0.062111363636364	0.460876136363636	0.190377272727273	0.242530681818182	0.031067045454545	0.013037500000000		1
000108:	0.023836363636364	0.678796022727273	0.243904545454545	0.031887500000000	0.012196022727273	0.009379545454545		1
000109:	0.052310795454545	0.045948863636364	0.247038068181818	0.537056818181818	0.034765340909091	0.082880113636364		1
000110:	0.421965340909091	0.175880681818182	0.114503977272727	0.047842613636364	0.045575568181818	0.194231818181818		1
000111:	0.053380681818182	0.439832386363636	0.087506250000000	0.225767613636364	0.140322159090909	0.053190909090909		1
000112:	0.017523295454545	0.054404545454545	0.366567045454545	0.045227272727273	0.034928409090909	0.481349431818182		1
000113:	0.038072727272727	0.097296590909091	0.035386363636364	0.758435795454545	0.055688068181818	0.015120454545455		1
000114:	0.318663636363636	0.045259659090909	0.092839772727273	0.267796590909091	0.174281818181818	0.101158522727273		1
000115:	0.221868181818182	0.084160795454545	0.113923863636364	0.407206818181818	0.083501136363636	0.089339204545455		1
000116:	0.044576704545455	0.634903409090909	0.049675000000000	0.174902840909091	0.071002272727273	0.024939772727273		1
000117:	0.034925000000000	0.084086363636364	0.362832386363636	0.316680681818182	0.172686363636364	0.028789204545455		1
000118:	0.033376704545455	0.380160227272727	0.060915340909091	0.323643181818182	0.125723295454545	0.076181250000000		1
000119:	0.065417045454545	0.111307386363636	0.171682954545455	0.586486363636364	0.039086363636364	0.026019886363636		1
000120:	0.033746590909091	0.277107954545455	0.112400000000000	0.278706818181818	0.254843750000000	0.043194886363636		1
000121:	0.235992045454545	0.136731818181818	0.153388068181818	0.394226704545455	0.048619886363636	0.031041477272727		1
000122:	0.025112500000000	0.081077840909091	0.148489204545455	0.679940340909091	0.051952272727273	0.013427840909091		1
000123:	0.081720454545455	0.046284659090909	0.041758522727273	0.732659090909091	0.055502272727273	0.042075000000000		1
000124:	0.140005113636364	0.048286363636364	0.192386931818182	0.376351136363636	0.171173295454545	0.071797159090909		1
000125:	0.081503409090909	0.117427840909091	0.043046590909091	0.160775568181818	0.506743750000000	0.090502840909091		1
000126:	0.009902272727273	0.039957386363636	0.014796022727273	0.047651704545455	0.060615340909091	0.827077272727273		1
000127:	0.070699431818182	0.427600568181818	0.130960795454545	0.245140340909091	0.100151704545455	0.025447159090909		1
000128:	0.072468750000000	0.107594886363636	0.068531250000000	0.537827272727273	0.187732386363636	0.025845454545455		1
000129:	0.167318750000000	0.041881818181818	0.397243750000000	0.312064204545455	0.061146022727273	0.020345454545455		1
000130:	0.680289772727273	0.248885795454545	0.009036931818182	0.024021590909091	0.035064204545455	0.002701704545455		1
000131:	0.046973863636364	0.091300568181818	0.158498863636364	0.580918181818182	0.093693181818182	0.028615340909091		1
000132:	0.000834659090909	0.498010227272727	0.492152840909091	0.003434659090909	0.004564204545455	0.001003409090909		1
000133:	0.466280681818182	0.101616477272727	0.084452840909091	0.120342045454545	0.122597159090909	0.104710795454545		1
000134:	0.523398863636364	0.083547159090909	0.060892045454545	0.178885795454545	0.121410795454545	0.031865340909091		1
000135:	0.359623295454545	0.038476136363636	0.254549431818182	0.247183522727273	0.083103409090909	0.017064204545455		1
000136:	0.094002840909091	0.083119318181818	0.063423863636364	0.465000568181818	0.246509090909091	0.047944318181818		1
000137:	0.209918750000000	0.072162500000000	0.277242613636364	0.343103409090909	0.057971590909091	0.039601136363636		1
000138:	0.102178977272727	0.087156250000000	0.109537500000000	0.435607954545455	0.165170454545455	0.100348863636364		1
000139:	0.057534090909091	0.058057386363636	0.076435795454545	0.663188636363636	0.120559659090909	0.024224431818182		1
000140:	0.773266477272727	0.035254545454545	0.093541477272727	0.071061931818182	0.014992045454545	0.011883522727273		1
000141:	0.072638636363636	0.469210795454545	0.064081250000000	0.122302272727273	0.156915909090909	0.114851136363636		1
000142:	0.061489772727273	0.106655681818182	0.190706818181818	0.577492045454545	0.049710227272727	0.013945454545455		1
000143:	0.079881818181818	0.034967613636364	0.055660227272727	0.778947159090909	0.043393181818182	0.007150000000000		1
000144:	0.017490909090909	0.203122159090909	0.248679545454545	0.390461363636364	0.123455681818182	0.016790340909091		1
000145:	0.053302840909091	0.680322727272727	0.047978977272727	0.121581818181818	0.062179545454545	0.034634090909091		1
000146:	0.093219318181818	0.190718750000000	0.264413636363636	0.291224431818182	0.131369318181818	0.029054545454545		1
000147:	0.028148295454545	0.161655113636364	0.088089204545455	0.496785795454545	0.207281250000000	0.018040340909091		1
000148:	0.076175568181818	0.057836931818182	0.053026704545455	0.611745454545455	0.181482386363636	0.019732954545455		1
000149:	0.060940909090909	0.094831818181818	0.241346022727273	0.224764204545455	0.266397727272727	0.111719318181818		1
000150:	0.137191477272727	0.091589772727273	0.326938636363636	0.362899431818182	0.047619318181818	0.033761363636364		1
000151:	0.055679545454545	0.216769886363636	0.114176704545455	0.410477840909091	0.169241477272727	0.033654545454545		1
000152:	0.244035795454545	0.221759659090909	0.126939204545455	0.322683522727273	0.049365340909091	0.035216477272727		1
000153:	0.025390909090909	0.117975000000000	0.485811363636364	0.281282386363636	0.076581250000000	0.012959090909091		1
000154:	0.037366477272727	0.569038636363636	0.047344886363636	0.240533522727273	0.075113636363636	0.030602840909091		1
000155:	0.104088636363636	0.349153977272727	0.166904545454545	0.253425568181818	0.055938636363636	0.070488636363636		1
000156:	0.041113636363636	0.245318750000000	0.112296022727273	0.550666477272727	0.033973295454545	0.016631818181818		1
000157:	0.004826136363636	0.863922727272727	0.007671590909091	0.026141477272727	0.081736363636364	0.015701704545455		1
000158:	0.048436931818182	0.112059659090909	0.143486931818182	0.112433522727273	0.319045454545455	0.264537500000000		1
000159:	0.031862500000000	0.566117045454545	0.103907386363636	0.046936363636364	0.165996022727273	0.085180681818182		1
000160:	0.050456250000000	0.051144318181818	0.011398863636364	0.033031818181818	0.652851136363636	0.201117613636364		1
000161:	0.009111931818182	0.123614772727273	0.009065340909091	0.027467045454545	0.806769318181818	0.023971590909091		1
000162:	0.051679545454545	0.040697159090909	0.448623863636364	0.077764204545455	0.268582954545455	0.112652272727273		1
000163:	0.010216477272727	0.084487500000000	0.028777272727273	0.376677840909091	0.472647727272727	0.027193181818182		1
000164:	0.010542613636364	0.766787500000000	0.009436931818182	0.033365909090909	0.146388068181818	0.033478977272727		1
000165:	0.018393181818182	0.066215340909091	0.011785795454545	0.065263636363636	0.806642613636364	0.031699431818182		1
000166:	0.001788068181818	0.762296022727273	0.207062500000000	0.003657386363636	0.015563636363636	0.009632386363636		1
000167:	0.055780113636364	0.109441477272727	0.059195454545455	0.352040340909091	0.355300000000000	0.068242613636364		1
000168:	0.086155681818182	0.415680681818182	0.113604545454545	0.274824431818182	0.093102840909091	0.016631818181818		1
000169:	0.036563636363636	0.070693750000000	0.110443181818182	0.685471022727273	0.064751136363636	0.032077272727273		1
000170:	0.075491477272727	0.042456818181818	0.042575568181818	0.575963068181818	0.245773863636364	0.017739204545455		1
000171:	0.019474431818182	0.652882386363636	0.035860227272727	0.128277272727273	0.143673295454545	0.019832386363636		1
000172:	0.050858522727273	0.103888636363636	0.107011363636364	0.612040340909091	0.088177272727273	0.038023863636364		1
000173:	0.015294886363636	0.075551704545455	0.059743181818182	0.768278409090909	0.066833522727273	0.014298295454545		1
000174:	0.125053977272727	0.049423863636364	0.125789772727273	0.633625568181818	0.056907954545455	0.009198863636364		1
000175:	0.020170454545455	0.885175000000000	0.035540340909091	0.032067613636364	0.021807954545455	0.005238636363636		1
000176:	0.058198295454545	0.110516477272727	0.159642045454545	0.567923863636364	0.032507386363636	0.071211931818182		1
000177:	0.042294318181818	0.126867045454545	0.099516477272727	0.651416477272727	0.062003409090909	0.017902272727273		1
000178:	0.038660227272727	0.206280113636364	0.140714204545455	0.510081250000000	0.091490909090909	0.012773295454545		1
000179:	0.015447159090909	0.820442613636364	0.042404545454545	0.082561363636364	0.030422159090909	0.008722159090909		1
000180:	0.011682386363636	0.926219318181818	0.024653409090909	0.018826136363636	0.015210227272727	0.003408522727273		1
000181:	0.013000568181818	0.842122159090909	0.037365340909091	0.043296022727273	0.052946022727273	0.011269886363636		1
000182:	0.055483522727273	0.204807386363636	0.347123863636364	0.272569886363636	0.083847727272727	0.036167613636364		1
000183:	0.970892613636364	0.016710227272727	0.003421022727273	0.005586931818182	0.002629545454545	0.000759659090909		1
000184:	0.218235227272727	0.150491477272727	0.088552840909091	0.389565909090909	0.139573863636364	0.013580681818182		1
000185:	0.236605681818182	0.110105113636364	0.270791477272727	0.218715340909091	0.118371022727273	0.045411363636364		1
000186:	0.051321590909091	0.719780113636364	0.077359659090909	0.075106818181818	0.034737500000000	0.041694318181818		1
000187:	0.016948295454545	0.927009090909091	0.023999431818182	0.013001704545455	0.015930681818182	0.003110795454545		1
000188:	0.094843750000000	0.390884659090909	0.075332954545455	0.182401704545455	0.127432386363636	0.129104545454545		1
000189:	0.012923295454545	0.052949431818182	0.033860795454545	0.817541477272727	0.066364204545455	0.016360795454545		1
000190:	0.096700568181818	0.090006250000000	0.064875000000000	0.612986931818182	0.103851136363636	0.031580113636364		1
000191:	0.015657386363636	0.065551136363636	0.121619886363636	0.719706818181818	0.059733522727273	0.017731250000000		1
000192:	0.124763068181818	0.087684659090909	0.278989204545455	0.245429545454545	0.231517613636364	0.031615909090909		1
000193:	0.328225000000000	0.222494318181818	0.407846022727273	0.025398295454545	0.014607386363636	0.001428977272727		1
000194:	0.341315340909091	0.101910795454545	0.142573295454545	0.294590340909091	0.098307386363636	0.021302840909091		1
000195:	0.026455681818182	0.071647727272727	0.163798863636364	0.682100568181818	0.043213636363636	0.012783522727273		1
000196:	0.012977840909091	0.277912500000000	0.023152272727273	0.122446022727273	0.467234090909091	0.096277272727273		1
000197:	0.020802840909091	0.108136363636364	0.096014772727273	0.462780113636364	0.268149431818182	0.044116477272727		1
000198:	0.019509090909091	0.136322159090909	0.419826136363636	0.103172727272727	0.288880681818182	0.032289204545455		1
000199:	0.016149431818182	0.151651136363636	0.021311363636364	0.071359659090909	0.710673295454545	0.028855113636364		1
000200:	0.000993750000000	0.054846022727273	0.611471590909091	0.015218750000000	0.306446022727273	0.011023863636364		1
000201:	0.010151704545455	0.790069318181818	0.012885795454545	0.058070454545455	0.106431818181818	0.022390909090909		1
000202:	0.181654545454545	0.174322159090909	0.169166477272727	0.271463636363636	0.177189204545455	0.026203977272727		1
000203:	0.056889204545455	0.145974431818182	0.049879545454545	0.597747159090909	0.128847159090909	0.020662500000000		1
000204:	0.091567613636364	0.339128409090909	0.054405113636364	0.233888068181818	0.191077272727273	0.089933522727273		1
000205:	0.058506818181818	0.474427840909091	0.070107954545455	0.244153409090909	0.081213636363636	0.071590340909091		1
000206:	0.508555681818182	0.115305113636364	0.075440340909091	0.214173863636364	0.067241477272727	0.019283522727273		1
000207:	0.050401136363636	0.046789204545455	0.178036931818182	0.558210227272727	0.107387500000000	0.059175000000000		1
000208:	0.161397727272727	0.270746590909091	0.104027272727273	0.230751704545455	0.122736931818182	0.110339772727273		1
000209:	0.043100000000000	0.563593181818182	0.052676704545455	0.141472159090909	0.149163636363636	0.049994318181818		1
000210:	0.048184090909091	0.239271022727273	0.123701136363636	0.388719318181818	0.171393181818182	0.028731250000000		1
000211:	0.027021590909091	0.235815909090909	0.070284659090909	0.508968181818182	0.115752272727273	0.042157386363636		1
000212:	0.023866477272727	0.294770454545455	0.034023863636364	0.087828977272727	0.428517045454545	0.130993181818182		1
000213:	0.028646022727273	0.499974431818182	0.025816477272727	0.083143181818182	0.308144886363636	0.054275000000000		1
000214:	0.020842613636364	0.059497159090909	0.054766477272727	0.159918750000000	0.627089772727273	0.077885227272727		1
000215:	0.097234659090909	0.112285227272727	0.091346590909091	0.397986931818182	0.145371022727273	0.155775568181818		1
000216:	0.006223863636364	0.025567045454545	0.004384090909091	0.678464204545455	0.227471590909091	0.057889204545455		1
000217:	0.013882954545455	0.073527840909091	0.011147727272727	0.069980113636364	0.593026136363636	0.238435227272727		1
000218:	0.020526704545455	0.210765340909091	0.027134659090909	0.249879545454545	0.454674431818182	0.037019318181818		1
000219:	0.019349431818182	0.243008522727273	0.014307386363636	0.110993181818182	0.552110227272727	0.060231250000000		1
000220:	0.015213068181818	0.432057386363636	0.016484659090909	0.088526704545455	0.408139204545455	0.039578977272727		1
000221:	0.022294318181818	0.204342613636364	0.015609659090909	0.145453409090909	0.554628977272727	0.057671022727273		1
000222:	0.014357954545455	0.735138636363636	0.012716477272727	0.035243181818182	0.172964772727273	0.029578977272727		1
000223:	0.050190909090909	0.408403977272727	0.128090909090909	0.182273863636364	0.173677840909091	0.057362500000000		1
000224:	0.512160227272727	0.080418181818182	0.160015340909091	0.157782386363636	0.031322159090909	0.058301704545455		1
000225:	0.470346022727273	0.052212500000000	0.131130113636364	0.259121022727273	0.045525568181818	0.041664772727273		1
000226:	0.259731818181818	0.204057954545455	0.072168750000000	0.208523863636364	0.051183522727273	0.204334090909091		1
000227:	0.393795454545455	0.038988068181818	0.365980113636364	0.073572727272727	0.032453409090909	0.095210227272727		1
000228:	0.558893750000000	0.027905681818182	0.133100568181818	0.024080681818182	0.104401704545455	0.151617613636364		1
000229:	0.560038636363636	0.045905113636364	0.042532954545455	0.198109090909091	0.071082386363636	0.082331818181818		1
000230:	0.078187500000000	0.087989204545455	0.041831250000000	0.035560795454545	0.170397727272727	0.586033522727273		1
000231:	0.273220454545455	0.047958522727273	0.231375000000000	0.199665909090909	0.146109090909091	0.101671022727273		1
000232:	0.260886931818182	0.281184090909091	0.041673295454545	0.082462500000000	0.098736363636364	0.235056818181818		1
000233:	0.362292613636364	0.038672727272727	0.209749431818182	0.236786363636364	0.063891477272727	0.088607386363636		1
000234:	0.519359090909091	0.021430113636364	0.247632954545455	0.056023863636364	0.076275568181818	0.079278409090909		1
000235:	0.671685227272727	0.045507386363636	0.205858522727273	0.027508522727273	0.016114204545455	0.033326136363636		1
000236:	0.172281250000000	0.304464772727273	0.072330113636364	0.029767045454545	0.038510795454545	0.382646022727273		1
000237:	0.648134090909091	0.044411931818182	0.104609090909091	0.130766477272727	0.031472727272727	0.040605681818182		1
000238:	0.397290909090909	0.524541477272727	0.021969886363636	0.015558522727273	0.019659659090909	0.020979545454545		1
000239:	0.592760795454545	0.077982954545455	0.068356250000000	0.099034659090909	0.039069318181818	0.122796022727273		1
000240:	0.062644318181818	0.036511931818182	0.056144318181818	0.036440909090909	0.020186931818182	0.788071590909091		1
000241:	0.138600000000000	0.329952840909091	0.247913068181818	0.094846022727273	0.058362500000000	0.130325568181818		1
000242:	0.234574431818182	0.034123295454545	0.586180113636364	0.076810795454545	0.036275000000000	0.032036363636364		1
000243:	0.326531818181818	0.026060227272727	0.063267045454545	0.018615909090909	0.023234090909091	0.542290909090909		1
000244:	0.199719318181818	0.081966477272727	0.077375568181818	0.280656250000000	0.064539204545455	0.295743181818182		1
000245:	0.487467613636364	0.036143750000000	0.059932954545455	0.146795454545455	0.073705113636364	0.195955113636364		1
000246:	0.352440340909091	0.035495454545455	0.261273295454545	0.121100000000000	0.041915340909091	0.187775568181818		1
000247:	0.395030681818182	0.070164772727273	0.144747727272727	0.112572727272727	0.086925000000000	0.190559090909091		1
000248:	0.509468181818182	0.040550568181818	0.027063068181818	0.102752840909091	0.091948295454545	0.228217045454545		1
000249:	0.582126136363636	0.029654545454545	0.091457386363636	0.028073863636364	0.016950000000000	0.251738068181818		1
000250:	0.742844318181818	0.030963636363636	0.086626704545455	0.044730681818182	0.012359090909091	0.082475568181818		1
000251:	0.572771022727273	0.043502272727273	0.153758522727273	0.037892613636364	0.035419318181818	0.156656250000000		1
000252:	0.302877272727273	0.125814204545455	0.044302272727273	0.033311363636364	0.058746590909091	0.434948295454545		1
000253:	0.759385227272727	0.053193750000000	0.052121590909091	0.026127272727273	0.040402840909091	0.068769318181818		1
000254:	0.717301704545454	0.038184659090909	0.022047727272727	0.023506250000000	0.029768181818182	0.169191477272727		1
000255:	0.771306250000000	0.048343181818182	0.029906250000000	0.039057954545455	0.041472159090909	0.069914204545455		1
000256:	0.500832386363636	0.148171022727273	0.045583522727273	0.186297159090909	0.036636931818182	0.082478977272727		1
000257:	0.129809659090909	0.522518181818182	0.038390909090909	0.031468750000000	0.194775568181818	0.083036931818182		1
000258:	0.034921590909091	0.052807386363636	0.024928977272727	0.797906250000000	0.038670454545455	0.050765340909091		1
000259:	0.030603977272727	0.847331250000000	0.036726136363636	0.021231818181818	0.027673295454545	0.036433522727273		1
000260:	0.123926136363636	0.032801704545455	0.080043181818182	0.055211363636364	0.048517045454545	0.659500568181818		1
000261:	0.506867613636364	0.104634090909091	0.068812500000000	0.050817045454545	0.080098863636364	0.188769886363636		1
000262:	0.168796022727273	0.290876704545455	0.064330681818182	0.039029545454545	0.082563636363636	0.354403409090909		1
000263:	0.076248863636364	0.118334090909091	0.129085795454545	0.307938636363636	0.294425568181818	0.073967045454545		1
000264:	0.084198295454545	0.823638068181818	0.016336931818182	0.019490340909091	0.025047727272727	0.031288636363636		1
000265:	0.290240340909091	0.133925000000000	0.027981250000000	0.199197159090909	0.276498295454545	0.072157954545455		1
000266:	0.688665340909091	0.079149431818182	0.026603977272727	0.112641477272727	0.032298863636364	0.060640909090909		1
000267:	0.876937500000000	0.022764772727273	0.015017045454545	0.027884090909091	0.019082386363636	0.038314204545455		1
000268:	0.193673863636364	0.150024431818182	0.053733522727273	0.240630681818182	0.294230681818182	0.067706818181818		1
000269:	0.295885227272727	0.083199431818182	0.417251704545455	0.109450568181818	0.047975568181818	0.046237500000000		1
000270:	0.036194886363636	0.789151704545455	0.033930113636364	0.032298295454545	0.063592613636364	0.044832386363636		1
000271:	0.624632954545455	0.090654545454545	0.073707386363636	0.051348863636364	0.042534659090909	0.117121590909091		1
000272:	0.447672159090909	0.131290340909091	0.093877272727273	0.026408522727273	0.088153977272727	0.212597727272727		1
000273:	0.369438068181818	0.271056818181818	0.104931250000000	0.127207386363636	0.066627272727273	0.060739204545455		1
000274:	0.807984090909091	0.009595454545455	0.011921022727273	0.011489204545455	0.049030113636364	0.109980113636364		1
000275:	0.473228409090909	0.051082954545455	0.096333522727273	0.149509090909091	0.061090340909091	0.168755681818182		1
000276:	0.171215340909091	0.614853409090909	0.035261931818182	0.035406250000000	0.060406818181818	0.082856250000000		1
000277:	0.767346022727273	0.054288636363636	0.066757954545455	0.031578409090909	0.031622727272727	0.048406250000000		1
000278:	0.102398295454545	0.052039772727273	0.065251704545455	0.557806250000000	0.068496590909091	0.154007386363636		1
000279:	0.846741477272727	0.010130681818182	0.053059659090909	0.040889204545455	0.034600568181818	0.014578409090909		1
000280:	0.174598863636364	0.166076704545455	0.080411931818182	0.077944886363636	0.116377272727273	0.384590340909091		1
000281:	0.589726136363636	0.229597727272727	0.081088068181818	0.020171022727273	0.035680681818182	0.043736363636364		1
000282:	0.127967613636364	0.083127272727273	0.506636931818182	0.061609659090909	0.043702840909091	0.176955681818182		1
000283:	0.023350568181818	0.879907386363636	0.013689204545455	0.011736931818182	0.025222159090909	0.046093750000000		1
000284:	0.683702272727273	0.058345454545455	0.031733522727273	0.029844886363636	0.041034659090909	0.155339204545455		1
000285:	0.502101704545455	0.033819886363636	0.204648863636364	0.105155681818182	0.046128409090909	0.108145454545455		1
000286:	0.377565340909091	0.302178409090909	0.170120454545455	0.055937500000000	0.044096590909091	0.050101704545455		1
000287:	0.605575000000000	0.163924431818182	0.094690909090909	0.048922727272727	0.035240909090909	0.051646022727273		1
000288:	0.303448295454545	0.196882954545455	0.184896590909091	0.067097727272727	0.153639772727273	0.094034659090909		1
000289:	0.175577840909091	0.202378977272727	0.021367613636364	0.202303409090909	0.352258522727273	0.046113636363636		1
000290:	0.047535795454545	0.303667613636364	0.027857954545455	0.076478977272727	0.290093750000000	0.254365909090909		1
000291:	0.009839204545455	0.084421022727273	0.026121022727273	0.739147159090909	0.129821590909091	0.010650000000000		1
000292:	0.010300568181818	0.091115909090909	0.010903409090909	0.035478977272727	0.833992045454545	0.018209090909091		1
000293:	0.016456818181818	0.135849431818182	0.035107386363636	0.379932954545455	0.398094318181818	0.034559090909091		1
000294:	0.023265340909091	0.198478409090909	0.070186363636364	0.533911363636364	0.144693181818182	0.029465340909091		1
000295:	0.013676136363636	0.039549431818182	0.064271022727273	0.750486363636364	0.098947727272727	0.033069318181818		1
000296:	0.028717045454545	0.398486363636364	0.040173295454545	0.136904545454545	0.371568750000000	0.024150000000000		1
000297:	0.084936931818182	0.311875000000000	0.032950000000000	0.344430681818182	0.135507954545455	0.090299431818182		1
000298:	0.239654545454545	0.110777840909091	0.390104545454545	0.155457386363636	0.055663636363636	0.048342045454545		1
000299:	0.282550000000000	0.095748863636364	0.028657954545455	0.397619318181818	0.151380681818182	0.044043181818182		1
000300:	0.212172727272727	0.260234090909091	0.082103409090909	0.134089772727273	0.242639772727273	0.068760227272727		1
000301:	0.047832386363636	0.095034659090909	0.033692045454545	0.598651704545455	0.190275568181818	0.034513636363636		1
000302:	0.062992613636364	0.763957386363636	0.027905681818182	0.029718750000000	0.063752840909091	0.051672727272727		1
000303:	0.016357954545455	0.862042613636364	0.015155113636364	0.017123295454545	0.062809090909091	0.026511931818182		1
000304:	0.043209659090909	0.056963636363636	0.029337500000000	0.226872159090909	0.564256818181818	0.079360227272727		1
000305:	0.041273863636364	0.203785227272727	0.045855681818182	0.048765909090909	0.450199431818182	0.210119886363636		1
000306:	0.043610795454545	0.738976704545454	0.037182386363636	0.032006250000000	0.059438636363636	0.088785227272727		1
000307:	0.034307386363636	0.074807954545455	0.015806818181818	0.063814204545455	0.376240909090909	0.435022727272727		1
000308:	0.032028409090909	0.215232386363636	0.014986363636364	0.195037500000000	0.477524431818182	0.065190909090909		1
000309:	0.137065340909091	0.102576704545455	0.044655113636364	0.431852272727273	0.228789204545455	0.055061363636364		1
000310:	0.034982386363636	0.792167613636364	0.025135795454545	0.059678977272727	0.063953977272727	0.024081250000000		1
000311:	0.130578977272727	0.257086931818182	0.058756250000000	0.204217045454545	0.220093181818182	0.129267613636364		1
000312:	0.688687500000000	0.045369886363636	0.059784090909091	0.128610795454545	0.050784659090909	0.026763068181818		1
000313:	0.584493750000000	0.071179545454545	0.119482954545455	0.115034659090909	0.069464772727273	0.040344318181818		1
000314:	0.209868181818182	0.128416477272727	0.445971590909091	0.075497727272727	0.071539204545455	0.068706818181818		1
000315:	0.554110795454545	0.045936931818182	0.089002272727273	0.207036931818182	0.076110795454545	0.027802272727273		1
000316:	0.123933522727273	0.078736931818182	0.036173863636364	0.648066477272727	0.080117045454545	0.032972159090909		1
000317:	0.111978409090909	0.058548295454545	0.366030113636364	0.212827840909091	0.176525000000000	0.074090340909091		1
000318:	0.016304545454545	0.110273863636364	0.019672159090909	0.080980681818182	0.541973295454545	0.230795454545455		1
000319:	0.019476136363636	0.863313636363636	0.013652272727273	0.032866477272727	0.051614772727273	0.019076704545455		1
000320:	0.083282954545455	0.288797159090909	0.071168181818182	0.139445454545455	0.343744318181818	0.073561931818182		1
000321:	0.027492613636364	0.069447727272727	0.015744886363636	0.064222159090909	0.799642613636364	0.023450000000000		1
000322:	0.044915909090909	0.190502840909091	0.023633522727273	0.032276704545455	0.518110227272727	0.190560795454545		1
000323:	0.365668750000000	0.116396590909091	0.120964772727273	0.127398295454545	0.193009659090909	0.076561931818182		1
000324:	0.038481818181818	0.195201704545455	0.016326136363636	0.060887500000000	0.570577840909091	0.118525000000000		1
000325:	0.024973863636364	0.756403977272727	0.035145454545455	0.020614204545455	0.093347159090909	0.069515340909091		1
000326:	0.356725568181818	0.098126136363636	0.018142613636364	0.120762500000000	0.214240340909091	0.192002840909091		1
000327:	0.027545454545455	0.125550568181818	0.044974431818182	0.292715909090909	0.387747159090909	0.121466477272727		1
000328:	0.044645454545455	0.054506818181818	0.018955113636364	0.035176704545455	0.201306250000000	0.645409659090909		1
000329:	0.130265909090909	0.252730681818182	0.034289204545455	0.109958522727273	0.390582954545455	0.082172727272727		1
000330:	0.029827272727273	0.107288068181818	0.011103409090909	0.015860227272727	0.397276136363636	0.438644886363636		1
000331:	0.067121590909091	0.090043750000000	0.010615340909091	0.028545454545455	0.134259090909091	0.669414772727273		1
