Estimated Clustering Probabilities for Samples
Sample	***Cluster  01***	***Cluster  02***	***Cluster  03***	***Cluster  04***	***Cluster  05***	***Cluster  06***	***Cluster  07***	
000001:	0.238275568181818	0.074837500000000	0.007151136363636	0.191871590909091	0.196914204545455	0.141973295454545	0.148976704545455		1
000002:	0.764103409090909	0.018988636363636	0.007034090909091	0.032217613636364	0.039057954545455	0.109541477272727	0.029056818181818		1
000003:	0.222622727272727	0.014028409090909	0.007350568181818	0.011437500000000	0.011164204545455	0.034263068181818	0.699133522727273		1
000004:	0.397886931818182	0.030318181818182	0.011429545454545	0.037990340909091	0.025635795454545	0.455111363636364	0.041627840909091		1
000005:	0.714105681818182	0.131271022727273	0.003079545454545	0.019984090909091	0.032410795454545	0.056889204545455	0.042259659090909		1
000006:	0.047144886363636	0.003023295454545	0.001817045454545	0.008844886363636	0.013921590909091	0.913550000000000	0.011698295454545		1
000007:	0.649452840909091	0.024161363636364	0.005831250000000	0.163627272727273	0.022356250000000	0.108165340909091	0.026405681818182		1
000008:	0.757494886363636	0.022489772727273	0.007309090909091	0.044150000000000	0.028367613636364	0.114189772727273	0.025998863636364		1
000009:	0.586405681818182	0.012808522727273	0.007936931818182	0.021859659090909	0.040434090909091	0.311621022727273	0.018934090909091		1
000010:	0.720513636363636	0.024960227272727	0.008964772727273	0.042560795454545	0.064650568181818	0.106413636363636	0.031936363636364		1
000011:	0.095821590909091	0.500067045454546	0.103474431818182	0.042622727272727	0.072490340909091	0.106009659090909	0.079514204545455		1
000012:	0.045689772727273	0.021426704545455	0.105767045454545	0.035806818181818	0.260836363636364	0.418110227272727	0.112363068181818		1
000013:	0.050119886363636	0.082574431818182	0.242281250000000	0.026463636363636	0.245180113636364	0.150595454545455	0.202785227272727		1
000014:	0.025762500000000	0.165807386363636	0.035572159090909	0.014503977272727	0.041927272727273	0.686873295454545	0.029553409090909		1
000015:	0.093307954545455	0.017081818181818	0.022359090909091	0.017924431818182	0.071244318181818	0.168423295454545	0.609659090909091		1
000016:	0.022940340909091	0.028383522727273	0.020256250000000	0.012831250000000	0.034184659090909	0.846624431818182	0.034779545454545		1
000017:	0.157019886363636	0.055007386363636	0.042053409090909	0.051038068181818	0.396934659090909	0.114909659090909	0.183036931818182		1
000018:	0.048794886363636	0.029263068181818	0.387042045454545	0.026299431818182	0.292522159090909	0.056188636363636	0.159889772727273		1
000019:	0.003706818181818	0.002986931818182	0.011645454545455	0.001441477272727	0.021828977272727	0.096569886363636	0.861820454545455		1
000020:	0.068378977272727	0.037020454545455	0.033679545454545	0.034313068181818	0.247846022727273	0.467182954545455	0.111578977272727		1
000021:	0.026446022727273	0.464934659090909	0.034836931818182	0.025878977272727	0.336335227272727	0.027753409090909	0.083814772727273		1
000022:	0.028373863636364	0.024461931818182	0.045764772727273	0.009900000000000	0.178913636363636	0.097465340909091	0.615120454545454		1
000023:	0.041940340909091	0.506435227272727	0.065147159090909	0.024670454545455	0.184618181818182	0.061400000000000	0.115788636363636		1
000024:	0.018973863636364	0.041706818181818	0.057667613636364	0.010403977272727	0.068301136363636	0.762825000000000	0.040121590909091		1
000025:	0.044178409090909	0.205178409090909	0.200781250000000	0.024591477272727	0.147393181818182	0.092607954545455	0.285269318181818		1
000026:	0.032129545454545	0.025181250000000	0.061337500000000	0.016640909090909	0.194931250000000	0.039153409090909	0.630626136363636		1
000027:	0.031259659090909	0.017064772727273	0.204681250000000	0.013217045454545	0.586789772727273	0.065613636363636	0.081373863636364		1
000028:	0.127690340909091	0.167255681818182	0.048307386363636	0.256258522727273	0.209087500000000	0.078305681818182	0.113094886363636		1
000029:	0.075896590909091	0.047211363636364	0.124789204545455	0.040782386363636	0.443945454545455	0.160798295454545	0.106576704545455		1
000030:	0.011363636363636	0.012728977272727	0.021990340909091	0.048988636363636	0.035003409090909	0.030350000000000	0.839575000000000		1
000031:	0.041089204545455	0.024551136363636	0.290718181818182	0.020101136363636	0.444750568181818	0.053017045454545	0.125772727272727		1
000032:	0.025826704545455	0.035122727272727	0.069406818181818	0.036859090909091	0.740353977272727	0.052741477272727	0.039689204545455		1
000033:	0.055788068181818	0.046265340909091	0.079689772727273	0.047556818181818	0.196773295454545	0.073444886363636	0.500481818181818		1
000034:	0.027907386363636	0.028242613636364	0.036430113636364	0.013619886363636	0.072216477272727	0.802536363636364	0.019047159090909		1
000035:	0.051875568181818	0.351046022727273	0.112156250000000	0.049394886363636	0.334303977272727	0.032702840909091	0.068520454545455		1
000036:	0.076696590909091	0.093132386363636	0.061466477272727	0.093687500000000	0.422285227272727	0.131075568181818	0.121656250000000		1
000037:	0.046690340909091	0.036389204545455	0.105974431818182	0.020044886363636	0.645014772727273	0.053030113636364	0.092856250000000		1
000038:	0.060519886363636	0.394956818181818	0.099698863636364	0.115556250000000	0.082272159090909	0.101112500000000	0.145883522727273		1
000039:	0.079825568181818	0.020686363636364	0.190247727272727	0.026434090909091	0.225251136363636	0.085621022727273	0.371934090909091		1
000040:	0.033894886363636	0.046614204545455	0.051858522727273	0.016777272727273	0.071879545454545	0.706385795454545	0.072589772727273		1
000041:	0.099572727272727	0.034114772727273	0.069297727272727	0.036855681818182	0.493502840909091	0.148331250000000	0.118325000000000		1
000042:	0.038813068181818	0.285790340909091	0.201781818181818	0.028650568181818	0.258289772727273	0.074790909090909	0.111883522727273		1
000043:	0.243414772727273	0.077414772727273	0.056708522727273	0.069182954545455	0.197029545454545	0.164305113636364	0.191944318181818		1
000044:	0.109995454545455	0.027961931818182	0.083760795454545	0.051897727272727	0.330283522727273	0.120854545454545	0.275246022727273		1
000045:	0.034281818181818	0.018221022727273	0.071136931818182	0.021146022727273	0.731046022727273	0.054960227272727	0.069207954545455		1
000046:	0.071986363636364	0.066378409090909	0.118703409090909	0.225185227272727	0.253622727272727	0.084882954545455	0.179240909090909		1
000047:	0.144238636363636	0.188684659090909	0.049089204545455	0.077045454545455	0.184452272727273	0.259821022727273	0.096668750000000		1
000048:	0.419244886363636	0.032808522727273	0.018564204545455	0.058001704545455	0.047218181818182	0.100047727272727	0.324114772727273		1
000049:	0.324553977272727	0.021493181818182	0.032162500000000	0.028069886363636	0.135749431818182	0.075519886363636	0.382451136363636		1
000050:	0.125177840909091	0.088688068181818	0.059739204545455	0.032027272727273	0.110535227272727	0.401743181818182	0.182089204545455		1
000051:	0.033532386363636	0.050890909090909	0.015367613636364	0.016098863636364	0.019155113636364	0.805844318181818	0.059110795454545		1
000052:	0.332365340909091	0.025109090909091	0.017169318181818	0.017946022727273	0.019805113636364	0.534600000000000	0.053005113636364		1
000053:	0.179186931818182	0.067792045454545	0.052164772727273	0.029665909090909	0.208196022727273	0.208170454545455	0.254823863636364		1
000054:	0.034827272727273	0.171876704545455	0.595584090909091	0.022361931818182	0.095753977272727	0.035886363636364	0.043709659090909		1
000055:	0.158647159090909	0.099081818181818	0.021722159090909	0.035223863636364	0.088655681818182	0.206811931818182	0.389857386363636		1
000056:	0.147461363636364	0.029134090909091	0.036543750000000	0.047369886363636	0.123094318181818	0.170196022727273	0.446200568181818		1
000057:	0.102072727272727	0.021523295454545	0.061140909090909	0.037609659090909	0.277633522727273	0.156580681818182	0.343439204545455		1
000058:	0.027837500000000	0.012900000000000	0.012932954545455	0.011188068181818	0.025277840909091	0.019603977272727	0.890259659090909		1
000059:	0.101496022727273	0.024743181818182	0.050866477272727	0.025703977272727	0.240154545454545	0.029081250000000	0.527954545454545		1
000060:	0.242225568181818	0.031481250000000	0.014100000000000	0.023725000000000	0.036038636363636	0.069019886363636	0.583409659090909		1
000061:	0.122302272727273	0.058743181818182	0.025944318181818	0.016982954545455	0.128803409090909	0.081156818181818	0.566067045454545		1
000062:	0.021564772727273	0.012206250000000	0.009301704545455	0.009777840909091	0.016903409090909	0.905209659090909	0.025036363636364		1
000063:	0.051929545454545	0.018585227272727	0.014439772727273	0.022133522727273	0.024215909090909	0.824707386363636	0.043988636363636		1
000064:	0.084935227272727	0.033431250000000	0.026430681818182	0.049923863636364	0.025764772727273	0.752719886363636	0.026794318181818		1
000065:	0.065711363636364	0.013899431818182	0.005397727272727	0.018064204545455	0.014823295454545	0.044811363636364	0.837292613636364		1
000066:	0.141803409090909	0.021069886363636	0.015697159090909	0.030677840909091	0.293781250000000	0.084846590909091	0.412123863636364		1
000067:	0.193225000000000	0.019308522727273	0.020447727272727	0.023430681818182	0.036598295454545	0.679480681818182	0.027509090909091		1
000068:	0.111382386363636	0.020130113636364	0.057422159090909	0.018644318181818	0.117332954545455	0.028577840909091	0.646510227272727		1
000069:	0.115414204545455	0.025444886363636	0.034060227272727	0.040430113636364	0.382405113636364	0.110211931818182	0.292033522727273		1
000070:	0.095358522727273	0.055521590909091	0.079863636363636	0.102370454545455	0.126235227272727	0.278821590909091	0.261828977272727		1
000071:	0.043638636363636	0.029272727272727	0.029263636363636	0.026217045454545	0.114859090909091	0.036836931818182	0.719911931818182		1
000072:	0.122582386363636	0.031647727272727	0.017946590909091	0.044244318181818	0.065507954545455	0.101784659090909	0.616286363636364		1
000073:	0.071227272727273	0.021428409090909	0.031158522727273	0.040761931818182	0.074078977272727	0.102771022727273	0.658573863636364		1
000074:	0.053917613636364	0.105109659090909	0.197632954545455	0.041546022727273	0.214016477272727	0.146853977272727	0.240923295454545		1
000075:	0.203644886363636	0.058033522727273	0.124671022727273	0.046252272727273	0.222146022727273	0.126190909090909	0.219061363636364		1
000076:	0.145488068181818	0.079940340909091	0.155535227272727	0.321521022727273	0.130314204545455	0.044986931818182	0.122214204545455		1
000077:	0.071680681818182	0.020146022727273	0.057346590909091	0.600192613636364	0.064732954545455	0.086044318181818	0.099856818181818		1
000078:	0.228180113636364	0.078580113636364	0.021306818181818	0.049347159090909	0.098878409090909	0.134179545454545	0.389527840909091		1
000079:	0.040475568181818	0.074902272727273	0.061729545454545	0.040490909090909	0.246672727272727	0.076915909090909	0.458813068181818		1
000080:	0.061011363636364	0.059773863636364	0.124991477272727	0.061223295454545	0.518213636363636	0.033813636363636	0.140972727272727		1
000081:	0.191672159090909	0.013706818181818	0.019780113636364	0.040405681818182	0.108578409090909	0.046144318181818	0.579712500000000		1
000082:	0.086802272727273	0.017011931818182	0.015968750000000	0.029659090909091	0.026025568181818	0.174090340909091	0.650442045454545		1
000083:	0.157200568181818	0.014460795454545	0.024032386363636	0.083281818181818	0.239330113636364	0.027990340909091	0.453703977272727		1
000084:	0.021056250000000	0.181149431818182	0.021547727272727	0.016592045454545	0.021472159090909	0.714873295454545	0.023309090909091		1
000085:	0.130925568181818	0.047886363636364	0.072872727272727	0.050786363636364	0.471969886363636	0.076268750000000	0.149290340909091		1
000086:	0.085338068181818	0.082546590909091	0.067661363636364	0.050438636363636	0.142072159090909	0.463180113636364	0.108763068181818		1
000087:	0.326227272727273	0.023993181818182	0.028159090909091	0.019335227272727	0.163134090909091	0.039849431818182	0.399301704545455		1
000088:	0.061474431818182	0.048291477272727	0.052840909090909	0.024691477272727	0.570772159090909	0.041742045454545	0.200187500000000		1
000089:	0.066345454545455	0.083175000000000	0.038695454545455	0.051778409090909	0.564569886363636	0.060909659090909	0.134526136363636		1
000090:	0.047619886363636	0.080085795454545	0.241398295454545	0.028012500000000	0.186787500000000	0.182113636363636	0.233982386363636		1
000091:	0.047733522727273	0.251178409090909	0.168305113636364	0.125164204545455	0.102478409090909	0.042703409090909	0.262436931818182		1
000092:	0.089592045454545	0.016857954545455	0.108342045454545	0.024430681818182	0.052819886363636	0.046559659090909	0.661397727272727		1
000093:	0.066421590909091	0.022538636363636	0.105408522727273	0.127852272727273	0.300323295454545	0.162394318181818	0.215061363636364		1
000094:	0.027922159090909	0.012913636363636	0.040297159090909	0.066379545454545	0.058111931818182	0.015235795454545	0.779139772727273		1
000095:	0.090285227272727	0.034682386363636	0.025028977272727	0.041267045454545	0.050951704545455	0.174612500000000	0.583172159090909		1
000096:	0.056271590909091	0.037198863636364	0.020835227272727	0.020622727272727	0.044703977272727	0.760910227272727	0.059457386363636		1
000097:	0.046883522727273	0.023667045454545	0.029019886363636	0.027725000000000	0.231138068181818	0.027827272727273	0.613739204545454		1
000098:	0.045063636363636	0.011652272727273	0.015162500000000	0.010090909090909	0.085840909090909	0.018055681818182	0.814134090909091		1
000099:	0.076314772727273	0.056190909090909	0.039111363636364	0.046011363636364	0.209632386363636	0.238811363636364	0.333927840909091		1
000100:	0.127619886363636	0.022515340909091	0.018055113636364	0.019319886363636	0.046005113636364	0.603820454545455	0.162664204545455		1
000101:	0.036349431818182	0.076165340909091	0.019399431818182	0.053698863636364	0.642705681818182	0.063808522727273	0.107872727272727		1
000102:	0.082313636363636	0.024576704545455	0.041474431818182	0.030308522727273	0.218122159090909	0.394400000000000	0.208804545454545		1
000103:	0.101503977272727	0.045197159090909	0.180680113636364	0.054636363636364	0.140849431818182	0.048822727272727	0.428310227272727		1
000104:	0.117859659090909	0.057153977272727	0.031973295454545	0.023967613636364	0.060096590909091	0.596514772727273	0.112434090909091		1
000105:	0.039975568181818	0.040632954545455	0.039663068181818	0.034351704545455	0.614163068181818	0.100175568181818	0.131038068181818		1
000106:	0.108166477272727	0.059770454545455	0.053848295454545	0.024249431818182	0.557196022727273	0.050546022727273	0.146223295454545		1
000107:	0.108463636363636	0.030193181818182	0.023452272727273	0.022561363636364	0.218859090909091	0.386740909090909	0.209729545454545		1
000108:	0.089194318181818	0.040488636363636	0.058146590909091	0.020093181818182	0.121065340909091	0.537998295454545	0.133013636363636		1
000109:	0.000530113636364	0.155217613636364	0.001812500000000	0.000180113636364	0.840821022727273	0.001123863636364	0.000314772727273		1
000110:	0.033794318181818	0.055864204545455	0.484887500000000	0.135907954545455	0.073985795454545	0.109730681818182	0.105829545454545		1
000111:	0.049749431818182	0.326660227272727	0.025734659090909	0.053113068181818	0.092455113636364	0.310875000000000	0.141412500000000		1
000112:	0.068162500000000	0.096617613636364	0.120985795454545	0.050447727272727	0.529314204545455	0.094305113636364	0.040167045454545		1
000113:	0.215405681818182	0.034293181818182	0.020951136363636	0.045917045454545	0.135169886363636	0.126968750000000	0.421294318181818		1
000114:	0.046357386363636	0.138646590909091	0.047740909090909	0.087581250000000	0.156743750000000	0.087544318181818	0.435385795454545		1
000115:	0.116714772727273	0.038076136363636	0.095432386363636	0.050551704545455	0.138517045454545	0.078292045454545	0.482415909090909		1
000116:	0.201365909090909	0.037931818181818	0.069565909090909	0.044814772727273	0.060313636363636	0.359413636363636	0.226594318181818		1
000117:	0.142452272727273	0.039494886363636	0.048435795454545	0.056334659090909	0.541454545454545	0.078184659090909	0.093643181818182		1
000118:	0.191934090909091	0.033414204545455	0.021921590909091	0.077439772727273	0.070522727272727	0.207540909090909	0.397226704545455		1
000119:	0.011498863636364	0.006094886363636	0.039040340909091	0.003110795454545	0.522630113636364	0.015371022727273	0.402253977272727		1
000120:	0.267493750000000	0.039965340909091	0.037802272727273	0.025626136363636	0.147412500000000	0.108780681818182	0.372919318181818		1
000121:	0.142396590909091	0.064041477272727	0.128851704545455	0.057703977272727	0.152976704545455	0.084435795454545	0.369593750000000		1
000122:	0.057706818181818	0.018053409090909	0.040352840909091	0.016584090909091	0.398833522727273	0.080855681818182	0.387613636363636		1
000123:	0.053569886363636	0.012455681818182	0.095422159090909	0.010554545454545	0.031541477272727	0.017965909090909	0.778490340909091		1
000124:	0.079860227272727	0.198582954545455	0.137824431818182	0.081559090909091	0.335529545454545	0.051177272727273	0.115466477272727		1
000125:	0.356432386363636	0.142431818181818	0.039103409090909	0.129050568181818	0.076359659090909	0.137231250000000	0.119390909090909		1
000126:	0.051088636363636	0.199469318181818	0.027186931818182	0.569669886363636	0.051455113636364	0.059103409090909	0.042026704545455		1
000127:	0.142978977272727	0.039329545454545	0.074249431818182	0.052045454545455	0.148999431818182	0.382807386363636	0.159589772727273		1
000128:	0.486272727272727	0.058833522727273	0.040162500000000	0.031589772727273	0.088380113636364	0.098402272727273	0.196359090909091		1
000129:	0.032797159090909	0.007717613636364	0.135054545454545	0.014996590909091	0.261435227272727	0.022878977272727	0.525119886363636		1
000130:	0.188950000000000	0.022909659090909	0.049396022727273	0.025019886363636	0.041052272727273	0.124790340909091	0.547881818181818		1
000131:	0.295666477272727	0.050757954545455	0.034228977272727	0.032634090909091	0.236164204545455	0.046863068181818	0.303685227272727		1
000132:	0.078249431818182	0.058821590909091	0.031556818181818	0.018113636363636	0.107072159090909	0.631317045454545	0.074869318181818		1
000133:	0.074068750000000	0.239309659090909	0.144823295454545	0.221729545454545	0.154870454545455	0.061601136363636	0.103597159090909		1
000134:	0.172784090909091	0.067703409090909	0.151359090909091	0.044586931818182	0.177171022727273	0.084822159090909	0.301573295454545		1
000135:	0.089783522727273	0.023525000000000	0.138365909090909	0.030000568181818	0.357125000000000	0.041765340909091	0.319434659090909		1
000136:	0.136306250000000	0.044285227272727	0.033572727272727	0.022545454545455	0.055522159090909	0.159266477272727	0.548501704545455		1
000137:	0.048654545454545	0.052884659090909	0.130857954545455	0.028689772727273	0.147551136363636	0.044548863636364	0.546813068181818		1
000138:	0.319606818181818	0.077388636363636	0.057031818181818	0.094578977272727	0.174780113636364	0.072281818181818	0.204331818181818		1
000139:	0.233284659090909	0.041919886363636	0.068835227272727	0.075707386363636	0.310880113636364	0.107721590909091	0.161651136363636		1
000140:	0.058655681818182	0.039412500000000	0.507563636363636	0.022889772727273	0.147381250000000	0.077109090909091	0.146988068181818		1
000141:	0.135139772727273	0.089917613636364	0.051644318181818	0.066427840909091	0.082436363636364	0.494818181818182	0.079615909090909		1
000142:	0.103455681818182	0.027390909090909	0.073511931818182	0.028364772727273	0.272837500000000	0.116603409090909	0.377835795454545		1
000143:	0.287830681818182	0.116699431818182	0.134334090909091	0.073496022727273	0.155523295454545	0.050416477272727	0.181700000000000		1
000144:	0.009239204545455	0.086782386363636	0.482578977272727	0.002426136363636	0.020427272727273	0.010531818181818	0.388014204545455		1
000145:	0.062235795454545	0.125785227272727	0.027390909090909	0.019603409090909	0.046196590909091	0.674762500000000	0.044025568181818		1
000146:	0.177346022727273	0.018901136363636	0.184496022727273	0.045680113636364	0.283297159090909	0.199777840909091	0.090501704545455		1
000147:	0.285180681818182	0.028973295454545	0.031752272727273	0.036736363636364	0.093568181818182	0.089184659090909	0.434604545454545		1
000148:	0.323830113636364	0.037651704545455	0.030613068181818	0.030240909090909	0.045948295454545	0.062596022727273	0.469119886363636		1
000149:	0.119547727272727	0.048987500000000	0.038194318181818	0.030997159090909	0.417793181818182	0.109735227272727	0.234744886363636		1
000150:	0.069064204545455	0.063572727272727	0.074223295454545	0.021819318181818	0.614111931818182	0.064611931818182	0.092596590909091		1
000151:	0.240615340909091	0.070410227272727	0.067501136363636	0.071086931818182	0.102990340909091	0.205192045454545	0.242203977272727		1
000152:	0.102490340909091	0.125584659090909	0.039444886363636	0.030163068181818	0.153452272727273	0.102636931818182	0.446227840909091		1
000153:	0.093198295454545	0.033551136363636	0.035389204545455	0.017188068181818	0.566774431818182	0.115690909090909	0.138207954545455		1
000154:	0.067442045454545	0.047993181818182	0.019203409090909	0.027423295454545	0.039217613636364	0.754895454545455	0.043825000000000		1
000155:	0.081561931818182	0.060872727272727	0.063178977272727	0.030943750000000	0.157499431818182	0.298305113636364	0.307638068181818		1
000156:	0.074701136363636	0.031106818181818	0.078530113636364	0.044892045454545	0.515155681818182	0.196385795454545	0.059228409090909		1
000157:	0.125586931818182	0.041163636363636	0.008106250000000	0.069765909090909	0.031335227272727	0.685271022727273	0.038771022727273		1
000158:	0.272285795454545	0.069652840909091	0.061918181818182	0.322049431818182	0.064584659090909	0.156677840909091	0.052831250000000		1
000159:	0.099052272727273	0.244370454545455	0.032240909090909	0.184632954545455	0.144506818181818	0.260622727272727	0.034573863636364		1
000160:	0.067411931818182	0.031470454545455	0.011554545454545	0.809792613636364	0.012690340909091	0.050630681818182	0.016449431818182		1
000161:	0.376679545454545	0.030998863636364	0.013368181818182	0.235363068181818	0.082301704545455	0.239159659090909	0.022128977272727		1
000162:	0.143323863636364	0.050998863636364	0.200897727272727	0.259623863636364	0.260324431818182	0.047438636363636	0.037392613636364		1
000163:	0.629655681818182	0.037628977272727	0.011971590909091	0.027590909090909	0.012898295454545	0.218279545454545	0.061975000000000		1
000164:	0.141393181818182	0.024215340909091	0.007976704545455	0.049856818181818	0.017392045454545	0.740088068181818	0.019077840909091		1
000165:	0.567782954545455	0.016509090909091	0.020839204545455	0.213385795454545	0.014230681818182	0.083164204545455	0.084088068181818		1
000166:	0.775948295454545	0.012742613636364	0.007412500000000	0.029849431818182	0.012861931818182	0.109981250000000	0.051203977272727		1
000167:	0.337107386363636	0.051598295454545	0.112514772727273	0.080031250000000	0.025689204545455	0.330785227272727	0.062273863636364		1
000168:	0.123168181818182	0.044134090909091	0.041180681818182	0.049428409090909	0.174478409090909	0.143553977272727	0.424056250000000		1
000169:	0.179265340909091	0.036572159090909	0.034672159090909	0.021404545454545	0.270127840909091	0.040315909090909	0.417642045454545		1
000170:	0.116151704545455	0.015283522727273	0.019148295454545	0.009953409090909	0.031840340909091	0.031116477272727	0.776506250000000		1
000171:	0.061831250000000	0.021543750000000	0.017322727272727	0.018334090909091	0.084396590909091	0.638585795454545	0.157985795454545		1
000172:	0.223017045454545	0.028022727272727	0.131691477272727	0.213788068181818	0.188168750000000	0.091008522727273	0.124303409090909		1
000173:	0.346374431818182	0.024546590909091	0.020888636363636	0.034389204545455	0.256283522727273	0.095913636363636	0.221603977272727		1
000174:	0.081860227272727	0.022071590909091	0.026557954545455	0.018450568181818	0.096606250000000	0.042358522727273	0.712094886363636		1
000175:	0.042089772727273	0.050466477272727	0.029882954545455	0.014930113636364	0.038891477272727	0.770588636363636	0.053150568181818		1
000176:	0.113955681818182	0.150683522727273	0.032594886363636	0.058124431818182	0.305422727272727	0.096892613636364	0.242326136363636		1
000177:	0.098047727272727	0.037381818181818	0.037321022727273	0.013740340909091	0.289816477272727	0.123731818181818	0.399960795454545		1
000178:	0.185580113636364	0.020735227272727	0.032603409090909	0.012089204545455	0.117694886363636	0.232558522727273	0.398738636363636		1
000179:	0.052642045454545	0.027992045454545	0.015918750000000	0.016145454545455	0.065097727272727	0.794288068181818	0.027915909090909		1
000180:	0.310494318181818	0.014275568181818	0.068077272727273	0.193840340909091	0.242205681818182	0.166932954545455	0.004173863636364		1
000181:	0.051338068181818	0.062672159090909	0.018278977272727	0.015589204545455	0.037945454545455	0.782271590909091	0.031904545454545		1
000182:	0.076382386363636	0.026993181818182	0.113344886363636	0.023975568181818	0.262098863636364	0.185000000000000	0.312205113636364		1
000183:	0.050481250000000	0.016340340909091	0.015611931818182	0.012685795454545	0.040318181818182	0.818839204545455	0.045723295454545		1
000184:	0.033753409090909	0.625819886363636	0.197815340909091	0.007115340909091	0.046070454545455	0.054697727272727	0.034727840909091		1
000185:	0.092860795454545	0.024425568181818	0.343962500000000	0.067056250000000	0.264234659090909	0.112292045454545	0.095168181818182		1
000186:	0.052643181818182	0.498394886363636	0.052322159090909	0.029054545454545	0.098285795454545	0.185168181818182	0.084131250000000		1
000187:	0.035334659090909	0.037306818181818	0.136468750000000	0.019041477272727	0.090818181818182	0.642895454545454	0.038134659090909		1
000188:	0.221327840909091	0.117188636363636	0.036046590909091	0.107308522727273	0.112547159090909	0.350406250000000	0.055175000000000		1
000189:	0.047828977272727	0.011992613636364	0.352264204545455	0.025621022727273	0.101418750000000	0.015752272727273	0.445122159090909		1
000190:	0.024373863636364	0.578980681818182	0.004606818181818	0.008338636363636	0.366340340909091	0.013193750000000	0.004165909090909		1
000191:	0.035542613636364	0.012968750000000	0.001998295454545	0.857000000000000	0.085897727272727	0.002929545454545	0.003663068181818		1
000192:	0.044638636363636	0.129087500000000	0.026694886363636	0.047769886363636	0.482302840909091	0.090055113636364	0.179451136363636		1
000193:	0.111955681818182	0.097623295454545	0.047019886363636	0.041105681818182	0.309975000000000	0.132436931818182	0.259883522727273		1
000194:	0.091409659090909	0.080497727272727	0.084454545454545	0.031510227272727	0.106955681818182	0.148606250000000	0.456565909090909		1
000195:	0.111933522727273	0.028905113636364	0.027923295454545	0.015256250000000	0.576339772727273	0.064421590909091	0.175220454545455		1
000196:	0.250406818181818	0.087289204545455	0.014303409090909	0.247040340909091	0.052188068181818	0.279509659090909	0.069262500000000		1
000197:	0.184584659090909	0.034244886363636	0.015988068181818	0.107638636363636	0.256655113636364	0.098331818181818	0.302556818181818		1
000198:	0.195201704545455	0.025044886363636	0.045471590909091	0.163772159090909	0.258396590909091	0.135143750000000	0.176969318181818		1
000199:	0.415686931818182	0.013435795454545	0.023925000000000	0.234477272727273	0.018923295454545	0.269003409090909	0.024548295454545		1
000200:	0.510217613636364	0.021995454545455	0.014749431818182	0.151167613636364	0.041720454545455	0.205650568181818	0.054498863636364		1
000201:	0.085489204545455	0.021983522727273	0.007747727272727	0.031140340909091	0.019660795454545	0.814120454545455	0.019857954545455		1
000202:	0.051739204545455	0.094083522727273	0.049334090909091	0.030502840909091	0.185671022727273	0.144701136363636	0.443968181818182		1
000203:	0.320459090909091	0.030254545454545	0.025989772727273	0.032472727272727	0.064168181818182	0.170184659090909	0.356471022727273		1
000204:	0.007834659090909	0.017218181818182	0.003929545454545	0.772963068181818	0.057863068181818	0.025092613636364	0.115098863636364		1
000205:	0.095605681818182	0.056429545454545	0.039442613636364	0.036546590909091	0.152160795454545	0.509817613636364	0.109997159090909		1
000206:	0.035643750000000	0.042696590909091	0.043883522727273	0.017888636363636	0.061731250000000	0.054418750000000	0.743737500000000		1
000207:	0.137209659090909	0.061340340909091	0.032165909090909	0.060675000000000	0.452810227272727	0.039255681818182	0.216543181818182		1
000208:	0.330524431818182	0.026901136363636	0.043540909090909	0.024498295454545	0.237111363636364	0.238697159090909	0.098726704545455		1
000209:	0.162807954545455	0.078218750000000	0.022192045454545	0.096846590909091	0.107719886363636	0.486845454545455	0.045369318181818		1
000210:	0.149428977272727	0.088993181818182	0.018295454545455	0.035612500000000	0.120260227272727	0.282592045454545	0.304817613636364		1
000211:	0.529228409090909	0.025777272727273	0.028279545454545	0.066752840909091	0.113511363636364	0.135027840909091	0.101422727272727		1
000212:	0.572174431818182	0.016420454545455	0.012155681818182	0.253208522727273	0.033067613636364	0.092242045454545	0.020731250000000		1
000213:	0.268647727272727	0.225313636363636	0.014295454545455	0.082375568181818	0.028981818181818	0.269092613636364	0.111293181818182		1
000214:	0.551471022727273	0.038670454545455	0.018376136363636	0.115010227272727	0.119264772727273	0.093979545454545	0.063227840909091		1
000215:	0.203792613636364	0.201810795454545	0.043033522727273	0.163910795454545	0.105951704545455	0.092179545454545	0.189321022727273		1
000216:	0.357088068181818	0.091856818181818	0.025153409090909	0.100373863636364	0.041444318181818	0.348246022727273	0.035837500000000		1
000217:	0.451064204545455	0.022504545454545	0.025244318181818	0.148485795454545	0.032123863636364	0.283146590909091	0.037430681818182		1
000218:	0.582973863636364	0.024159659090909	0.017990340909091	0.154945454545455	0.027807954545455	0.167621022727273	0.024501704545455		1
000219:	0.570982954545455	0.029560795454545	0.012255681818182	0.208140909090909	0.017773295454545	0.127886931818182	0.033399431818182		1
000220:	0.298642613636364	0.024699431818182	0.013676136363636	0.057669318181818	0.014411931818182	0.556802840909091	0.034097727272727		1
000221:	0.555997159090909	0.028846590909091	0.017871590909091	0.075628977272727	0.022927840909091	0.207088068181818	0.091639772727273		1
000222:	0.020979545454545	0.004951704545455	0.002343750000000	0.590663068181818	0.365506818181818	0.010320454545455	0.005234659090909		1
000223:	0.267215340909091	0.044691477272727	0.059904545454545	0.077436363636364	0.063996590909091	0.340426136363636	0.146329545454545		1
000224:	0.013286931818182	0.037655681818182	0.076376136363636	0.102610795454545	0.073326136363636	0.016874431818182	0.679869886363636		1
000225:	0.021279545454545	0.025396022727273	0.062812500000000	0.027681818181818	0.062956250000000	0.028132386363636	0.771741477272727		1
000226:	0.025207386363636	0.136189772727273	0.064989772727273	0.149999431818182	0.150243181818182	0.084949431818182	0.388421022727273		1
000227:	0.024873295454545	0.148857386363636	0.129192045454545	0.067908522727273	0.187773863636364	0.065161931818182	0.376232954545455		1
000228:	0.011732954545455	0.028413068181818	0.820793181818182	0.081266477272727	0.021814204545455	0.018123863636364	0.017856250000000		1
000229:	0.019737500000000	0.016249431818182	0.042989204545455	0.027531818181818	0.018668750000000	0.015026136363636	0.859797159090909		1
000230:	0.037067045454545	0.329629545454545	0.053032386363636	0.438043181818182	0.019948295454545	0.070909659090909	0.051369886363636		1
000231:	0.045827840909091	0.084009090909091	0.099429545454545	0.109815909090909	0.252252840909091	0.033722159090909	0.374942613636364		1
000232:	0.119526704545455	0.115566477272727	0.122398863636364	0.113195454545455	0.044132954545455	0.252161363636364	0.233018181818182		1
000233:	0.014250568181818	0.122722727272727	0.082483522727273	0.068328977272727	0.171710227272727	0.044282386363636	0.496221590909091		1
000234:	0.024353409090909	0.052084090909091	0.492681818181818	0.079096590909091	0.157923863636364	0.027973863636364	0.165886363636364		1
000235:	0.208518750000000	0.010755113636364	0.724293181818182	0.018316477272727	0.022928977272727	0.004352272727273	0.010835227272727		1
000236:	0.016687500000000	0.649352272727273	0.110009090909091	0.051896022727273	0.030625568181818	0.103689772727273	0.037739772727273		1
000237:	0.014107954545455	0.028871590909091	0.441300000000000	0.053007386363636	0.099023295454545	0.023434090909091	0.340255681818182		1
000238:	0.054227272727273	0.032262500000000	0.081310227272727	0.046895454545455	0.031086931818182	0.694228409090909	0.059989204545455		1
000239:	0.028951136363636	0.112625000000000	0.387366477272727	0.123194886363636	0.105092045454545	0.073314204545455	0.169456250000000		1
000240:	0.014302272727273	0.784105681818182	0.039065909090909	0.077522727272727	0.029838068181818	0.017001136363636	0.038164204545455		1
000241:	0.021189204545455	0.068764204545455	0.222426136363636	0.078505113636364	0.269873295454545	0.226137500000000	0.113104545454545		1
000242:	0.020373863636364	0.071696022727273	0.159317613636364	0.068115340909091	0.548069886363636	0.041651704545455	0.090775568181818		1
000243:	0.010000568181818	0.064989772727273	0.326546022727273	0.498041477272727	0.033584659090909	0.028056818181818	0.038780681818182		1
000244:	0.025353409090909	0.025277272727273	0.098122727272727	0.544634090909091	0.027786363636364	0.036933522727273	0.241892613636364		1
000245:	0.017020454545455	0.074915909090909	0.062263636363636	0.278906818181818	0.057015340909091	0.017684659090909	0.492193181818182		1
000246:	0.034229545454545	0.051876136363636	0.384238068181818	0.103780681818182	0.207965909090909	0.042684090909091	0.175225568181818		1
000247:	0.062205681818182	0.187323295454545	0.306050568181818	0.177426704545455	0.143331250000000	0.044167045454545	0.079495454545455		1
000248:	0.014832386363636	0.041009659090909	0.028675000000000	0.077342613636364	0.014358522727273	0.022555681818182	0.801226136363636		1
000249:	0.001424431818182	0.777224431818182	0.181793181818182	0.013217045454545	0.013382386363636	0.010219318181818	0.002739204545455		1
000250:	0.003192045454545	0.011572727272727	0.079764772727273	0.164201704545455	0.189797159090909	0.036547727272727	0.514923863636364		1
000251:	0.021695454545455	0.109246022727273	0.191044318181818	0.154567045454545	0.113859659090909	0.054058522727273	0.355528977272727		1
000252:	0.013167613636364	0.318600000000000	0.207813068181818	0.114517613636364	0.026296022727273	0.288940909090909	0.030664772727273		1
000253:	0.002806250000000	0.009625568181818	0.546415340909091	0.034873863636364	0.389855681818182	0.008152840909091	0.008270454545455		1
000254:	0.030953409090909	0.579293750000000	0.114533522727273	0.072545454545455	0.031952840909091	0.048788636363636	0.121932386363636		1
000255:	0.016462500000000	0.626850568181818	0.195146022727273	0.042761931818182	0.009823295454545	0.019965909090909	0.088989772727273		1
000256:	0.025785227272727	0.014346022727273	0.028305113636364	0.039142613636364	0.035885227272727	0.024032954545455	0.832502840909091		1
000257:	0.065922159090909	0.056243181818182	0.116812500000000	0.161231250000000	0.024388068181818	0.519782954545455	0.055619886363636		1
000258:	0.094525568181818	0.065003977272727	0.048010227272727	0.042021022727273	0.068852840909091	0.040915340909091	0.640671022727273		1
000259:	0.030146022727273	0.042318750000000	0.046126136363636	0.032646022727273	0.047786931818182	0.766669886363636	0.034306250000000		1
000260:	0.026357386363636	0.746423863636364	0.038382954545455	0.059684090909091	0.057211931818182	0.028151704545455	0.043788068181818		1
000261:	0.000993750000000	0.001078977272727	0.800850000000000	0.004597159090909	0.010205681818182	0.180572159090909	0.001702272727273		1
000262:	0.032223295454545	0.429324431818182	0.129178409090909	0.147996590909091	0.044442045454545	0.180035227272727	0.036800000000000		1
000263:	0.145645454545455	0.032579545454545	0.066669318181818	0.291510227272727	0.098450000000000	0.125078977272727	0.240066477272727		1
000264:	0.056582954545455	0.103530681818182	0.048743750000000	0.044567045454545	0.029292613636364	0.644556250000000	0.072726704545455		1
000265:	0.332490909090909	0.033221022727273	0.067809090909091	0.073042613636364	0.030619318181818	0.128205113636364	0.334611931818182		1
000266:	0.022540909090909	0.028499431818182	0.061888068181818	0.038883522727273	0.024413068181818	0.044281818181818	0.779493181818182		1
000267:	0.029651704545455	0.170702272727273	0.174935227272727	0.055010227272727	0.044981818181818	0.029696590909091	0.495022159090909		1
000268:	0.140538636363636	0.120573295454545	0.175334090909091	0.157069886363636	0.063296590909091	0.208101136363636	0.135086363636364		1
000269:	0.044465909090909	0.020263636363636	0.639481818181818	0.047067613636364	0.121125000000000	0.055761931818182	0.071834090909091		1
000270:	0.029005113636364	0.046950000000000	0.028835795454545	0.045652272727273	0.026221590909091	0.748661931818182	0.074673295454545		1
000271:	0.018505113636364	0.493809090909091	0.284008522727273	0.058422727272727	0.040221590909091	0.041526136363636	0.063506818181818		1
000272:	0.011209659090909	0.723257386363636	0.130039204545455	0.043221022727273	0.013751704545455	0.048173295454545	0.030347727272727		1
000273:	0.808810795454545	0.013347159090909	0.073264772727273	0.006724431818182	0.008823863636364	0.053944318181818	0.035084659090909		1
000274:	0.023899431818182	0.466072727272727	0.230789772727273	0.070024431818182	0.033396590909091	0.039551704545455	0.136265340909091		1
000275:	0.042127272727273	0.024518750000000	0.078885227272727	0.059734659090909	0.046967613636364	0.048227272727273	0.699539204545455		1
000276:	0.025594318181818	0.170566477272727	0.108795454545455	0.188819318181818	0.061693750000000	0.410617613636364	0.033913068181818		1
000277:	0.026496590909091	0.028937500000000	0.681634659090909	0.049273295454545	0.038791477272727	0.095408522727273	0.079457954545455		1
000278:	0.045243750000000	0.043039772727273	0.059877272727273	0.055930113636364	0.023293181818182	0.032197727272727	0.740418181818182		1
000279:	0.039686363636364	0.020192045454545	0.469972159090909	0.037430681818182	0.052065340909091	0.020965909090909	0.359687500000000		1
000280:	0.021762500000000	0.797694886363636	0.024907954545455	0.071567613636364	0.017807954545455	0.032858522727273	0.033400568181818		1
000281:	0.040421590909091	0.234717613636364	0.327764772727273	0.036274431818182	0.042558522727273	0.257915340909091	0.060347727272727		1
000282:	0.032418181818182	0.069080681818182	0.066339772727273	0.081964772727273	0.419186931818182	0.266245454545455	0.064764204545455		1
000283:	0.024005113636364	0.040940909090909	0.032197727272727	0.049601704545455	0.018668750000000	0.813052840909091	0.021532954545455		1
000284:	0.019637500000000	0.202258522727273	0.369798295454545	0.080705681818182	0.055682954545455	0.047283522727273	0.224633522727273		1
000285:	0.072644886363636	0.098049431818182	0.429821022727273	0.081705113636364	0.201700000000000	0.045775568181818	0.070303977272727		1
000286:	0.019379545454545	0.046967045454545	0.407033522727273	0.070446022727273	0.034509659090909	0.286326704545455	0.135337500000000		1
000287:	0.030103977272727	0.049760795454545	0.292848863636364	0.059042613636364	0.090228409090909	0.136299431818182	0.341715909090909		1
000288:	0.062165909090909	0.063381250000000	0.168228409090909	0.106468750000000	0.111219886363636	0.257360795454545	0.231175000000000		1
