Estimated Clustering Probabilities for Samples
Sample	***Cluster  01***	***Cluster  02***	***Cluster  03***	***Cluster  04***	***Cluster  05***	***Cluster  06***	***Cluster  07***	
000001:	0.242209090909091	0.013971590909091	0.233763636363636	0.320712500000000	0.021992045454545	0.056714204545455	0.110636931818182		1
000002:	0.032317613636364	0.006460795454545	0.601369886363636	0.275904545454545	0.013523295454545	0.009826704545455	0.060597159090909		1
000003:	0.034075000000000	0.020568181818182	0.144359090909091	0.699571022727273	0.009168750000000	0.045357954545455	0.046900000000000		1
000004:	0.023146022727273	0.009232954545455	0.298306818181818	0.382185227272727	0.011551704545455	0.010902272727273	0.264675000000000		1
000005:	0.034490909090909	0.005674431818182	0.319334659090909	0.289180113636364	0.004849431818182	0.014328409090909	0.332142045454545		1
000006:	0.007326136363636	0.898401704545455	0.010076136363636	0.076194318181818	0.002612500000000	0.002238636363636	0.003150568181818		1
000007:	0.045148863636364	0.016201704545455	0.433709090909091	0.411538068181818	0.014236363636364	0.048252272727273	0.030913636363636		1
000008:	0.010213636363636	0.002564772727273	0.062756818181818	0.891178977272727	0.009224431818182	0.006763068181818	0.017298295454545		1
000009:	0.032351704545455	0.006780681818182	0.545168750000000	0.305768750000000	0.013262500000000	0.016175000000000	0.080492613636364		1
000010:	0.076349431818182	0.005977840909091	0.151498863636364	0.682406818181818	0.014181250000000	0.014216477272727	0.055369318181818		1
000011:	0.155171022727273	0.108867045454545	0.057063636363636	0.248695454545455	0.035884659090909	0.180178409090909	0.214139772727273		1
000012:	0.251775568181818	0.143075568181818	0.041153977272727	0.193776704545455	0.129214772727273	0.023387500000000	0.217615909090909		1
000013:	0.064226704545455	0.106684090909091	0.055674431818182	0.057473295454545	0.556262500000000	0.015847159090909	0.143831818181818		1
000014:	0.011112500000000	0.009807954545455	0.013510795454545	0.009943181818182	0.006824431818182	0.003527840909091	0.945273295454545		1
000015:	0.106341477272727	0.044192045454545	0.039601136363636	0.526565340909091	0.070896022727273	0.067845454545455	0.144558522727273		1
000016:	0.006180113636364	0.006681250000000	0.004241477272727	0.011472159090909	0.006021590909091	0.020545454545455	0.944857954545455		1
000017:	0.608373295454545	0.022865909090909	0.019198863636364	0.168769318181818	0.029703409090909	0.031178409090909	0.119910795454545		1
000018:	0.065848295454545	0.056592613636364	0.020964204545455	0.064682386363636	0.718722727272727	0.012666477272727	0.060523295454545		1
000019:	0.171014772727273	0.087732386363636	0.032726136363636	0.568265909090909	0.084635227272727	0.019613068181818	0.036012500000000		1
000020:	0.208880113636364	0.041340340909091	0.064092045454545	0.182488636363636	0.062616477272727	0.040347727272727	0.400234659090909		1
000021:	0.712155113636364	0.055879545454545	0.015536363636364	0.065655681818182	0.034504545454545	0.082520454545455	0.033748295454545		1
000022:	0.381498863636364	0.032267613636364	0.040947727272727	0.248988636363636	0.199917613636364	0.015380681818182	0.080998863636364		1
000023:	0.254984090909091	0.335531818181818	0.085251704545455	0.135892613636364	0.066747727272727	0.039363068181818	0.082228977272727		1
000024:	0.034119318181818	0.019877840909091	0.012186363636364	0.023166477272727	0.024617613636364	0.013491477272727	0.872540909090909		1
000025:	0.117063068181818	0.307461931818182	0.062714772727273	0.124542613636364	0.235522159090909	0.017359090909091	0.135336363636364		1
000026:	0.210899431818182	0.123519886363636	0.025706250000000	0.355276704545455	0.211502272727273	0.026839772727273	0.046255681818182		1
000027:	0.371952272727273	0.144922727272727	0.036872727272727	0.071974431818182	0.307337500000000	0.018830113636364	0.048110227272727		1
000028:	0.357591477272727	0.064317613636364	0.082406250000000	0.242240909090909	0.043494318181818	0.142323295454545	0.067626136363636		1
000029:	0.433604545454545	0.054934090909091	0.035763636363636	0.165761363636364	0.133285227272727	0.031528977272727	0.145122159090909		1
000030:	0.914159090909091	0.002669886363636	0.001591477272727	0.007205681818182	0.016303977272727	0.002904545454545	0.055165340909091		1
000031:	0.184960227272727	0.051891477272727	0.013895454545455	0.037886931818182	0.657635795454545	0.012510227272727	0.041219886363636		1
000032:	0.887701704545454	0.011823295454545	0.009787500000000	0.013864204545455	0.042296022727273	0.010802840909091	0.023724431818182		1
000033:	0.420097159090909	0.046344886363636	0.148021590909091	0.219363068181818	0.046793750000000	0.037519886363636	0.081859659090909		1
000034:	0.019960795454545	0.016940340909091	0.007400000000000	0.015016477272727	0.022928409090909	0.006504545454545	0.911249431818182		1
000035:	0.274515340909091	0.092185227272727	0.403141477272727	0.035377840909091	0.138307386363636	0.017056818181818	0.039415909090909		1
000036:	0.401401136363636	0.043349431818182	0.046168181818182	0.238105113636364	0.056166477272727	0.049190340909091	0.165619318181818		1
000037:	0.039324431818182	0.009268750000000	0.002582954545455	0.010680681818182	0.379093750000000	0.005688068181818	0.553361363636364		1
000038:	0.018547159090909	0.249909090909091	0.585965340909091	0.018196590909091	0.028959659090909	0.036019886363636	0.062402272727273		1
000039:	0.260578977272727	0.136212500000000	0.016240340909091	0.139026136363636	0.319153409090909	0.011914772727273	0.116873863636364		1
000040:	0.041047727272727	0.053949431818182	0.017510795454545	0.046734659090909	0.043828977272727	0.017587500000000	0.779340909090909		1
000041:	0.443949431818182	0.041409659090909	0.070325568181818	0.071223295454545	0.217559090909091	0.025336363636364	0.130196590909091		1
000042:	0.366689204545455	0.185101704545455	0.021406250000000	0.114676704545455	0.218010795454545	0.024036931818182	0.070078409090909		1
000043:	0.298459090909091	0.054846590909091	0.044568181818182	0.362010795454545	0.036389772727273	0.043468750000000	0.160256818181818		1
000044:	0.341224431818182	0.066515909090909	0.067033522727273	0.305202840909091	0.098496022727273	0.027056250000000	0.094471022727273		1
000045:	0.452663636363636	0.055581818181818	0.023835795454545	0.121305681818182	0.290061931818182	0.016122159090909	0.040428977272727		1
000046:	0.195085227272727	0.001704545454545	0.009061931818182	0.012014204545455	0.234190340909091	0.003292613636364	0.544651136363636		1
000047:	0.408325000000000	0.128484090909091	0.156535227272727	0.094482954545455	0.057694886363636	0.039326704545455	0.115151136363636		1
000048:	0.033669318181818	0.021426136363636	0.036662500000000	0.736746590909091	0.013368750000000	0.019830681818182	0.138296022727273		1
000049:	0.183609090909091	0.063592613636364	0.056824431818182	0.604932386363636	0.025559090909091	0.021952840909091	0.043529545454545		1
000050:	0.137303409090909	0.095113636363636	0.087703409090909	0.185075568181818	0.083085227272727	0.036282386363636	0.375436363636364		1
000051:	0.015844318181818	0.011628977272727	0.055493181818182	0.045257954545455	0.013797159090909	0.011313636363636	0.846664772727273		1
000052:	0.018102272727273	0.033371022727273	0.041332386363636	0.056492613636364	0.008307954545455	0.007750000000000	0.834643750000000		1
000053:	0.163184090909091	0.067139204545455	0.099306818181818	0.393715909090909	0.070895454545455	0.014078409090909	0.191680113636364		1
000054:	0.077228409090909	0.165913636363636	0.136918750000000	0.068847159090909	0.469202272727273	0.023836931818182	0.058052840909091		1
000055:	0.118911363636364	0.016072727272727	0.208207954545455	0.498018181818182	0.027998863636364	0.023467045454545	0.107323863636364		1
000056:	0.104649431818182	0.022571022727273	0.034413636363636	0.657805681818182	0.049134090909091	0.039826136363636	0.091600000000000		1
000057:	0.219197727272727	0.032430113636364	0.063001704545455	0.304831818181818	0.141216477272727	0.035590340909091	0.203731818181818		1
000058:	0.080596590909091	0.147183522727273	0.031856818181818	0.656823863636364	0.030730681818182	0.018447727272727	0.034360795454545		1
000059:	0.537742045454545	0.032282954545455	0.053397159090909	0.193285227272727	0.126055681818182	0.020167613636364	0.037069318181818		1
000060:	0.137994318181818	0.015536931818182	0.025882954545455	0.719856250000000	0.020417045454545	0.013779545454545	0.066532954545455		1
000061:	0.271371022727273	0.030613636363636	0.050439204545455	0.501010795454545	0.051959659090909	0.028909090909091	0.065696590909091		1
000062:	0.019517045454545	0.009852272727273	0.015877272727273	0.026671590909091	0.007538636363636	0.012260227272727	0.908282954545454		1
000063:	0.159205113636364	0.002760795454545	0.004237500000000	0.822869318181818	0.004594318181818	0.003205113636364	0.003127840909091		1
000064:	0.023280681818182	0.019786363636364	0.048605681818182	0.105725568181818	0.014648863636364	0.018585795454545	0.769367045454545		1
000065:	0.053083522727273	0.023286931818182	0.064824431818182	0.752319318181818	0.030193181818182	0.024332386363636	0.051960227272727		1
000066:	0.291782954545455	0.016747159090909	0.073756818181818	0.296913636363636	0.248946022727273	0.018453977272727	0.053399431818182		1
000067:	0.117111363636364	0.000956250000000	0.003201136363636	0.048391477272727	0.002261931818182	0.822504545454545	0.005573295454545		1
000068:	0.450823295454545	0.035986931818182	0.036217613636364	0.379856818181818	0.048234659090909	0.026908522727273	0.021972159090909		1
000069:	0.300336363636364	0.028875568181818	0.045530681818182	0.449295454545455	0.080057386363636	0.029817045454545	0.066087500000000		1
000070:	0.112502272727273	0.036193181818182	0.024838636363636	0.536161931818182	0.057901704545455	0.047960795454545	0.184441477272727		1
000071:	0.481538636363636	0.052440909090909	0.033646022727273	0.229952272727273	0.077991477272727	0.072238636363636	0.052192045454545		1
000072:	0.075001136363636	0.030415909090909	0.049682954545455	0.703721022727273	0.036622727272727	0.026837500000000	0.077718750000000		1
000073:	0.057578409090909	0.031618750000000	0.056485227272727	0.756931818181818	0.046042613636364	0.019563068181818	0.031780113636364		1
000074:	0.081456818181818	0.070334659090909	0.042922727272727	0.245392045454545	0.418653409090909	0.028535795454545	0.112704545454545		1
000075:	0.213158522727273	0.228052840909091	0.114926136363636	0.268161931818182	0.069522727272727	0.038601704545455	0.067576136363636		1
000076:	0.103197727272727	0.290725568181818	0.058765909090909	0.192842613636364	0.080334659090909	0.238348863636364	0.035784659090909		1
000077:	0.161872727272727	0.063321022727273	0.122619318181818	0.253323863636364	0.082896590909091	0.202853977272727	0.113112500000000		1
000078:	0.034627840909091	0.203312500000000	0.049606818181818	0.674908522727273	0.010552272727273	0.007345454545455	0.019646590909091		1
000079:	0.477623295454545	0.153803409090909	0.056930113636364	0.175382386363636	0.040117045454545	0.031150568181818	0.064993181818182		1
000080:	0.388155681818182	0.247209659090909	0.032628977272727	0.179591477272727	0.053076136363636	0.049517045454545	0.049821022727273		1
000081:	0.294001704545455	0.018484090909091	0.043594318181818	0.594371022727273	0.013965909090909	0.007701704545455	0.027881250000000		1
000082:	0.072180681818182	0.020212500000000	0.056861931818182	0.761946022727273	0.022118750000000	0.014809659090909	0.051870454545455		1
000083:	0.141889204545455	0.020513068181818	0.033028977272727	0.651634659090909	0.108845454545455	0.024640340909091	0.019448295454545		1
000084:	0.015205113636364	0.022425000000000	0.010561931818182	0.028062500000000	0.010696590909091	0.009556818181818	0.903492045454545		1
000085:	0.370420454545455	0.037465909090909	0.049996022727273	0.238940909090909	0.083735227272727	0.047888068181818	0.171553409090909		1
000086:	0.042618181818182	0.492660227272727	0.013668750000000	0.060503977272727	0.029647727272727	0.012972159090909	0.347928977272727		1
000087:	0.573401704545455	0.011047727272727	0.010019886363636	0.364448295454545	0.011296022727273	0.009927840909091	0.019858522727273		1
000088:	0.649881250000000	0.046468181818182	0.031507386363636	0.112212500000000	0.090327272727273	0.037218181818182	0.032385227272727		1
000089:	0.431197159090909	0.107134659090909	0.074400568181818	0.105443181818182	0.179568750000000	0.031278409090909	0.070977272727273		1
000090:	0.152281250000000	0.066070454545455	0.040335227272727	0.095836931818182	0.442418750000000	0.035410227272727	0.167647159090909		1
000091:	0.171805113636364	0.426685227272727	0.095768750000000	0.071945454545455	0.102350568181818	0.090411931818182	0.041032954545455		1
000092:	0.099493181818182	0.038247159090909	0.047254545454545	0.677529545454545	0.064956250000000	0.026125568181818	0.046393750000000		1
000093:	0.161582386363636	0.072665340909091	0.100732386363636	0.235319886363636	0.258852272727273	0.047773295454545	0.123074431818182		1
000094:	0.291736931818182	0.089767045454545	0.062684659090909	0.408108522727273	0.065814204545455	0.029847159090909	0.052041477272727		1
000095:	0.052532386363636	0.023069318181818	0.041077272727273	0.623252840909091	0.046635227272727	0.024740909090909	0.188692045454545		1
000096:	0.029150000000000	0.011343181818182	0.019939204545455	0.053100000000000	0.019059090909091	0.008561931818182	0.858846590909091		1
000097:	0.466581818181818	0.048531818181818	0.051329545454545	0.266007954545455	0.096315340909091	0.026989204545455	0.044244318181818		1
000098:	0.137072727272727	0.046533522727273	0.031332386363636	0.690799431818182	0.061389204545455	0.011630681818182	0.021242045454545		1
000099:	0.146433522727273	0.078377272727273	0.093455681818182	0.259827272727273	0.068538068181818	0.124204545454545	0.229163636363636		1
000100:	0.086306818181818	0.024998295454545	0.060485795454545	0.345046590909091	0.040250000000000	0.012201704545455	0.430710795454545		1
000101:	0.847894886363636	0.012171590909091	0.021394318181818	0.050707386363636	0.031974431818182	0.009046022727273	0.026811363636364		1
000102:	0.250703409090909	0.049025568181818	0.103218181818182	0.198200568181818	0.094189204545455	0.027509090909091	0.277153977272727		1
000103:	0.076201704545455	0.220043181818182	0.015915340909091	0.582510227272727	0.018823863636364	0.043617045454545	0.042888636363636		1
000104:	0.069684090909091	0.022290340909091	0.029696590909091	0.270645454545455	0.045443750000000	0.028042613636364	0.534197159090909		1
000105:	0.594794318181818	0.038492045454545	0.027221022727273	0.091606818181818	0.125583522727273	0.015408522727273	0.106893750000000		1
000106:	0.419220454545455	0.038471022727273	0.061534659090909	0.228977840909091	0.171099431818182	0.027941477272727	0.052755113636364		1
000107:	0.207043750000000	0.040221590909091	0.042231818181818	0.371519886363636	0.046430681818182	0.021526136363636	0.271026136363636		1
000108:	0.062223295454545	0.041909090909091	0.080944886363636	0.097925000000000	0.068909090909091	0.028529545454545	0.619559090909091		1
000109:	0.356368750000000	0.040838636363636	0.088267613636364	0.230637500000000	0.183605681818182	0.037488636363636	0.062793181818182		1
000110:	0.054219318181818	0.508011363636364	0.052932954545455	0.057072159090909	0.125101704545455	0.062086931818182	0.140575568181818		1
000111:	0.099593750000000	0.037400000000000	0.079037500000000	0.161545454545455	0.039519886363636	0.042658522727273	0.540244886363636		1
000112:	0.000159659090909	0.000041477272727	0.000059659090909	0.000118181818182	0.000140909090909	0.998979545454545	0.000500568181818		1
000113:	0.185710227272727	0.030836931818182	0.299388068181818	0.286715909090909	0.035019886363636	0.024252272727273	0.138076704545455		1
000114:	0.369097727272727	0.145353977272727	0.151169886363636	0.122027840909091	0.061290340909091	0.091823863636364	0.059236363636364		1
000115:	0.143838636363636	0.138209090909091	0.050175568181818	0.438727840909091	0.122388068181818	0.031235227272727	0.075425568181818		1
000116:	0.108094318181818	0.052899431818182	0.104122159090909	0.281452840909091	0.068894318181818	0.020451704545455	0.364085227272727		1
000117:	0.400075568181818	0.038408522727273	0.155717613636364	0.158739204545455	0.136804545454545	0.041361363636364	0.068893181818182		1
000118:	0.146513636363636	0.031572727272727	0.084126136363636	0.382240340909091	0.032152272727273	0.058547159090909	0.264847727272727		1
000119:	0.360777272727273	0.046714772727273	0.042890340909091	0.320355681818182	0.096530113636364	0.026030681818182	0.106701136363636		1
000120:	0.157358522727273	0.020409659090909	0.064559090909091	0.558085795454546	0.061828409090909	0.024973863636364	0.112784659090909		1
000121:	0.076220454545455	0.096998295454545	0.046101136363636	0.499828977272727	0.096092045454545	0.110762500000000	0.073996590909091		1
000122:	0.374845454545455	0.023951704545455	0.040715909090909	0.409846590909091	0.066584090909091	0.013350568181818	0.070705681818182		1
000123:	0.049964204545455	0.053126704545455	0.029257386363636	0.746297159090909	0.038803409090909	0.034336363636364	0.048214772727273		1
000124:	0.365016477272727	0.322688636363636	0.112972727272727	0.073671022727273	0.050809090909091	0.040701136363636	0.034140909090909		1
000125:	0.093744886363636	0.073138636363636	0.153434659090909	0.417435795454545	0.051105113636364	0.077684090909091	0.133456818181818		1
000126:	0.050703977272727	0.051969318181818	0.099216477272727	0.073773863636364	0.025983522727273	0.638849431818182	0.059503409090909		1
000127:	0.180544886363636	0.093083522727273	0.063357386363636	0.358058522727273	0.069789772727273	0.043755113636364	0.191410795454545		1
000128:	0.166011931818182	0.029615340909091	0.081485795454545	0.576646590909091	0.024548863636364	0.027812500000000	0.093878977272727		1
000129:	0.700434090909091	0.000534090909091	0.000633522727273	0.004374431818182	0.000926704545455	0.279076136363636	0.014021022727273		1
000130:	0.416522159090909	0.062168750000000	0.032973295454545	0.431120454545455	0.013912500000000	0.018291477272727	0.025011363636364		1
000131:	0.111816477272727	0.034932386363636	0.062540909090909	0.631732954545455	0.081626704545455	0.018248863636364	0.059101704545455		1
000132:	0.220623863636364	0.016347727272727	0.067390909090909	0.104081818181818	0.045540909090909	0.015608522727273	0.530406250000000		1
000133:	0.244984659090909	0.255347159090909	0.102178977272727	0.151715909090909	0.071984659090909	0.106451136363636	0.067337500000000		1
000134:	0.209442045454545	0.177561931818182	0.130798295454545	0.253564772727273	0.086968750000000	0.037078409090909	0.104585795454545		1
000135:	0.405345454545455	0.119650568181818	0.062062500000000	0.097328977272727	0.282104545454545	0.011993181818182	0.021514772727273		1
000136:	0.090241477272727	0.054489204545455	0.050434090909091	0.690969886363636	0.042085227272727	0.020804545454545	0.050975568181818		1
000137:	0.218627840909091	0.149193181818182	0.035067613636364	0.246100000000000	0.267372159090909	0.028709090909091	0.054930113636364		1
000138:	0.144109090909091	0.094152272727273	0.090886363636364	0.432975568181818	0.046861363636364	0.074902840909091	0.116112500000000		1
000139:	0.537759659090909	0.028614772727273	0.051718181818182	0.243259659090909	0.034015909090909	0.020861931818182	0.083769886363636		1
000140:	0.076150568181818	0.278283522727273	0.025972727272727	0.150030113636364	0.399397727272727	0.023835227272727	0.046330113636364		1
000141:	0.082135227272727	0.034571590909091	0.182075000000000	0.184500568181818	0.029209090909091	0.044607386363636	0.442901136363636		1
000142:	0.388177840909091	0.023929545454545	0.037056250000000	0.270834090909091	0.172029545454545	0.015314772727273	0.092657954545455		1
000143:	0.487509659090909	0.031600568181818	0.054006818181818	0.296460227272727	0.031041477272727	0.012082386363636	0.087298863636364		1
000144:	0.256322727272727	0.017511363636364	0.073458522727273	0.419664772727273	0.101556818181818	0.018408522727273	0.113077272727273		1
000145:	0.021812500000000	0.023667613636364	0.183581818181818	0.052639772727273	0.017736363636364	0.013535227272727	0.687026704545455		1
000146:	0.220861363636364	0.087019886363636	0.038594886363636	0.357241477272727	0.162344318181818	0.013631818181818	0.120306250000000		1
000147:	0.127662500000000	0.035438636363636	0.235132386363636	0.443654545454545	0.045789772727273	0.021115909090909	0.091206250000000		1
000148:	0.044301136363636	0.087992045454545	0.028045454545455	0.787134659090909	0.018254545454545	0.009002272727273	0.025269886363636		1
000149:	0.221304545454545	0.035329545454545	0.314122727272727	0.212101136363636	0.086415340909091	0.036685795454545	0.094040909090909		1
000150:	0.530708522727273	0.251906818181818	0.019850568181818	0.062193750000000	0.078798295454545	0.018383522727273	0.038158522727273		1
000151:	0.237673295454545	0.037208522727273	0.070142045454545	0.305644886363636	0.049706250000000	0.028112500000000	0.271512500000000		1
000152:	0.172093750000000	0.072618750000000	0.051315909090909	0.396564204545455	0.034493181818182	0.163273863636364	0.109640340909091		1
000153:	0.523801136363636	0.047645454545455	0.033331250000000	0.172310227272727	0.107209659090909	0.018404545454545	0.097297727272727		1
000154:	0.056919318181818	0.030317613636364	0.095285795454545	0.470673863636364	0.034490909090909	0.026726136363636	0.285586363636364		1
000155:	0.082376136363636	0.055327840909091	0.039128409090909	0.427969318181818	0.094738636363636	0.020796590909091	0.279663068181818		1
000156:	0.442275000000000	0.031290340909091	0.054753409090909	0.133340909090909	0.047876136363636	0.022758522727273	0.267705681818182		1
000157:	0.016925568181818	0.008384090909091	0.060248863636364	0.049073295454545	0.009282954545455	0.022259090909091	0.833826136363636		1
000158:	0.153296022727273	0.032721022727273	0.468584659090909	0.109614772727273	0.048305681818182	0.069212500000000	0.118265340909091		1
000159:	0.108071590909091	0.021433522727273	0.254058522727273	0.053530113636364	0.084078977272727	0.055309090909091	0.423518181818182		1
000160:	0.009516477272727	0.005348295454545	0.933860795454545	0.018196022727273	0.003907954545455	0.017494318181818	0.011676136363636		1
000161:	0.070993181818182	0.017960795454545	0.827814204545455	0.031252272727273	0.019901136363636	0.013097727272727	0.018980681818182		1
000162:	0.072069318181818	0.024954545454545	0.220196590909091	0.051773863636364	0.510326136363636	0.099801704545455	0.020877840909091		1
000163:	0.057184090909091	0.009009659090909	0.093511931818182	0.780663636363636	0.013442613636364	0.016630113636364	0.029557954545455		1
000164:	0.017913636363636	0.011153977272727	0.274465909090909	0.074292613636364	0.008985795454545	0.029196022727273	0.583992045454545		1
000165:	0.033190909090909	0.009651704545455	0.149144318181818	0.716561363636364	0.017814772727273	0.036371022727273	0.037265909090909		1
000166:	0.038348863636364	0.008861363636364	0.230793181818182	0.615751704545455	0.021796022727273	0.018065909090909	0.066382954545455		1
000167:	0.046835227272727	0.024582954545455	0.167611363636364	0.628763068181818	0.032166477272727	0.057930113636364	0.042110795454545		1
000168:	0.075239204545455	0.033114204545455	0.033783522727273	0.405617045454545	0.046707386363636	0.012740909090909	0.392797727272727		1
000169:	0.435384090909091	0.024549431818182	0.040539772727273	0.386533522727273	0.051318181818182	0.018375000000000	0.043300000000000		1
000170:	0.034631250000000	0.021455113636364	0.052556250000000	0.835021590909091	0.015995454545455	0.010203409090909	0.030136931818182		1
000171:	0.041333522727273	0.031319318181818	0.064221022727273	0.159928409090909	0.028972159090909	0.040181818181818	0.634043750000000		1
000172:	0.111621022727273	0.035288068181818	0.042564772727273	0.650836363636364	0.074281818181818	0.024278409090909	0.061129545454545		1
000173:	0.316885795454545	0.014914204545455	0.057032954545455	0.501250000000000	0.031819886363636	0.016293181818182	0.061803977272727		1
000174:	0.240521590909091	0.044103409090909	0.031875568181818	0.489259659090909	0.125834090909091	0.015639204545455	0.052766477272727		1
000175:	0.037454545454545	0.014584090909091	0.020928977272727	0.032919886363636	0.019257386363636	0.007251704545455	0.867603409090909		1
000176:	0.489951136363636	0.030999431818182	0.042622727272727	0.308558522727273	0.034617045454545	0.036551704545455	0.056699431818182		1
000177:	0.306332386363636	0.032338068181818	0.038459659090909	0.421381250000000	0.073396022727273	0.014834659090909	0.113257954545455		1
000178:	0.255196022727273	0.019588636363636	0.036950568181818	0.479240909090909	0.057518181818182	0.013117045454545	0.138388636363636		1
000179:	0.027212500000000	0.005469318181818	0.012363636363636	0.045298295454545	0.009061363636364	0.005423863636364	0.895171022727273		1
000180:	0.030439204545455	0.016632954545455	0.028621590909091	0.049103409090909	0.028859659090909	0.009733522727273	0.836609659090909		1
000181:	0.077854545454545	0.000140909090909	0.000349431818182	0.001738068181818	0.916078409090909	0.000132386363636	0.003706250000000		1
000182:	0.227814204545455	0.054857954545455	0.059128409090909	0.212218181818182	0.304502840909091	0.021132386363636	0.120346022727273		1
000183:	0.032557954545455	0.021992613636364	0.024439204545455	0.059864204545455	0.012322159090909	0.008606818181818	0.840217045454545		1
000184:	0.144716477272727	0.097107954545455	0.091424431818182	0.452956250000000	0.043140340909091	0.034211931818182	0.136442613636364		1
000185:	0.173838636363636	0.083709090909091	0.180481818181818	0.119347727272727	0.333277840909091	0.019697159090909	0.089647727272727		1
000186:	0.043523863636364	0.023092613636364	0.027831818181818	0.073077840909091	0.025452272727273	0.013493750000000	0.793527840909091		1
000187:	0.009469886363636	0.013083522727273	0.013143750000000	0.075626704545455	0.010385795454545	0.010940909090909	0.867349431818182		1
000188:	0.087032954545455	0.065851704545455	0.076447159090909	0.238501136363636	0.033786931818182	0.105339772727273	0.393040340909091		1
000189:	0.058123295454545	0.011897159090909	0.015578977272727	0.844457386363636	0.021273863636364	0.011005681818182	0.037663636363636		1
000190:	0.142161363636364	0.053067613636364	0.053593181818182	0.622348295454546	0.042984659090909	0.047052840909091	0.038792045454545		1
000191:	0.000381250000000	0.000103977272727	0.000302272727273	0.998643181818182	0.000241477272727	0.000030113636364	0.000297727272727		1
000192:	0.871569318181818	0.028979545454545	0.022342045454545	0.024173295454545	0.024223863636364	0.007042045454545	0.021669886363636		1
000193:	0.256178409090909	0.030509090909091	0.272651136363636	0.117030681818182	0.048967045454545	0.008313636363636	0.266350000000000		1
000194:	0.077460227272727	0.056197159090909	0.073552840909091	0.435892045454545	0.228773863636364	0.015231250000000	0.112892613636364		1
000195:	0.825065909090909	0.009755113636364	0.015411931818182	0.073631250000000	0.024256250000000	0.005277272727273	0.046602272727273		1
000196:	0.052355681818182	0.016465340909091	0.365793750000000	0.232377272727273	0.022252272727273	0.092390909090909	0.218364772727273		1
000197:	0.300087500000000	0.014923863636364	0.219888636363636	0.236605113636364	0.028751704545455	0.036684659090909	0.163058522727273		1
000198:	0.098934659090909	0.022389772727273	0.415428977272727	0.080614772727273	0.246909659090909	0.059025000000000	0.076697159090909		1
000199:	0.019865909090909	0.028685227272727	0.457651704545455	0.307129545454545	0.046656250000000	0.037696022727273	0.102315340909091		1
000200:	0.045551704545455	0.010692613636364	0.458668750000000	0.375226704545455	0.016232954545455	0.062645454545455	0.030981818181818		1
000201:	0.008209659090909	0.007228977272727	0.413852272727273	0.052617613636364	0.011301136363636	0.011479545454545	0.495310795454545		1
000202:	0.103805681818182	0.047405113636364	0.087327840909091	0.288464204545455	0.298153409090909	0.022494886363636	0.152348863636364		1
000203:	0.078301136363636	0.041792045454545	0.108415340909091	0.623870454545455	0.027482386363636	0.016883522727273	0.103255113636364		1
000204:	0.060453409090909	0.057998295454545	0.107079545454545	0.510473295454545	0.028042045454545	0.042003977272727	0.193949431818182		1
000205:	0.099947727272727	0.052151136363636	0.048806250000000	0.372698863636364	0.062160227272727	0.023906818181818	0.340328977272727		1
000206:	0.098203977272727	0.185890909090909	0.051242613636364	0.462577272727273	0.091009659090909	0.029198295454545	0.081877272727273		1
000207:	0.664153977272727	0.088279545454545	0.070785227272727	0.071807954545455	0.030461363636364	0.042925000000000	0.031586931818182		1
000208:	0.105972159090909	0.041007954545455	0.064347159090909	0.385758522727273	0.057564204545455	0.025347159090909	0.320002840909091		1
000209:	0.004829545454545	0.739250000000000	0.005714204545455	0.005587500000000	0.001361363636364	0.038911931818182	0.204345454545455		1
000210:	0.199709090909091	0.037232954545455	0.078971022727273	0.286902272727273	0.030455681818182	0.033525568181818	0.333203409090909		1
000211:	0.074436931818182	0.019922727272727	0.076857386363636	0.719309659090909	0.027160795454545	0.025976704545455	0.056335795454545		1
000212:	0.083170454545455	0.025580113636364	0.400527272727273	0.148511931818182	0.038093181818182	0.058830113636364	0.245286931818182		1
000213:	0.049046590909091	0.031848863636364	0.186302840909091	0.273147159090909	0.024715909090909	0.049620454545455	0.385318181818182		1
000214:	0.022240909090909	0.213531818181818	0.695519318181818	0.030390909090909	0.001715340909091	0.032577840909091	0.004023863636364		1
000215:	0.149382386363636	0.141205681818182	0.103998863636364	0.322121590909091	0.036979545454545	0.110225000000000	0.136086931818182		1
000216:	0.059318750000000	0.020242613636364	0.540798295454545	0.075830113636364	0.060785795454545	0.032581250000000	0.210443181818182		1
000217:	0.036866477272727	0.024371590909091	0.569734659090909	0.079627272727273	0.027534090909091	0.051265340909091	0.210600568181818		1
000218:	0.038648863636364	0.014347727272727	0.541481250000000	0.203413636363636	0.012152840909091	0.064612500000000	0.125343181818182		1
000219:	0.058206818181818	0.006052272727273	0.828198295454545	0.055544886363636	0.003453977272727	0.012094886363636	0.036448863636364		1
000220:	0.008354545454545	0.003594318181818	0.876134659090909	0.047628977272727	0.004593181818182	0.009976704545455	0.049717613636364		1
000221:	0.012992045454545	0.011502272727273	0.204752272727273	0.501902272727273	0.006865909090909	0.029078409090909	0.232906818181818		1
000222:	0.017935227272727	0.013810795454545	0.232782386363636	0.151079545454545	0.010120454545455	0.051388636363636	0.522882954545455		1
000223:	0.160965909090909	0.032718181818182	0.169587500000000	0.164281818181818	0.121837500000000	0.070778977272727	0.279830113636364		1
000224:	0.334088068181818	0.207490340909091	0.026874431818182	0.052897727272727	0.133148295454545	0.035855113636364	0.209646022727273		1
000225:	0.302619886363636	0.205184090909091	0.052526136363636	0.165100568181818	0.188314204545455	0.038717613636364	0.047537500000000		1
000226:	0.224909659090909	0.139076136363636	0.052470454545455	0.155432386363636	0.113250568181818	0.188367045454545	0.126493750000000		1
000227:	0.273726704545455	0.253652840909091	0.054943750000000	0.073118181818182	0.194186363636364	0.099059659090909	0.051312500000000		1
000228:	0.016585227272727	0.185855113636364	0.043243181818182	0.015431818181818	0.368444886363636	0.357432386363636	0.013007386363636		1
000229:	0.056390909090909	0.413775000000000	0.038989204545455	0.324443181818182	0.056957386363636	0.063849431818182	0.045594886363636		1
000230:	0.042371022727273	0.084281250000000	0.358948295454545	0.089728409090909	0.059826136363636	0.295039772727273	0.069805113636364		1
000231:	0.163302840909091	0.316432386363636	0.360865909090909	0.044547159090909	0.065667613636364	0.031941477272727	0.017242613636364		1
000232:	0.051696022727273	0.189452840909091	0.095612500000000	0.094084659090909	0.040721590909091	0.225784659090909	0.302647727272727		1
000233:	0.000959659090909	0.001809659090909	0.001605113636364	0.000523295454545	0.989652840909091	0.004484659090909	0.000964772727273		1
000234:	0.123823863636364	0.576639772727273	0.037579545454545	0.039094318181818	0.137413636363636	0.066015340909091	0.019433522727273		1
000235:	0.031408522727273	0.457192613636364	0.017100000000000	0.023648295454545	0.377881818181818	0.059250568181818	0.033518181818182		1
000236:	0.045335227272727	0.312788068181818	0.090997159090909	0.044220454545455	0.136371022727273	0.132600568181818	0.237687500000000		1
000237:	0.168002272727273	0.573884659090909	0.035500000000000	0.052063068181818	0.086650568181818	0.054423863636364	0.029475568181818		1
000238:	0.039461363636364	0.163797727272727	0.051014772727273	0.084276704545455	0.075373863636364	0.052550568181818	0.533525000000000		1
000239:	0.108697159090909	0.357123295454545	0.064517045454545	0.103445454545455	0.079884090909091	0.216319886363636	0.070013068181818		1
000240:	0.006605681818182	0.018893181818182	0.574593181818182	0.009176136363636	0.079553977272727	0.266169886363636	0.045007954545455		1
000241:	0.279109659090909	0.072858522727273	0.067768181818182	0.077252840909091	0.118501704545455	0.090948863636364	0.293560227272727		1
000242:	0.469024431818182	0.214344886363636	0.071236363636364	0.030364204545455	0.132253409090909	0.039924431818182	0.042852272727273		1
000243:	0.044065909090909	0.164827272727273	0.028861363636364	0.023970454545455	0.188515909090909	0.510032954545454	0.039726136363636		1
000244:	0.107203977272727	0.169701704545455	0.073690909090909	0.248532954545455	0.049955113636364	0.270423295454545	0.080492045454545		1
000245:	0.249267045454545	0.252061931818182	0.033730681818182	0.113901136363636	0.057447727272727	0.234460795454545	0.059130681818182		1
000246:	0.771777272727273	0.012271022727273	0.003889204545455	0.005973863636364	0.008582386363636	0.189611931818182	0.007894318181818		1
000247:	0.094418750000000	0.726488068181818	0.035234090909091	0.014378409090909	0.017630113636364	0.078768181818182	0.033082386363636		1
000248:	0.039276704545455	0.152360227272727	0.020065909090909	0.126036931818182	0.015107954545455	0.629377840909091	0.017774431818182		1
000249:	0.032307386363636	0.567859090909091	0.026367613636364	0.044194318181818	0.094189772727273	0.212702840909091	0.022378977272727		1
000250:	0.220723863636364	0.466184090909091	0.023956818181818	0.061289204545455	0.135343750000000	0.054810227272727	0.037692045454545		1
000251:	0.076123295454545	0.500739204545455	0.054076704545455	0.047285227272727	0.160734090909091	0.112546022727273	0.048495454545455		1
000252:	0.042796590909091	0.136868750000000	0.143452840909091	0.091210795454545	0.053634090909091	0.386911931818182	0.145125000000000		1
000253:	0.032923295454545	0.664195454545455	0.133172159090909	0.019463068181818	0.052847159090909	0.049172159090909	0.048226704545455		1
000254:	0.024695454545455	0.671753977272727	0.064091477272727	0.057406250000000	0.051565340909091	0.073742045454545	0.056745454545455		1
000255:	0.030786931818182	0.700736931818182	0.032430681818182	0.084811931818182	0.041977272727273	0.056669318181818	0.052586931818182		1
000256:	0.110586363636364	0.202740909090909	0.053759659090909	0.425730113636364	0.081963636363636	0.071753409090909	0.053465909090909		1
000257:	0.021936363636364	0.093028977272727	0.282507954545455	0.115955681818182	0.046993750000000	0.057623863636364	0.381953409090909		1
000258:	0.406633522727273	0.054026704545455	0.047930113636364	0.359006250000000	0.019023295454545	0.057371590909091	0.056008522727273		1
000259:	0.981797727272727	0.004284090909091	0.002882386363636	0.000930113636364	0.001507386363636	0.001331250000000	0.007267045454545		1
000260:	0.085805681818182	0.096149431818182	0.060867613636364	0.040097159090909	0.114732386363636	0.580431250000000	0.021916477272727		1
000261:	0.022486363636364	0.016385227272727	0.016030681818182	0.012288636363636	0.384350568181818	0.537447159090909	0.011011363636364		1
000262:	0.000006250000000	0.999913636363636	0.000005681818182	0.000006818181818	0.000014772727273	0.000032386363636	0.000020454545455		1
000263:	0.002523295454545	0.005955113636364	0.160689772727273	0.457182386363636	0.015183522727273	0.048594318181818	0.309871590909091		1
000264:	0.010271590909091	0.043918181818182	0.026305681818182	0.025510227272727	0.010987500000000	0.056032386363636	0.826974431818182		1
000265:	0.036844318181818	0.092199431818182	0.194819886363636	0.467575000000000	0.037444318181818	0.080032386363636	0.091084659090909		1
000266:	0.050129545454545	0.482323863636364	0.031613636363636	0.265471022727273	0.051091477272727	0.028624431818182	0.090746022727273		1
000267:	0.014547727272727	0.812351704545455	0.012568181818182	0.013062500000000	0.007386363636364	0.131567045454545	0.008516477272727		1
000268:	0.058506818181818	0.177094886363636	0.257905681818182	0.237985795454545	0.050006250000000	0.055068750000000	0.163431818181818		1
000269:	0.153838636363636	0.128604545454545	0.028884090909091	0.090181250000000	0.544171590909091	0.025925000000000	0.028394886363636		1
000270:	0.015494886363636	0.023328409090909	0.022519886363636	0.037125568181818	0.030987500000000	0.030328409090909	0.840215340909091		1
000271:	0.025963068181818	0.809597159090909	0.026026704545455	0.020553409090909	0.036521590909091	0.040986363636364	0.040351704545455		1
000272:	0.069493750000000	0.589048863636364	0.051905681818182	0.035960795454545	0.041382954545455	0.148519318181818	0.063688636363636		1
000273:	0.068673863636364	0.316415340909091	0.026701704545455	0.100881250000000	0.107082954545455	0.051782386363636	0.328462500000000		1
000274:	0.048124431818182	0.810798295454545	0.025652272727273	0.032007386363636	0.019890340909091	0.039781818181818	0.023745454545455		1
000275:	0.116655681818182	0.183462500000000	0.059885795454545	0.444024431818182	0.091363636363636	0.058075000000000	0.046532954545455		1
000276:	0.014983522727273	0.130626136363636	0.038202840909091	0.027146022727273	0.143565909090909	0.043402840909091	0.602072727272727		1
000277:	0.029463636363636	0.523967045454545	0.034180681818182	0.059127840909091	0.240237500000000	0.070169886363636	0.042853409090909		1
000278:	0.142893181818182	0.132404545454545	0.055346590909091	0.426808522727273	0.093033522727273	0.088661931818182	0.060851704545455		1
000279:	0.057990909090909	0.590061931818182	0.031748863636364	0.128916477272727	0.137600000000000	0.032778977272727	0.020902840909091		1
000280:	0.206358522727273	0.374457386363636	0.058035795454545	0.057694318181818	0.028873295454545	0.177822159090909	0.096758522727273		1
000281:	0.036272159090909	0.319690340909091	0.051936363636364	0.058185795454545	0.122881818181818	0.045921590909091	0.365111931818182		1
000282:	0.080438068181818	0.148057954545455	0.030990340909091	0.197634659090909	0.248914772727273	0.265331250000000	0.028632954545455		1
000283:	0.023031818181818	0.034909659090909	0.047223863636364	0.055771590909091	0.015515340909091	0.089736931818182	0.733810795454545		1
000284:	0.039952840909091	0.649448863636364	0.048542613636364	0.052380113636364	0.037917045454545	0.124972727272727	0.046785795454545		1
000285:	0.206840909090909	0.309538068181818	0.056886363636364	0.089599431818182	0.213367613636364	0.076890909090909	0.046876704545455		1
000286:	0.036967045454545	0.354942613636364	0.023773295454545	0.208078977272727	0.254361363636364	0.029619318181818	0.092257386363636		1
000287:	0.155433522727273	0.299923295454545	0.042521022727273	0.079636363636364	0.251010227272727	0.049355681818182	0.122119886363636		1
000288:	0.034501136363636	0.387389204545455	0.034577272727273	0.119077272727273	0.060882386363636	0.053271590909091	0.310301136363636		1
