Estimated Clustering Probabilities for Samples
Sample	***Cluster  01***	***Cluster  02***	***Cluster  03***	***Cluster  04***	***Cluster  05***	***Cluster  06***	***Cluster  07***	
000001:	0.099562500000000	0.068560227272727	0.003969886363636	0.086435227272727	0.656211931818182	0.024505681818182	0.060754545454545		1
000002:	0.569047159090909	0.046127840909091	0.003533522727273	0.015625000000000	0.305748295454545	0.024763636363636	0.035154545454545		1
000003:	0.759748295454545	0.029349431818182	0.006642045454545	0.099627272727273	0.029344886363636	0.042680113636364	0.032607954545455		1
000004:	0.373369886363636	0.037296590909091	0.002836931818182	0.013459659090909	0.022094886363636	0.539433522727273	0.011508522727273		1
000005:	0.560689772727273	0.023598295454545	0.004789772727273	0.011781250000000	0.341259659090909	0.028233522727273	0.029647727272727		1
000006:	0.296998295454545	0.052948863636364	0.009068181818182	0.026055113636364	0.139031250000000	0.433543750000000	0.042354545454545		1
000007:	0.606453977272727	0.152751136363636	0.005597159090909	0.014286931818182	0.155545454545455	0.045843750000000	0.019521590909091		1
000008:	0.838091477272727	0.034076704545455	0.007141477272727	0.019524431818182	0.023858522727273	0.053769318181818	0.023538068181818		1
000009:	0.731197159090909	0.026753977272727	0.002374431818182	0.015650568181818	0.093340909090909	0.095038636363636	0.035644318181818		1
000010:	0.809087500000000	0.047859090909091	0.008875000000000	0.019210227272727	0.022818181818182	0.048525000000000	0.043625000000000		1
000011:	0.121936363636364	0.099236931818182	0.044581250000000	0.256113068181818	0.200981250000000	0.157751136363636	0.119400000000000		1
000012:	0.008203409090909	0.258159659090909	0.013457954545455	0.007298863636364	0.020618750000000	0.012070454545455	0.680190909090909		1
000013:	0.081488636363636	0.038210227272727	0.264234659090909	0.213482954545455	0.032009659090909	0.188785227272727	0.181788636363636		1
000014:	0.031906250000000	0.013700000000000	0.013409090909091	0.014259090909091	0.013452272727273	0.886903409090909	0.026369886363636		1
000015:	0.515623295454545	0.025314204545455	0.032682386363636	0.118284090909091	0.046782954545455	0.129889204545455	0.131423863636364		1
000016:	0.121827840909091	0.079204545454545	0.012408522727273	0.075517613636364	0.013492613636364	0.648411931818182	0.049136931818182		1
000017:	0.143500568181818	0.042690909090909	0.032564772727273	0.090675568181818	0.214958522727273	0.139002840909091	0.336606818181818		1
000018:	0.033646022727273	0.024115909090909	0.054272159090909	0.638475000000000	0.009424431818182	0.047497727272727	0.192568750000000		1
000019:	0.230264772727273	0.044110227272727	0.119254545454545	0.324474431818182	0.100595454545455	0.046562500000000	0.134738068181818		1
000020:	0.214163636363636	0.039473295454545	0.031861931818182	0.042761931818182	0.068962500000000	0.316364772727273	0.286411931818182		1
000021:	0.022046022727273	0.019421022727273	0.032534090909091	0.472079545454545	0.099282954545455	0.015611363636364	0.339025000000000		1
000022:	0.139501704545455	0.013055113636364	0.051284659090909	0.491931818181818	0.031453409090909	0.127388068181818	0.145385227272727		1
000023:	0.031365909090909	0.029096590909091	0.049406818181818	0.444287500000000	0.229186363636364	0.038676704545455	0.177980113636364		1
000024:	0.015526704545455	0.012676136363636	0.019731818181818	0.011500000000000	0.020682386363636	0.884103409090909	0.035779545454545		1
000025:	0.021893181818182	0.007082954545455	0.024382954545455	0.882643181818182	0.013086363636364	0.015635227272727	0.035276136363636		1
000026:	0.023173863636364	0.011657386363636	0.072493750000000	0.629085227272727	0.044679545454545	0.036539772727273	0.182370454545455		1
000027:	0.087918181818182	0.014355681818182	0.170888636363636	0.339651136363636	0.023656250000000	0.044265909090909	0.319264204545455		1
000028:	0.085682386363636	0.161916477272727	0.036364772727273	0.201227840909091	0.204326704545455	0.074385227272727	0.236096590909091		1
000029:	0.094081250000000	0.084047159090909	0.094681818181818	0.109700000000000	0.044717613636364	0.185187500000000	0.387584659090909		1
000030:	0.056198863636364	0.017900568181818	0.053723863636364	0.669574431818182	0.046125000000000	0.113064772727273	0.043412500000000		1
000031:	0.040271022727273	0.024075568181818	0.154626704545455	0.212647159090909	0.037556250000000	0.055029545454545	0.475793750000000		1
000032:	0.046775568181818	0.021376704545455	0.050043750000000	0.098803409090909	0.025136931818182	0.132005681818182	0.625857954545455		1
000033:	0.057617613636364	0.052324431818182	0.038675568181818	0.615256818181818	0.025508522727273	0.062051136363636	0.148565909090909		1
000034:	0.032031250000000	0.007660795454545	0.038968181818182	0.040486363636364	0.010557954545455	0.841715909090909	0.028579545454545		1
000035:	0.027905113636364	0.060312500000000	0.080940340909091	0.071409659090909	0.512870454545455	0.092928409090909	0.153633522727273		1
000036:	0.105495454545455	0.045395454545455	0.045078977272727	0.069389204545455	0.061400568181818	0.223849431818182	0.449390909090909		1
000037:	0.072418181818182	0.016633522727273	0.048432954545455	0.067291477272727	0.033506818181818	0.082355681818182	0.679361363636364		1
000038:	0.002441477272727	0.002103409090909	0.004623295454545	0.974235795454545	0.006373863636364	0.003197727272727	0.007024431818182		1
000039:	0.079312500000000	0.022064772727273	0.075614772727273	0.265323295454545	0.078057954545455	0.191406818181818	0.288219886363636		1
000040:	0.022892613636364	0.011262500000000	0.035917045454545	0.024215909090909	0.018350000000000	0.836921022727273	0.050440909090909		1
000041:	0.068587500000000	0.029009659090909	0.036307386363636	0.146371022727273	0.030378409090909	0.118876704545455	0.570469318181818		1
000042:	0.067193750000000	0.033652840909091	0.157128977272727	0.166446022727273	0.158657954545455	0.140052840909091	0.276867613636364		1
000043:	0.142830681818182	0.035397159090909	0.031440340909091	0.066542613636364	0.437189204545455	0.167675568181818	0.118924431818182		1
000044:	0.135913636363636	0.027249431818182	0.042230113636364	0.249647727272727	0.093517613636364	0.146423295454545	0.305018181818182		1
000045:	0.067184090909091	0.017286931818182	0.056242613636364	0.148689772727273	0.019255113636364	0.037682386363636	0.653659090909091		1
000046:	0.096176704545455	0.102498863636364	0.084376136363636	0.319422159090909	0.113929545454545	0.054532954545455	0.229063636363636		1
000047:	0.200981250000000	0.104995454545455	0.064025568181818	0.160347159090909	0.080613636363636	0.169240909090909	0.219796022727273		1
000048:	0.705612500000000	0.034422159090909	0.016501136363636	0.030265340909091	0.137803977272727	0.031197727272727	0.044197159090909		1
000049:	0.215382954545455	0.042134090909091	0.025851136363636	0.338013068181818	0.224326136363636	0.092403977272727	0.061888636363636		1
000050:	0.096831250000000	0.031601704545455	0.074845454545455	0.291406818181818	0.062595454545455	0.338261363636364	0.104457954545455		1
000051:	0.314890909090909	0.056177272727273	0.026277272727273	0.024342045454545	0.023062500000000	0.527844318181818	0.027405681818182		1
000052:	0.127821022727273	0.019056250000000	0.009037500000000	0.022209090909091	0.047350000000000	0.755422727272727	0.019103409090909		1
000053:	0.156642045454545	0.032064772727273	0.032417045454545	0.292532386363636	0.161764204545455	0.198622159090909	0.125957386363636		1
000054:	0.107885795454545	0.053280113636364	0.280568181818182	0.170648863636364	0.125058522727273	0.079372159090909	0.183186363636364		1
000055:	0.560919886363636	0.024868181818182	0.018936931818182	0.094346022727273	0.041905681818182	0.202607386363636	0.056415909090909		1
000056:	0.337006250000000	0.067828977272727	0.036827272727273	0.317432954545455	0.036068750000000	0.084036363636364	0.120799431818182		1
000057:	0.003840909090909	0.007042613636364	0.000309659090909	0.016562500000000	0.224321022727273	0.745193181818182	0.002730113636364		1
000058:	0.052810227272727	0.039381818181818	0.026996590909091	0.609253409090909	0.133399431818182	0.037942613636364	0.100215909090909		1
000059:	0.075877272727273	0.032248295454545	0.027768750000000	0.335125568181818	0.153671590909091	0.029628977272727	0.345679545454545		1
000060:	0.146118750000000	0.042279545454545	0.012801704545455	0.507354545454546	0.073226136363636	0.063317613636364	0.154901704545455		1
000061:	0.222964204545455	0.030243750000000	0.023505681818182	0.342105113636364	0.165337500000000	0.075824431818182	0.140019318181818		1
000062:	0.041217045454545	0.013417613636364	0.012138636363636	0.020167045454545	0.017319886363636	0.866625000000000	0.029114772727273		1
000063:	0.094886363636364	0.028250000000000	0.014026704545455	0.027118181818182	0.024510227272727	0.782590340909091	0.028618181818182		1
000064:	0.143799431818182	0.187122727272727	0.012978409090909	0.023796022727273	0.066065909090909	0.536859090909091	0.029378409090909		1
000065:	0.348128409090909	0.043157386363636	0.094654545454545	0.329026136363636	0.022879545454545	0.096074431818182	0.066079545454545		1
000066:	0.395247159090909	0.033771590909091	0.029562500000000	0.123552272727273	0.039013068181818	0.076666477272727	0.302186931818182		1
000067:	0.149332386363636	0.073324431818182	0.010398863636364	0.023483522727273	0.018319318181818	0.704144886363636	0.020996590909091		1
000068:	0.057917045454545	0.017172727272727	0.017771022727273	0.727301136363636	0.051956250000000	0.024936931818182	0.102944886363636		1
000069:	0.044589204545455	0.010945454545455	0.047210227272727	0.638715909090909	0.030758522727273	0.102457954545455	0.125322727272727		1
000070:	0.090009659090909	0.219576704545455	0.035425000000000	0.117752272727273	0.068543181818182	0.110672159090909	0.358021022727273		1
000071:	0.077365340909091	0.021108522727273	0.011153977272727	0.371284659090909	0.018121590909091	0.017101704545455	0.483864204545455		1
000072:	0.362132386363636	0.045556250000000	0.026006250000000	0.276190909090909	0.092238068181818	0.104646590909091	0.093229545454545		1
000073:	0.555827272727273	0.038921590909091	0.037946022727273	0.165068181818182	0.027581818181818	0.065530681818182	0.109124431818182		1
000074:	0.087292045454545	0.037348295454545	0.124140340909091	0.245548863636364	0.051834659090909	0.146297727272727	0.307538068181818		1
000075:	0.186335227272727	0.042457386363636	0.088964772727273	0.068038636363636	0.292389204545455	0.082693181818182	0.239121590909091		1
000076:	0.311518750000000	0.193077840909091	0.099013068181818	0.094227272727273	0.124250000000000	0.029326136363636	0.148586931818182		1
000077:	0.141969318181818	0.169065909090909	0.117036363636364	0.303148295454545	0.041285227272727	0.092150568181818	0.135344318181818		1
000078:	0.191236363636364	0.035407954545455	0.016807386363636	0.209309659090909	0.076581250000000	0.166600568181818	0.304056818181818		1
000079:	0.053865909090909	0.051610227272727	0.101821022727273	0.396212500000000	0.140532386363636	0.125280681818182	0.130677272727273		1
000080:	0.058057954545455	0.034290340909091	0.129527272727273	0.543131250000000	0.039488636363636	0.031967613636364	0.163536931818182		1
000081:	0.656897159090909	0.030647727272727	0.018560795454545	0.129398295454545	0.025403977272727	0.040441477272727	0.098650568181818		1
000082:	0.218250568181818	0.055044318181818	0.031465340909091	0.516172727272727	0.029194886363636	0.074608522727273	0.075263636363636		1
000083:	0.536902272727273	0.051761931818182	0.047071022727273	0.097664204545455	0.023712500000000	0.024880681818182	0.218007386363636		1
000084:	0.008608522727273	0.005486931818182	0.005463068181818	0.015146022727273	0.011401136363636	0.944947159090909	0.008947159090909		1
000085:	0.303409090909091	0.081571590909091	0.046114204545455	0.064458522727273	0.075286363636364	0.097334090909091	0.331826136363636		1
000086:	0.359026136363636	0.021995454545455	0.045861363636364	0.080181250000000	0.050897159090909	0.353276136363636	0.088762500000000		1
000087:	0.216824431818182	0.025002840909091	0.027511931818182	0.429259659090909	0.050464772727273	0.060244318181818	0.190692045454545		1
000088:	0.074669886363636	0.026291477272727	0.029522727272727	0.375896022727273	0.022380113636364	0.034694318181818	0.436545454545455		1
000089:	0.152884090909091	0.037872159090909	0.027560227272727	0.214498863636364	0.053553977272727	0.038767045454545	0.474863636363636		1
000090:	0.099402272727273	0.035931250000000	0.138844886363636	0.341893181818182	0.050921590909091	0.137051136363636	0.195955681818182		1
000091:	0.043402840909091	0.100902840909091	0.143443181818182	0.587197727272727	0.034346022727273	0.044402840909091	0.046304545454545		1
000092:	0.094615340909091	0.044131250000000	0.036646022727273	0.579213068181818	0.034652840909091	0.064237500000000	0.146503977272727		1
000093:	0.237438068181818	0.017593181818182	0.580617613636364	0.009826136363636	0.005727272727273	0.126275000000000	0.022522727272727		1
000094:	0.096063068181818	0.038465909090909	0.046114772727273	0.541483522727273	0.085567613636364	0.050830681818182	0.141474431818182		1
000095:	0.565609659090909	0.005667045454545	0.007009659090909	0.004543750000000	0.401704545454545	0.004901704545455	0.010563636363636		1
000096:	0.086070454545455	0.014948863636364	0.018565340909091	0.034942613636364	0.042943181818182	0.763732386363636	0.038797159090909		1
000097:	0.069175000000000	0.018986363636364	0.014913636363636	0.449708522727273	0.053400568181818	0.033681818181818	0.360134090909091		1
000098:	0.155909659090909	0.019907954545455	0.013598295454545	0.557336931818182	0.051520454545455	0.016487500000000	0.185239204545455		1
000099:	0.101317045454545	0.035306250000000	0.032700568181818	0.222742613636364	0.252660795454545	0.159717045454545	0.195555681818182		1
000100:	0.133803409090909	0.007514772727273	0.011786931818182	0.391901704545455	0.014078409090909	0.408676704545455	0.032238068181818		1
000101:	0.120813068181818	0.053066477272727	0.019915909090909	0.036114204545455	0.031415340909091	0.053967613636364	0.684707386363636		1
000102:	0.078956818181818	0.283560795454545	0.014492613636364	0.386722727272727	0.014897727272727	0.133558522727273	0.087810795454545		1
000103:	0.100517613636364	0.034640340909091	0.150670454545455	0.497390340909091	0.070077840909091	0.065712500000000	0.080990909090909		1
000104:	0.154794318181818	0.021507386363636	0.019699431818182	0.103239772727273	0.037960795454545	0.588605681818182	0.074192613636364		1
000105:	0.124101704545455	0.019307954545455	0.070773295454545	0.206825000000000	0.034989204545455	0.203693181818182	0.340309659090909		1
000106:	0.124750000000000	0.027990909090909	0.022748863636364	0.327386931818182	0.036579545454545	0.028517613636364	0.432026136363636		1
000107:	0.138139204545455	0.031396590909091	0.107360795454545	0.036290340909091	0.038671022727273	0.349117613636364	0.299024431818182		1
000108:	0.181155681818182	0.020692045454545	0.031790340909091	0.084927840909091	0.044742045454545	0.576959659090909	0.059732386363636		1
000109:	0.156996022727273	0.055502272727273	0.046858522727273	0.217130113636364	0.040444318181818	0.067128409090909	0.415940340909091		1
000110:	0.054306818181818	0.095634659090909	0.569022159090909	0.069653977272727	0.075482386363636	0.080794886363636	0.055105113636364		1
000111:	0.118488068181818	0.070732954545455	0.041978977272727	0.461758522727273	0.063301704545455	0.137108522727273	0.106631250000000		1
000112:	0.060626136363636	0.043751136363636	0.044804545454545	0.042878409090909	0.044742613636364	0.118487500000000	0.644709659090909		1
000113:	0.405075568181818	0.032982954545455	0.017669318181818	0.228750568181818	0.093350000000000	0.119803977272727	0.102367613636364		1
000114:	0.053242045454545	0.088038068181818	0.037967613636364	0.677497159090909	0.055223295454545	0.036036363636364	0.051995454545455		1
000115:	0.201252840909091	0.059332386363636	0.060577840909091	0.340976136363636	0.084387500000000	0.077668181818182	0.175805113636364		1
000116:	0.483643181818182	0.049937500000000	0.048820454545455	0.122152840909091	0.068781250000000	0.178963636363636	0.047701136363636		1
000117:	0.197968181818182	0.042782954545455	0.045317613636364	0.056024431818182	0.036861363636364	0.135328409090909	0.485717045454545		1
000118:	0.389797727272727	0.055362500000000	0.024759659090909	0.096077272727273	0.147315909090909	0.207054545454545	0.079632386363636		1
000119:	0.104715909090909	0.031780113636364	0.046344886363636	0.179434659090909	0.064348295454545	0.168835795454545	0.404540340909091		1
000120:	0.677164204545455	0.034677840909091	0.043113636363636	0.030566477272727	0.042489772727273	0.091236363636364	0.080751704545455		1
000121:	0.089134659090909	0.037857386363636	0.060469318181818	0.151191477272727	0.415193750000000	0.042857386363636	0.203296022727273		1
000122:	0.138658522727273	0.019410795454545	0.018626704545455	0.087642045454545	0.060212500000000	0.068337500000000	0.607111931818182		1
000123:	0.098237500000000	0.026861931818182	0.095128977272727	0.635200568181818	0.051042613636364	0.042921022727273	0.050607386363636		1
000124:	0.110575568181818	0.085446022727273	0.071386931818182	0.168546590909091	0.208884659090909	0.042840909090909	0.312319318181818		1
000125:	0.189172159090909	0.266257386363636	0.043642045454545	0.057532386363636	0.131776704545455	0.233551704545455	0.078067613636364		1
000126:	0.099093750000000	0.731415909090909	0.028939772727273	0.044428409090909	0.021311931818182	0.028131818181818	0.046678409090909		1
000127:	0.293935795454545	0.051810227272727	0.085999431818182	0.140059659090909	0.049126704545455	0.161968181818182	0.217100000000000		1
000128:	0.361105681818182	0.033561363636364	0.036037500000000	0.200221022727273	0.248765909090909	0.052256250000000	0.068052272727273		1
000129:	0.047101704545455	0.025956250000000	0.021469886363636	0.634422727272727	0.021348863636364	0.020282954545455	0.229417613636364		1
000130:	0.178046022727273	0.025622159090909	0.023951704545455	0.197544318181818	0.488169886363636	0.052628977272727	0.034036931818182		1
000131:	0.222556818181818	0.051877840909091	0.025651704545455	0.305795454545455	0.138774431818182	0.079812500000000	0.175531250000000		1
000132:	0.127874431818182	0.020547159090909	0.024413068181818	0.025087500000000	0.041118181818182	0.668727840909091	0.092231818181818		1
000133:	0.089523295454545	0.113639204545455	0.130786931818182	0.376047159090909	0.062517045454545	0.059636931818182	0.167849431818182		1
000134:	0.017252840909091	0.117647727272727	0.009631818181818	0.036910795454545	0.008002272727273	0.093761931818182	0.716792613636364		1
000135:	0.069931818181818	0.023753977272727	0.091643750000000	0.194625000000000	0.061889772727273	0.030173295454545	0.527982386363636		1
000136:	0.211046590909091	0.054246022727273	0.030611363636364	0.444603409090909	0.109740909090909	0.076083522727273	0.073668181818182		1
000137:	0.065643750000000	0.035394886363636	0.215290909090909	0.295371022727273	0.193375000000000	0.040727840909091	0.154196590909091		1
000138:	0.176410795454545	0.071823295454545	0.053000000000000	0.526342613636364	0.035714204545455	0.046015909090909	0.090693181818182		1
000139:	0.204708522727273	0.090027272727273	0.033952840909091	0.211601704545455	0.086552840909091	0.125447727272727	0.247709090909091		1
000140:	0.067236363636364	0.039506818181818	0.306273295454545	0.243479545454545	0.037102272727273	0.098076704545455	0.208325000000000		1
000141:	0.203136931818182	0.118333522727273	0.048691477272727	0.112501704545455	0.036447727272727	0.270852272727273	0.210036363636364		1
000142:	0.128228409090909	0.024580113636364	0.049084659090909	0.362663068181818	0.025872159090909	0.121118181818182	0.288453409090909		1
000143:	0.271444886363636	0.025702272727273	0.028787500000000	0.119607386363636	0.225533522727273	0.042287500000000	0.286636931818182		1
000144:	0.309667045454545	0.040686363636364	0.027557386363636	0.066638636363636	0.052501704545455	0.152634659090909	0.350314204545455		1
000145:	0.047490909090909	0.017712500000000	0.028765340909091	0.025292613636364	0.050016477272727	0.788567045454545	0.042155113636364		1
000146:	0.118317045454545	0.004783522727273	0.268490909090909	0.561522727272727	0.005885795454545	0.013317613636364	0.027682386363636		1
000147:	0.288353977272727	0.033259090909091	0.019294318181818	0.522272159090909	0.036423863636364	0.051639204545455	0.048757386363636		1
000148:	0.388816477272727	0.022118750000000	0.031271022727273	0.157664772727273	0.306867045454545	0.035453977272727	0.057807954545455		1
000149:	0.647387500000000	0.015510227272727	0.009747727272727	0.016275568181818	0.228100568181818	0.027448863636364	0.055529545454545		1
000150:	0.066987500000000	0.025275000000000	0.065270454545455	0.209468181818182	0.049699431818182	0.075212500000000	0.508086931818182		1
000151:	0.206454545454545	0.430717045454545	0.035925000000000	0.103476704545455	0.042522727272727	0.087917613636364	0.092986363636364		1
000152:	0.200965340909091	0.055651704545455	0.073293181818182	0.412800568181818	0.062806818181818	0.096408522727273	0.098073863636364		1
000153:	0.067046590909091	0.016265340909091	0.019776704545455	0.050578977272727	0.017110795454545	0.165167613636364	0.664053977272727		1
000154:	0.448682386363636	0.020078409090909	0.017902840909091	0.035898295454545	0.017722159090909	0.435385795454545	0.024330113636364		1
000155:	0.209936931818182	0.021740909090909	0.076445454545455	0.192584659090909	0.054763068181818	0.349597159090909	0.094931818181818		1
000156:	0.114783522727273	0.037181818181818	0.027909090909091	0.038177272727273	0.071926136363636	0.290133522727273	0.419888636363636		1
000157:	0.156988068181818	0.031754545454545	0.004461363636364	0.010765340909091	0.211723863636364	0.521756818181818	0.062550000000000		1
000158:	0.107978409090909	0.284073863636364	0.022997159090909	0.034046022727273	0.316805113636364	0.147912500000000	0.086186931818182		1
000159:	0.064136931818182	0.121682386363636	0.022617613636364	0.017597727272727	0.100716477272727	0.596032954545455	0.077215909090909		1
000160:	0.091214204545455	0.833132954545455	0.009527272727273	0.006896590909091	0.029702840909091	0.020418181818182	0.009107954545455		1
000161:	0.324388068181818	0.312813068181818	0.019781818181818	0.019388636363636	0.189324431818182	0.095863636363636	0.038440340909091		1
000162:	0.191706818181818	0.220269318181818	0.210415340909091	0.051217045454545	0.052273863636364	0.028993181818182	0.245124431818182		1
000163:	0.831193750000000	0.040718181818182	0.002315909090909	0.004467045454545	0.103028977272727	0.012278977272727	0.005997159090909		1
000164:	0.382055113636364	0.057450000000000	0.010533522727273	0.033903409090909	0.028703409090909	0.467540340909091	0.019814204545455		1
000165:	0.817466477272727	0.053607954545455	0.008681250000000	0.032588068181818	0.026427272727273	0.045371022727273	0.015857954545455		1
000166:	0.885872159090909	0.025168750000000	0.004714772727273	0.016579545454545	0.020301704545455	0.034134659090909	0.013228409090909		1
000167:	0.685106818181818	0.088351704545455	0.017431250000000	0.079994886363636	0.042433522727273	0.050132954545455	0.036548863636364		1
000168:	0.121665340909091	0.012762500000000	0.018823863636364	0.336107954545455	0.026763068181818	0.111789772727273	0.372087500000000		1
000169:	0.074702272727273	0.020892045454545	0.013387500000000	0.021131250000000	0.315208522727273	0.025017045454545	0.529661363636364		1
000170:	0.504261931818182	0.025811931818182	0.052544318181818	0.188077272727273	0.138901136363636	0.047649431818182	0.042753977272727		1
000171:	0.280060795454545	0.027460795454545	0.027300000000000	0.061000568181818	0.095848863636364	0.454111931818182	0.054217045454545		1
000172:	0.581218750000000	0.040417613636364	0.096603409090909	0.079060227272727	0.030431250000000	0.038840909090909	0.133427840909091		1
000173:	0.568515909090909	0.017571022727273	0.014831250000000	0.087331818181818	0.028001136363636	0.042731818181818	0.241017045454545		1
000174:	0.195317613636364	0.014699431818182	0.033585227272727	0.553626136363636	0.025497159090909	0.046367045454545	0.130907386363636		1
000175:	0.059602840909091	0.004672727272727	0.007194318181818	0.011690340909091	0.007208522727273	0.893871590909091	0.015759659090909		1
000176:	0.034874431818182	0.005263068181818	0.002179545454545	0.902903977272727	0.007277840909091	0.010248863636364	0.037252272727273		1
000177:	0.132716477272727	0.017924431818182	0.023243181818182	0.559185795454545	0.052766477272727	0.094123863636364	0.120039772727273		1
000178:	0.301850568181818	0.023071590909091	0.028602840909091	0.230265340909091	0.043925000000000	0.206330113636364	0.165954545454545		1
000179:	0.025789772727273	0.006387500000000	0.004584090909091	0.011919886363636	0.014861931818182	0.909578409090909	0.026878409090909		1
000180:	0.035904545454545	0.005091477272727	0.157226704545455	0.021978977272727	0.008441477272727	0.740903409090909	0.030453409090909		1
000181:	0.071946590909091	0.035643750000000	0.009978409090909	0.012953409090909	0.013454545454545	0.823621022727273	0.032402272727273		1
000182:	0.108081818181818	0.042097727272727	0.073632954545455	0.256721022727273	0.065857386363636	0.183472159090909	0.270136931818182		1
000183:	0.077303977272727	0.009489204545455	0.010598295454545	0.026331818181818	0.022548295454545	0.803327840909091	0.050400568181818		1
000184:	0.015621022727273	0.004444886363636	0.007580681818182	0.914964772727273	0.015147727272727	0.025832386363636	0.016408522727273		1
000185:	0.130775568181818	0.075965340909091	0.224338068181818	0.038760795454545	0.100852272727273	0.142781818181818	0.286526136363636		1
000186:	0.085454545454545	0.047484090909091	0.042707954545455	0.096024431818182	0.198700000000000	0.451023863636364	0.078605113636364		1
000187:	0.044264772727273	0.011225568181818	0.011800568181818	0.030730113636364	0.014844886363636	0.857036363636364	0.030097727272727		1
000188:	0.252095454545455	0.076254545454545	0.054891477272727	0.073901704545455	0.246300568181818	0.205980113636364	0.090576136363636		1
000189:	0.628227272727273	0.033635227272727	0.024526704545455	0.152076704545455	0.048775568181818	0.041938636363636	0.070819886363636		1
000190:	0.498753409090909	0.037429545454545	0.049281250000000	0.121860227272727	0.118519886363636	0.040018750000000	0.134136931818182		1
000191:	0.002767613636364	0.002083522727273	0.004897159090909	0.004579545454545	0.972959659090909	0.003400000000000	0.009312500000000		1
000192:	0.076503977272727	0.049709659090909	0.031389772727273	0.201848295454545	0.090096590909091	0.097237500000000	0.453214204545455		1
000193:	0.184972159090909	0.039921590909091	0.065511931818182	0.177002272727273	0.128365909090909	0.112522727272727	0.291703409090909		1
000194:	0.112788068181818	0.021317613636364	0.050236931818182	0.238023295454545	0.409540340909091	0.058540909090909	0.109552840909091		1
000195:	0.128009659090909	0.012044886363636	0.027252840909091	0.056560227272727	0.044203977272727	0.056251136363636	0.675677272727273		1
000196:	0.228020454545455	0.167675568181818	0.011337500000000	0.026632954545455	0.402484090909091	0.140230681818182	0.023618750000000		1
000197:	0.578938068181818	0.081614204545455	0.008790909090909	0.034125000000000	0.039005681818182	0.052366477272727	0.205159659090909		1
000198:	0.181738068181818	0.146399431818182	0.059206250000000	0.071268750000000	0.023542045454545	0.223622727272727	0.294222727272727		1
000199:	0.820455113636364	0.055150000000000	0.014871590909091	0.012993181818182	0.025717045454545	0.051530681818182	0.019282386363636		1
000200:	0.072413068181818	0.838465340909091	0.008260795454545	0.006471022727273	0.067846022727273	0.003924431818182	0.002619318181818		1
000201:	0.204260795454545	0.027240340909091	0.009901136363636	0.082815340909091	0.010339772727273	0.656713636363636	0.008728977272727		1
000202:	0.085136931818182	0.029456250000000	0.032849431818182	0.463159090909091	0.104118750000000	0.137177840909091	0.148101704545455		1
000203:	0.134963636363636	0.014673863636364	0.010775568181818	0.105654545454545	0.633854545454545	0.055201704545455	0.044876136363636		1
000204:	0.727081250000000	0.008136931818182	0.008761363636364	0.011062500000000	0.208563636363636	0.016493750000000	0.019900568181818		1
000205:	0.367857954545455	0.065340340909091	0.051447727272727	0.081462500000000	0.049749431818182	0.277727272727273	0.106414772727273		1
000206:	0.102472159090909	0.030184659090909	0.136356250000000	0.227519318181818	0.293499431818182	0.153115909090909	0.056852272727273		1
000207:	0.092919318181818	0.084043181818182	0.028022159090909	0.175671590909091	0.072135227272727	0.035464204545455	0.511744318181818		1
000208:	0.276275568181818	0.025093181818182	0.024973863636364	0.066397159090909	0.024906250000000	0.434981250000000	0.147372727272727		1
000209:	0.327482386363636	0.069571022727273	0.016445454545455	0.046161363636364	0.115089204545455	0.349543181818182	0.075707386363636		1
000210:	0.333507386363636	0.029786363636364	0.035026136363636	0.038288636363636	0.244164204545455	0.204885227272727	0.114342045454545		1
000211:	0.627782954545455	0.043956250000000	0.062352272727273	0.019059090909091	0.085601136363636	0.058033522727273	0.103214772727273		1
000212:	0.388282386363636	0.197381250000000	0.069942045454545	0.033615340909091	0.065699431818182	0.203156250000000	0.041923295454545		1
000213:	0.757039204545455	0.030254545454545	0.013352272727273	0.069855681818182	0.026282386363636	0.076651136363636	0.026564772727273		1
000214:	0.202157954545455	0.062464204545455	0.014553977272727	0.024519886363636	0.624219886363636	0.041911363636364	0.030172727272727		1
000215:	0.217393181818182	0.150940909090909	0.044360227272727	0.204930113636364	0.119580681818182	0.104432954545455	0.158361931818182		1
000216:	0.370876136363636	0.103803977272727	0.021750568181818	0.020001136363636	0.275553977272727	0.171935795454545	0.036078409090909		1
000217:	0.595984090909091	0.174390340909091	0.026270454545455	0.026539772727273	0.081284090909091	0.070961363636364	0.024569886363636		1
000218:	0.508936931818182	0.072498863636364	0.004814772727273	0.010530681818182	0.348342613636364	0.040823863636364	0.014052272727273		1
000219:	0.815109090909091	0.051133522727273	0.014781250000000	0.028382954545455	0.020014772727273	0.055302272727273	0.015276136363636		1
000220:	0.671500000000000	0.101235795454545	0.012411363636364	0.044467045454545	0.037644318181818	0.108159090909091	0.024582386363636		1
000221:	0.771042613636364	0.093449431818182	0.008494318181818	0.029227840909091	0.025004545454545	0.059182954545455	0.013598295454545		1
000222:	0.240572727272727	0.060373295454545	0.012459659090909	0.017247159090909	0.067287500000000	0.585067045454545	0.016992613636364		1
000223:	0.220621022727273	0.090764772727273	0.057143181818182	0.073414772727273	0.113631818181818	0.370436363636364	0.073988068181818		1
000224:	0.020716477272727	0.022984090909091	0.040171590909091	0.795596022727273	0.018861363636364	0.046223295454545	0.055447159090909		1
000225:	0.031847159090909	0.020684090909091	0.038144318181818	0.851515340909091	0.012215909090909	0.017014204545455	0.028578977272727		1
000226:	0.026448295454545	0.074872159090909	0.028789772727273	0.684864772727273	0.051300000000000	0.087871590909091	0.045853409090909		1
000227:	0.030957954545455	0.062613636363636	0.042545454545455	0.693135227272727	0.031450000000000	0.044955113636364	0.094342613636364		1
000228:	0.027010227272727	0.115188636363636	0.734512500000000	0.031039772727273	0.032471590909091	0.022748863636364	0.037028409090909		1
000229:	0.104159090909091	0.044955681818182	0.077292613636364	0.613844886363636	0.078962500000000	0.031026704545455	0.049758522727273		1
000230:	0.039827272727273	0.681203977272727	0.030377840909091	0.131067045454545	0.037582954545455	0.060101704545455	0.019839204545455		1
000231:	0.041741477272727	0.043472727272727	0.035214772727273	0.767181818181818	0.016163068181818	0.020193750000000	0.076032386363636		1
000232:	0.047804545454545	0.083650000000000	0.030024431818182	0.575344318181818	0.039651704545455	0.207303409090909	0.016221590909091		1
000233:	0.025340909090909	0.058061363636364	0.072095454545455	0.638831250000000	0.057519886363636	0.045123863636364	0.103027272727273		1
000234:	0.021303409090909	0.031892613636364	0.193657386363636	0.610746590909091	0.061942613636364	0.018088636363636	0.062368750000000		1
000235:	0.011925568181818	0.024440909090909	0.457055681818182	0.345550000000000	0.085526704545455	0.048584090909091	0.026917045454545		1
000236:	0.041691477272727	0.133334659090909	0.147366477272727	0.209241477272727	0.106665340909091	0.277866477272727	0.083834090909091		1
000237:	0.015788068181818	0.034480681818182	0.214400568181818	0.628538068181818	0.031100568181818	0.020837500000000	0.054854545454545		1
000238:	0.076535227272727	0.033459659090909	0.080635795454545	0.059264772727273	0.024242613636364	0.682849431818182	0.043012500000000		1
000239:	0.020285795454545	0.084835795454545	0.116890909090909	0.646145454545455	0.049089204545455	0.048129545454545	0.034623295454545		1
000240:	0.018531250000000	0.525167613636364	0.079156250000000	0.116176136363636	0.198975000000000	0.026909659090909	0.035084090909091		1
000241:	0.032801704545455	0.080482386363636	0.069990340909091	0.115877272727273	0.224833522727273	0.240666477272727	0.235348295454545		1
000242:	0.026924431818182	0.054515909090909	0.138056818181818	0.259751704545455	0.139089204545455	0.042402272727273	0.339259659090909		1
000243:	0.044926136363636	0.286900568181818	0.408544886363636	0.084319886363636	0.070306818181818	0.041336931818182	0.063664772727273		1
000244:	0.052248863636364	0.205646590909091	0.077471022727273	0.325194318181818	0.189748295454545	0.076720454545455	0.072970454545455		1
000245:	0.016833522727273	0.056023295454545	0.045885227272727	0.782619318181818	0.044961931818182	0.030389772727273	0.023286931818182		1
000246:	0.028449431818182	0.055417045454545	0.166199431818182	0.526318181818182	0.046819886363636	0.032296590909091	0.144499431818182		1
000247:	0.036833522727273	0.196899431818182	0.236710795454545	0.169564772727273	0.258844886363636	0.038623863636364	0.062522727272727		1
000248:	0.033140340909091	0.088304545454545	0.035726704545455	0.671077272727273	0.127311363636364	0.022692613636364	0.021747159090909		1
000249:	0.013764204545455	0.058908522727273	0.077343181818182	0.755475000000000	0.044502272727273	0.024890340909091	0.025116477272727		1
000250:	0.014362500000000	0.027712500000000	0.025685795454545	0.849612500000000	0.024910795454545	0.025849431818182	0.031866477272727		1
000251:	0.030972159090909	0.081761363636364	0.083370454545455	0.604242613636364	0.056178977272727	0.077496590909091	0.065977840909091		1
000252:	0.116108522727273	0.143397727272727	0.155638068181818	0.190125568181818	0.271821590909091	0.087110795454545	0.035797727272727		1
000253:	0.039217613636364	0.123109090909091	0.601356250000000	0.061688636363636	0.053031250000000	0.070586931818182	0.051010227272727		1
000254:	0.032885795454545	0.076598863636364	0.135715909090909	0.519779545454545	0.128697727272727	0.085577840909091	0.020744318181818		1
000255:	0.023766477272727	0.031567045454545	0.044801704545455	0.837757954545455	0.017965340909091	0.026747727272727	0.017393750000000		1
000256:	0.055914772727273	0.027321590909091	0.027061931818182	0.716944318181818	0.050624431818182	0.082423295454545	0.039709659090909		1
000257:	0.080300000000000	0.139175568181818	0.086434090909091	0.054353409090909	0.033377840909091	0.583475568181818	0.022883522727273		1
000258:	0.076723295454545	0.056206250000000	0.029446022727273	0.683097727272727	0.044575000000000	0.052328409090909	0.057623295454545		1
000259:	0.016266477272727	0.016212500000000	0.017010795454545	0.009980681818182	0.014786931818182	0.910284659090909	0.015457954545455		1
000260:	0.025771022727273	0.108117613636364	0.051181818181818	0.443250568181818	0.284521590909091	0.030792613636364	0.056364772727273		1
000261:	0.062558522727273	0.175030681818182	0.309160227272727	0.205311363636364	0.073141477272727	0.123617613636364	0.051180113636364		1
000262:	0.031627840909091	0.073382954545455	0.132894886363636	0.244122727272727	0.358376704545455	0.127793181818182	0.031801704545455		1
000263:	0.268257954545455	0.113169886363636	0.050057386363636	0.305738636363636	0.076923863636364	0.103932386363636	0.081919886363636		1
000264:	0.050105681818182	0.037834090909091	0.026319318181818	0.136181818181818	0.021648863636364	0.700634090909091	0.027276136363636		1
000265:	0.406785795454545	0.114827272727273	0.062502840909091	0.114104545454545	0.203226136363636	0.058722727272727	0.039830681818182		1
000266:	0.038167045454545	0.023006250000000	0.038986363636364	0.778329545454545	0.018192045454545	0.080703977272727	0.022614772727273		1
000267:	0.024801704545455	0.029452272727273	0.050213068181818	0.811468181818182	0.048645454545455	0.019845454545455	0.015573863636364		1
000268:	0.097506818181818	0.071780681818182	0.055710227272727	0.077857386363636	0.492101704545455	0.166649431818182	0.038393750000000		1
000269:	0.056292613636364	0.028689772727273	0.385211363636364	0.183003409090909	0.027711931818182	0.059822159090909	0.259268750000000		1
000270:	0.024566477272727	0.021990340909091	0.016771022727273	0.062798295454545	0.016867613636364	0.843751136363636	0.013255113636364		1
000271:	0.024434090909091	0.091634659090909	0.397838068181818	0.167074431818182	0.156853409090909	0.132715909090909	0.029449431818182		1
000272:	0.062605681818182	0.076821590909091	0.434842613636364	0.166288068181818	0.156856250000000	0.065235227272727	0.037350568181818		1
000273:	0.052768181818182	0.070300568181818	0.136830681818182	0.203430681818182	0.049465909090909	0.438827840909091	0.048376136363636		1
000274:	0.037652272727273	0.075312500000000	0.136765909090909	0.470552272727273	0.200116477272727	0.046088068181818	0.033512500000000		1
000275:	0.021891477272727	0.039542045454545	0.027811363636364	0.837603977272727	0.018713068181818	0.028950568181818	0.025487500000000		1
000276:	0.042912500000000	0.048247727272727	0.116459090909091	0.052301704545455	0.031105113636364	0.684936931818182	0.024036931818182		1
000277:	0.028698295454545	0.044916477272727	0.553075568181818	0.271415909090909	0.021280113636364	0.045247727272727	0.035365909090909		1
000278:	0.026984090909091	0.059493181818182	0.028713636363636	0.807405681818182	0.018925000000000	0.028782954545455	0.029695454545455		1
000279:	0.032507386363636	0.042155113636364	0.244418181818182	0.591446022727273	0.019554545454545	0.021559659090909	0.048359090909091		1
000280:	0.084722727272727	0.114548295454545	0.064267613636364	0.469623863636364	0.088866477272727	0.116068181818182	0.061902840909091		1
000281:	0.035667045454545	0.034321022727273	0.345884090909091	0.092555113636364	0.064148295454545	0.401502272727273	0.025922159090909		1
000282:	0.053271022727273	0.115740340909091	0.196855113636364	0.317209659090909	0.022614204545455	0.123401136363636	0.170908522727273		1
000283:	0.038908522727273	0.098698295454545	0.023139772727273	0.019566477272727	0.024357954545455	0.782735227272727	0.012593750000000		1
000284:	0.036944318181818	0.087757386363636	0.291066477272727	0.427766477272727	0.063001704545455	0.063475000000000	0.029988636363636		1
000285:	0.062047727272727	0.091621590909091	0.248036931818182	0.178551136363636	0.156784090909091	0.033107386363636	0.229851136363636		1
000286:	0.113755681818182	0.055549431818182	0.111259659090909	0.403792045454545	0.015096590909091	0.273972159090909	0.026574431818182		1
000287:	0.040410795454545	0.057961931818182	0.122669886363636	0.560485795454545	0.023447159090909	0.145681818181818	0.049342613636364		1
000288:	0.054002840909091	0.151547159090909	0.106799431818182	0.505327272727273	0.044585227272727	0.078391477272727	0.059346590909091		1
