Estimated Clustering Probabilities for Samples
Sample	***Cluster  01***	***Cluster  02***	***Cluster  03***	***Cluster  04***	***Cluster  05***	***Cluster  06***	***Cluster  07***	
000001:	0.013230113636364	0.009206818181818	0.130575000000000	0.391025568181818	0.096230113636364	0.346284090909091	0.013448295454545		1
000002:	0.001198863636364	0.663726136363636	0.204423295454545	0.017334659090909	0.012949431818182	0.096243181818182	0.004124431818182		1
000003:	0.030415340909091	0.008147159090909	0.028310795454545	0.027111931818182	0.606661363636364	0.197344318181818	0.102009090909091		1
000004:	0.016289772727273	0.005633522727273	0.128541477272727	0.025780681818182	0.127322159090909	0.686003977272727	0.010428409090909		1
000005:	0.052702272727273	0.008310227272727	0.078006250000000	0.053828409090909	0.409745454545455	0.377918181818182	0.019489204545455		1
000006:	0.025555681818182	0.024029545454545	0.217348863636364	0.066899431818182	0.104493181818182	0.544160227272727	0.017513068181818		1
000007:	0.017406250000000	0.009288068181818	0.025104545454545	0.021526704545455	0.247178409090909	0.573167045454545	0.106328977272727		1
000008:	0.000309090909091	0.267297159090909	0.712769886363636	0.003041477272727	0.002609090909091	0.011477272727273	0.002496022727273		1
000009:	0.013152272727273	0.045979545454545	0.145883522727273	0.028675568181818	0.109001704545455	0.633370454545455	0.023936931818182		1
000010:	0.013882954545455	0.004748863636364	0.027778409090909	0.059985227272727	0.256290909090909	0.614334090909091	0.022979545454545		1
000011:	0.248434090909091	0.062790909090909	0.201690909090909	0.107154545454545	0.233467045454545	0.078607386363636	0.067855113636364		1
000012:	0.022876136363636	0.064059659090909	0.299480113636364	0.491096590909091	0.076898295454545	0.025868750000000	0.019720454545455		1
000013:	0.114813636363636	0.325017613636364	0.245559659090909	0.133497159090909	0.096037500000000	0.048901704545455	0.036172727272727		1
000014:	0.005606818181818	0.010252840909091	0.172113068181818	0.018048863636364	0.007784659090909	0.784347159090909	0.001846590909091		1
000015:	0.024862500000000	0.017127840909091	0.069118750000000	0.070493181818182	0.727627272727273	0.083616477272727	0.007153977272727		1
000016:	0.018670454545455	0.012966477272727	0.801914772727273	0.034040340909091	0.029101704545455	0.088490340909091	0.014815909090909		1
000017:	0.062040340909091	0.023763636363636	0.125348863636364	0.345436363636364	0.364928977272727	0.041109090909091	0.037372727272727		1
000018:	0.018780113636364	0.427564772727273	0.056877272727273	0.363486363636364	0.088298863636364	0.030334090909091	0.014658522727273		1
000019:	0.046200000000000	0.071541477272727	0.046294318181818	0.062036363636364	0.694921022727273	0.058760227272727	0.020246590909091		1
000020:	0.033678409090909	0.020131818181818	0.318479545454545	0.185864204545455	0.366842045454545	0.059415340909091	0.015588636363636		1
000021:	0.784836931818182	0.031009090909091	0.027634659090909	0.099223863636364	0.029147727272727	0.018048863636364	0.010098863636364		1
000022:	0.012082954545455	0.466022159090909	0.025796590909091	0.042996022727273	0.150224431818182	0.008410795454545	0.294467045454545		1
000023:	0.798101704545455	0.022796022727273	0.031437500000000	0.035939204545455	0.036286363636364	0.040073295454545	0.035365909090909		1
000024:	0.008426136363636	0.024451136363636	0.889280681818182	0.021838636363636	0.025296022727273	0.010950000000000	0.019757386363636		1
000025:	0.370656818181818	0.267810227272727	0.135179545454545	0.073416477272727	0.083538636363636	0.048480681818182	0.020917613636364		1
000026:	0.080154545454545	0.166746590909091	0.038218750000000	0.369181818181818	0.276406250000000	0.051748295454545	0.017543750000000		1
000027:	0.014855681818182	0.528999431818182	0.020072727272727	0.387298295454545	0.027345454545455	0.014331250000000	0.007097159090909		1
000028:	0.289006818181818	0.049195454545455	0.072480113636364	0.156575568181818	0.140575000000000	0.127761363636364	0.164405681818182		1
000029:	0.057981818181818	0.072077272727273	0.076923295454545	0.392425568181818	0.199474431818182	0.162751136363636	0.038366477272727		1
000030:	0.064115909090909	0.091628409090909	0.131631818181818	0.073041477272727	0.575074431818182	0.039889204545455	0.024618750000000		1
000031:	0.083343181818182	0.148428409090909	0.040629545454545	0.609961363636364	0.065354545454545	0.030252272727273	0.022030681818182		1
000032:	0.035500568181818	0.038613068181818	0.031786931818182	0.817571590909091	0.030021590909091	0.015443181818182	0.031063068181818		1
000033:	0.111819886363636	0.067278977272727	0.098329545454545	0.235419886363636	0.334882954545455	0.072042613636364	0.080226136363636		1
000034:	0.001397159090909	0.000235795454545	0.751443750000000	0.184248863636364	0.000250568181818	0.062297159090909	0.000126704545455		1
000035:	0.605976704545454	0.150365340909091	0.028755113636364	0.112777840909091	0.049146590909091	0.032243181818182	0.020735227272727		1
000036:	0.040839204545455	0.043025568181818	0.210715340909091	0.450099431818182	0.146610795454545	0.048538068181818	0.060171590909091		1
000037:	0.119352272727273	0.073114772727273	0.075965340909091	0.468644318181818	0.224554545454545	0.024823295454545	0.013545454545455		1
000038:	0.594340340909091	0.058794318181818	0.140812500000000	0.049781250000000	0.041611363636364	0.052867613636364	0.061792613636364		1
000039:	0.084305681818182	0.197780681818182	0.103294886363636	0.352453409090909	0.190802272727273	0.050030681818182	0.021332386363636		1
000040:	0.005206818181818	0.079489772727273	0.383598295454545	0.038630113636364	0.460130681818182	0.007134659090909	0.025809659090909		1
000041:	0.123398295454545	0.085693181818182	0.124384090909091	0.390041477272727	0.166103977272727	0.080509090909091	0.029869886363636		1
000042:	0.546974431818182	0.110140340909091	0.061789772727273	0.116997727272727	0.091370454545455	0.045279545454545	0.027447727272727		1
000043:	0.027071022727273	0.209546590909091	0.136989772727273	0.066597727272727	0.501635795454546	0.034323863636364	0.023835227272727		1
000044:	0.040230113636364	0.038915909090909	0.065556818181818	0.237740340909091	0.532198295454545	0.062446022727273	0.022912500000000		1
000045:	0.044693750000000	0.042417613636364	0.022240340909091	0.792515340909091	0.066292613636364	0.013594318181818	0.018246022727273		1
000046:	0.320431818181818	0.085443181818182	0.078806250000000	0.198250568181818	0.137635795454545	0.080110795454545	0.099321590909091		1
000047:	0.702274431818182	0.012178409090909	0.039334090909091	0.129318750000000	0.045169886363636	0.059268181818182	0.012456250000000		1
000048:	0.064109659090909	0.036501704545455	0.051785795454545	0.053707386363636	0.557867613636364	0.199901704545455	0.036126136363636		1
000049:	0.034864772727273	0.023823295454545	0.037428409090909	0.173889772727273	0.612196022727273	0.099558522727273	0.018239204545455		1
000050:	0.198932954545455	0.059311931818182	0.271334659090909	0.081973863636364	0.172651136363636	0.186141477272727	0.029653977272727		1
000051:	0.013340909090909	0.029776136363636	0.571286363636364	0.025865909090909	0.056681250000000	0.284012500000000	0.019036931818182		1
000052:	0.038629545454545	0.010915909090909	0.826602272727273	0.022231818181818	0.046702840909091	0.040905681818182	0.014011931818182		1
000053:	0.201686931818182	0.049527840909091	0.173800000000000	0.271140909090909	0.207752840909091	0.077310227272727	0.018781250000000		1
000054:	0.984884090909091	0.002926704545455	0.001918750000000	0.000925568181818	0.002024431818182	0.006207954545455	0.001112500000000		1
000055:	0.026241477272727	0.024077272727273	0.123892613636364	0.072092613636364	0.464417045454545	0.258582386363636	0.030696590909091		1
000056:	0.035457386363636	0.046769886363636	0.055835227272727	0.112425568181818	0.621718181818182	0.103446022727273	0.024347727272727		1
000057:	0.067686931818182	0.034932386363636	0.136176704545455	0.349741477272727	0.195968750000000	0.193034659090909	0.022459090909091		1
000058:	0.028796022727273	0.032451136363636	0.023814204545455	0.054531250000000	0.798483522727273	0.038678409090909	0.023245454545455		1
000059:	0.361556818181818	0.020986931818182	0.024259659090909	0.187057386363636	0.353382386363636	0.040000000000000	0.012756818181818		1
000060:	0.005198295454545	0.001866477272727	0.004329545454545	0.007582954545455	0.941385227272727	0.037293750000000	0.002343750000000		1
000061:	0.034097159090909	0.022065909090909	0.072524431818182	0.055097727272727	0.741054545454545	0.060107954545455	0.015052272727273		1
000062:	0.000710795454545	0.846964772727273	0.001779545454545	0.007966477272727	0.001989772727273	0.002541477272727	0.138047159090909		1
000063:	0.016493181818182	0.014426704545455	0.627523295454545	0.060236931818182	0.145043750000000	0.119979545454545	0.016296590909091		1
000064:	0.015584659090909	0.027160227272727	0.584000000000000	0.024610795454545	0.064643181818182	0.205127272727273	0.078873863636364		1
000065:	0.016653977272727	0.013069886363636	0.024892045454545	0.030234090909091	0.807151136363636	0.074632386363636	0.033366477272727		1
000066:	0.026826136363636	0.041627272727273	0.035838068181818	0.114140909090909	0.696974431818182	0.072161931818182	0.012431250000000		1
000067:	0.007485227272727	0.007367045454545	0.225677840909091	0.166210795454545	0.153807954545455	0.421460227272727	0.017990909090909		1
000068:	0.042519318181818	0.035173295454545	0.029907386363636	0.152048863636364	0.675297159090909	0.046798295454545	0.018255681818182		1
000069:	0.075490340909091	0.030373863636364	0.089561931818182	0.267897159090909	0.451108522727273	0.067186363636364	0.018381818181818		1
000070:	0.151021590909091	0.056505113636364	0.287897727272727	0.118752840909091	0.240692045454545	0.082565909090909	0.062564772727273		1
000071:	0.156503409090909	0.035205681818182	0.034367045454545	0.236281818181818	0.431412500000000	0.063176136363636	0.043053409090909		1
000072:	0.060715909090909	0.020591477272727	0.052322159090909	0.042206250000000	0.688884090909091	0.101219318181818	0.034060795454545		1
000073:	0.024077272727273	0.025612500000000	0.051769886363636	0.054309090909091	0.767261363636364	0.051150000000000	0.025819886363636		1
000074:	0.302210795454545	0.340172159090909	0.091375568181818	0.141977272727273	0.078779545454545	0.029893750000000	0.015590909090909		1
000075:	0.021576704545455	0.044032954545455	0.069489204545455	0.176107386363636	0.626478977272727	0.038984090909091	0.023330681818182		1
000076:	0.062548295454545	0.115193750000000	0.041475568181818	0.118606250000000	0.185079545454545	0.074538636363636	0.402557954545455		1
000077:	0.057602840909091	0.077186931818182	0.090007386363636	0.201506818181818	0.180332954545455	0.206897727272727	0.186465340909091		1
000078:	0.165055113636364	0.023655681818182	0.104596590909091	0.084130681818182	0.421123863636364	0.133450568181818	0.067987500000000		1
000079:	0.118247159090909	0.067653977272727	0.058293750000000	0.149676704545455	0.441785227272727	0.128782954545455	0.035560227272727		1
000080:	0.202529545454545	0.196673295454545	0.035119886363636	0.197178977272727	0.244629545454545	0.068723295454545	0.055145454545455		1
000081:	0.010353409090909	0.011234659090909	0.014522159090909	0.070500568181818	0.843627272727273	0.036969318181818	0.012792613636364		1
000082:	0.034727272727273	0.018548863636364	0.041184659090909	0.039759090909091	0.734016477272727	0.112696590909091	0.019067045454545		1
000083:	0.011446590909091	0.023819318181818	0.016050568181818	0.130453409090909	0.737571022727273	0.048589204545455	0.032069886363636		1
000084:	0.007322159090909	0.008398863636364	0.934156818181818	0.017332386363636	0.009825000000000	0.011234090909091	0.011730681818182		1
000085:	0.051700568181818	0.072219886363636	0.073471590909091	0.349144318181818	0.158860227272727	0.234304545454545	0.060298863636364		1
000086:	0.103565340909091	0.062153409090909	0.401015909090909	0.103529545454545	0.099959659090909	0.202023295454545	0.027752840909091		1
000087:	0.024620454545455	0.018441477272727	0.023506818181818	0.437007386363636	0.365331250000000	0.114878409090909	0.016214204545455		1
000088:	0.076327840909091	0.039554545454545	0.030343181818182	0.662833522727273	0.109995454545455	0.050850568181818	0.030094886363636		1
000089:	0.066075568181818	0.043574431818182	0.070071590909091	0.578024431818182	0.113238068181818	0.093880681818182	0.035135227272727		1
000090:	0.125259090909091	0.128648863636364	0.119423295454545	0.245593181818182	0.266654545454545	0.091913068181818	0.022507954545455		1
000091:	0.659580681818182	0.076405113636364	0.066119318181818	0.045761363636364	0.060048863636364	0.055392613636364	0.036692045454545		1
000092:	0.065239204545455	0.119670454545455	0.043130681818182	0.096637500000000	0.570697159090909	0.046944886363636	0.057680113636364		1
000093:	0.009372159090909	0.517798863636364	0.019242613636364	0.254323863636364	0.034680681818182	0.048093181818182	0.116488636363636		1
000094:	0.077569886363636	0.073940909090909	0.037247159090909	0.128285227272727	0.562468181818182	0.065534659090909	0.054953977272727		1
000095:	0.015459090909091	0.013997159090909	0.026783522727273	0.022728409090909	0.843275000000000	0.059655113636364	0.018101704545455		1
000096:	0.022586931818182	0.013867045454545	0.804515909090909	0.031839772727273	0.040488636363636	0.076238636363636	0.010463068181818		1
000097:	0.022319886363636	0.025221022727273	0.028335227272727	0.526944318181818	0.239897727272727	0.142991477272727	0.014290340909091		1
000098:	0.046329545454545	0.033041477272727	0.018432386363636	0.084666477272727	0.771071590909091	0.034917045454545	0.011541477272727		1
000099:	0.255565340909091	0.043705113636364	0.201129545454545	0.158786931818182	0.142382386363636	0.177816477272727	0.020614204545455		1
000100:	0.053371022727273	0.021848295454545	0.333652840909091	0.069139204545455	0.330357386363636	0.177576136363636	0.014055113636364		1
000101:	0.041455113636364	0.022955113636364	0.039876136363636	0.593650000000000	0.221808522727273	0.061508522727273	0.018746590909091		1
000102:	0.084582954545455	0.048355113636364	0.177400000000000	0.179362500000000	0.379354545454545	0.104792613636364	0.026152272727273		1
000103:	0.087053977272727	0.110677272727273	0.082936931818182	0.095639772727273	0.485794886363636	0.085334659090909	0.052562500000000		1
000104:	0.020654545454545	0.024934090909091	0.499717045454545	0.046700568181818	0.180002272727273	0.214278409090909	0.013713068181818		1
000105:	0.091823863636364	0.068272159090909	0.222703409090909	0.371578977272727	0.134359090909091	0.092304545454545	0.018957954545455		1
000106:	0.035548863636364	0.067313068181818	0.047468181818182	0.446978977272727	0.287173295454545	0.075172159090909	0.040345454545455		1
000107:	0.065509659090909	0.012150000000000	0.453880681818182	0.179925568181818	0.229715340909091	0.049276704545455	0.009542045454545		1
000108:	0.012845454545455	0.002917613636364	0.888368181818182	0.008544318181818	0.007379545454545	0.015250000000000	0.064694886363636		1
000109:	0.189134090909091	0.062246590909091	0.045350000000000	0.221288068181818	0.387127840909091	0.054718750000000	0.040134659090909		1
000110:	0.287277840909091	0.380465340909091	0.122438068181818	0.058323863636364	0.045747727272727	0.051453977272727	0.054293181818182		1
000111:	0.169371022727273	0.064502840909091	0.441288636363636	0.070334090909091	0.078186363636364	0.142275000000000	0.034042045454545		1
000112:	0.119923863636364	0.051539772727273	0.138498863636364	0.505101704545455	0.061250000000000	0.077073863636364	0.046611931818182		1
000113:	0.041029545454545	0.032733522727273	0.105053409090909	0.118143750000000	0.548298295454545	0.136319318181818	0.018422159090909		1
000114:	0.253263068181818	0.014630113636364	0.007879545454545	0.013503977272727	0.661787500000000	0.039544886363636	0.009390909090909		1
000115:	0.098383522727273	0.034741477272727	0.052502840909091	0.090934090909091	0.650534659090909	0.052659659090909	0.020243750000000		1
000116:	0.024452272727273	0.027950000000000	0.033715909090909	0.022355113636364	0.218630681818182	0.666725568181818	0.006170454545455		1
000117:	0.050553977272727	0.033613068181818	0.037250000000000	0.446762500000000	0.252180681818182	0.141222159090909	0.038417613636364		1
000118:	0.056528977272727	0.026478409090909	0.154766477272727	0.071456818181818	0.438700000000000	0.210813068181818	0.041256250000000		1
000119:	0.094852272727273	0.041053409090909	0.150046590909091	0.393294886363636	0.243294318181818	0.054733522727273	0.022725000000000		1
000120:	0.022010227272727	0.134659090909091	0.061122727272727	0.117366477272727	0.340390909090909	0.305971022727273	0.018479545454545		1
000121:	0.199714204545455	0.121374431818182	0.071140340909091	0.133227272727273	0.296470454545455	0.107150000000000	0.070923295454545		1
000122:	0.033590340909091	0.026696022727273	0.064046590909091	0.309084659090909	0.486022159090909	0.065922727272727	0.014637500000000		1
000123:	0.021437500000000	0.046040340909091	0.029162500000000	0.042627272727273	0.771449431818182	0.058815909090909	0.030467045454545		1
000124:	0.429817045454545	0.047830681818182	0.034062500000000	0.220263636363636	0.142693750000000	0.081604545454545	0.043727840909091		1
000125:	0.186065909090909	0.034631818181818	0.104545454545455	0.063431250000000	0.202098295454545	0.285669318181818	0.123557954545455		1
000126:	0.230900000000000	0.020046022727273	0.037132954545455	0.036776136363636	0.064188636363636	0.211495454545455	0.399460795454545		1
000127:	0.058936931818182	0.063167613636364	0.241652840909091	0.198897727272727	0.259975568181818	0.148163068181818	0.029206250000000		1
000128:	0.226522159090909	0.032451136363636	0.123441477272727	0.104152272727273	0.369788636363636	0.117107386363636	0.026536931818182		1
000129:	0.033580681818182	0.106588636363636	0.021482954545455	0.506980113636364	0.268569318181818	0.039483522727273	0.023314772727273		1
000130:	0.018181818181818	0.009569318181818	0.016050000000000	0.057153977272727	0.835141477272727	0.059277840909091	0.004625568181818		1
000131:	0.000801704545455	0.921207386363636	0.002250568181818	0.002936363636364	0.065692045454545	0.002728409090909	0.004383522727273		1
000132:	0.024117613636364	0.032043181818182	0.477308522727273	0.252725000000000	0.105048863636364	0.093628409090909	0.015128409090909		1
000133:	0.301880113636364	0.081505681818182	0.082189204545455	0.116368750000000	0.157625000000000	0.129713636363636	0.130717613636364		1
000134:	0.296047159090909	0.077522159090909	0.040136931818182	0.096559090909091	0.368114772727273	0.087656818181818	0.033963068181818		1
000135:	0.034047727272727	0.158086931818182	0.024702840909091	0.507801704545455	0.156910795454545	0.082377272727273	0.036072727272727		1
000136:	0.148203977272727	0.034390909090909	0.085483522727273	0.089564204545455	0.408825568181818	0.206827840909091	0.026703977272727		1
000137:	0.002565340909091	0.856094886363636	0.001926704545455	0.020286931818182	0.013811931818182	0.104576136363636	0.000738068181818		1
000138:	0.101317045454545	0.065101136363636	0.055491477272727	0.152859659090909	0.382156250000000	0.188660795454545	0.054413636363636		1
000139:	0.052383522727273	0.049801704545455	0.064214204545455	0.226302272727273	0.342989204545455	0.163745454545455	0.100563636363636		1
000140:	0.038628977272727	0.659750568181818	0.044207386363636	0.090755113636364	0.107092045454545	0.043046590909091	0.016519318181818		1
000141:	0.076297159090909	0.029311931818182	0.459907954545455	0.066313068181818	0.113636931818182	0.173030681818182	0.081502272727273		1
000142:	0.004738636363636	0.003253977272727	0.012721022727273	0.419847159090909	0.020988068181818	0.016184090909091	0.522267045454545		1
000143:	0.015248295454545	0.014109090909091	0.098009659090909	0.127905113636364	0.687572159090909	0.034799431818182	0.022356250000000		1
000144:	0.046242045454545	0.015176704545455	0.160778977272727	0.222416477272727	0.352765340909091	0.189855681818182	0.012764772727273		1
000145:	0.053538068181818	0.019430681818182	0.661764772727273	0.042664204545455	0.099217613636364	0.112580113636364	0.010804545454545		1
000146:	0.021396590909091	0.135411931818182	0.100828977272727	0.268925568181818	0.333297727272727	0.120925000000000	0.019214204545455		1
000147:	0.031557954545455	0.028423863636364	0.090189204545455	0.087185227272727	0.381798295454545	0.368235227272727	0.012610227272727		1
000148:	0.014280681818182	0.024998863636364	0.038699431818182	0.041353409090909	0.813909090909091	0.050815340909091	0.015943181818182		1
000149:	0.141356250000000	0.044982954545455	0.107039204545455	0.393463068181818	0.192230681818182	0.100192613636364	0.020735227272727		1
000150:	0.113089772727273	0.146102840909091	0.079893750000000	0.390577840909091	0.141588068181818	0.099108522727273	0.029639204545455		1
000151:	0.064931250000000	0.050995454545455	0.193503977272727	0.204067045454545	0.293082954545455	0.166950000000000	0.026469318181818		1
000152:	0.254102840909091	0.044861363636364	0.118660227272727	0.071766477272727	0.342321022727273	0.123522727272727	0.044765340909091		1
000153:	0.029309090909091	0.070215340909091	0.099030681818182	0.539906250000000	0.155363068181818	0.087984090909091	0.018191477272727		1
000154:	0.029360795454545	0.024426704545455	0.378282954545455	0.076550000000000	0.277675568181818	0.184986931818182	0.028717045454545		1
000155:	0.053786363636364	0.059235227272727	0.248006250000000	0.284560795454545	0.257238636363636	0.075707386363636	0.021465340909091		1
000156:	0.056907954545455	0.032710227272727	0.347468181818182	0.312225568181818	0.154480113636364	0.075646022727273	0.020561931818182		1
000157:	0.002277840909091	0.001339772727273	0.817357954545455	0.046769886363636	0.079604545454545	0.044976136363636	0.007673863636364		1
000158:	0.008973295454545	0.024986931818182	0.192540909090909	0.017642613636364	0.080196590909091	0.657870454545455	0.017789204545455		1
000159:	0.033807954545455	0.055250568181818	0.453446590909091	0.088526704545455	0.038925568181818	0.245494886363636	0.084547727272727		1
000160:	0.014878409090909	0.005906818181818	0.026526136363636	0.010817613636364	0.023086363636364	0.734599431818182	0.184185227272727		1
000161:	0.001540909090909	0.738959090909091	0.055100568181818	0.003292045454545	0.015264772727273	0.180273295454545	0.005569318181818		1
000162:	0.128956250000000	0.078950000000000	0.015448863636364	0.390122159090909	0.047513068181818	0.224105681818182	0.114903977272727		1
000163:	0.008940909090909	0.004756818181818	0.024364772727273	0.015428409090909	0.729500000000000	0.197923295454545	0.019085795454545		1
000164:	0.021594886363636	0.007140340909091	0.184271022727273	0.010114204545455	0.124439772727273	0.607965909090909	0.044473863636364		1
000165:	0.006842045454545	0.007055681818182	0.028325568181818	0.010664204545455	0.086499431818182	0.839752840909091	0.020860227272727		1
000166:	0.008781818181818	0.006527272727273	0.025434659090909	0.015533522727273	0.377749431818182	0.542168181818182	0.023805113636364		1
000167:	0.102681250000000	0.016593181818182	0.057219886363636	0.041703977272727	0.350303977272727	0.381975568181818	0.049522159090909		1
000168:	0.036671022727273	0.023340909090909	0.151503977272727	0.444634659090909	0.189705113636364	0.143441477272727	0.010702840909091		1
000169:	0.142099431818182	0.036613068181818	0.055355681818182	0.208069886363636	0.503268750000000	0.042913068181818	0.011680113636364		1
000170:	0.019857386363636	0.036810227272727	0.017796022727273	0.027450000000000	0.777251704545455	0.112489772727273	0.008344886363636		1
000171:	0.034700000000000	0.023030681818182	0.494915340909091	0.045582386363636	0.280371022727273	0.103638636363636	0.017761931818182		1
000172:	0.034242613636364	0.056050000000000	0.047947159090909	0.108325000000000	0.519897159090909	0.197149431818182	0.036388636363636		1
000173:	0.026847727272727	0.010520454545455	0.058353977272727	0.120613068181818	0.698438636363636	0.068072727272727	0.017153409090909		1
000174:	0.031282386363636	0.046618181818182	0.034423863636364	0.127517613636364	0.702181250000000	0.043560795454545	0.014415909090909		1
000175:	0.014574431818182	0.010325568181818	0.871072727272727	0.024327840909091	0.046664772727273	0.027638636363636	0.005396022727273		1
000176:	0.068314204545455	0.024137500000000	0.061197727272727	0.384476704545455	0.275407386363636	0.134477840909091	0.051988636363636		1
000177:	0.051502840909091	0.034967045454545	0.120562500000000	0.198536931818182	0.517702272727273	0.058677840909091	0.018050568181818		1
000178:	0.039874431818182	0.024760795454545	0.072218181818182	0.203921590909091	0.519683522727273	0.132346022727273	0.007195454545455		1
000179:	0.025705681818182	0.019447727272727	0.792815909090909	0.043156250000000	0.047056250000000	0.058044318181818	0.013773863636364		1
000180:	0.000125568181818	0.041944318181818	0.000746022727273	0.000872727272727	0.001039204545455	0.955202272727273	0.000069886363636		1
000181:	0.020515340909091	0.031344886363636	0.740346022727273	0.028468181818182	0.044475000000000	0.119967045454545	0.014883522727273		1
000182:	0.200783522727273	0.098033522727273	0.099389204545455	0.219316477272727	0.228126136363636	0.121159659090909	0.033191477272727		1
000183:	0.018102272727273	0.014964204545455	0.822851136363636	0.036699431818182	0.043103409090909	0.056433522727273	0.007846022727273		1
000184:	0.328002272727273	0.045502272727273	0.086106818181818	0.072659090909091	0.372051704545455	0.080896022727273	0.014781818181818		1
000185:	0.080425568181818	0.275071590909091	0.097646022727273	0.228339204545455	0.190081818181818	0.100910795454545	0.027525000000000		1
000186:	0.068869886363636	0.061248863636364	0.592414204545455	0.051018750000000	0.146223863636364	0.042477272727273	0.037747159090909		1
000187:	0.014223863636364	0.012261931818182	0.872687500000000	0.023380113636364	0.026457386363636	0.045556250000000	0.005432954545455		1
000188:	0.217069886363636	0.036908522727273	0.318710795454545	0.053457386363636	0.155848295454545	0.123722727272727	0.094282386363636		1
000189:	0.009053409090909	0.011890340909091	0.029476136363636	0.037963068181818	0.762841477272727	0.143045454545455	0.005730113636364		1
000190:	0.059089204545455	0.035331818181818	0.036912500000000	0.100023863636364	0.560703977272727	0.177396022727273	0.030542613636364		1
000191:	0.017142045454545	0.026014204545455	0.088340340909091	0.265432386363636	0.506603409090909	0.076839204545455	0.019628409090909		1
000192:	0.517657386363636	0.035244318181818	0.042496590909091	0.222538068181818	0.096926136363636	0.061394318181818	0.023743181818182		1
000193:	0.255643750000000	0.040643750000000	0.095389772727273	0.360805113636364	0.151926704545455	0.085171590909091	0.010419318181818		1
000194:	0.200846590909091	0.122815909090909	0.092514204545455	0.089182386363636	0.362633522727273	0.116998863636364	0.015008522727273		1
000195:	0.052706250000000	0.022171022727273	0.038342045454545	0.390786931818182	0.447228977272727	0.039789204545455	0.008975568181818		1
000196:	0.095640340909091	0.011184090909091	0.187029545454545	0.040934659090909	0.095757954545455	0.459447159090909	0.110006250000000		1
000197:	0.020182386363636	0.013562500000000	0.049158522727273	0.129900568181818	0.411501704545455	0.334626704545455	0.041067613636364		1
000198:	0.073822727272727	0.048083522727273	0.075470454545455	0.267209090909091	0.076936931818182	0.412871590909091	0.045605681818182		1
000199:	0.015386363636364	0.021068181818182	0.086118750000000	0.027764772727273	0.051363068181818	0.773334090909091	0.024964772727273		1
000200:	0.011257954545455	0.011031250000000	0.029300568181818	0.050878977272727	0.325277840909091	0.556354545454545	0.015898863636364		1
000201:	0.008940909090909	0.010442613636364	0.729617613636364	0.009033522727273	0.037851136363636	0.184668750000000	0.019445454545455		1
000202:	0.056143181818182	0.095344886363636	0.128036931818182	0.108422159090909	0.334463636363636	0.254113636363636	0.023475568181818		1
000203:	0.030257954545455	0.030115340909091	0.111926136363636	0.073202272727273	0.531090909090909	0.200273295454545	0.023134090909091		1
000204:	0.071073863636364	0.047710227272727	0.128493750000000	0.051737500000000	0.454541477272727	0.200126136363636	0.046317045454545		1
000205:	0.041277840909091	0.073283522727273	0.260641477272727	0.081359090909091	0.261075568181818	0.239198863636364	0.043163636363636		1
000206:	0.028357386363636	0.130669318181818	0.096361931818182	0.049871022727273	0.593184659090909	0.082836363636364	0.018719318181818		1
000207:	0.093080681818182	0.050948863636364	0.036117045454545	0.448046022727273	0.213178409090909	0.095819886363636	0.062809090909091		1
000208:	0.031273863636364	0.061450000000000	0.455593750000000	0.129788636363636	0.113994886363636	0.184120454545455	0.023778409090909		1
000209:	0.028127272727273	0.016484090909091	0.624413068181818	0.044063636363636	0.056216477272727	0.199679545454545	0.031015909090909		1
000210:	0.028088636363636	0.040090340909091	0.133121590909091	0.098186363636364	0.311363636363636	0.337431818181818	0.051717613636364		1
000211:	0.018883522727273	0.029425000000000	0.060602840909091	0.053637500000000	0.641482386363636	0.141581250000000	0.054387500000000		1
000212:	0.021343750000000	0.015224431818182	0.303602272727273	0.038873863636364	0.113678977272727	0.441459659090909	0.065817045454545		1
000213:	0.020657954545455	0.009230681818182	0.060092613636364	0.026025000000000	0.065855113636364	0.794197159090909	0.023941477272727		1
000214:	0.071743750000000	0.024791477272727	0.104270454545455	0.059600000000000	0.213911931818182	0.441136363636364	0.084546022727273		1
000215:	0.006603409090909	0.005459659090909	0.014829545454545	0.153550568181818	0.559261363636364	0.124945454545455	0.135350000000000		1
000216:	0.047710795454545	0.018146022727273	0.201407386363636	0.030106818181818	0.067686931818182	0.589088636363636	0.045853409090909		1
000217:	0.013436931818182	0.094160795454545	0.049260227272727	0.031873863636364	0.035797727272727	0.732240340909091	0.043230113636364		1
000218:	0.032886363636364	0.012713636363636	0.082115340909091	0.037999431818182	0.066827272727273	0.728860795454545	0.038597159090909		1
000219:	0.001784659090909	0.002045454545455	0.320484090909091	0.259530113636364	0.011869318181818	0.392265340909091	0.012021022727273		1
000220:	0.020199431818182	0.008850000000000	0.083453977272727	0.015489772727273	0.111284659090909	0.715882386363636	0.044839772727273		1
000221:	0.010638636363636	0.004229545454545	0.359309659090909	0.005174431818182	0.083289772727273	0.507194318181818	0.030163636363636		1
000222:	0.010087500000000	0.008952272727273	0.222549431818182	0.017711363636364	0.069569886363636	0.615153409090909	0.055976136363636		1
000223:	0.091742045454545	0.084785795454545	0.153036363636364	0.084957386363636	0.197855681818182	0.294169886363636	0.093452840909091		1
000224:	0.230890909090909	0.339564772727273	0.074406250000000	0.113460795454545	0.141083522727273	0.032694318181818	0.067899431818182		1
000225:	0.097164772727273	0.116543181818182	0.039211931818182	0.204439772727273	0.440732386363636	0.048496590909091	0.053411363636364		1
000226:	0.457499431818182	0.035834090909091	0.159685795454545	0.070635795454545	0.109375000000000	0.038226704545455	0.128743181818182		1
000227:	0.311047159090909	0.124645454545455	0.046965909090909	0.178762500000000	0.169963068181818	0.052028409090909	0.116587500000000		1
000228:	0.084986363636364	0.611652840909091	0.028124431818182	0.043669886363636	0.029810227272727	0.060693750000000	0.141062500000000		1
000229:	0.062693750000000	0.127336931818182	0.042150568181818	0.059183522727273	0.560291477272727	0.069548295454545	0.078795454545455		1
000230:	0.019565909090909	0.018961363636364	0.268072727272727	0.014690909090909	0.042288068181818	0.070559090909091	0.565861931818182		1
000231:	0.133591477272727	0.093244318181818	0.050522159090909	0.285543181818182	0.231356818181818	0.077425000000000	0.128317045454545		1
000232:	0.106373863636364	0.095028409090909	0.208486931818182	0.030805113636364	0.152443181818182	0.183832954545455	0.223029545454545		1
000233:	0.675963636363636	0.032123863636364	0.012051136363636	0.192052840909091	0.011459090909091	0.010910795454545	0.065438636363636		1
000234:	0.070061931818182	0.345109090909091	0.029731818181818	0.337160227272727	0.063167613636364	0.036136931818182	0.118632386363636		1
000235:	0.029221022727273	0.774581250000000	0.040481818181818	0.047432954545455	0.047397727272727	0.022417613636364	0.038467613636364		1
000236:	0.307363636363636	0.111171590909091	0.284527272727273	0.051217613636364	0.033442613636364	0.050078409090909	0.162198863636364		1
000237:	0.019706250000000	0.404273863636364	0.041665340909091	0.100108522727273	0.367317613636364	0.027026136363636	0.039902272727273		1
000238:	0.103485795454545	0.081105681818182	0.543572159090909	0.036484090909091	0.121547159090909	0.060719886363636	0.053085227272727		1
000239:	0.264146022727273	0.163653977272727	0.108724431818182	0.049686363636364	0.164085227272727	0.061979545454545	0.187724431818182		1
000240:	0.530252272727273	0.033649431818182	0.024510795454545	0.029869318181818	0.034904545454545	0.023650000000000	0.323163636363636		1
000241:	0.286695454545455	0.072764772727273	0.333790909090909	0.109019886363636	0.073191477272727	0.045003409090909	0.079534090909091		1
000242:	0.574946022727273	0.123770454545455	0.051055113636364	0.137183522727273	0.043997159090909	0.026843750000000	0.042203977272727		1
000243:	0.181722159090909	0.201272727272727	0.045097159090909	0.067370454545455	0.030175568181818	0.033925568181818	0.440436363636364		1
000244:	0.142317613636364	0.136682386363636	0.167096022727273	0.061735795454545	0.129757386363636	0.047908522727273	0.314502272727273		1
000245:	0.344035227272727	0.061943181818182	0.031158522727273	0.099060795454545	0.159019318181818	0.035643181818182	0.269139772727273		1
000246:	0.148600000000000	0.241690340909091	0.057702272727273	0.190068750000000	0.164565340909091	0.053531250000000	0.143842045454545		1
000247:	0.135269318181818	0.251640909090909	0.050463636363636	0.088677840909091	0.268247159090909	0.053868750000000	0.151832386363636		1
000248:	0.372897159090909	0.042486363636364	0.123982954545455	0.022265909090909	0.135105681818182	0.036382954545455	0.266878977272727		1
000249:	0.766062500000000	0.062852840909091	0.032822159090909	0.028361931818182	0.031797727272727	0.018708522727273	0.059394318181818		1
000250:	0.638270454545455	0.061930681818182	0.042152272727273	0.031817045454545	0.165314204545455	0.015472159090909	0.045043181818182		1
000251:	0.405071590909091	0.116766477272727	0.070122159090909	0.109087500000000	0.099833522727273	0.038938636363636	0.160180113636364		1
000252:	0.262139772727273	0.101567613636364	0.166524431818182	0.035764772727273	0.057362500000000	0.088546022727273	0.288094886363636		1
000253:	0.218900000000000	0.498462500000000	0.052081818181818	0.039596590909091	0.032768750000000	0.079189772727273	0.079000568181818		1
000254:	0.325779545454545	0.350334090909091	0.041501704545455	0.019891477272727	0.038396590909091	0.046154545454545	0.177942045454545		1
000255:	0.067743750000000	0.443663068181818	0.112049431818182	0.033744318181818	0.108030681818182	0.054755681818182	0.180013068181818		1
000256:	0.205901136363636	0.068375000000000	0.037937500000000	0.067499431818182	0.432212500000000	0.063961363636364	0.124113068181818		1
000257:	0.050526136363636	0.083985795454545	0.338779545454545	0.049793181818182	0.054001704545455	0.349990909090909	0.072922727272727		1
000258:	0.097368750000000	0.033542045454545	0.044763068181818	0.106101704545455	0.527104545454545	0.090880113636364	0.100239772727273		1
000259:	0.017264772727273	0.017476704545455	0.897863068181818	0.019823295454545	0.013325000000000	0.021424431818182	0.012822727272727		1
000260:	0.904346022727273	0.065867613636364	0.005083522727273	0.005879545454545	0.003977272727273	0.005444318181818	0.009401704545455		1
000261:	0.084515340909091	0.149128409090909	0.106210227272727	0.188187500000000	0.053158522727273	0.077962500000000	0.340837500000000		1
000262:	0.234410795454545	0.141946590909091	0.248599431818182	0.047044886363636	0.045736931818182	0.110007954545455	0.172253409090909		1
000263:	0.115015340909091	0.056051704545455	0.125650568181818	0.090043181818182	0.192111931818182	0.365257954545455	0.055869318181818		1
000264:	0.021025568181818	0.036669886363636	0.740390340909091	0.022335227272727	0.020584659090909	0.029128409090909	0.129865909090909		1
000265:	0.038159090909091	0.041820454545455	0.035498863636364	0.024463068181818	0.219780681818182	0.420860227272727	0.219417613636364		1
000266:	0.296665909090909	0.150671022727273	0.102262500000000	0.051017045454545	0.235091477272727	0.084204545454545	0.080087500000000		1
000267:	0.557926136363636	0.136725568181818	0.022258522727273	0.035663636363636	0.078346022727273	0.036872727272727	0.132207386363636		1
000268:	0.147143181818182	0.067636363636364	0.142348295454545	0.056435795454545	0.235967613636364	0.215090909090909	0.135377840909091		1
000269:	0.017505113636364	0.601352840909091	0.046194886363636	0.148164772727273	0.104378409090909	0.043679545454545	0.038724431818182		1
000270:	0.022001704545455	0.023902840909091	0.597391477272727	0.022406818181818	0.039425000000000	0.262103409090909	0.032768750000000		1
000271:	0.145977840909091	0.472507954545455	0.134279545454545	0.033179545454545	0.037160227272727	0.033177272727273	0.143717613636364		1
000272:	0.517880113636364	0.090621022727273	0.147822727272727	0.033490340909091	0.030875568181818	0.044565340909091	0.134744886363636		1
000273:	0.072432954545455	0.341460795454545	0.199440909090909	0.047419318181818	0.145807954545455	0.045718750000000	0.147719318181818		1
000274:	0.608684090909091	0.104837500000000	0.093413068181818	0.030709090909091	0.062107954545455	0.042242045454545	0.058006250000000		1
000275:	0.317280113636364	0.084544886363636	0.043008522727273	0.158702840909091	0.250385227272727	0.058751136363636	0.087327272727273		1
000276:	0.037086931818182	0.089736363636364	0.670884090909091	0.030371022727273	0.030973295454545	0.042602272727273	0.098346022727273		1
000277:	0.033207954545455	0.706432386363636	0.031642045454545	0.072192045454545	0.028859659090909	0.022728409090909	0.104937500000000		1
000278:	0.107621022727273	0.117752272727273	0.059904545454545	0.044553977272727	0.484765340909091	0.091024431818182	0.094378409090909		1
000279:	0.025451136363636	0.734646590909091	0.040305113636364	0.063085227272727	0.059590340909091	0.036098295454545	0.040823295454545		1
000280:	0.599501704545455	0.037619886363636	0.079738636363636	0.047017613636364	0.058260795454545	0.061947159090909	0.115914204545455		1
000281:	0.632210227272727	0.080761363636364	0.141784659090909	0.019047159090909	0.014039204545455	0.071072159090909	0.041085227272727		1
000282:	0.120020454545455	0.126431818181818	0.111976136363636	0.343614772727273	0.093607954545455	0.069661931818182	0.134686931818182		1
000283:	0.016258522727273	0.016050568181818	0.847593750000000	0.010952272727273	0.024219318181818	0.042067045454545	0.042858522727273		1
000284:	0.083917613636364	0.324726704545455	0.024352272727273	0.031561931818182	0.063767613636364	0.368240909090909	0.103432954545455		1
000285:	0.122726704545455	0.376162500000000	0.034823863636364	0.247805681818182	0.101355681818182	0.055594318181818	0.061531250000000		1
000286:	0.138876136363636	0.220905113636364	0.318874431818182	0.140708522727273	0.047323863636364	0.067724431818182	0.065587500000000		1
000287:	0.174643750000000	0.147188636363636	0.439926136363636	0.127958522727273	0.041478977272727	0.028664204545455	0.040139772727273		1
000288:	0.262217613636364	0.148809659090909	0.147934659090909	0.044027840909091	0.111748863636364	0.106560227272727	0.178701136363636		1
