Estimated Clustering Probabilities for Samples
Sample	***Cluster  01***	***Cluster  02***	***Cluster  03***	***Cluster  04***	***Cluster  05***	***Cluster  06***	***Cluster  07***	***Cluster  08***	
000001:	0.049014204545455	0.299368750000000	0.072678977272727	0.146206250000000	0.132853409090909	0.146715340909091	0.008072159090909	0.145090909090909		1
000002:	0.002601704545455	0.025502840909091	0.006435795454545	0.009123863636364	0.003355113636364	0.004597727272727	0.698919886363636	0.249463068181818		1
000003:	0.052410227272727	0.351684090909091	0.063155113636364	0.082444886363636	0.033974431818182	0.351076704545455	0.011361363636364	0.053893181818182		1
000004:	0.040120454545455	0.626001704545455	0.026428977272727	0.033115340909091	0.033255113636364	0.045955113636364	0.005246590909091	0.189876704545455		1
000005:	0.021148863636364	0.513573863636364	0.025284659090909	0.032766477272727	0.064609090909091	0.285715340909091	0.004009090909091	0.052892613636364		1
000006:	0.028289772727273	0.360725000000000	0.029696590909091	0.026340340909091	0.123605113636364	0.088726136363636	0.017134090909091	0.325482954545455		1
000007:	0.003639204545455	0.202914772727273	0.020030113636364	0.668529545454545	0.051324431818182	0.020160795454545	0.001392045454545	0.032009090909091		1
000008:	0.002048295454545	0.004716477272727	0.008191477272727	0.011604545454545	0.002195454545455	0.001809090909091	0.967536931818182	0.001897727272727		1
000009:	0.010359090909091	0.478774431818182	0.441330113636364	0.008130681818182	0.015415340909091	0.009360227272727	0.012319886363636	0.024310227272727		1
000010:	0.019620454545455	0.662325000000000	0.041618181818182	0.063859090909091	0.043650000000000	0.102759090909091	0.005968750000000	0.060199431818182		1
000011:	0.015497727272727	0.013585227272727	0.022994318181818	0.736324431818182	0.042903409090909	0.053830113636364	0.026506250000000	0.088358522727273		1
000012:	0.080660227272727	0.052067045454545	0.020560795454545	0.019657386363636	0.312094318181818	0.186606250000000	0.166429545454545	0.161924431818182		1
000013:	0.263646022727273	0.045478409090909	0.020007386363636	0.017668181818182	0.218741477272727	0.031709659090909	0.148110795454545	0.254638068181818		1
000014:	0.017609090909091	0.016157386363636	0.005770454545455	0.003186931818182	0.013764204545455	0.016181818181818	0.008932386363636	0.918397727272727		1
000015:	0.097665909090909	0.168386931818182	0.024680113636364	0.021217613636364	0.101569318181818	0.361966477272727	0.031977840909091	0.192535795454545		1
000016:	0.016402840909091	0.010742045454545	0.007535227272727	0.004869318181818	0.010214204545455	0.056231818181818	0.014547727272727	0.879456818181818		1
000017:	0.034190909090909	0.037722159090909	0.019103977272727	0.049516477272727	0.214088068181818	0.559803977272727	0.017891477272727	0.067682954545455		1
000018:	0.065281250000000	0.028253977272727	0.017763068181818	0.032584090909091	0.194763636363636	0.061465340909091	0.537515909090909	0.062372727272727		1
000019:	0.415296590909091	0.172279545454545	0.034361931818182	0.033752272727273	0.080630681818182	0.097608522727273	0.112806818181818	0.053263636363636		1
000020:	0.155219886363636	0.115176136363636	0.006032386363636	0.005859659090909	0.066353409090909	0.007131250000000	0.007456250000000	0.636771022727273		1
000021:	0.113242613636364	0.024452840909091	0.021754545454545	0.359058522727273	0.349399431818182	0.056548295454545	0.041465340909091	0.034078409090909		1
000022:	0.475081818181818	0.028313636363636	0.021311931818182	0.028719886363636	0.207023295454545	0.148835795454545	0.036031818181818	0.054681818181818		1
000023:	0.038298863636364	0.075591477272727	0.016398295454545	0.589653977272727	0.110487500000000	0.059341477272727	0.047832954545455	0.062395454545455		1
000024:	0.055884090909091	0.022821022727273	0.009212500000000	0.023328977272727	0.064587500000000	0.023281250000000	0.036561363636364	0.764323295454545		1
000025:	0.420132386363636	0.061821590909091	0.019386931818182	0.075265340909091	0.102000000000000	0.029485227272727	0.156931818181818	0.134976704545455		1
000026:	0.672574431818182	0.026072727272727	0.010378409090909	0.013543750000000	0.132964204545455	0.078029545454545	0.036756818181818	0.029680113636364		1
000027:	0.099077272727273	0.068525000000000	0.019696590909091	0.016315909090909	0.597343750000000	0.045348295454545	0.095997727272727	0.057695454545455		1
000028:	0.080732386363636	0.114161931818182	0.084917613636364	0.267930113636364	0.222130113636364	0.056557954545455	0.040800568181818	0.132769318181818		1
000029:	0.136940340909091	0.104264204545455	0.027682954545455	0.032513636363636	0.399549431818182	0.113823295454545	0.067430681818182	0.117795454545455		1
000030:	0.394122727272727	0.046888636363636	0.034026136363636	0.145160227272727	0.104541477272727	0.072151704545455	0.080917613636364	0.122191477272727		1
000031:	0.365046590909091	0.030601136363636	0.014078409090909	0.026881250000000	0.339555681818182	0.033616477272727	0.136251704545455	0.053968750000000		1
000032:	0.027699431818182	0.024482954545455	0.041951704545455	0.034647159090909	0.719934090909091	0.034351704545455	0.044597159090909	0.072335795454545		1
000033:	0.606877272727273	0.039145454545455	0.053109090909091	0.034602272727273	0.120056818181818	0.052521590909091	0.040501136363636	0.053186363636364		1
000034:	0.018440340909091	0.016561363636364	0.009925000000000	0.027761931818182	0.070957386363636	0.027669886363636	0.103327840909091	0.725356250000000		1
000035:	0.116271022727273	0.030090909090909	0.020579545454545	0.520072727272727	0.162300568181818	0.034172727272727	0.076154545454545	0.040357954545455		1
000036:	0.075467613636364	0.069107386363636	0.057157954545455	0.072167613636364	0.422739204545455	0.073661931818182	0.040158522727273	0.189539772727273		1
000037:	0.038098863636364	0.208553409090909	0.014829545454545	0.013015340909091	0.558531818181818	0.040386931818182	0.035089204545455	0.091494886363636		1
000038:	0.061820454545455	0.061280681818182	0.046044886363636	0.405345454545455	0.081163068181818	0.075090909090909	0.134245454545455	0.135009090909091		1
000039:	0.453608522727273	0.039175000000000	0.026697159090909	0.035613068181818	0.152581250000000	0.063613068181818	0.121667613636364	0.107044318181818		1
000040:	0.026727272727273	0.017961931818182	0.031778409090909	0.029686363636364	0.059125568181818	0.041370454545455	0.090792045454545	0.702557954545455		1
000041:	0.080975568181818	0.012470454545455	0.011140909090909	0.020009659090909	0.699151704545454	0.015258522727273	0.051838068181818	0.109155113636364		1
000042:	0.203291477272727	0.061443750000000	0.027007954545455	0.045931818181818	0.260351136363636	0.061771022727273	0.245042613636364	0.095160227272727		1
000043:	0.101519318181818	0.088081818181818	0.026530113636364	0.031955113636364	0.175730113636364	0.393826704545455	0.048315909090909	0.134040909090909		1
000044:	0.576763068181818	0.035260227272727	0.016277272727273	0.021990909090909	0.140964204545455	0.107269886363636	0.029332954545455	0.072141477272727		1
000045:	0.084871022727273	0.043084090909091	0.014945454545455	0.014375000000000	0.665202272727273	0.078294886363636	0.056043750000000	0.043183522727273		1
000046:	0.323198863636364	0.067101704545455	0.085382386363636	0.079242613636364	0.246692045454545	0.047014204545455	0.057337500000000	0.094030681818182		1
000047:	0.005839772727273	0.101968181818182	0.143723295454545	0.014547727272727	0.304214204545455	0.336768181818182	0.007507386363636	0.085431250000000		1
000048:	0.207989204545455	0.329330113636364	0.025134659090909	0.062560795454545	0.040936363636364	0.187410227272727	0.061101704545455	0.085536931818182		1
000049:	0.275671590909091	0.083679545454545	0.020735795454545	0.019709090909091	0.054752840909091	0.467822727272727	0.023924431818182	0.053703977272727		1
000050:	0.295160795454545	0.121616477272727	0.037322159090909	0.048130113636364	0.108096022727273	0.065098295454545	0.055856818181818	0.268719318181818		1
000051:	0.044338068181818	0.352893750000000	0.011906818181818	0.019267045454545	0.033917613636364	0.024667613636364	0.011122727272727	0.501886363636364		1
000052:	0.016530113636364	0.043980113636364	0.009257954545455	0.020726704545455	0.018425000000000	0.026311931818182	0.006225568181818	0.858542613636364		1
000053:	0.251857954545455	0.204473295454545	0.021771590909091	0.034689772727273	0.307975000000000	0.072361363636364	0.020810795454545	0.086060227272727		1
000054:	0.155543181818182	0.095880681818182	0.038881818181818	0.160328409090909	0.153242613636364	0.050612500000000	0.258368181818182	0.087142613636364		1
000055:	0.095359090909091	0.198310795454545	0.065982386363636	0.017840909090909	0.064931250000000	0.362706818181818	0.022762500000000	0.172106250000000		1
000056:	0.198810795454545	0.233742045454545	0.041940340909091	0.023628409090909	0.214622727272727	0.156810227272727	0.038251136363636	0.092194318181818		1
000057:	0.301339204545455	0.064746590909091	0.021690340909091	0.011098295454545	0.267424431818182	0.213853977272727	0.026470454545455	0.093376704545455		1
000058:	0.879944886363636	0.012998863636364	0.004993181818182	0.005709090909091	0.013865909090909	0.067063636363636	0.005880681818182	0.009543750000000		1
000059:	0.386207386363636	0.060774431818182	0.043203409090909	0.035167613636364	0.275264204545455	0.117619318181818	0.025693750000000	0.056069886363636		1
000060:	0.590333522727273	0.144647727272727	0.022577272727273	0.016667613636364	0.044998863636364	0.122246590909091	0.014255113636364	0.044273295454545		1
000061:	0.003846022727273	0.001655681818182	0.001435227272727	0.386046022727273	0.588642613636364	0.001384659090909	0.001276136363636	0.015713636363636		1
000062:	0.025697159090909	0.122069318181818	0.013917613636364	0.010701136363636	0.013853977272727	0.014059659090909	0.012086931818182	0.787614204545454		1
000063:	0.016876704545455	0.091886931818182	0.020918181818182	0.026921022727273	0.030251136363636	0.033853409090909	0.028742613636364	0.750550000000000		1
000064:	0.030351704545455	0.150758522727273	0.051077840909091	0.018126704545455	0.021600568181818	0.022678409090909	0.013327272727273	0.692078977272727		1
000065:	0.431394318181818	0.244401136363636	0.042422159090909	0.025093181818182	0.044035795454545	0.100459659090909	0.020181250000000	0.092012500000000		1
000066:	0.147194318181818	0.140236363636364	0.023313636363636	0.035294886363636	0.292801136363636	0.245446590909091	0.026569318181818	0.089143750000000		1
000067:	0.017765909090909	0.105881818181818	0.116150000000000	0.020992613636364	0.033611363636364	0.037025000000000	0.017675568181818	0.650897727272727		1
000068:	0.602544318181818	0.050623863636364	0.019022727272727	0.026664204545455	0.194921590909091	0.031917613636364	0.034794318181818	0.039511363636364		1
000069:	0.428069886363636	0.116536931818182	0.028314772727273	0.019781250000000	0.252939772727273	0.051806818181818	0.020929545454545	0.081621022727273		1
000070:	0.202093750000000	0.095821590909091	0.044650000000000	0.050198863636364	0.097007954545455	0.035169886363636	0.049484090909091	0.425573863636364		1
000071:	0.497575000000000	0.086689204545455	0.027438068181818	0.086889204545455	0.152576136363636	0.066019886363636	0.029111931818182	0.053700568181818		1
000072:	0.289273863636364	0.258590340909091	0.053044886363636	0.039712500000000	0.064180113636364	0.060155681818182	0.025697727272727	0.209344886363636		1
000073:	0.152130681818182	0.445211931818182	0.030334090909091	0.017468181818182	0.049575000000000	0.227078977272727	0.021938068181818	0.056263068181818		1
000074:	0.070000568181818	0.043332386363636	0.015653977272727	0.030428409090909	0.394046590909091	0.023351704545455	0.199442613636364	0.223743750000000		1
000075:	0.003737500000000	0.001391477272727	0.003399431818182	0.002284090909091	0.003927840909091	0.894025568181818	0.003938636363636	0.087295454545455		1
000076:	0.152492613636364	0.061176704545455	0.348635795454545	0.070132954545455	0.135063636363636	0.089422727272727	0.097855681818182	0.045219886363636		1
000077:	0.395377840909091	0.029769886363636	0.198668181818182	0.096803409090909	0.054265340909091	0.072392045454545	0.036469886363636	0.116253409090909		1
000078:	0.279803977272727	0.097048863636364	0.030792045454545	0.066906818181818	0.093813636363636	0.294253977272727	0.023081250000000	0.114299431818182		1
000079:	0.362444886363636	0.040392045454545	0.033748863636364	0.036501704545455	0.117710795454545	0.240635795454545	0.039935227272727	0.128630681818182		1
000080:	0.144389772727273	0.069380113636364	0.036108522727273	0.071035227272727	0.243546022727273	0.281278409090909	0.123543181818182	0.030718750000000		1
000081:	0.166326704545455	0.248161363636364	0.023751704545455	0.023261363636364	0.076335227272727	0.399961363636364	0.022513068181818	0.039689204545455		1
000082:	0.337326136363636	0.138773863636364	0.048403409090909	0.031780681818182	0.057381818181818	0.266743181818182	0.017667613636364	0.101923295454545		1
000083:	0.108781250000000	0.169379545454545	0.028284659090909	0.016253409090909	0.219560227272727	0.377628977272727	0.033017613636364	0.047094318181818		1
000084:	0.031187500000000	0.033060795454545	0.017900568181818	0.020692045454545	0.022477840909091	0.013730113636364	0.026926136363636	0.834025000000000		1
000085:	0.048852272727273	0.103900000000000	0.031029545454545	0.022921590909091	0.203874431818182	0.528603977272727	0.016538068181818	0.044280113636364		1
000086:	0.116528409090909	0.075933522727273	0.064920454545455	0.044681250000000	0.163086931818182	0.085439204545455	0.090301704545455	0.359108522727273		1
000087:	0.161550568181818	0.059132386363636	0.019130113636364	0.021028977272727	0.078439204545455	0.522606250000000	0.021963636363636	0.116148863636364		1
000088:	0.098575000000000	0.028575000000000	0.009005681818182	0.014036931818182	0.759267045454545	0.031316477272727	0.028870454545455	0.030353409090909		1
000089:	0.348135227272727	0.072118750000000	0.059477272727273	0.028809659090909	0.363260795454545	0.042716477272727	0.029572727272727	0.055909090909091		1
000090:	0.348211363636364	0.064656818181818	0.038805113636364	0.030566477272727	0.236474431818182	0.039964204545455	0.076010227272727	0.165311363636364		1
000091:	0.331375000000000	0.046969318181818	0.067022159090909	0.225623863636364	0.108292613636364	0.041678409090909	0.137088636363636	0.041950000000000		1
000092:	0.392833522727273	0.005828409090909	0.002210795454545	0.001085227272727	0.002034659090909	0.000750000000000	0.593376704545455	0.001880681818182		1
000093:	0.059236363636364	0.119393181818182	0.034766477272727	0.014269318181818	0.121439772727273	0.533117045454545	0.062536931818182	0.055240909090909		1
000094:	0.431660795454545	0.062990909090909	0.034790340909091	0.032192045454545	0.118940909090909	0.163650568181818	0.104548863636364	0.051225568181818		1
000095:	0.249568181818182	0.395584090909091	0.047502272727273	0.026588068181818	0.039956250000000	0.114359659090909	0.024816477272727	0.101625000000000		1
000096:	0.024600000000000	0.044747159090909	0.018067045454545	0.010946022727273	0.035391477272727	0.025175000000000	0.013356818181818	0.827716477272727		1
000097:	0.666388068181818	0.080842613636364	0.014950000000000	0.022485227272727	0.103959659090909	0.065987500000000	0.013712500000000	0.031674431818182		1
000098:	0.836884090909091	0.064283522727273	0.007113068181818	0.008211931818182	0.036856250000000	0.017085795454545	0.012361363636364	0.017203977272727		1
000099:	0.497972159090909	0.087404545454545	0.022551704545455	0.025059659090909	0.101782386363636	0.109823295454545	0.033425568181818	0.121980681818182		1
000100:	0.049731250000000	0.128124431818182	0.011876136363636	0.017217613636364	0.040930681818182	0.102838636363636	0.045919318181818	0.603361931818182		1
000101:	0.032275000000000	0.050328977272727	0.015544886363636	0.017882386363636	0.695963068181818	0.086385227272727	0.024240340909091	0.077380113636364		1
000102:	0.232049431818182	0.093502840909091	0.018492613636364	0.029907954545455	0.158377272727273	0.121536931818182	0.035450568181818	0.310682386363636		1
000103:	0.182787500000000	0.077258522727273	0.045100568181818	0.048683522727273	0.102217613636364	0.371099431818182	0.113361931818182	0.059490909090909		1
000104:	0.052706250000000	0.147848863636364	0.014628409090909	0.017450568181818	0.045228409090909	0.113198863636364	0.017078409090909	0.591860227272727		1
000105:	0.990906250000000	0.001080681818182	0.000242045454545	0.000982386363636	0.002761931818182	0.000444886363636	0.001527840909091	0.002053977272727		1
000106:	0.058665340909091	0.321845454545455	0.016295454545455	0.012951704545455	0.481335227272727	0.041731250000000	0.038007954545455	0.029167613636364		1
000107:	0.085034659090909	0.118538068181818	0.025986931818182	0.030334659090909	0.175068750000000	0.062705681818182	0.157373295454545	0.344957954545455		1
000108:	0.004565340909091	0.011940909090909	0.073509090909091	0.003489204545455	0.011055681818182	0.019764204545455	0.004790909090909	0.870884659090909		1
000109:	0.105096022727273	0.083656250000000	0.033036363636364	0.018441477272727	0.289476136363636	0.365489204545455	0.051984659090909	0.052819886363636		1
000110:	0.445442613636364	0.507573863636364	0.003146022727273	0.002473295454545	0.010582954545455	0.002001136363636	0.005426704545455	0.023353409090909		1
000111:	0.140461363636364	0.109546022727273	0.053728977272727	0.203303409090909	0.092617045454545	0.061992045454545	0.021911363636364	0.316439772727273		1
000112:	0.031143750000000	0.052638068181818	0.026837500000000	0.041739772727273	0.670527272727273	0.042271590909091	0.019398295454545	0.115443750000000		1
000113:	0.388080681818182	0.121702272727273	0.034304545454545	0.040322159090909	0.095133522727273	0.122307386363636	0.023961363636364	0.174188068181818		1
000114:	0.453346022727273	0.026660227272727	0.071420454545455	0.316334659090909	0.034039772727273	0.025989772727273	0.045646590909091	0.026562500000000		1
000115:	0.922712500000000	0.008006250000000	0.002798863636364	0.003790340909091	0.024386931818182	0.008986363636364	0.004856250000000	0.024462500000000		1
000116:	0.287530681818182	0.106953977272727	0.018250000000000	0.018376704545455	0.049684090909091	0.094475568181818	0.024532954545455	0.400196022727273		1
000117:	0.052131818181818	0.192351704545455	0.056767613636364	0.037884659090909	0.496292045454545	0.037419318181818	0.036405113636364	0.090747727272727		1
000118:	0.096101704545455	0.189685795454545	0.054939772727273	0.190490909090909	0.086375568181818	0.137120454545455	0.029807954545455	0.215477840909091		1
000119:	0.702546590909091	0.026274431818182	0.013378409090909	0.012210795454545	0.112068181818182	0.041493750000000	0.028165909090909	0.063861931818182		1
000120:	0.038304545454545	0.477175568181818	0.032125568181818	0.017616477272727	0.076199431818182	0.194431250000000	0.033789772727273	0.130357386363636		1
000121:	0.246310227272727	0.329768181818182	0.018765909090909	0.038022159090909	0.059022727272727	0.054564204545455	0.212796022727273	0.040750568181818		1
000122:	0.467344886363636	0.055475568181818	0.012547727272727	0.020696022727273	0.299173863636364	0.052834659090909	0.020586363636364	0.071340909090909		1
000123:	0.152115909090909	0.037697159090909	0.020676704545455	0.077780681818182	0.037972159090909	0.585514204545455	0.041255113636364	0.046988068181818		1
000124:	0.077186363636364	0.073296022727273	0.039965340909091	0.145131250000000	0.286245454545455	0.213485227272727	0.123602840909091	0.041087500000000		1
000125:	0.068020454545455	0.320719318181818	0.055035227272727	0.209742045454545	0.077391477272727	0.064480681818182	0.040225568181818	0.164385227272727		1
000126:	0.001056250000000	0.915221590909091	0.000743750000000	0.001382954545455	0.003119318181818	0.075353977272727	0.001369318181818	0.001752840909091		1
000127:	0.173920454545455	0.205472159090909	0.032813068181818	0.028345454545455	0.157124431818182	0.202453409090909	0.068606250000000	0.131264772727273		1
000128:	0.143088068181818	0.393136363636364	0.025193181818182	0.057775000000000	0.074477840909091	0.143052272727273	0.046768750000000	0.116508522727273		1
000129:	0.570169886363636	0.044148863636364	0.020673295454545	0.018871022727273	0.227025568181818	0.044598863636364	0.041685227272727	0.032827272727273		1
000130:	0.599627840909091	0.090484090909091	0.042012500000000	0.027820454545455	0.044567613636364	0.092499431818182	0.025885795454545	0.077102272727273		1
000131:	0.573440340909091	0.116704545454545	0.017498295454545	0.026733522727273	0.124584659090909	0.064959659090909	0.018600000000000	0.057478977272727		1
000132:	0.020882954545455	0.071916477272727	0.008395454545455	0.012128977272727	0.033036931818182	0.024666477272727	0.012946022727273	0.816026704545455		1
000133:	0.100536931818182	0.048895454545455	0.107726704545455	0.171834659090909	0.321858522727273	0.141702272727273	0.044651704545455	0.062793750000000		1
000134:	0.437892613636364	0.077661363636364	0.063741477272727	0.129401136363636	0.086327840909091	0.055642045454545	0.081589772727273	0.067743750000000		1
000135:	0.433640909090909	0.045210227272727	0.034331818181818	0.013767045454545	0.173198863636364	0.217150000000000	0.051800568181818	0.030900568181818		1
000136:	0.494462500000000	0.224864204545455	0.017817613636364	0.034258522727273	0.059532386363636	0.050607386363636	0.033535227272727	0.084922159090909		1
000137:	0.915326704545455	0.009865340909091	0.004638068181818	0.006302840909091	0.029859090909091	0.006520454545455	0.010837500000000	0.016650000000000		1
000138:	0.380675000000000	0.030265909090909	0.078400000000000	0.200935795454545	0.036810795454545	0.035560795454545	0.196742613636364	0.040609090909091		1
000139:	0.032163636363636	0.108853977272727	0.182263068181818	0.036936931818182	0.206205113636364	0.277171590909091	0.045207954545455	0.111197727272727		1
000140:	0.074354545454545	0.057229545454545	0.005392045454545	0.070878977272727	0.073275000000000	0.036635227272727	0.650217045454546	0.032017613636364		1
000141:	0.040846590909091	0.035569886363636	0.041413636363636	0.034481250000000	0.108022159090909	0.059148295454545	0.018706818181818	0.661811363636364		1
000142:	0.499209090909091	0.021848295454545	0.012898295454545	0.011672727272727	0.146598863636364	0.219182954545455	0.040259659090909	0.048330113636364		1
000143:	0.033217045454545	0.076305681818182	0.016203409090909	0.034338636363636	0.149239772727273	0.621384090909091	0.027676136363636	0.041635227272727		1
000144:	0.010336931818182	0.038546590909091	0.006403977272727	0.008072159090909	0.206167613636364	0.118495454545455	0.006161931818182	0.605815340909091		1
000145:	0.051852272727273	0.160067613636364	0.042081818181818	0.035397727272727	0.069065909090909	0.084496022727273	0.045785795454545	0.511252840909091		1
000146:	0.024669886363636	0.349548295454545	0.011019318181818	0.011142613636364	0.411018750000000	0.048326704545455	0.047042045454545	0.097232386363636		1
000147:	0.363056250000000	0.206663068181818	0.021238068181818	0.021810795454545	0.133489204545455	0.106417613636364	0.027048295454545	0.120276704545455		1
000148:	0.001821022727273	0.008343750000000	0.001001136363636	0.002354545454545	0.004960227272727	0.971673295454546	0.001807954545455	0.008038068181818		1
000149:	0.081881818181818	0.365876704545455	0.022579545454545	0.055535227272727	0.262262500000000	0.067282386363636	0.042319886363636	0.102261931818182		1
000150:	0.406922159090909	0.004167613636364	0.008363636363636	0.234711931818182	0.238005681818182	0.042069886363636	0.038557386363636	0.027201704545455		1
000151:	0.081606818181818	0.243595454545455	0.034787500000000	0.105953977272727	0.118683522727273	0.166603977272727	0.047425568181818	0.201343181818182		1
000152:	0.173622727272727	0.224001136363636	0.028510227272727	0.149702840909091	0.104065909090909	0.155651704545455	0.060014772727273	0.104430681818182		1
000153:	0.145919318181818	0.097384090909091	0.022109090909091	0.030572727272727	0.421678977272727	0.115814772727273	0.062467045454545	0.104053977272727		1
000154:	0.042228977272727	0.195092613636364	0.024427272727273	0.020967613636364	0.039138068181818	0.287304545454545	0.039204545454545	0.351636363636364		1
000155:	0.182271022727273	0.076692613636364	0.035230681818182	0.041829545454545	0.161180113636364	0.078926136363636	0.072200568181818	0.351669318181818		1
000156:	0.038620454545455	0.094744886363636	0.017182954545455	0.032682954545455	0.323517045454545	0.069367045454545	0.023861931818182	0.400022727272727		1
000157:	0.007830113636364	0.038510227272727	0.020608522727273	0.011625000000000	0.008777272727273	0.008418181818182	0.005896022727273	0.898334659090909		1
000158:	0.041507954545455	0.255173295454545	0.303787500000000	0.044100568181818	0.093946590909091	0.037241477272727	0.017377840909091	0.206864772727273		1
000159:	0.001415340909091	0.003798295454545	0.070065340909091	0.005953977272727	0.001163068181818	0.003441477272727	0.000363636363636	0.913798863636364		1
000160:	0.014138068181818	0.111138068181818	0.638440340909091	0.128726704545455	0.013543181818182	0.024922727272727	0.009326136363636	0.059764772727273		1
000161:	0.040847727272727	0.646638636363636	0.121809659090909	0.050357386363636	0.017124431818182	0.024560227272727	0.019114772727273	0.079547159090909		1
000162:	0.073285795454545	0.142127840909091	0.265630113636364	0.053702272727273	0.323373295454545	0.048696022727273	0.050623295454545	0.042561363636364		1
000163:	0.014790909090909	0.670789204545455	0.022105113636364	0.042770454545455	0.012898863636364	0.199719318181818	0.006032954545455	0.030893181818182		1
000164:	0.019028409090909	0.225682386363636	0.078593181818182	0.020543181818182	0.013925568181818	0.022330681818182	0.020038068181818	0.599858522727273		1
000165:	0.028804545454545	0.721370454545455	0.035231818181818	0.029858522727273	0.013359090909091	0.101661931818182	0.009611363636364	0.060102272727273		1
000166:	0.026451136363636	0.834942613636364	0.028291477272727	0.010817045454545	0.010259090909091	0.030686931818182	0.013459659090909	0.045092045454545		1
000167:	0.031822159090909	0.458734659090909	0.089172727272727	0.046026136363636	0.042753977272727	0.255933522727273	0.032702840909091	0.042853977272727		1
000168:	0.570467613636364	0.092214772727273	0.047933522727273	0.061157386363636	0.068219318181818	0.051867613636364	0.028426704545455	0.079713068181818		1
000169:	0.152113068181818	0.094960227272727	0.012581818181818	0.034767045454545	0.163685795454545	0.458859090909091	0.017648863636364	0.065384090909091		1
000170:	0.463094318181818	0.127750000000000	0.025293181818182	0.018628977272727	0.044265909090909	0.264399431818182	0.014521590909091	0.042046590909091		1
000171:	0.191190909090909	0.197150568181818	0.018194318181818	0.022483522727273	0.061896022727273	0.056656818181818	0.021959090909091	0.430468750000000		1
000172:	0.016067613636364	0.787680681818182	0.128119886363636	0.003547727272727	0.046090909090909	0.009033522727273	0.004379545454545	0.005080113636364		1
000173:	0.052121590909091	0.206717045454545	0.010856818181818	0.014929545454545	0.141371022727273	0.534686363636364	0.012114204545455	0.027203409090909		1
000174:	0.768622727272727	0.050180681818182	0.012945454545455	0.014347727272727	0.080113068181818	0.039527272727273	0.011680681818182	0.022582386363636		1
000175:	0.025803977272727	0.085323295454545	0.012375568181818	0.016459090909091	0.044557386363636	0.027033522727273	0.023295454545455	0.765151704545455		1
000176:	0.434893750000000	0.069973295454545	0.041904545454545	0.044394318181818	0.204744318181818	0.077595454545455	0.048245454545455	0.078248863636364		1
000177:	0.332085227272727	0.070401704545455	0.024296022727273	0.021442045454545	0.283035227272727	0.154923863636364	0.025001136363636	0.088814772727273		1
000178:	0.141442045454545	0.099060227272727	0.012331250000000	0.030305113636364	0.142431250000000	0.273484090909091	0.023328977272727	0.277617045454545		1
000179:	0.034068181818182	0.075071590909091	0.017652272727273	0.019614204545455	0.068663068181818	0.052817045454545	0.030276704545455	0.701836931818182		1
000180:	0.013224431818182	0.026011363636364	0.010275000000000	0.008717613636364	0.036426136363636	0.012768750000000	0.017110795454545	0.875465909090909		1
000181:	0.018000568181818	0.041907954545455	0.011164772727273	0.026014204545455	0.036835795454545	0.029003409090909	0.022811931818182	0.814261363636364		1
000182:	0.156158522727273	0.074864204545455	0.023440340909091	0.045331818181818	0.228506250000000	0.079470454545455	0.066498295454545	0.325730113636364		1
000183:	0.013946022727273	0.043092045454545	0.004651136363636	0.012661363636364	0.035024431818182	0.037905113636364	0.009138636363636	0.843581250000000		1
000184:	0.697035795454545	0.085388068181818	0.010264204545455	0.028422727272727	0.071231250000000	0.022972159090909	0.025161363636364	0.059524431818182		1
000185:	0.009000000000000	0.040207954545455	0.008602840909091	0.031182386363636	0.121323295454545	0.036923295454545	0.731500568181818	0.021259659090909		1
000186:	0.040173863636364	0.065668181818182	0.027826704545455	0.182316477272727	0.078821590909091	0.050832954545455	0.040175568181818	0.514184659090909		1
000187:	0.015480681818182	0.036612500000000	0.011173863636364	0.017330113636364	0.033451704545455	0.053914204545455	0.018169318181818	0.813867613636364		1
000188:	0.556425568181818	0.079736931818182	0.073137500000000	0.033435795454545	0.054222159090909	0.045625568181818	0.032556818181818	0.124859659090909		1
000189:	0.027288636363636	0.041517613636364	0.011646022727273	0.010907386363636	0.043596590909091	0.816860795454545	0.011061931818182	0.037121022727273		1
000190:	0.050842045454545	0.312493750000000	0.037997727272727	0.037478409090909	0.095017045454545	0.278338636363636	0.108773863636364	0.079058522727273		1
000191:	0.062298863636364	0.103009659090909	0.022269886363636	0.014316477272727	0.198513068181818	0.512956250000000	0.030006818181818	0.056628977272727		1
000192:	0.057777840909091	0.044988068181818	0.043122727272727	0.050717045454545	0.530814772727273	0.046842045454545	0.074417613636364	0.151319886363636		1
000193:	0.251535795454545	0.023088068181818	0.455932386363636	0.004152272727273	0.133713068181818	0.006685795454545	0.009642045454545	0.115250568181818		1
000194:	0.650298295454545	0.079166477272727	0.023221590909091	0.048204545454545	0.044576704545455	0.044322159090909	0.038241477272727	0.071968750000000		1
000195:	0.045553977272727	0.045006250000000	0.010644318181818	0.018152840909091	0.518961363636364	0.303264204545455	0.015356818181818	0.043060227272727		1
000196:	0.034285227272727	0.178791477272727	0.109344886363636	0.225021022727273	0.024698295454545	0.217975568181818	0.007000568181818	0.202882954545455		1
000197:	0.052438068181818	0.578286363636364	0.053340909090909	0.023627272727273	0.063771022727273	0.122781250000000	0.011752272727273	0.094002840909091		1
000198:	0.000984659090909	0.000852272727273	0.997188636363636	0.000215909090909	0.000209090909091	0.000226704545455	0.000066477272727	0.000256250000000		1
000199:	0.012706250000000	0.766356250000000	0.053364772727273	0.015391477272727	0.019671022727273	0.077337500000000	0.008976704545455	0.046196022727273		1
000200:	0.067069318181818	0.751259659090909	0.051646590909091	0.017695454545455	0.023548863636364	0.027778977272727	0.024834090909091	0.036167045454545		1
000201:	0.015428409090909	0.072044318181818	0.042151136363636	0.013750000000000	0.012647159090909	0.033907386363636	0.020705113636364	0.789366477272727		1
000202:	0.486267045454545	0.085619318181818	0.020619886363636	0.021485227272727	0.118250568181818	0.073695454545455	0.031911931818182	0.162150568181818		1
000203:	0.039504545454545	0.130603977272727	0.014919886363636	0.032296590909091	0.064045454545455	0.576282386363636	0.033152272727273	0.109194886363636		1
000204:	0.136907954545455	0.260606818181818	0.034134090909091	0.084735795454545	0.064320454545455	0.137068750000000	0.028513068181818	0.253713068181818		1
000205:	0.188606818181818	0.200747727272727	0.028252840909091	0.043802272727273	0.062556250000000	0.116380113636364	0.041525000000000	0.318128977272727		1
000206:	0.465814772727273	0.065481250000000	0.040381250000000	0.051051704545455	0.052622727272727	0.059969886363636	0.096737500000000	0.167940909090909		1
000207:	0.050153977272727	0.065377272727273	0.038576704545455	0.081000568181818	0.296438636363636	0.346025000000000	0.074713636363636	0.047714204545455		1
000208:	0.050409659090909	0.204543181818182	0.022484659090909	0.026755113636364	0.117400000000000	0.383799431818182	0.054655681818182	0.139952272727273		1
000209:	0.023789204545455	0.120607386363636	0.048736363636364	0.076776136363636	0.086345454545455	0.221332386363636	0.026040909090909	0.396372159090909		1
000210:	0.042879545454545	0.264671590909091	0.029431818181818	0.029994318181818	0.133363068181818	0.284487500000000	0.043523863636364	0.171648295454545		1
000211:	0.027840909090909	0.243767045454545	0.091301136363636	0.026860227272727	0.041328409090909	0.443468181818182	0.029777840909091	0.095656250000000		1
000212:	0.016403409090909	0.359806818181818	0.257136363636364	0.053416477272727	0.056184090909091	0.030807386363636	0.016628409090909	0.209617045454545		1
000213:	0.019387500000000	0.494635227272727	0.085640340909091	0.026001136363636	0.020164204545455	0.162961363636364	0.014813636363636	0.176396590909091		1
000214:	0.056334659090909	0.362063636363636	0.062846590909091	0.130072159090909	0.082868750000000	0.216382386363636	0.020644318181818	0.068787500000000		1
000215:	0.134268750000000	0.122035795454545	0.109452272727273	0.113228409090909	0.060335795454545	0.304660227272727	0.052802840909091	0.103215909090909		1
000216:	0.018173295454545	0.513351136363636	0.077475000000000	0.044797159090909	0.039089204545455	0.059327840909091	0.063080681818182	0.184705681818182		1
000217:	0.025808522727273	0.663088068181818	0.130296022727273	0.035443750000000	0.018737500000000	0.054082954545455	0.016729545454545	0.055813636363636		1
000218:	0.020848863636364	0.655486931818182	0.096803977272727	0.036829545454545	0.031731250000000	0.047452272727273	0.010641477272727	0.100205681818182		1
000219:	0.041019886363636	0.662023295454545	0.128853409090909	0.012654545454545	0.016786363636364	0.055366477272727	0.010448863636364	0.072847159090909		1
000220:	0.034441477272727	0.401173863636364	0.076917613636364	0.113205113636364	0.014585227272727	0.040323295454545	0.013092613636364	0.306260795454545		1
000221:	0.013557954545455	0.245394886363636	0.040752840909091	0.008120454545455	0.007411363636364	0.606729545454545	0.008205113636364	0.069827840909091		1
000222:	0.028301136363636	0.586124431818182	0.067760227272727	0.038705113636364	0.021643181818182	0.014298295454545	0.008136931818182	0.235030681818182		1
000223:	0.050690909090909	0.185880681818182	0.112680681818182	0.061899431818182	0.052448863636364	0.138773295454545	0.072769886363636	0.324856250000000		1
000224:	0.618096590909091	0.024754545454545	0.027438068181818	0.033513068181818	0.147884090909091	0.038027840909091	0.052016477272727	0.058269318181818		1
000225:	0.677936363636364	0.023943181818182	0.025368181818182	0.022726704545455	0.085731818181818	0.087217045454545	0.054036363636364	0.023040340909091		1
000226:	0.085530681818182	0.033327272727273	0.099513636363636	0.138336363636364	0.519259090909091	0.034526136363636	0.026817613636364	0.062689204545455		1
000227:	0.452793181818182	0.010644318181818	0.074907386363636	0.012386363636364	0.412096590909091	0.010556818181818	0.012649431818182	0.013965909090909		1
000228:	0.017435227272727	0.025324431818182	0.081255681818182	0.118389772727273	0.023583522727273	0.010171022727273	0.684051704545454	0.039788636363636		1
000229:	0.636689772727273	0.051144318181818	0.041361363636364	0.021755681818182	0.030801136363636	0.112165909090909	0.072857954545455	0.033223863636364		1
000230:	0.061696022727273	0.049397159090909	0.449284659090909	0.219838636363636	0.049956250000000	0.041027272727273	0.055161931818182	0.073638068181818		1
000231:	0.240521022727273	0.058589772727273	0.068151704545455	0.094840909090909	0.321180113636364	0.114107386363636	0.051394318181818	0.051214772727273		1
000232:	0.048506818181818	0.074273295454545	0.159178977272727	0.230960227272727	0.041844318181818	0.052618750000000	0.173183522727273	0.219434090909091		1
000233:	0.319367045454545	0.027453409090909	0.059234090909091	0.129516477272727	0.207146590909091	0.138669318181818	0.069556818181818	0.049056250000000		1
000234:	0.258551136363636	0.020204545454545	0.078598863636364	0.041059659090909	0.160265340909091	0.076643181818182	0.322582386363636	0.042094886363636		1
000235:	0.049501704545455	0.007562500000000	0.011819318181818	0.030085795454545	0.023972159090909	0.010510227272727	0.846850000000000	0.019698295454545		1
000236:	0.033500568181818	0.021052272727273	0.072477840909091	0.629352272727273	0.028309090909091	0.040629545454545	0.070961931818182	0.103716477272727		1
000237:	0.386740340909091	0.030181818181818	0.042421590909091	0.039674431818182	0.090488636363636	0.083250000000000	0.285776136363636	0.041467045454545		1
000238:	0.078806818181818	0.075998863636364	0.070601136363636	0.029234090909091	0.110148863636364	0.062466477272727	0.075023863636364	0.497719886363636		1
000239:	0.349510795454545	0.027660227272727	0.103206250000000	0.115228409090909	0.063288636363636	0.062664204545455	0.190801704545455	0.087639772727273		1
000240:	0.015802272727273	0.009282386363636	0.042818181818182	0.790249431818182	0.023499431818182	0.010870454545455	0.035971590909091	0.071506250000000		1
000241:	0.109561363636364	0.043161363636364	0.092040909090909	0.094779545454545	0.202460227272727	0.098676136363636	0.077760795454545	0.281559659090909		1
000242:	0.184737500000000	0.027776136363636	0.068498863636364	0.071432386363636	0.451267045454545	0.033209659090909	0.114147727272727	0.048930681818182		1
000243:	0.060588636363636	0.022813636363636	0.361040340909091	0.227038636363636	0.060697159090909	0.014576136363636	0.209151704545455	0.044093750000000		1
000244:	0.062564204545455	0.033990340909091	0.167459090909091	0.092562500000000	0.080761363636364	0.373099431818182	0.072197727272727	0.117365340909091		1
000245:	0.018852840909091	0.006980681818182	0.011902272727273	0.362322159090909	0.006430681818182	0.558031250000000	0.020532386363636	0.014947727272727		1
000246:	0.115863068181818	0.040005681818182	0.041115909090909	0.073555113636364	0.419745454545455	0.028731818181818	0.238598863636364	0.042384090909091		1
000247:	0.081546022727273	0.041760795454545	0.094581818181818	0.169938068181818	0.230385227272727	0.116514204545455	0.191130113636364	0.074143750000000		1
000248:	0.858616477272727	0.012252272727273	0.035359659090909	0.022251704545455	0.009511931818182	0.010580681818182	0.017342613636364	0.034084659090909		1
000249:	0.001106818181818	0.000897159090909	0.002061931818182	0.000696590909091	0.971778409090909	0.020249431818182	0.001931250000000	0.001278409090909		1
000250:	0.796925568181818	0.012016477272727	0.022766477272727	0.019030113636364	0.029315340909091	0.033386931818182	0.059568750000000	0.026990340909091		1
000251:	0.274011931818182	0.033977272727273	0.151111931818182	0.126017613636364	0.196077840909091	0.052192045454545	0.111067613636364	0.055543750000000		1
000252:	0.001098295454545	0.001863068181818	0.003660795454545	0.001977840909091	0.003222159090909	0.377769886363636	0.607590340909091	0.002817613636364		1
000253:	0.089559659090909	0.052704545454545	0.095893181818182	0.129530681818182	0.068837500000000	0.019878977272727	0.500131250000000	0.043464204545455		1
000254:	0.301489204545455	0.024169318181818	0.042410227272727	0.446859659090909	0.047135227272727	0.019343750000000	0.045711931818182	0.072880681818182		1
000255:	0.703522727272727	0.037408522727273	0.041052272727273	0.043569318181818	0.021363068181818	0.016381250000000	0.085618750000000	0.051084090909091		1
