Estimated Clustering Probabilities for Samples
Sample	***Cluster  01***	***Cluster  02***	***Cluster  03***	
000001:	0.750742613636364	0.177475000000000	0.071782386363636		1
000002:	0.729897727272727	0.249891477272727	0.020210795454545		1
000003:	0.722651136363636	0.237124431818182	0.040224431818182		1
000004:	0.937226136363636	0.049280113636364	0.013493750000000		1
000005:	0.944973863636364	0.037401136363636	0.017625000000000		1
000006:	0.851298863636364	0.097030113636364	0.051671022727273		1
000007:	0.704426704545455	0.282164772727273	0.013408522727273		1
000008:	0.916278977272727	0.062211931818182	0.021509090909091		1
000009:	0.950600568181818	0.028569318181818	0.020830113636364		1
000010:	0.849505681818182	0.081105681818182	0.069388636363636		1
000011:	0.858806250000000	0.097441477272727	0.043752272727273		1
000012:	0.810027272727273	0.022747159090909	0.167225568181818		1
000013:	0.344259090909091	0.024698863636364	0.631042045454545		1
000014:	0.842687500000000	0.123003409090909	0.034309090909091		1
000015:	0.971400568181818	0.013038636363636	0.015560795454545		1
000016:	0.938482386363636	0.047617613636364	0.013900000000000		1
000017:	0.927314772727273	0.028361363636364	0.044323863636364		1
000018:	0.125051704545455	0.017887500000000	0.857060795454545		1
000019:	0.799275000000000	0.028918181818182	0.171806818181818		1
000020:	0.925300568181818	0.026873295454545	0.047826136363636		1
000021:	0.145093181818182	0.254790909090909	0.600115909090909		1
000022:	0.873199431818182	0.023005113636364	0.103795454545455		1
000023:	0.532944886363636	0.183246590909091	0.283808522727273		1
000024:	0.315307954545455	0.000327272727273	0.684364772727273		1
000025:	0.507493181818182	0.082576136363636	0.409930681818182		1
000026:	0.314945454545455	0.033378409090909	0.651676136363636		1
000027:	0.141230113636364	0.025655681818182	0.833114204545455		1
000028:	0.601902840909091	0.321528977272727	0.076568181818182		1
000029:	0.735564204545455	0.057475568181818	0.206960227272727		1
000030:	0.916898295454545	0.041909090909091	0.041192613636364		1
000031:	0.055130681818182	0.014712500000000	0.930156818181818		1
000032:	0.502264772727273	0.048014772727273	0.449720454545455		1
000033:	0.834301704545454	0.056559659090909	0.109138636363636		1
000034:	0.954551136363636	0.018651136363636	0.026797727272727		1
000035:	0.099668750000000	0.276847727272727	0.623483522727273		1
000036:	0.858115909090909	0.068110795454545	0.073773295454545		1
000037:	0.745871022727273	0.020688068181818	0.233440909090909		1
000038:	0.217073295454545	0.679751704545455	0.103175000000000		1
000039:	0.609396590909091	0.050646590909091	0.339956818181818		1
000040:	0.953327840909091	0.027209659090909	0.019462500000000		1
000041:	0.807568181818182	0.016972727272727	0.175459090909091		1
000042:	0.180928409090909	0.041745454545455	0.777326136363636		1
000043:	0.931649431818182	0.028628409090909	0.039722159090909		1
000044:	0.785464204545455	0.036488068181818	0.178047727272727		1
000045:	0.158256250000000	0.017788636363636	0.823955113636364		1
000046:	0.138294318181818	0.113843181818182	0.747862500000000		1
000047:	0.369342045454545	0.154696022727273	0.475961931818182		1
000048:	0.913484090909091	0.059979545454545	0.026536363636364		1
000049:	0.859588068181818	0.046044886363636	0.094367045454545		1
000050:	0.817309090909091	0.029513636363636	0.153177272727273		1
000051:	0.944664204545455	0.042235227272727	0.013100568181818		1
000052:	0.931606250000000	0.055666477272727	0.012727272727273		1
000053:	0.888789772727273	0.017487500000000	0.093722727272727		1
000054:	0.170922159090909	0.051250000000000	0.777827840909091		1
000055:	0.968972159090909	0.016582954545455	0.014444886363636		1
000056:	0.920345454545455	0.018112500000000	0.061542045454545		1
000057:	0.858321022727273	0.025987500000000	0.115691477272727		1
000058:	0.631421590909091	0.032549431818182	0.336028977272727		1
000059:	0.305870454545455	0.018774431818182	0.675355113636364		1
000060:	0.961411931818182	0.013697727272727	0.024890340909091		1
000061:	0.925737500000000	0.015886931818182	0.058375568181818		1
000062:	0.953100568181818	0.030836931818182	0.016062500000000		1
000063:	0.883992045454545	0.096033522727273	0.019974431818182		1
000064:	0.813363636363636	0.176009090909091	0.010627272727273		1
000065:	0.910644886363636	0.060041477272727	0.029313636363636		1
000066:	0.868923863636364	0.022097159090909	0.108978977272727		1
000067:	0.888265340909091	0.092780681818182	0.018953977272727		1
000068:	0.524294886363636	0.029243750000000	0.446461363636364		1
000069:	0.847691477272727	0.017354545454545	0.134953977272727		1
000070:	0.758546022727273	0.085724431818182	0.155729545454545		1
000071:	0.600761931818182	0.034643181818182	0.364594886363636		1
000072:	0.964485227272727	0.020276136363636	0.015238636363636		1
000073:	0.957877840909091	0.016432386363636	0.025689772727273		1
000074:	0.230146590909091	0.036417613636364	0.733435795454545		1
000075:	0.787015340909091	0.037508522727273	0.175476136363636		1
000076:	0.186416477272727	0.538625000000000	0.274958522727273		1
000077:	0.442373295454545	0.374377272727273	0.183249431818182		1
000078:	0.904899431818182	0.075209090909091	0.019891477272727		1
000079:	0.634193181818182	0.038172727272727	0.327634090909091		1
000080:	0.190972159090909	0.045750568181818	0.763277272727273		1
000081:	0.958776704545454	0.017414772727273	0.023808522727273		1
000082:	0.961835227272727	0.024045454545455	0.014119318181818		1
000083:	0.831255681818182	0.036848863636364	0.131895454545455		1
000084:	0.738053977272727	0.176597159090909	0.085348863636364		1
000085:	0.839114204545455	0.044967613636364	0.115918181818182		1
000086:	0.901370454545455	0.045499431818182	0.053130113636364		1
000087:	0.942102272727273	0.011343750000000	0.046553977272727		1
000088:	0.369530681818182	0.019074431818182	0.611394886363636		1
000089:	0.517351136363636	0.041042045454545	0.441606818181818		1
000090:	0.155953409090909	0.029919318181818	0.814127272727273		1
000091:	0.096239204545455	0.174280681818182	0.729480113636364		1
000092:	0.843331818181818	0.025817613636364	0.130850568181818		1
000093:	0.644976704545455	0.071092613636364	0.283930681818182		1
000094:	0.719839772727273	0.034598863636364	0.245561363636364		1
000095:	0.967063636363636	0.020785227272727	0.012151136363636		1
000096:	0.961395454545454	0.020226136363636	0.018378409090909		1
000097:	0.397219886363636	0.031876136363636	0.570903977272727		1
000098:	0.775496022727273	0.029042613636364	0.195461363636364		1
000099:	0.854927272727273	0.038460795454545	0.106611931818182		1
000100:	0.966819886363636	0.021097159090909	0.012082954545455		1
000101:	0.840933522727273	0.014685227272727	0.144381250000000		1
000102:	0.903980113636364	0.030646590909091	0.065373295454545		1
000103:	0.509446022727273	0.156478977272727	0.334075000000000		1
000104:	0.962190909090909	0.020173863636364	0.017635227272727		1
000105:	0.655413636363636	0.016524431818182	0.328061931818182		1
000106:	0.188989204545455	0.046628977272727	0.764381818181818		1
000107:	0.911210227272727	0.018769318181818	0.070020454545455		1
000108:	0.927871022727273	0.040406250000000	0.031722727272727		1
000109:	0.611635227272727	0.049359090909091	0.339005681818182		1
000110:	0.090349431818182	0.162786931818182	0.746863636363636		1
000111:	0.913033522727273	0.055507954545455	0.031458522727273		1
000112:	0.361170454545455	0.039252840909091	0.599576704545455		1
000113:	0.955318181818182	0.025118181818182	0.019563636363636		1
000114:	0.305308522727273	0.255572159090909	0.439119318181818		1
000115:	0.775994886363636	0.035529545454545	0.188475568181818		1
000116:	0.958681818181818	0.021207954545455	0.020110227272727		1
000117:	0.698578977272727	0.066161931818182	0.235259090909091		1
000118:	0.893965340909091	0.094408522727273	0.011626136363636		1
000119:	0.734197727272727	0.017937500000000	0.247864772727273		1
000120:	0.648594318181818	0.351252840909091	0.000152840909091		1
000121:	0.486874431818182	0.073615909090909	0.439509659090909		1
000122:	0.852317045454545	0.010035227272727	0.137647727272727		1
000123:	0.874141477272727	0.088432386363636	0.037426136363636		1
000124:	0.389634090909091	0.183047159090909	0.427318750000000		1
000125:	0.431059090909091	0.545236363636364	0.023704545454545		1
000126:	0.034351136363636	0.953464772727273	0.012184090909091		1
000127:	0.894677272727273	0.047843750000000	0.057478977272727		1
000128:	0.897115340909091	0.068690340909091	0.034194318181818		1
000129:	0.088940340909091	0.013924431818182	0.897135227272727		1
000130:	0.920237500000000	0.049963636363636	0.029798863636364		1
000131:	0.826594318181818	0.033454545454545	0.139951136363636		1
000132:	0.954911931818182	0.020257954545455	0.024830113636364		1
000133:	0.152632954545455	0.524334090909091	0.323032954545455		1
000134:	0.627611931818182	0.070090340909091	0.302297727272727		1
000135:	0.036105113636364	0.018809090909091	0.945085795454545		1
000136:	0.918305113636364	0.046742613636364	0.034952272727273		1
000137:	0.122901704545455	0.025149431818182	0.851948863636364		1
000138:	0.724163636363636	0.165856818181818	0.109979545454545		1
000139:	0.770520454545455	0.084788068181818	0.144691477272727		1
000140:	0.055219318181818	0.017252272727273	0.927528409090909		1
000141:	0.589334659090909	0.366112500000000	0.044552840909091		1
000142:	0.657659090909091	0.027164204545455	0.315176704545455		1
000143:	0.881876136363636	0.038244886363636	0.079878977272727		1
000144:	0.891317613636364	0.030565340909091	0.078117045454545		1
000145:	0.853423863636364	0.075535227272727	0.071040909090909		1
000146:	0.774230113636364	0.045892613636364	0.179877272727273		1
000147:	0.849461363636364	0.108564204545455	0.041974431818182		1
000148:	0.896196022727273	0.068003977272727	0.035800000000000		1
000149:	0.698173295454545	0.134281818181818	0.167544886363636		1
000150:	0.231505681818182	0.026532954545455	0.741961363636364		1
000151:	0.880850568181818	0.085803409090909	0.033346022727273		1
000152:	0.846765909090909	0.071685795454545	0.081548295454545		1
000153:	0.723665340909091	0.020525568181818	0.255809090909091		1
000154:	0.966895454545455	0.021548863636364	0.011555681818182		1
000155:	0.913306818181818	0.019135795454545	0.067557386363636		1
000156:	0.928905113636364	0.019147727272727	0.051947159090909		1
000157:	0.915386363636364	0.053048295454545	0.031565340909091		1
000158:	0.352078409090909	0.496010227272727	0.151911363636364		1
000159:	0.291837500000000	0.354411931818182	0.353750568181818		1
000160:	0.035531250000000	0.948896590909091	0.015572159090909		1
000161:	0.163841477272727	0.779432954545455	0.056725568181818		1
000162:	0.061520454545455	0.332717045454545	0.605762500000000		1
000163:	0.964570454545455	0.018496590909091	0.016932954545455		1
000164:	0.906801136363636	0.074475000000000	0.018723863636364		1
000165:	0.918595454545455	0.061438068181818	0.019966477272727		1
000166:	0.959855681818182	0.020051704545455	0.020092613636364		1
000167:	0.899128409090909	0.071438636363636	0.029432954545455		1
000168:	0.899718181818182	0.020646590909091	0.079635227272727		1
000169:	0.860848295454545	0.029577272727273	0.109574431818182		1
000170:	0.920934659090909	0.037266477272727	0.041798863636364		1
000171:	0.936155681818182	0.035776704545455	0.028067613636364		1
000172:	0.751255113636364	0.134448863636364	0.114296022727273		1
000173:	0.941952272727273	0.022985227272727	0.035062500000000		1
000174:	0.647988636363636	0.019017613636364	0.332993750000000		1
000175:	0.959163636363636	0.015873863636364	0.024962500000000		1
000176:	0.802456818181818	0.089122159090909	0.108421022727273		1
000177:	0.817355113636364	0.020998295454545	0.161646590909091		1
000178:	0.909932386363636	0.012688068181818	0.077379545454545		1
000179:	0.933336931818182	0.047981250000000	0.018681818181818		1
000180:	0.874160227272727	0.050659659090909	0.075180113636364		1
000181:	0.866708522727273	0.115829545454545	0.017461931818182		1
000182:	0.522845454545455	0.068920454545455	0.408234090909091		1
000183:	0.956613068181818	0.029513636363636	0.013873295454545		1
000184:	0.858660795454545	0.064636363636364	0.076702840909091		1
000185:	0.312888068181818	0.079935795454545	0.607176136363636		1
000186:	0.703180113636364	0.201639204545455	0.095180681818182		1
000187:	0.937455113636364	0.040361931818182	0.022182954545455		1
000188:	0.655681818181818	0.298826136363636	0.045492045454545		1
000189:	0.972420454545455	0.014805113636364	0.012774431818182		1
000190:	0.762296590909091	0.150621590909091	0.087081818181818		1
000191:	0.940468750000000	0.014232386363636	0.045298863636364		1
000192:	0.587545454545455	0.064610227272727	0.347844318181818		1
000193:	0.709769886363636	0.040661931818182	0.249568181818182		1
000194:	0.747241477272727	0.043243750000000	0.209514772727273		1
000195:	0.894742045454545	0.019930681818182	0.085327272727273		1
000196:	0.585635795454545	0.395972727272727	0.018391477272727		1
000197:	0.918756818181818	0.048376704545455	0.032866477272727		1
000198:	0.273197727272727	0.082365909090909	0.644436363636364		1
000199:	0.862505681818182	0.112546022727273	0.024948295454545		1
000200:	0.690037500000000	0.263796022727273	0.046166477272727		1
000201:	0.953373863636364	0.028627272727273	0.017998863636364		1
000202:	0.838793750000000	0.044059090909091	0.117147159090909		1
000203:	0.924656818181818	0.054675568181818	0.020667613636364		1
000204:	0.851445454545455	0.126042045454545	0.022512500000000		1
000205:	0.919907954545455	0.063056818181818	0.017035227272727		1
000206:	0.757273863636364	0.071404545454545	0.171321590909091		1
000207:	0.405913068181818	0.198964204545455	0.395122727272727		1
000208:	0.955599431818182	0.024322159090909	0.020078409090909		1
000209:	0.868971022727273	0.093382954545455	0.037646022727273		1
000210:	0.858725568181818	0.014077840909091	0.127196590909091		1
000211:	0.952515340909091	0.023547727272727	0.023936931818182		1
000212:	0.624667045454545	0.351011363636364	0.024321590909091		1
000213:	0.903633522727273	0.078317045454545	0.018049431818182		1
000214:	0.619147159090909	0.341793750000000	0.039059090909091		1
000215:	0.462817613636364	0.238840909090909	0.298341477272727		1
000216:	0.841114772727273	0.128811931818182	0.030073295454545		1
000217:	0.780503409090909	0.195462500000000	0.024034090909091		1
000218:	0.912923863636364	0.064902272727273	0.022173863636364		1
000219:	0.603913068181818	0.377260227272727	0.018826704545455		1
000220:	0.843513636363636	0.142121590909091	0.014364772727273		1
000221:	0.945364204545455	0.042067045454545	0.012568750000000		1
000222:	0.910667613636364	0.072730113636364	0.016602272727273		1
000223:	0.727497159090909	0.050993181818182	0.221509659090909		1
000224:	0.382736931818182	0.016580681818182	0.600682386363636		1
000225:	0.353595454545455	0.014580113636364	0.631824431818182		1
000226:	0.748958522727273	0.139318181818182	0.111723295454545		1
000227:	0.253092613636364	0.044513068181818	0.702394318181818		1
000228:	0.025748295454545	0.408717613636364	0.565534090909091		1
000229:	0.524340909090909	0.079043750000000	0.396615340909091		1
000230:	0.076139204545455	0.906730113636364	0.017130681818182		1
000231:	0.387805681818182	0.063696590909091	0.548497727272727		1
000232:	0.799515340909091	0.157989772727273	0.042494886363636		1
000233:	0.294707954545455	0.046939772727273	0.658352272727273		1
000234:	0.065968181818182	0.042690340909091	0.891341477272727		1
000235:	0.060300568181818	0.022097727272727	0.917601704545455		1
000236:	0.338188068181818	0.522690909090909	0.139121022727273		1
000237:	0.103162500000000	0.022505113636364	0.874332386363636		1
000238:	0.932900000000000	0.018296022727273	0.048803977272727		1
000239:	0.687823863636364	0.086722727272727	0.225453409090909		1
000240:	0.038402272727273	0.914009659090909	0.047588068181818		1
000241:	0.604266477272727	0.093417613636364	0.302315909090909		1
000242:	0.112475000000000	0.031152840909091	0.856372159090909		1
000243:	0.069047159090909	0.626869886363636	0.304082954545455		1
000244:	0.831580113636364	0.130461363636364	0.037958522727273		1
000245:	0.685639772727273	0.197884659090909	0.116475568181818		1
000246:	0.172211363636364	0.047472727272727	0.780315909090909		1
000247:	0.360175568181818	0.125453977272727	0.514370454545454		1
000248:	0.782425568181818	0.189107386363636	0.028467045454545		1
000249:	0.038810795454545	0.173286931818182	0.787902272727273		1
000250:	0.155311931818182	0.014061363636364	0.830626704545455		1
000251:	0.295535227272727	0.132290909090909	0.572173863636364		1
000252:	0.230207954545455	0.709767613636364	0.060024431818182		1
000253:	0.105130681818182	0.262737500000000	0.632131818181818		1
000254:	0.193365340909091	0.536009659090909	0.270625000000000		1
000255:	0.509092045454545	0.175800000000000	0.315107954545455		1
000256:	0.803350000000000	0.066601136363636	0.130048863636364		1
000257:	0.482953977272727	0.471777272727273	0.045268750000000		1
000258:	0.920907386363636	0.040766477272727	0.038326136363636		1
000259:	0.882919886363636	0.046402272727273	0.070677840909091		1
000260:	0.052438636363636	0.517639204545455	0.429922159090909		1
000261:	0.356575568181818	0.273135227272727	0.370289204545455		1
000262:	0.334372727272727	0.564953977272727	0.100673295454545		1
000263:	0.902446590909091	0.065485795454545	0.032067613636364		1
000264:	0.950715340909091	0.020852840909091	0.028431818181818		1
000265:	0.926651136363636	0.042143181818182	0.031205681818182		1
000266:	0.767157954545455	0.028578977272727	0.204263068181818		1
000267:	0.121693750000000	0.181453409090909	0.696852840909091		1
000268:	0.816420454545455	0.134984090909091	0.048595454545455		1
000269:	0.115146022727273	0.020159659090909	0.864694318181818		1
000270:	0.944496022727273	0.034330681818182	0.021173295454545		1
000271:	0.071276704545455	0.198707386363636	0.730015909090909		1
000272:	0.228513636363636	0.327746590909091	0.443739772727273		1
000273:	0.801124431818182	0.030780681818182	0.168094886363636		1
000274:	0.251580113636364	0.303981818181818	0.444438068181818		1
000275:	0.787778409090909	0.020605681818182	0.191615909090909		1
000276:	0.776569318181818	0.177525568181818	0.045905113636364		1
000277:	0.199672727272727	0.034075568181818	0.766251704545455		1
000278:	0.784874431818182	0.080383522727273	0.134742045454545		1
000279:	0.034742045454545	0.013509090909091	0.951748863636364		1
000280:	0.474694318181818	0.366856818181818	0.158448863636364		1
000281:	0.226438068181818	0.041288636363636	0.732273295454545		1
000282:	0.661054545454545	0.034605113636364	0.304340340909091		1
000283:	0.741118181818182	0.235777840909091	0.023103977272727		1
000284:	0.305315340909091	0.175294886363636	0.519389772727273		1
000285:	0.052250568181818	0.027747727272727	0.920001704545454		1
000286:	0.457639204545455	0.025879545454545	0.516481250000000		1
000287:	0.544875568181818	0.028769886363636	0.426354545454545		1
000288:	0.586109659090909	0.077958522727273	0.335931818181818		1
000289:	0.837147159090909	0.132411931818182	0.030440909090909		1
000290:	0.695200568181818	0.001252840909091	0.303546590909091		1
000291:	0.952620454545455	0.018882386363636	0.028497159090909		1
000292:	0.549970454545455	0.411751704545455	0.038277840909091		1
000293:	0.965099431818182	0.018430681818182	0.016469886363636		1
000294:	0.951206818181818	0.015730681818182	0.033062500000000		1
000295:	0.904268181818182	0.033380681818182	0.062351136363636		1
000296:	0.917293750000000	0.045594886363636	0.037111363636364		1
000297:	0.945780113636364	0.033289204545455	0.020930681818182		1
000298:	0.086190340909091	0.014524431818182	0.899285227272727		1
000299:	0.928343181818182	0.023536363636364	0.048120454545455		1
000300:	0.835310227272727	0.078042613636364	0.086647159090909		1
000301:	0.944723295454545	0.016075568181818	0.039201136363636		1
000302:	0.837813068181818	0.137050000000000	0.025136931818182		1
000303:	0.816229545454545	0.122899431818182	0.060871022727273		1
000304:	0.467925568181818	0.490032954545455	0.042041477272727		1
000305:	0.085555681818182	0.870031818181818	0.044412500000000		1
000306:	0.732051136363636	0.187146590909091	0.080802272727273		1
000307:	0.082836363636364	0.903946022727273	0.013217613636364		1
000308:	0.950679545454545	0.035120454545455	0.014200000000000		1
000309:	0.778606250000000	0.038101704545455	0.183292045454545		1
000310:	0.924835795454545	0.028051136363636	0.047113068181818		1
000311:	0.778689204545455	0.188825568181818	0.032485227272727		1
000312:	0.181489772727273	0.030568750000000	0.787941477272727		1
000313:	0.122403409090909	0.060005681818182	0.817590909090909		1
000314:	0.164579545454545	0.089347159090909	0.746073295454545		1
000315:	0.221600000000000	0.067522159090909	0.710877840909091		1
000316:	0.890157954545455	0.045674431818182	0.064167613636364		1
000317:	0.201797727272727	0.173479545454545	0.624722727272727		1
000318:	0.787000568181818	0.198965909090909	0.014033522727273		1
000319:	0.940825000000000	0.035825000000000	0.023350000000000		1
000320:	0.769987500000000	0.174106250000000	0.055906250000000		1
000321:	0.783489772727273	0.197188636363636	0.019321590909091		1
000322:	0.285305113636364	0.694336931818182	0.020357954545455		1
000323:	0.489501136363636	0.123755113636364	0.386743750000000		1
000324:	0.386067613636364	0.591011363636364	0.022921022727273		1
000325:	0.620549431818182	0.253884659090909	0.125565909090909		1
000326:	0.717978977272727	0.232191477272727	0.049829545454545		1
000327:	0.803775568181818	0.159393181818182	0.036831250000000		1
000328:	0.031508522727273	0.955401704545455	0.013089772727273		1
000329:	0.897997727272727	0.067148863636364	0.034853409090909		1
000330:	0.123552840909091	0.852451136363636	0.023996022727273		1
000331:	0.041912500000000	0.939815340909091	0.018272159090909		1
000332:	0.931119318181818	0.032160795454545	0.036719886363636		1
000333:	0.917846590909091	0.042438636363636	0.039714772727273		1
000334:	0.824406250000000	0.083105681818182	0.092488068181818		1
000335:	0.883182386363636	0.064904545454545	0.051913068181818		1
000336:	0.809435795454545	0.156097727272727	0.034466477272727		1
000337:	0.822814204545455	0.114608522727273	0.062577272727273		1
000338:	0.940828409090909	0.038898295454545	0.020273295454545		1
000339:	0.641594318181818	0.331032954545455	0.027372727272727		1
000340:	0.940809090909091	0.046243750000000	0.012947159090909		1
000341:	0.942765340909091	0.042738068181818	0.014496590909091		1
000342:	0.785481818181818	0.200307954545455	0.014210227272727		1
000343:	0.957031250000000	0.022663636363636	0.020305113636364		1
000344:	0.074915909090909	0.898072727272727	0.027011363636364		1
000345:	0.064463636363636	0.922972727272727	0.012563636363636		1
000346:	0.831500568181818	0.148447727272727	0.020051704545455		1
000347:	0.521823295454545	0.455680113636364	0.022496590909091		1
000348:	0.347517613636364	0.635810795454545	0.016671590909091		1
000349:	0.199047727272727	0.742853409090909	0.058098863636364		1
000350:	0.144260795454545	0.834217613636364	0.021521590909091		1
000351:	0.093981250000000	0.886448863636364	0.019569886363636		1
000352:	0.917284659090909	0.053722727272727	0.028992613636364		1
000353:	0.934010227272727	0.049489772727273	0.016500000000000		1
000354:	0.884447727272727	0.104610795454545	0.010941477272727		1
000355:	0.314268750000000	0.658526704545455	0.027204545454545		1
000356:	0.592148863636364	0.078180681818182	0.329670454545455		1
000357:	0.061700000000000	0.046068750000000	0.892231250000000		1
000358:	0.437060227272727	0.112379545454545	0.450560227272727		1
000359:	0.315548863636364	0.173964204545455	0.510486931818182		1
000360:	0.944200568181818	0.030544886363636	0.025254545454545		1
000361:	0.050768181818182	0.038239772727273	0.910992045454545		1
000362:	0.139627840909091	0.825512500000000	0.034859659090909		1
000363:	0.961934659090909	0.012002840909091	0.026062500000000		1
000364:	0.227755681818182	0.189837500000000	0.582406818181818		1
000365:	0.823358522727273	0.137678977272727	0.038962500000000		1
000366:	0.067580681818182	0.028860795454545	0.903558522727273		1
000367:	0.341038636363636	0.040487500000000	0.618473863636364		1
000368:	0.233552840909091	0.022172727272727	0.744274431818182		1
000369:	0.846604545454545	0.056450000000000	0.096945454545455		1
000370:	0.843283522727273	0.096613068181818	0.060103409090909		1
000371:	0.882084659090909	0.094414772727273	0.023500568181818		1
000372:	0.845985795454545	0.013897727272727	0.140116477272727		1
000373:	0.596251136363636	0.114919886363636	0.288828977272727		1
000374:	0.847164772727273	0.023536363636364	0.129298863636364		1
000375:	0.462699431818182	0.000361931818182	0.536938636363636		1
000376:	0.892128977272727	0.017823295454545	0.090047727272727		1
000377:	0.797900568181818	0.187778977272727	0.014320454545455		1
000378:	0.057478409090909	0.013269886363636	0.929251704545455		1
000379:	0.033650000000000	0.006596022727273	0.959753977272727		1
000380:	0.451142613636364	0.015460227272727	0.533397159090909		1
000381:	0.028832386363636	0.008663068181818	0.962504545454545		1
000382:	0.693317045454545	0.029415340909091	0.277267613636364		1
000383:	0.830872727272727	0.046485795454545	0.122641477272727		1
000384:	0.556581250000000	0.024875000000000	0.418543750000000		1
000385:	0.491431250000000	0.261632386363636	0.246936363636364		1
000386:	0.064694318181818	0.016153409090909	0.919152272727273		1
000387:	0.745606818181818	0.025370454545455	0.229022727272727		1
000388:	0.382824431818182	0.200482954545455	0.416692613636364		1
000389:	0.554423863636364	0.139437500000000	0.306138636363636		1
000390:	0.507231250000000	0.457602840909091	0.035165909090909		1
000391:	0.295819886363636	0.034791477272727	0.669388636363636		1
000392:	0.041262500000000	0.050304545454545	0.908432954545455		1
000393:	0.478759090909091	0.029953409090909	0.491287500000000		1
000394:	0.878128409090909	0.010971590909091	0.110900000000000		1
000395:	0.950530113636364	0.014344886363636	0.035125000000000		1
000396:	0.550263636363636	0.095898863636364	0.353837500000000		1
000397:	0.832435795454545	0.016012500000000	0.151551704545455		1
000398:	0.831768750000000	0.026050000000000	0.142181250000000		1
000399:	0.046810227272727	0.051178977272727	0.902010795454545		1
000400:	0.542823295454545	0.041594318181818	0.415582386363636		1
000401:	0.291732954545455	0.034321022727273	0.673946022727273		1
000402:	0.788215909090909	0.052488068181818	0.159296022727273		1
000403:	0.652590340909091	0.102678977272727	0.244730681818182		1
000404:	0.329064772727273	0.258236931818182	0.412698295454545		1
000405:	0.854881250000000	0.012347159090909	0.132771590909091		1
000406:	0.967096590909091	0.015678977272727	0.017224431818182		1
000407:	0.921514204545455	0.024911931818182	0.053573863636364		1
000408:	0.113252840909091	0.379025000000000	0.507722159090909		1
000409:	0.965956250000000	0.019344886363636	0.014698863636364		1
000410:	0.953423863636364	0.030873295454545	0.015702840909091		1
000411:	0.935965909090909	0.047571590909091	0.016462500000000		1
000412:	0.128027840909091	0.032241477272727	0.839730681818182		1
000413:	0.810514772727273	0.060601704545455	0.128883522727273		1
000414:	0.144642613636364	0.031981250000000	0.823376136363636		1
000415:	0.057521022727273	0.570046590909091	0.372432386363636		1
000416:	0.022758522727273	0.019627272727273	0.957614204545455		1
000417:	0.405465340909091	0.331102272727273	0.263432386363636		1
000418:	0.354214772727273	0.118700568181818	0.527084659090909		1
000419:	0.021236363636364	0.050546022727273	0.928217613636364		1
000420:	0.296991477272727	0.688321022727273	0.014687500000000		1
000421:	0.267927840909091	0.046712500000000	0.685359659090909		1
000422:	0.657244886363636	0.129539772727273	0.213215340909091		1
000423:	0.210990340909091	0.770801136363636	0.018208522727273		1
000424:	0.000880113636364	0.933759090909091	0.065360795454545		1
000425:	0.107039772727273	0.046164772727273	0.846795454545455		1
000426:	0.025846590909091	0.870273863636364	0.103879545454545		1
000427:	0.570185795454546	0.075132386363636	0.354681818181818		1
000428:	0.862877840909091	0.028315340909091	0.108806818181818		1
000429:	0.705312500000000	0.189918750000000	0.104768750000000		1
000430:	0.305201704545455	0.255898863636364	0.438899431818182		1
000431:	0.433788636363636	0.062600568181818	0.503610795454545		1
000432:	0.323597159090909	0.207982386363636	0.468420454545455		1
000433:	0.501492613636364	0.326842045454545	0.171665340909091		1
000434:	0.507500568181818	0.199630681818182	0.292868750000000		1
000435:	0.776171022727273	0.141532386363636	0.082296590909091		1
000436:	0.198999431818182	0.583907386363636	0.217093181818182		1
000437:	0.079759090909091	0.283594318181818	0.636646590909091		1
000438:	0.471203977272727	0.150292045454545	0.378503977272727		1
000439:	0.065586931818182	0.038427840909091	0.895985227272727		1
000440:	0.060136931818182	0.021111931818182	0.918751136363636		1
000441:	0.026317045454545	0.025889772727273	0.947793181818182		1
000442:	0.084837500000000	0.073584090909091	0.841578409090909		1
000443:	0.948273863636364	0.034040909090909	0.017685227272727		1
000444:	0.048228409090909	0.317100568181818	0.634671022727273		1
000445:	0.482771590909091	0.049661363636364	0.467567045454545		1
000446:	0.492998295454545	0.423350568181818	0.083651136363636		1
000447:	0.347627840909091	0.048292045454545	0.604080113636364		1
000448:	0.740096590909091	0.042745454545455	0.217157954545455		1
000449:	0.605709090909091	0.110628409090909	0.283662500000000		1
000450:	0.870223295454545	0.086836363636364	0.042940340909091		1
000451:	0.957005681818182	0.026584659090909	0.016409659090909		1
000452:	0.064372727272727	0.909865340909091	0.025761931818182		1
000453:	0.029543181818182	0.026748863636364	0.943707954545455		1
000454:	0.804312500000000	0.166528977272727	0.029158522727273		1
000455:	0.900758522727273	0.056506250000000	0.042735227272727		1
000456:	0.815596022727273	0.171904545454545	0.012499431818182		1
000457:	0.713189772727273	0.271513636363636	0.015296590909091		1
000458:	0.827918181818182	0.119852840909091	0.052228977272727		1
000459:	0.805878977272727	0.177246590909091	0.016874431818182		1
000460:	0.945074431818182	0.030470454545455	0.024455113636364		1
000461:	0.954856250000000	0.017506818181818	0.027636931818182		1
000462:	0.709468750000000	0.236744318181818	0.053786931818182		1
000463:	0.306058522727273	0.671965340909091	0.021976136363636		1
000464:	0.589764204545455	0.354872727272727	0.055363068181818		1
000465:	0.737255113636364	0.221396590909091	0.041348295454545		1
000466:	0.962222727272727	0.022176136363636	0.015601136363636		1
000467:	0.941056818181818	0.039839772727273	0.019103409090909		1
000468:	0.961615909090909	0.021110227272727	0.017273863636364		1
000469:	0.248132386363636	0.044315909090909	0.707551704545455		1
000470:	0.390655681818182	0.073350568181818	0.535993750000000		1
000471:	0.521246022727273	0.017278409090909	0.461475568181818		1
000472:	0.131051136363636	0.807353409090909	0.061595454545455		1
000473:	0.336631818181818	0.625187500000000	0.038180681818182		1
000474:	0.736190909090909	0.026729545454545	0.237079545454545		1
000475:	0.850302840909091	0.024953977272727	0.124743181818182		1
000476:	0.891407386363636	0.043314204545455	0.065278409090909		1
000477:	0.204597727272727	0.017628409090909	0.777773863636364		1
000478:	0.248933522727273	0.020499431818182	0.730567045454545		1
000479:	0.619713636363636	0.284378409090909	0.095907954545455		1
000480:	0.941010227272727	0.027559090909091	0.031430681818182		1
000481:	0.907012500000000	0.045835227272727	0.047152272727273		1
000482:	0.176730681818182	0.724200568181818	0.099068750000000		1
000483:	0.210768750000000	0.554793750000000	0.234437500000000		1
000484:	0.955227840909091	0.027714772727273	0.017057386363636		1
000485:	0.057293181818182	0.067932954545455	0.874773863636364		1
000486:	0.911551136363636	0.024871590909091	0.063577272727273		1
000487:	0.110001704545455	0.866261931818182	0.023736363636364		1
000488:	0.721563636363636	0.018082954545455	0.260353409090909		1
000489:	0.196517613636364	0.165039772727273	0.638442613636364		1
000490:	0.785544886363636	0.016605113636364	0.197850000000000		1
000491:	0.419627840909091	0.529522727272727	0.050849431818182		1
000492:	0.373356818181818	0.032415340909091	0.594227840909091		1
000493:	0.447915340909091	0.479473863636364	0.072610795454545		1
000494:	0.930632386363636	0.054082954545455	0.015284659090909		1
000495:	0.695510795454545	0.106105113636364	0.198384090909091		1
000496:	0.695855113636364	0.277940909090909	0.026203977272727		1
000497:	0.431428977272727	0.307986931818182	0.260584090909091		1
000498:	0.805011931818182	0.067457954545455	0.127530113636364		1
000499:	0.730268750000000	0.233878977272727	0.035852272727273		1
000500:	0.000889204545455	0.604472159090909	0.394638636363636		1
000501:	0.505788636363636	0.406546022727273	0.087665340909091		1
000502:	0.942643750000000	0.040639204545455	0.016717045454545		1
000503:	0.907933522727273	0.070659659090909	0.021406818181818		1
000504:	0.017884090909091	0.973650000000000	0.008465909090909		1
000505:	0.599123295454545	0.268632386363636	0.132244318181818		1
000506:	0.558226704545455	0.374545454545455	0.067227840909091		1
000507:	0.878161363636364	0.075990909090909	0.045847727272727		1
000508:	0.873417045454545	0.067364772727273	0.059218181818182		1
000509:	0.889648863636364	0.094350568181818	0.016000568181818		1
000510:	0.878856250000000	0.101249431818182	0.019894318181818		1
000511:	0.949760795454546	0.032114204545455	0.018125000000000		1
000512:	0.666724431818182	0.316070454545455	0.017205113636364		1
000513:	0.384301704545455	0.549663636363636	0.066034659090909		1
000514:	0.241271022727273	0.733717613636364	0.025011363636364		1
000515:	0.941335795454545	0.045027840909091	0.013636363636364		1
000516:	0.963567045454545	0.022039204545455	0.014393750000000		1
000517:	0.842166477272727	0.142843750000000	0.014989772727273		1
000518:	0.729432954545455	0.257015909090909	0.013551136363636		1
000519:	0.832394886363636	0.132821590909091	0.034783522727273		1
000520:	0.129592045454545	0.743482386363636	0.126925568181818		1
000521:	0.762834090909091	0.226484659090909	0.010681250000000		1
000522:	0.691872727272727	0.117556250000000	0.190571022727273		1
000523:	0.378984090909091	0.253192045454545	0.367823863636364		1
000524:	0.945284090909091	0.030909090909091	0.023806818181818		1
000525:	0.806050000000000	0.165405113636364	0.028544886363636		1
000526:	0.945525568181818	0.026761931818182	0.027712500000000		1
000527:	0.634679545454545	0.311052840909091	0.054267613636364		1
000528:	0.061461931818182	0.870226704545455	0.068311363636364		1
000529:	0.567333522727273	0.283000000000000	0.149666477272727		1
000530:	0.066689204545455	0.829301136363636	0.104009659090909		1
000531:	0.541151704545455	0.428044318181818	0.030803977272727		1
000532:	0.154790340909091	0.831214204545455	0.013995454545455		1
000533:	0.803676136363636	0.186172727272727	0.010151136363636		1
000534:	0.906700568181818	0.070065909090909	0.023233522727273		1
000535:	0.043744886363636	0.939472159090909	0.016782954545455		1
000536:	0.418672159090909	0.557231250000000	0.024096590909091		1
000537:	0.425065340909091	0.044464772727273	0.530469886363636		1
000538:	0.115492613636364	0.808456818181818	0.076050568181818		1
000539:	0.362651136363636	0.243597727272727	0.393751136363636		1
000540:	0.558669886363636	0.326023295454545	0.115306818181818		1
000541:	0.938002272727273	0.041141477272727	0.020856250000000		1
000542:	0.859155113636364	0.028753977272727	0.112090909090909		1
000543:	0.291889204545455	0.616456818181818	0.091653977272727		1
000544:	0.507484090909091	0.482019886363636	0.010496022727273		1
000545:	0.951351136363636	0.039102840909091	0.009546022727273		1
000546:	0.930890340909091	0.037442613636364	0.031667045454545		1
000547:	0.763602272727273	0.213923863636364	0.022473863636364		1
000548:	0.907463636363636	0.077944886363636	0.014591477272727		1
000549:	0.247766477272727	0.730475568181818	0.021757954545455		1
000550:	0.841685795454545	0.104140340909091	0.054173863636364		1
000551:	0.709660227272727	0.223893750000000	0.066446022727273		1
000552:	0.071447727272727	0.898528977272727	0.030023295454545		1
000553:	0.336013636363636	0.633740909090909	0.030245454545455		1
000554:	0.113648863636364	0.854756250000000	0.031594886363636		1
000555:	0.225085227272727	0.746002840909091	0.028911931818182		1
000556:	0.107671022727273	0.846265909090909	0.046063068181818		1
000557:	0.356413636363636	0.612163068181818	0.031423295454545		1
000558:	0.058249431818182	0.912141477272727	0.029609090909091		1
000559:	0.090423295454545	0.894689204545455	0.014887500000000		1
000560:	0.028593750000000	0.934352272727273	0.037053977272727		1
000561:	0.321886363636364	0.444643750000000	0.233469886363636		1
000562:	0.937731818181818	0.050177840909091	0.012090340909091		1
000563:	0.378010795454545	0.236536931818182	0.385452272727273		1
000564:	0.307554545454545	0.604030113636364	0.088415340909091		1
000565:	0.113486931818182	0.855025568181818	0.031487500000000		1
000566:	0.061061931818182	0.924807954545455	0.014130113636364		1
000567:	0.031685227272727	0.956738068181818	0.011576704545455		1
000568:	0.048315909090909	0.938292045454545	0.013392045454545		1
000569:	0.908126704545455	0.077899431818182	0.013973863636364		1
000570:	0.956828977272727	0.030134659090909	0.013036363636364		1
000571:	0.032761363636364	0.958689772727273	0.008548863636364		1
000572:	0.943990340909091	0.046293750000000	0.009715909090909		1
000573:	0.944248295454545	0.043169886363636	0.012581818181818		1
000574:	0.211863636363636	0.769072727272727	0.019063636363636		1
000575:	0.883665909090909	0.075110227272727	0.041223863636364		1
000576:	0.276599431818182	0.683089204545455	0.040311363636364		1
000577:	0.414540909090909	0.322203977272727	0.263255113636364		1
000578:	0.343874431818182	0.569115909090909	0.087009659090909		1
000579:	0.249852272727273	0.714464204545455	0.035683522727273		1
000580:	0.330626136363636	0.131217045454545	0.538156818181818		1
000581:	0.081517045454545	0.856136931818182	0.062346022727273		1
000582:	0.395574431818182	0.564317613636364	0.040107954545455		1
000583:	0.875065909090909	0.019540909090909	0.105393181818182		1
000584:	0.206112500000000	0.760567045454545	0.033320454545455		1
000585:	0.028247159090909	0.962094318181818	0.009658522727273		1
000586:	0.186374431818182	0.795031818181818	0.018593750000000		1
000587:	0.850199431818182	0.125668181818182	0.024132386363636		1
000588:	0.465020454545455	0.442780681818182	0.092198863636364		1
000589:	0.939101136363636	0.040167045454545	0.020731818181818		1
000590:	0.734760795454545	0.190657386363636	0.074581818181818		1
000591:	0.300824431818182	0.685282386363636	0.013893181818182		1
000592:	0.192063636363636	0.792849431818182	0.015086931818182		1
000593:	0.171327272727273	0.733726136363636	0.094946590909091		1
000594:	0.905414204545455	0.053706818181818	0.040878977272727		1
000595:	0.701117045454545	0.084910227272727	0.213972727272727		1
000596:	0.784113636363636	0.146421590909091	0.069464772727273		1
000597:	0.316056818181818	0.623357386363636	0.060585795454545		1
000598:	0.779966477272727	0.197189772727273	0.022843750000000		1
000599:	0.098964204545455	0.828582954545454	0.072452840909091		1
000600:	0.188615340909091	0.725473863636364	0.085910795454545		1
000601:	0.029143181818182	0.959189772727273	0.011667045454545		1
000602:	0.752424431818182	0.199856250000000	0.047719318181818		1
000603:	0.503111931818182	0.484184659090909	0.012703409090909		1
000604:	0.927881818181818	0.046923295454545	0.025194886363636		1
