Estimated Clustering Probabilities for Samples
Sample	***Cluster  01***	***Cluster  02***	***Cluster  03***	***Cluster  04***	***Cluster  05***	***Cluster  06***	***Cluster  07***	
000001:	0.288547159090909	0.153861931818182	0.010814204545455	0.115155681818182	0.252081818181818	0.090678977272727	0.088860227272727		1
000002:	0.779871590909091	0.097375568181818	0.005980113636364	0.039421022727273	0.046748863636364	0.018250568181818	0.012352272727273		1
000003:	0.104523863636364	0.596115909090909	0.007356250000000	0.037363636363636	0.188901136363636	0.015642045454545	0.050097159090909		1
000004:	0.380114204545455	0.072963068181818	0.012250000000000	0.398102840909091	0.063330113636364	0.028618181818182	0.044621590909091		1
000005:	0.413011363636364	0.372552840909091	0.008618750000000	0.049601136363636	0.051448295454545	0.040914772727273	0.063852840909091		1
000006:	0.287903977272727	0.111737500000000	0.009166477272727	0.426595454545455	0.031459090909091	0.107173863636364	0.025963636363636		1
000007:	0.342617045454545	0.398086931818182	0.010001136363636	0.054605113636364	0.061277272727273	0.032379545454545	0.101032954545455		1
000008:	0.868696022727273	0.030998295454545	0.004048295454545	0.032615340909091	0.035413636363636	0.013657954545455	0.014570454545455		1
000009:	0.001430113636364	0.000997727272727	0.995050568181818	0.001276704545455	0.000650568181818	0.000218181818182	0.000376136363636		1
000010:	0.582048295454546	0.110367613636364	0.065162500000000	0.067394886363636	0.096850568181818	0.036957954545455	0.041218181818182		1
000011:	0.079744886363636	0.222350568181818	0.091257386363636	0.186933522727273	0.278482954545455	0.089841477272727	0.051389204545455		1
000012:	0.057269886363636	0.360032386363636	0.093848863636364	0.130792045454545	0.105186931818182	0.227725568181818	0.025144318181818		1
000013:	0.039898863636364	0.059693750000000	0.278334659090909	0.308742045454545	0.081691477272727	0.207306250000000	0.024332954545455		1
000014:	0.040431250000000	0.025090340909091	0.028389772727273	0.837785795454545	0.023243181818182	0.031982954545455	0.013076704545455		1
000015:	0.057771022727273	0.104774431818182	0.030300000000000	0.110293181818182	0.601937500000000	0.077905113636364	0.017018750000000		1
000016:	0.015206818181818	0.021291477272727	0.021935795454545	0.870440909090909	0.028461931818182	0.029840909090909	0.012822159090909		1
000017:	0.000768750000000	0.993400568181818	0.001204545454545	0.001305681818182	0.000867045454545	0.002038636363636	0.000414772727273		1
000018:	0.024377840909091	0.080582386363636	0.158108522727273	0.110589772727273	0.037280113636364	0.574799431818182	0.014261931818182		1
000019:	0.049420454545455	0.350413068181818	0.060043181818182	0.068130681818182	0.353830113636364	0.088005113636364	0.030157386363636		1
000020:	0.053236363636364	0.238981818181818	0.067802840909091	0.353031250000000	0.039247159090909	0.218096590909091	0.029603977272727		1
000021:	0.025356250000000	0.083418750000000	0.038257954545455	0.038340340909091	0.163493750000000	0.518425568181818	0.132707386363636		1
000022:	0.000073295454545	0.000173863636364	0.000515340909091	0.006634090909091	0.991784090909091	0.000265909090909	0.000553409090909		1
000023:	0.068799431818182	0.126121590909091	0.136780113636364	0.068052840909091	0.108936363636364	0.273417045454545	0.217892613636364		1
000024:	0.008265909090909	0.009786931818182	0.091419886363636	0.825113636363636	0.013340909090909	0.043013636363636	0.009059090909091		1
000025:	0.033809659090909	0.051588068181818	0.257777840909091	0.137777840909091	0.342057954545455	0.152350568181818	0.024638068181818		1
000026:	0.024766477272727	0.080297727272727	0.082028977272727	0.055009659090909	0.376276136363636	0.342874431818182	0.038746590909091		1
000027:	0.025701704545455	0.053783522727273	0.114672727272727	0.056396590909091	0.075926704545455	0.656529545454545	0.016989204545455		1
000028:	0.077629545454545	0.515341477272727	0.024947159090909	0.045437500000000	0.053271590909091	0.151002272727273	0.132370454545455		1
000029:	0.046131250000000	0.240724431818182	0.063246022727273	0.131918181818182	0.142669886363636	0.335865340909091	0.039444886363636		1
000030:	0.044582954545455	0.103000000000000	0.087552840909091	0.096381250000000	0.575863068181818	0.066726136363636	0.025893750000000		1
000031:	0.023453409090909	0.073498863636364	0.163035227272727	0.038103409090909	0.050104545454545	0.626423295454545	0.025381250000000		1
000032:	0.020938068181818	0.035451136363636	0.030395454545455	0.136380681818182	0.076430113636364	0.685623295454545	0.014781250000000		1
000033:	0.055342613636364	0.078706250000000	0.063989204545455	0.061660227272727	0.426266477272727	0.220076136363636	0.093959090909091		1
000034:	0.018351136363636	0.010785795454545	0.013122727272727	0.914457954545455	0.010534090909091	0.027301136363636	0.005447159090909		1
000035:	0.097870454545455	0.032565909090909	0.072248863636364	0.023260227272727	0.049227272727273	0.696986363636364	0.027840909090909		1
000036:	0.066488068181818	0.452934659090909	0.054084659090909	0.135203977272727	0.061785227272727	0.188424431818182	0.041078977272727		1
000037:	0.042077272727273	0.193978977272727	0.049435795454545	0.102718181818182	0.065440909090909	0.525368750000000	0.020980113636364		1
000038:	0.026203977272727	0.033140340909091	0.316117045454545	0.089213636363636	0.270914204545455	0.062554545454545	0.201856250000000		1
000039:	0.101431818181818	0.120559659090909	0.148069886363636	0.077004545454545	0.139412500000000	0.395102272727273	0.018419318181818		1
000040:	0.022522159090909	0.039155681818182	0.110952840909091	0.596283522727273	0.122838636363636	0.082732954545455	0.025514204545455		1
000041:	0.040543750000000	0.106975568181818	0.064587500000000	0.181117045454545	0.112436931818182	0.466759090909091	0.027580113636364		1
000042:	0.068369318181818	0.085455113636364	0.105535227272727	0.104981818181818	0.042985795454545	0.569084090909091	0.023588636363636		1
000043:	0.027324431818182	0.330964772727273	0.063884090909091	0.275459090909091	0.175530681818182	0.084289204545455	0.042547727272727		1
000044:	0.103056818181818	0.230022727272727	0.065131250000000	0.116433522727273	0.161278409090909	0.291254545454545	0.032822727272727		1
000045:	0.037392045454545	0.127272159090909	0.066268181818182	0.040610795454545	0.056360795454545	0.654297159090909	0.017798863636364		1
000046:	0.051077840909091	0.057709090909091	0.075515909090909	0.092409090909091	0.218385227272727	0.307240340909091	0.197662500000000		1
000047:	0.232661931818182	0.111156250000000	0.117391477272727	0.200375568181818	0.067546590909091	0.204643750000000	0.066224431818182		1
000048:	0.148610795454545	0.447480113636364	0.020310795454545	0.089505681818182	0.187521590909091	0.074151704545455	0.032419318181818		1
000049:	0.087919886363636	0.287172727272727	0.030277272727273	0.068053409090909	0.440476136363636	0.063066477272727	0.023034090909091		1
000050:	0.035327840909091	0.065819886363636	0.021936931818182	0.297102272727273	0.469595454545455	0.094263636363636	0.015953977272727		1
000051:	0.048710795454545	0.103314204545455	0.021869318181818	0.766332386363636	0.020169318181818	0.019873863636364	0.019730113636364		1
000052:	0.034715909090909	0.024552840909091	0.008711363636364	0.841202840909091	0.046611363636364	0.033282386363636	0.010923295454545		1
000053:	0.124616477272727	0.155894886363636	0.050834659090909	0.137242045454545	0.405102840909091	0.104430113636364	0.021878977272727		1
000054:	0.095330681818182	0.063525568181818	0.375122727272727	0.089181818181818	0.105580681818182	0.221330113636364	0.049928409090909		1
000055:	0.144336363636364	0.165730681818182	0.055221022727273	0.222495454545455	0.308411931818182	0.079529545454545	0.024275000000000		1
000056:	0.079185227272727	0.088010227272727	0.036110227272727	0.180740909090909	0.484426704545455	0.101999431818182	0.029527272727273		1
000057:	0.441346590909091	0.054678977272727	0.024265909090909	0.113838068181818	0.060803977272727	0.288232954545455	0.016833522727273		1
000058:	0.014813068181818	0.008133522727273	0.014682954545455	0.008847159090909	0.917530681818182	0.030407954545455	0.005584659090909		1
000059:	0.034960227272727	0.131441477272727	0.068014772727273	0.033140340909091	0.422959090909091	0.266117045454545	0.043367045454545		1
000060:	0.017747159090909	0.294275568181818	0.011982386363636	0.017914204545455	0.608500568181818	0.034985227272727	0.014594886363636		1
000061:	0.046772727272727	0.121539772727273	0.021969886363636	0.079915340909091	0.576348295454545	0.137872159090909	0.015581818181818		1
000062:	0.005055113636364	0.010800000000000	0.002462500000000	0.895957386363636	0.013875568181818	0.004603409090909	0.067246022727273		1
000063:	0.101564772727273	0.037828977272727	0.009943181818182	0.794398863636364	0.021323295454545	0.022509090909091	0.012431818181818		1
000064:	0.409243181818182	0.038456818181818	0.014009659090909	0.455923295454545	0.021802840909091	0.024739204545455	0.035825000000000		1
000065:	0.295340340909091	0.111700000000000	0.023097159090909	0.058478409090909	0.428043750000000	0.055965909090909	0.027374431818182		1
000066:	0.101944886363636	0.137513068181818	0.093315340909091	0.081726704545455	0.185009090909091	0.383632954545455	0.016857954545455		1
000067:	0.084297727272727	0.071054545454545	0.023431818181818	0.711420454545455	0.043715909090909	0.036871590909091	0.029207954545455		1
000068:	0.044065909090909	0.048393181818182	0.035104545454545	0.023150000000000	0.749375000000000	0.085719318181818	0.014192045454545		1
000069:	0.066268181818182	0.199551136363636	0.021681250000000	0.084934659090909	0.280718181818182	0.315275000000000	0.031571590909091		1
000070:	0.075164772727273	0.172053409090909	0.058899431818182	0.289382954545455	0.112496022727273	0.196973295454545	0.095030113636364		1
000071:	0.032688068181818	0.038175000000000	0.021969886363636	0.024286363636364	0.781604545454545	0.071740340909091	0.029535795454545		1
000072:	0.082942613636364	0.091140909090909	0.028449431818182	0.319263636363636	0.285333522727273	0.094919318181818	0.097950568181818		1
000073:	0.073782954545455	0.414762500000000	0.031034659090909	0.057794318181818	0.330001704545455	0.063936363636364	0.028687500000000		1
000074:	0.036574431818182	0.079203409090909	0.315744886363636	0.288436363636364	0.132414772727273	0.127434659090909	0.020191477272727		1
000075:	0.046126136363636	0.040340909090909	0.016305681818182	0.015217045454545	0.026609659090909	0.083086931818182	0.772313636363636		1
000076:	0.471985227272727	0.038711931818182	0.024594318181818	0.031994886363636	0.062853977272727	0.045453977272727	0.324405681818182		1
000077:	0.085173295454545	0.074531818181818	0.102984090909091	0.065578977272727	0.400917045454545	0.112810795454545	0.158003977272727		1
000078:	0.057557386363636	0.139828409090909	0.029661363636364	0.255661931818182	0.366416477272727	0.090607386363636	0.060267045454545		1
000079:	0.049991477272727	0.053163068181818	0.054322727272727	0.039121590909091	0.699953409090909	0.079631818181818	0.023815909090909		1
000080:	0.051348863636364	0.077732386363636	0.159763636363636	0.037989772727273	0.412948863636364	0.220474431818182	0.039742045454545		1
000081:	0.101724431818182	0.514426704545455	0.018877272727273	0.041578409090909	0.226182386363636	0.068937500000000	0.028273295454545		1
000082:	0.096488068181818	0.102909090909091	0.016809659090909	0.056551136363636	0.645581818181818	0.053136363636364	0.028523863636364		1
000083:	0.378461363636364	0.013293181818182	0.011453977272727	0.007593181818182	0.003425568181818	0.579491477272727	0.006281250000000		1
000084:	0.016486363636364	0.018714772727273	0.024200000000000	0.869792045454545	0.023359090909091	0.027780113636364	0.019667613636364		1
000085:	0.165575568181818	0.308682386363636	0.061773863636364	0.116293181818182	0.057252272727273	0.228356250000000	0.062066477272727		1
000086:	0.246240340909091	0.154593750000000	0.046997159090909	0.387833522727273	0.058011363636364	0.076283522727273	0.030040340909091		1
000087:	0.035156818181818	0.347492045454545	0.026628409090909	0.028860227272727	0.478803409090909	0.066542613636364	0.016516477272727		1
000088:	0.049056250000000	0.077060227272727	0.050405113636364	0.057325568181818	0.081743181818182	0.645215909090909	0.039193750000000		1
000089:	0.051776704545455	0.043139772727273	0.039655681818182	0.036240340909091	0.336463636363636	0.378611931818182	0.114111931818182		1
000090:	0.046751704545455	0.059549431818182	0.118682386363636	0.127154545454545	0.184422727272727	0.429193750000000	0.034245454545455		1
000091:	0.066683522727273	0.038835227272727	0.307702840909091	0.046450568181818	0.304486931818182	0.112535227272727	0.123305681818182		1
000092:	0.126698863636364	0.088150568181818	0.052355681818182	0.060536931818182	0.557564204545455	0.083980681818182	0.030713068181818		1
000093:	0.221339772727273	0.103780113636364	0.107135227272727	0.063841477272727	0.229371590909091	0.225075000000000	0.049456818181818		1
000094:	0.067328409090909	0.038460227272727	0.065019318181818	0.038256818181818	0.669150000000000	0.092269318181818	0.029515909090909		1
000095:	0.062116477272727	0.111294886363636	0.015968181818182	0.069284659090909	0.686905113636364	0.033924431818182	0.020506250000000		1
000096:	0.025172159090909	0.052893181818182	0.014236363636364	0.844412500000000	0.022747159090909	0.025871590909091	0.014667045454545		1
000097:	0.031532954545455	0.095599431818182	0.021436931818182	0.021427840909091	0.367772727272727	0.451653409090909	0.010576704545455		1
000098:	0.041775000000000	0.070748295454545	0.023016477272727	0.022942613636364	0.726296022727273	0.104054545454545	0.011167045454545		1
000099:	0.050118181818182	0.187127840909091	0.039567613636364	0.415040909090909	0.135265909090909	0.142155681818182	0.030723863636364		1
000100:	0.056666477272727	0.146007386363636	0.021977272727273	0.569276136363636	0.102281818181818	0.091786931818182	0.012003977272727		1
000101:	0.087382954545455	0.174618750000000	0.023392045454545	0.074917613636364	0.038791477272727	0.584656818181818	0.016240340909091		1
000102:	0.077868181818182	0.127503977272727	0.055284090909091	0.235255681818182	0.173373863636364	0.303011931818182	0.027702272727273		1
000103:	0.088328409090909	0.231132386363636	0.127296022727273	0.052110795454545	0.346502272727273	0.111745454545455	0.042884659090909		1
000104:	0.031969886363636	0.033841477272727	0.029586363636364	0.777494886363636	0.073890909090909	0.039513636363636	0.013702840909091		1
000105:	0.048350568181818	0.103215340909091	0.080011931818182	0.223120454545455	0.144593181818182	0.376198295454545	0.024510227272727		1
000106:	0.040690340909091	0.191619318181818	0.037994318181818	0.033193181818182	0.191773863636364	0.484376136363636	0.020352840909091		1
000107:	0.079139204545455	0.361013068181818	0.023714772727273	0.309306818181818	0.050777840909091	0.149569318181818	0.026478977272727		1
000108:	0.017702272727273	0.022059659090909	0.023509090909091	0.828286363636364	0.020759090909091	0.078021022727273	0.009662500000000		1
000109:	0.035152840909091	0.310660795454545	0.035223295454545	0.041322159090909	0.179575568181818	0.354971022727273	0.043094318181818		1
000110:	0.461150568181818	0.001926704545455	0.012967613636364	0.016887500000000	0.480549431818182	0.022425568181818	0.004092613636364		1
000111:	0.110326704545455	0.082917045454545	0.029683522727273	0.361177840909091	0.297131818181818	0.082906818181818	0.035856250000000		1
000112:	0.042910795454545	0.088410227272727	0.063433522727273	0.150013068181818	0.041953409090909	0.569203409090909	0.044075568181818		1
000113:	0.136337500000000	0.171761363636364	0.029277272727273	0.171747159090909	0.362308522727273	0.098163068181818	0.030405113636364		1
000114:	0.061368750000000	0.041407954545455	0.018240340909091	0.020879545454545	0.615576704545455	0.196182386363636	0.046344318181818		1
000115:	0.098600568181818	0.155284659090909	0.055222159090909	0.098134090909091	0.311789772727273	0.234769886363636	0.046198863636364		1
000116:	0.113101704545455	0.314719886363636	0.038096022727273	0.204063636363636	0.196149431818182	0.075254545454545	0.058614772727273		1
000117:	0.232230681818182	0.036189772727273	0.038378977272727	0.083347727272727	0.049034090909091	0.536041477272727	0.024777272727273		1
000118:	0.168452272727273	0.253081250000000	0.030797727272727	0.169644886363636	0.239973295454545	0.075733522727273	0.062317045454545		1
000119:	0.041115909090909	0.144699431818182	0.046318181818182	0.096239772727273	0.351680113636364	0.302277840909091	0.017668750000000		1
000120:	0.506736363636364	0.170207386363636	0.036807386363636	0.069764772727273	0.128067045454545	0.063237500000000	0.025179545454545		1
000121:	0.045161931818182	0.135921590909091	0.171900568181818	0.077018750000000	0.353613636363636	0.153435227272727	0.062948295454545		1
000122:	0.062678977272727	0.437222159090909	0.025453977272727	0.050692045454545	0.151061931818182	0.256423295454545	0.016467613636364		1
000123:	0.034618750000000	0.432997159090909	0.032553977272727	0.042654545454545	0.380500000000000	0.038825568181818	0.037850000000000		1
000124:	0.130015909090909	0.227367045454545	0.090121590909091	0.049245454545455	0.088682954545455	0.330661363636364	0.083905681818182		1
000125:	0.163384659090909	0.414873295454545	0.033584090909091	0.190745454545455	0.072514204545455	0.068817045454545	0.056081250000000		1
000126:	0.036395454545455	0.018337500000000	0.025553409090909	0.032655113636364	0.049637500000000	0.033914772727273	0.803506250000000		1
000127:	0.142824431818182	0.180485795454545	0.068188636363636	0.166431250000000	0.248113636363636	0.161159090909091	0.032797159090909		1
000128:	0.086337500000000	0.214592045454545	0.028414204545455	0.081102840909091	0.491864772727273	0.072411931818182	0.025276704545455		1
000129:	0.039975568181818	0.171176704545455	0.070940340909091	0.030380681818182	0.354384659090909	0.314376136363636	0.018765909090909		1
000130:	0.086027272727273	0.215305113636364	0.051205681818182	0.056426704545455	0.497469886363636	0.043101136363636	0.050464204545455		1
000131:	0.075064772727273	0.114269886363636	0.032358522727273	0.079094886363636	0.395764772727273	0.254160795454545	0.049286363636364		1
000132:	0.038577840909091	0.178539772727273	0.023328409090909	0.611854545454545	0.053296022727273	0.074545454545455	0.019857954545455		1
000133:	0.086101704545455	0.136313636363636	0.083030113636364	0.066996022727273	0.255761363636364	0.118318181818182	0.253478977272727		1
000134:	0.120619886363636	0.051804545454545	0.065794886363636	0.061096590909091	0.610006818181818	0.062703977272727	0.027973295454545		1
000135:	0.074486363636364	0.103576136363636	0.103518181818182	0.027687500000000	0.250195454545455	0.411876704545455	0.028659659090909		1
000136:	0.153962500000000	0.064249431818182	0.033416477272727	0.062213068181818	0.623485227272727	0.040420454545455	0.022252840909091		1
000137:	0.040417613636364	0.052602272727273	0.164156818181818	0.105660795454545	0.179668750000000	0.429354545454545	0.028139204545455		1
000138:	0.103456818181818	0.156910795454545	0.054551136363636	0.073717613636364	0.405841477272727	0.114968181818182	0.090553977272727		1
000139:	0.123113068181818	0.289070454545455	0.086240909090909	0.073517045454545	0.137390340909091	0.227373295454545	0.063294886363636		1
000140:	0.028691477272727	0.048090340909091	0.569163068181818	0.056532954545455	0.053750000000000	0.180210795454545	0.063561363636364		1
000141:	0.134598863636364	0.124174431818182	0.028748863636364	0.487490909090909	0.073536363636364	0.052595454545455	0.098855113636364		1
000142:	0.065166477272727	0.114334659090909	0.049200568181818	0.108465340909091	0.271753977272727	0.369230113636364	0.021848863636364		1
000143:	0.064396590909091	0.353281250000000	0.034048863636364	0.124796590909091	0.244677272727273	0.148001136363636	0.030798295454545		1
000144:	0.115886931818182	0.372540340909091	0.023720454545455	0.123398295454545	0.105936363636364	0.230577272727273	0.027940340909091		1
000145:	0.079951136363636	0.116403977272727	0.037837500000000	0.661765909090909	0.044796590909091	0.038776704545455	0.020468181818182		1
000146:	0.111861931818182	0.207654545454545	0.151378409090909	0.176110795454545	0.125785227272727	0.201448295454545	0.025760795454545		1
000147:	0.129214772727273	0.234643181818182	0.035431250000000	0.067678977272727	0.454255113636364	0.067586931818182	0.011189772727273		1
000148:	0.079086931818182	0.649135795454545	0.029351704545455	0.030826704545455	0.155353977272727	0.041068181818182	0.015176704545455		1
000149:	0.054452840909091	0.000217613636364	0.932594318181818	0.001769886363636	0.000330113636364	0.010084659090909	0.000550568181818		1
000150:	0.041796022727273	0.093688068181818	0.094024431818182	0.052194318181818	0.084737500000000	0.612351704545455	0.021207954545455		1
000151:	0.250764772727273	0.484917045454545	0.016757954545455	0.164223295454545	0.029596590909091	0.042193181818182	0.011547159090909		1
000152:	0.087626704545455	0.274173295454545	0.064805113636364	0.167831818181818	0.200468750000000	0.126637500000000	0.078456818181818		1
000153:	0.041761931818182	0.369494886363636	0.037138068181818	0.090094886363636	0.072910795454545	0.368790340909091	0.019809090909091		1
000154:	0.548556818181818	0.031576136363636	0.011751704545455	0.319327272727273	0.047164772727273	0.035116477272727	0.006506818181818		1
000155:	0.128093750000000	0.094822159090909	0.086215909090909	0.230568181818182	0.340247727272727	0.095469318181818	0.024582954545455		1
000156:	0.078275568181818	0.232450000000000	0.031997159090909	0.198567045454545	0.043475568181818	0.387888636363636	0.027346022727273		1
000157:	0.165273295454545	0.034034090909091	0.015718181818182	0.706463636363636	0.020842045454545	0.025509090909091	0.032159659090909		1
000158:	0.423417613636364	0.205550568181818	0.032446022727273	0.092402840909091	0.053119886363636	0.092976136363636	0.100086931818182		1
000159:	0.159349431818182	0.051565909090909	0.026578977272727	0.478439204545455	0.031590340909091	0.156202840909091	0.096273295454545		1
000160:	0.317631250000000	0.012137500000000	0.626311363636364	0.013180681818182	0.004775568181818	0.010590909090909	0.015372727272727		1
000161:	0.651836931818182	0.143359659090909	0.016868750000000	0.086004545454545	0.029473295454545	0.035513068181818	0.036943750000000		1
000162:	0.279978977272727	0.087613636363636	0.178521590909091	0.037378977272727	0.034107954545455	0.263140340909091	0.119258522727273		1
000163:	0.314461363636364	0.149194318181818	0.006538636363636	0.022167045454545	0.472165340909091	0.018661931818182	0.016811363636364		1
000164:	0.230578409090909	0.024852272727273	0.007142613636364	0.682897159090909	0.023605113636364	0.008487500000000	0.022436931818182		1
000165:	0.814398295454545	0.032754545454545	0.015978977272727	0.070021590909091	0.034601136363636	0.011911363636364	0.020334090909091		1
000166:	0.960479545454546	0.018919886363636	0.001863068181818	0.003957954545455	0.004124431818182	0.005049431818182	0.005605681818182		1
000167:	0.434835795454545	0.263342045454545	0.020318750000000	0.048567045454545	0.104811363636364	0.047378409090909	0.080746590909091		1
000168:	0.105764772727273	0.111575000000000	0.063518181818182	0.281753977272727	0.269290340909091	0.136149431818182	0.031948295454545		1
000169:	0.053164772727273	0.296431250000000	0.024365340909091	0.041368750000000	0.366533522727273	0.194092045454545	0.024044318181818		1
000170:	0.094125568181818	0.259375000000000	0.030411931818182	0.039411363636364	0.507469318181818	0.051714204545455	0.017492613636364		1
000171:	0.033087500000000	0.064085795454545	0.009603977272727	0.789184659090909	0.048084090909091	0.039589204545455	0.016364772727273		1
000172:	0.131032386363636	0.499088636363636	0.052484090909091	0.055596590909091	0.078438068181818	0.132165340909091	0.051194886363636		1
000173:	0.002922159090909	0.000947159090909	0.000368181818182	0.004664772727273	0.000451136363636	0.015157954545455	0.975488636363636		1
000174:	0.044499431818182	0.072096590909091	0.083338636363636	0.049988636363636	0.572596022727273	0.165908522727273	0.011572159090909		1
000175:	0.027861931818182	0.026937500000000	0.013471590909091	0.867377840909091	0.024306250000000	0.034323863636364	0.005721022727273		1
000176:	0.063630681818182	0.274959090909091	0.028095454545455	0.142044318181818	0.226991477272727	0.219497727272727	0.044781250000000		1
000177:	0.042409090909091	0.253660227272727	0.027695454545455	0.109077840909091	0.391601704545455	0.157742613636364	0.017813068181818		1
000178:	0.115555681818182	0.178710227272727	0.027581818181818	0.173335795454545	0.290929545454545	0.203747159090909	0.010139772727273		1
000179:	0.000410795454545	0.000081818181818	0.997911931818182	0.000472159090909	0.000535795454545	0.000547159090909	0.000040340909091		1
000180:	0.017075000000000	0.010673863636364	0.013492045454545	0.899601136363636	0.009553409090909	0.045427840909091	0.004176704545455		1
000181:	0.031471022727273	0.025657954545455	0.010363068181818	0.848321022727273	0.027765909090909	0.021571022727273	0.034850000000000		1
000182:	0.098831250000000	0.101659090909091	0.111412500000000	0.223594886363636	0.119098863636364	0.300315340909091	0.045088068181818		1
000183:	0.030966477272727	0.071659659090909	0.007334659090909	0.809618750000000	0.036331818181818	0.033043750000000	0.011044886363636		1
000184:	0.147587500000000	0.175077840909091	0.056675000000000	0.078188068181818	0.453407954545455	0.073469318181818	0.015594318181818		1
000185:	0.152675000000000	0.203176136363636	0.083823295454545	0.054073295454545	0.055392613636364	0.427624431818182	0.023235227272727		1
000186:	0.017911931818182	0.017716477272727	0.038977840909091	0.824348863636364	0.034663636363636	0.042047727272727	0.024333522727273		1
000187:	0.011500000000000	0.006282954545455	0.004061363636364	0.911852840909091	0.004854545454545	0.058228977272727	0.003219318181818		1
000188:	0.047156250000000	0.432421590909091	0.026378409090909	0.176447727272727	0.195600000000000	0.072767613636364	0.049228409090909		1
000189:	0.054559090909091	0.854299431818182	0.007048863636364	0.022254545454545	0.020285227272727	0.035732386363636	0.005820454545455		1
000190:	0.125092045454545	0.408751704545455	0.046180113636364	0.070786931818182	0.202150568181818	0.120714772727273	0.026323863636364		1
000191:	0.048911363636364	0.550784090909091	0.014601704545455	0.034660795454545	0.042963636363636	0.291862500000000	0.016215909090909		1
000192:	0.096324431818182	0.253740340909091	0.038631818181818	0.130752840909091	0.084758522727273	0.368455113636364	0.027336931818182		1
000193:	0.032361931818182	0.218783522727273	0.031101136363636	0.125121022727273	0.077918750000000	0.502085227272727	0.012628409090909		1
000194:	0.073507386363636	0.131105681818182	0.071413068181818	0.086120454545455	0.504809090909091	0.116934659090909	0.016109659090909		1
000195:	0.050143181818182	0.392441477272727	0.018986363636364	0.054051136363636	0.105118181818182	0.360432386363636	0.018827272727273		1
000196:	0.260965909090909	0.006422159090909	0.002739772727273	0.706590340909091	0.006242045454545	0.005432386363636	0.011607386363636		1
000197:	0.216040909090909	0.580002272727273	0.008617613636364	0.078351136363636	0.031136363636364	0.057977840909091	0.027873863636364		1
000198:	0.459538068181818	0.094121590909091	0.053626704545455	0.092097727272727	0.073918181818182	0.176059090909091	0.050638636363636		1
000199:	0.795003409090909	0.043368750000000	0.013914772727273	0.057557386363636	0.037532386363636	0.020215340909091	0.032407954545455		1
000200:	0.697923295454545	0.042619886363636	0.013598863636364	0.042447159090909	0.088588068181818	0.034147727272727	0.080675000000000		1
000201:	0.207618181818182	0.031501136363636	0.017200000000000	0.669080113636364	0.037392045454545	0.015888636363636	0.021319886363636		1
000202:	0.084640340909091	0.086035227272727	0.057481818181818	0.216022727272727	0.342364772727273	0.176167045454545	0.037288068181818		1
000203:	0.108281818181818	0.525392613636364	0.039588636363636	0.096376704545455	0.146605113636364	0.067247159090909	0.016507954545455		1
000204:	0.109430681818182	0.300560795454545	0.033766477272727	0.302430113636364	0.155281818181818	0.051708522727273	0.046821590909091		1
000205:	0.300260227272727	0.004835795454545	0.000202272727273	0.000403977272727	0.000398295454545	0.693826704545455	0.000072727272727		1
000206:	0.063027840909091	0.233813068181818	0.073769886363636	0.189778977272727	0.319821590909091	0.078755681818182	0.041032954545455		1
000207:	0.088106250000000	0.091112500000000	0.038159659090909	0.041567045454545	0.185254545454545	0.481192613636364	0.074607386363636		1
000208:	0.184760227272727	0.342948295454545	0.032975000000000	0.209036931818182	0.112114772727273	0.091465340909091	0.026699431818182		1
000209:	0.133549431818182	0.215506250000000	0.024511931818182	0.462105113636364	0.053702272727273	0.072261363636364	0.038363636363636		1
000210:	0.188553977272727	0.471022159090909	0.030967613636364	0.180719318181818	0.042075000000000	0.067359659090909	0.019302272727273		1
000211:	0.107407386363636	0.729534090909091	0.017677272727273	0.065302272727273	0.020389204545455	0.034905113636364	0.024784659090909		1
000212:	0.193305681818182	0.093708522727273	0.014128977272727	0.470353409090909	0.105855681818182	0.060966477272727	0.061681250000000		1
000213:	0.500279545454545	0.128282386363636	0.014947159090909	0.193637500000000	0.074218181818182	0.029894886363636	0.058740340909091		1
000214:	0.391730681818182	0.201865340909091	0.051627272727273	0.079986363636364	0.169357386363636	0.043183522727273	0.062249431818182		1
000215:	0.222366477272727	0.213449431818182	0.044532954545455	0.046857954545455	0.160253409090909	0.123029545454545	0.189510227272727		1
000216:	0.476692045454545	0.034478977272727	0.008731818181818	0.140537500000000	0.015013068181818	0.015030113636364	0.309516477272727		1
000217:	0.482948295454545	0.259144318181818	0.027917613636364	0.104186931818182	0.034622159090909	0.016144318181818	0.075036363636364		1
000218:	0.460040909090909	0.212095454545455	0.013685795454545	0.179725568181818	0.045450000000000	0.025427272727273	0.063575000000000		1
000219:	0.769938636363636	0.061403409090909	0.012113068181818	0.053485795454545	0.030621022727273	0.019057954545455	0.053380113636364		1
000220:	0.538389204545455	0.070582386363636	0.012585227272727	0.259824431818182	0.047977272727273	0.016219886363636	0.054421590909091		1
000221:	0.510156818181818	0.236637500000000	0.016507954545455	0.145376136363636	0.040360795454545	0.013175000000000	0.037785795454545		1
000222:	0.528305113636364	0.026393750000000	0.004081818181818	0.383053409090909	0.004048863636364	0.003736363636364	0.050380681818182		1
000223:	0.145139772727273	0.140089772727273	0.089702272727273	0.253561363636364	0.243246022727273	0.070565909090909	0.057694886363636		1
000224:	0.018327840909091	0.017392045454545	0.055235227272727	0.060544886363636	0.750286931818182	0.050375568181818	0.047837500000000		1
000225:	0.016986363636364	0.012622159090909	0.037171022727273	0.040112500000000	0.824732954545455	0.034183522727273	0.034191477272727		1
000226:	0.041982386363636	0.025811363636364	0.028634090909091	0.124942045454545	0.619504545454545	0.061461931818182	0.097663636363636		1
000227:	0.038914204545455	0.034177840909091	0.089186363636364	0.048921022727273	0.372321022727273	0.290607954545455	0.125871590909091		1
000228:	0.039511931818182	0.012911931818182	0.788069318181818	0.031952840909091	0.020211363636364	0.027976136363636	0.079366477272727		1
000229:	0.137378977272727	0.001014204545455	0.015193750000000	0.010121590909091	0.823677840909091	0.003947727272727	0.008665909090909		1
000230:	0.065423295454545	0.033819886363636	0.049581818181818	0.066744318181818	0.037148295454545	0.025928409090909	0.721353977272727		1
000231:	0.084905681818182	0.112751136363636	0.063472727272727	0.042798863636364	0.352048295454545	0.238695454545455	0.105327840909091		1
000232:	0.018052272727273	0.006018750000000	0.629454545454545	0.020051136363636	0.005335227272727	0.005431250000000	0.315656818181818		1
000233:	0.040365340909091	0.209096022727273	0.084689204545455	0.032181818181818	0.375968181818182	0.181380113636364	0.076319318181818		1
000234:	0.027117613636364	0.025342613636364	0.184730113636364	0.014885227272727	0.604910795454545	0.099790340909091	0.043223295454545		1
000235:	0.019005113636364	0.015222727272727	0.675148863636364	0.068254545454545	0.114755681818182	0.069136363636364	0.038476704545455		1
000236:	0.031102272727273	0.036402840909091	0.204647159090909	0.264561363636364	0.058780681818182	0.070174431818182	0.334331250000000		1
000237:	0.023361931818182	0.022943750000000	0.307590340909091	0.039142045454545	0.314359090909091	0.212963636363636	0.079639204545455		1
000238:	0.023095454545455	0.048193750000000	0.038022727272727	0.818747727272727	0.017626136363636	0.024479545454545	0.029834659090909		1
000239:	0.051677272727273	0.041692613636364	0.163622159090909	0.059893181818182	0.438897727272727	0.105724431818182	0.138492613636364		1
000240:	0.023980113636364	0.015434090909091	0.035614204545455	0.025667613636364	0.048157954545455	0.041515909090909	0.809630113636364		1
000241:	0.047403409090909	0.063728409090909	0.094493181818182	0.274625000000000	0.157850000000000	0.230005681818182	0.131894318181818		1
000242:	0.027145454545455	0.005928409090909	0.068286931818182	0.026631818181818	0.684733522727273	0.163218750000000	0.024055113636364		1
000243:	0.028322727272727	0.013248295454545	0.177275568181818	0.054752272727273	0.119915909090909	0.116569886363636	0.489915340909091		1
000244:	0.045110795454545	0.008396022727273	0.053460795454545	0.083051704545455	0.615359659090909	0.043197159090909	0.151423863636364		1
000245:	0.022470454545455	0.015770454545455	0.038259090909091	0.025388636363636	0.772706818181818	0.028071022727273	0.097333522727273		1
000246:	0.023650000000000	0.097487500000000	0.188605113636364	0.035610795454545	0.105141477272727	0.453789204545455	0.095715909090909		1
000247:	0.039086363636364	0.054312500000000	0.305793750000000	0.058265340909091	0.194933522727273	0.137896590909091	0.209711931818182		1
000248:	0.073840909090909	0.003571590909091	0.019351136363636	0.011642613636364	0.751121590909091	0.006068181818182	0.134403977272727		1
000249:	0.026852840909091	0.030278977272727	0.364715909090909	0.035009090909091	0.100841477272727	0.112006818181818	0.330294886363636		1
000250:	0.014236363636364	0.012721590909091	0.118244318181818	0.022257386363636	0.745464772727273	0.059493181818182	0.027582386363636		1
000251:	0.027502840909091	0.012346022727273	0.074630113636364	0.055172727272727	0.615453409090909	0.050662500000000	0.164232386363636		1
000252:	0.004553409090909	0.018850000000000	0.197518181818182	0.018030681818182	0.050692045454545	0.654892613636364	0.055463068181818		1
000253:	0.062769318181818	0.016112500000000	0.672199431818182	0.050286363636364	0.099415340909091	0.030336931818182	0.068880113636364		1
000254:	0.056364772727273	0.029259659090909	0.335267045454545	0.085386363636364	0.271248863636364	0.045020454545455	0.177452840909091		1
000255:	0.139171590909091	0.014626136363636	0.275225568181818	0.062253977272727	0.394895454545455	0.025552272727273	0.088275000000000		1
000256:	0.032016477272727	0.023419886363636	0.025273863636364	0.018752272727273	0.844489204545455	0.020160795454545	0.035887500000000		1
000257:	0.157171022727273	0.020564772727273	0.137507954545455	0.514953977272727	0.072506250000000	0.026735795454545	0.070560227272727		1
000258:	0.030421022727273	0.021440340909091	0.033736363636364	0.032898295454545	0.817153409090909	0.030717045454545	0.033633522727273		1
000259:	0.016851136363636	0.011581250000000	0.026485795454545	0.891932386363636	0.008679545454545	0.018847727272727	0.025622159090909		1
000260:	0.037836931818182	0.035969886363636	0.165305681818182	0.034139204545455	0.059877840909091	0.083422727272727	0.583447727272727		1
000261:	0.054467045454545	0.030359659090909	0.478628977272727	0.107859090909091	0.087020454545455	0.064163068181818	0.177501704545455		1
000262:	0.099316477272727	0.115336931818182	0.213193750000000	0.242697159090909	0.040726136363636	0.061134659090909	0.227594886363636		1
000263:	0.128882386363636	0.232402272727273	0.050685227272727	0.102126704545455	0.379921590909091	0.066123295454545	0.039858522727273		1
000264:	0.035621590909091	0.027439772727273	0.029940909090909	0.751475000000000	0.092573295454545	0.023714204545455	0.039235227272727		1
000265:	0.196788636363636	0.119921590909091	0.092652840909091	0.096929545454545	0.406072727272727	0.029748863636364	0.057885795454545		1
000266:	0.030284090909091	0.027244886363636	0.092507954545455	0.048686931818182	0.742675000000000	0.028332954545455	0.030268181818182		1
000267:	0.026100568181818	0.030026704545455	0.136913068181818	0.029500000000000	0.610314772727273	0.043426704545455	0.123718181818182		1
000268:	0.138190909090909	0.134901704545455	0.099463636363636	0.140505681818182	0.366419318181818	0.053309090909091	0.067209659090909		1
000269:	0.036069318181818	0.042297159090909	0.390852840909091	0.065193181818182	0.126521590909091	0.301686363636364	0.037379545454545		1
000270:	0.024586931818182	0.018898863636364	0.023192045454545	0.876692613636364	0.019113636363636	0.016536363636364	0.020979545454545		1
000271:	0.024919886363636	0.014284090909091	0.677753409090909	0.072161931818182	0.063344318181818	0.039967045454545	0.107569318181818		1
000272:	0.101582386363636	0.025582386363636	0.516588068181818	0.052048863636364	0.065786363636364	0.045761363636364	0.192650568181818		1
000273:	0.029029545454545	0.036343181818182	0.380484090909091	0.305242613636364	0.153921590909091	0.043220454545455	0.051758522727273		1
000274:	0.014976136363636	0.008765340909091	0.091239204545455	0.191917045454545	0.641872727272727	0.019834090909091	0.031395454545455		1
000275:	0.029733522727273	0.035796590909091	0.072763068181818	0.040720454545455	0.731072159090909	0.055947159090909	0.033967045454545		1
000276:	0.060794886363636	0.012283522727273	0.057356818181818	0.610013636363636	0.164918750000000	0.050271590909091	0.044360795454545		1
000277:	0.030662500000000	0.018687500000000	0.654159090909091	0.056931250000000	0.136339772727273	0.054827840909091	0.048392045454545		1
000278:	0.031306818181818	0.022161931818182	0.055268181818182	0.038821590909091	0.746210795454545	0.036819886363636	0.069410795454545		1
000279:	0.009055681818182	0.002986931818182	0.688891477272727	0.007306818181818	0.013648295454545	0.271758522727273	0.006352272727273		1
000280:	0.041450568181818	0.162000000000000	0.056194886363636	0.244163068181818	0.116825000000000	0.064238636363636	0.315127840909091		1
000281:	0.045105113636364	0.026690340909091	0.525717613636364	0.272601704545455	0.038785795454545	0.041113636363636	0.049985795454545		1
000282:	0.069284090909091	0.015302272727273	0.040947727272727	0.379059090909091	0.052946022727273	0.356614772727273	0.085846022727273		1
000283:	0.016979545454545	0.017366477272727	0.024144886363636	0.867925000000000	0.015446590909091	0.015002272727273	0.043135227272727		1
000284:	0.040453977272727	0.032236931818182	0.463131250000000	0.083200568181818	0.144062500000000	0.033919318181818	0.202995454545455		1
000285:	0.059131250000000	0.063061931818182	0.222436363636364	0.039395454545455	0.064025568181818	0.429067613636364	0.122881818181818		1
000286:	0.025896022727273	0.020670454545455	0.261014772727273	0.419843181818182	0.135982954545455	0.077019318181818	0.059573295454545		1
000287:	0.020665909090909	0.022542613636364	0.178065909090909	0.461989204545455	0.242568750000000	0.039830681818182	0.034336931818182		1
000288:	0.076073295454545	0.020044886363636	0.096578409090909	0.212069886363636	0.465055113636364	0.042113068181818	0.088065340909091		1
