Estimated Clustering Probabilities for Samples
Sample	***Cluster  01***	***Cluster  02***	***Cluster  03***	***Cluster  04***	
000001:	0.706219886363636	0.010289772727273	0.175244886363636	0.108245454545455		1
000002:	0.896063068181818	0.005131250000000	0.040532954545455	0.058272727272727		1
000003:	0.896573295454545	0.010372727272727	0.034605681818182	0.058448295454545		1
000004:	0.940757386363636	0.006406250000000	0.025472159090909	0.027364204545455		1
000005:	0.916425568181818	0.005439772727273	0.054349431818182	0.023785227272727		1
000006:	0.844102840909091	0.021451704545455	0.079449431818182	0.054996022727273		1
000007:	0.823806250000000	0.008714204545455	0.023664204545455	0.143815340909091		1
000008:	0.887206818181818	0.005663636363636	0.029107954545455	0.078021590909091		1
000009:	0.932434659090909	0.006075000000000	0.039079545454545	0.022410795454545		1
000010:	0.894875568181818	0.009394886363636	0.054652840909091	0.041076704545455		1
000011:	0.605951136363636	0.111450000000000	0.166352840909091	0.116246022727273		1
000012:	0.317951704545455	0.144093750000000	0.503228977272727	0.034725568181818		1
000013:	0.205278409090909	0.442882386363636	0.315474431818182	0.036364772727273		1
000014:	0.701971590909091	0.145127272727273	0.097122727272727	0.055778409090909		1
000015:	0.772267613636364	0.038863068181818	0.155067045454545	0.033802272727273		1
000016:	0.828628977272727	0.058412500000000	0.071967045454545	0.040991477272727		1
000017:	0.450688068181818	0.043983522727273	0.442817613636364	0.062510795454545		1
000018:	0.145411363636364	0.241346022727273	0.591510227272727	0.021732386363636		1
000019:	0.520073295454546	0.166574431818182	0.264943750000000	0.048408522727273		1
000020:	0.549042045454545	0.068046590909091	0.343852840909091	0.039058522727273		1
000021:	0.652974431818182	0.008123295454545	0.324858522727273	0.014043750000000		1
000022:	0.290788636363636	0.061551136363636	0.621090909090909	0.026569318181818		1
000023:	0.332760795454545	0.277709090909091	0.309344318181818	0.080185795454545		1
000024:	0.536256818181818	0.214746590909091	0.209726704545455	0.039269886363636		1
000025:	0.220910795454545	0.421578409090909	0.333362500000000	0.024148295454545		1
000026:	0.153539772727273	0.082959659090909	0.731351704545455	0.032148863636364		1
000027:	0.107910795454545	0.110662500000000	0.764298295454545	0.017128409090909		1
000028:	0.325141477272727	0.045518750000000	0.432943750000000	0.196396022727273		1
000029:	0.354962500000000	0.104444886363636	0.481746590909091	0.058846022727273		1
000030:	0.515069318181818	0.213346590909091	0.209522159090909	0.062061931818182		1
000031:	0.078542613636364	0.172510795454545	0.726261931818182	0.022684659090909		1
000032:	0.147681818181818	0.053106250000000	0.752789772727273	0.046422159090909		1
000033:	0.209411931818182	0.063277272727273	0.630427272727273	0.096883522727273		1
000034:	0.652876136363636	0.123234659090909	0.186086931818182	0.037802272727273		1
000035:	0.142345454545455	0.171385227272727	0.560011931818182	0.126257386363636		1
000036:	0.352684659090909	0.049799431818182	0.514224431818182	0.083291477272727		1
000037:	0.173584659090909	0.102061363636364	0.698408522727273	0.025945454545455		1
000038:	0.318255681818182	0.311280113636364	0.161350000000000	0.209114204545455		1
000039:	0.203296022727273	0.196455681818182	0.570288636363636	0.029959659090909		1
000040:	0.602565340909091	0.198683522727273	0.145676704545455	0.053074431818182		1
000041:	0.267571590909091	0.069373863636364	0.626645454545455	0.036409090909091		1
000042:	0.142915909090909	0.395277272727273	0.439625568181818	0.022181250000000		1
000043:	0.624061931818182	0.062627272727273	0.277191477272727	0.036119318181818		1
000044:	0.345501704545455	0.067078409090909	0.547928409090909	0.039491477272727		1
000045:	0.095080113636364	0.074992045454545	0.812379545454545	0.017548295454545		1
000046:	0.247089772727273	0.083806250000000	0.545606818181818	0.123497159090909		1
000047:	0.499871022727273	0.106786363636364	0.302736363636364	0.090606250000000		1
000048:	0.873772159090909	0.032642613636364	0.059028409090909	0.034556818181818		1
000049:	0.688752272727273	0.061798295454545	0.205417613636364	0.044031818181818		1
000050:	0.507115340909091	0.122613636363636	0.326290340909091	0.043980681818182		1
000051:	0.890197159090909	0.032283522727273	0.044336363636364	0.033182954545455		1
000052:	0.888066477272727	0.027521022727273	0.056382954545455	0.028029545454545		1
000053:	0.465443181818182	0.086859659090909	0.409832954545455	0.037864204545455		1
000054:	0.255007386363636	0.418755681818182	0.270268750000000	0.055968181818182		1
000055:	0.863970454545455	0.024673863636364	0.078682954545455	0.032672727272727		1
000056:	0.567077272727273	0.054102272727273	0.335015340909091	0.043805113636364		1
000057:	0.431732386363636	0.032146022727273	0.481592045454545	0.054529545454545		1
000058:	0.464594886363636	0.183666477272727	0.307247159090909	0.044491477272727		1
000059:	0.184746022727273	0.066723295454545	0.707456250000000	0.041074431818182		1
000060:	0.720723295454545	0.034468750000000	0.211317045454545	0.033490909090909		1
000061:	0.595493750000000	0.032676136363636	0.340364204545455	0.031465909090909		1
000062:	0.883513636363636	0.029369318181818	0.057659659090909	0.029457386363636		1
000063:	0.873660227272727	0.034038636363636	0.042894318181818	0.049406818181818		1
000064:	0.847151704545455	0.024041477272727	0.032764204545455	0.096042613636364		1
000065:	0.805789204545455	0.033254545454545	0.120067613636364	0.040888636363636		1
000066:	0.357561931818182	0.025799431818182	0.580901704545455	0.035736931818182		1
000067:	0.903885795454546	0.022686363636364	0.034949431818182	0.038478409090909		1
000068:	0.232746590909091	0.045348295454545	0.689109090909091	0.032796022727273		1
000069:	0.255208522727273	0.022225000000000	0.695617045454546	0.026949431818182		1
000070:	0.494985227272727	0.172002272727273	0.247630681818182	0.085381818181818		1
000071:	0.156211363636364	0.045450568181818	0.743100568181818	0.055237500000000		1
000072:	0.750221022727273	0.033100568181818	0.150302840909091	0.066375568181818		1
000073:	0.769816477272727	0.048666477272727	0.149315340909091	0.032201704545455		1
000074:	0.246478409090909	0.249468750000000	0.468400568181818	0.035652272727273		1
000075:	0.471815909090909	0.167042613636364	0.314476704545455	0.046664772727273		1
000076:	0.164998863636364	0.118269886363636	0.226390340909091	0.490340909090909		1
000077:	0.348443181818182	0.161203409090909	0.265994318181818	0.224359090909091		1
000078:	0.749065340909091	0.033682386363636	0.154321590909091	0.062930681818182		1
000079:	0.274955681818182	0.114167045454545	0.548323295454546	0.062553977272727		1
000080:	0.241396590909091	0.262884090909091	0.433610227272727	0.062109090909091		1
000081:	0.725137500000000	0.018088636363636	0.227849431818182	0.028924431818182		1
000082:	0.623882386363636	0.024040909090909	0.278931818181818	0.073144886363636		1
000083:	0.434809659090909	0.048869318181818	0.457497727272727	0.058823295454545		1
000084:	0.484485795454545	0.317884659090909	0.070814204545455	0.126815340909091		1
000085:	0.420961931818182	0.051558522727273	0.466222727272727	0.061256818181818		1
000086:	0.485867045454545	0.319987500000000	0.157045454545455	0.037100000000000		1
000087:	0.304598863636364	0.030539772727273	0.634723295454545	0.030138068181818		1
000088:	0.136284090909091	0.044000000000000	0.791606250000000	0.028109659090909		1
000089:	0.167687500000000	0.044723295454545	0.723177840909091	0.064411363636364		1
000090:	0.251522727272727	0.178157954545455	0.530619886363636	0.039699431818182		1
000091:	0.132643181818182	0.312333522727273	0.332620454545455	0.222402840909091		1
000092:	0.393832386363636	0.088063636363636	0.462698863636364	0.055405113636364		1
000093:	0.351053977272727	0.127285795454545	0.416090909090909	0.105569318181818		1
000094:	0.312467613636364	0.098396590909091	0.514489204545455	0.074646590909091		1
000095:	0.807355681818182	0.032423295454545	0.114625568181818	0.045595454545455		1
000096:	0.875263636363636	0.036580113636364	0.064667045454545	0.023489204545455		1
000097:	0.172359659090909	0.037627840909091	0.771485795454545	0.018526704545455		1
000098:	0.269003409090909	0.034493181818182	0.657896022727273	0.038607386363636		1
000099:	0.588435227272727	0.075456250000000	0.296191477272727	0.039917045454545		1
000100:	0.851631250000000	0.034176704545455	0.089851136363636	0.024340909090909		1
000101:	0.208122159090909	0.019166477272727	0.751176704545455	0.021534659090909		1
000102:	0.424040909090909	0.067933522727273	0.467192613636364	0.040832954545455		1
000103:	0.393743181818182	0.248635227272727	0.238339204545455	0.119282386363636		1
000104:	0.860238068181818	0.037731250000000	0.081227272727273	0.020803409090909		1
000105:	0.221319886363636	0.066246022727273	0.688976136363636	0.023457954545455		1
000106:	0.169752840909091	0.036797159090909	0.755797727272727	0.037652272727273		1
000107:	0.631180113636364	0.057603977272727	0.275960795454545	0.035255113636364		1
000108:	0.672581250000000	0.102375000000000	0.192604545454545	0.032439204545455		1
000109:	0.238148863636364	0.095073295454545	0.592087500000000	0.074690340909091		1
000110:	0.133383522727273	0.685466477272727	0.087073295454545	0.094076704545455		1
000111:	0.697993181818182	0.055311931818182	0.177841477272727	0.068853409090909		1
000112:	0.211379545454545	0.084430113636364	0.656875568181818	0.047314772727273		1
000113:	0.633340340909091	0.032092613636364	0.286660227272727	0.047906818181818		1
000114:	0.249150568181818	0.099476136363636	0.425277272727273	0.226096022727273		1
000115:	0.485297159090909	0.104286363636364	0.367917045454545	0.042499431818182		1
000116:	0.793884090909091	0.054373863636364	0.116442613636364	0.035299431818182		1
000117:	0.280986363636364	0.031775000000000	0.613093750000000	0.074144886363636		1
000118:	0.842290909090909	0.028400568181818	0.082019886363636	0.047288636363636		1
000119:	0.272247727272727	0.051625568181818	0.653165909090909	0.022960795454545		1
000120:	0.842379545454545	0.033055681818182	0.098476704545455	0.026088068181818		1
000121:	0.350830113636364	0.240314772727273	0.344668750000000	0.064186363636364		1
000122:	0.325875568181818	0.026331818181818	0.629422727272727	0.018369886363636		1
000123:	0.692196022727273	0.094438636363636	0.141934659090909	0.071430681818182		1
000124:	0.262384090909091	0.121068750000000	0.446102272727273	0.170444886363636		1
000125:	0.691909659090909	0.046722159090909	0.079641477272727	0.181726704545455		1
000126:	0.163564204545455	0.028484659090909	0.059868750000000	0.748082386363636		1
000127:	0.640321590909091	0.082250000000000	0.246676704545455	0.030751704545455		1
000128:	0.793986363636364	0.035876136363636	0.142199431818182	0.027938068181818		1
000129:	0.105681818181818	0.085850568181818	0.774732954545455	0.033734659090909		1
000130:	0.795610227272727	0.086043750000000	0.074094886363636	0.044251136363636		1
000131:	0.394380681818182	0.038067613636364	0.536618181818182	0.030933522727273		1
000132:	0.815232386363636	0.029960227272727	0.128521022727273	0.026286363636364		1
000133:	0.346056250000000	0.207147727272727	0.272830113636364	0.173965909090909		1
000134:	0.530755681818182	0.174834090909091	0.235115909090909	0.059294318181818		1
000135:	0.121973863636364	0.124906818181818	0.713647727272727	0.039471590909091		1
000136:	0.698983522727273	0.063279545454545	0.187752272727273	0.049984659090909		1
000137:	0.184326704545455	0.249075568181818	0.530526136363636	0.036071590909091		1
000138:	0.528048295454545	0.103468750000000	0.250583522727273	0.117899431818182		1
000139:	0.481646590909091	0.081313636363636	0.366181818181818	0.070857954545455		1
000140:	0.144723863636364	0.570297159090909	0.257104545454545	0.027874431818182		1
000141:	0.770088636363636	0.074922159090909	0.067571590909091	0.087417613636364		1
000142:	0.246210227272727	0.071384659090909	0.659005113636364	0.023400000000000		1
000143:	0.533910227272727	0.043455681818182	0.387282954545455	0.035351136363636		1
000144:	0.526439204545455	0.026673863636364	0.417589204545455	0.029297727272727		1
000145:	0.742284090909091	0.139457954545455	0.077619318181818	0.040638636363636		1
000146:	0.465797159090909	0.122489772727273	0.376911363636364	0.034801704545455		1
000147:	0.726156250000000	0.026383522727273	0.208248295454545	0.039211931818182		1
000148:	0.815440909090909	0.053621590909091	0.097794886363636	0.033142613636364		1
000149:	0.477559090909091	0.049275568181818	0.428848295454545	0.044317045454545		1
000150:	0.180874431818182	0.133665340909091	0.656459090909091	0.029001136363636		1
000151:	0.737782954545455	0.060827272727273	0.153482386363636	0.047907386363636		1
000152:	0.569455681818182	0.142767045454545	0.207594318181818	0.080182954545455		1
000153:	0.319168750000000	0.057535227272727	0.600300000000000	0.022996022727273		1
000154:	0.896338636363636	0.027618181818182	0.055067045454545	0.020976136363636		1
000155:	0.628103977272727	0.109735795454545	0.235147727272727	0.027012500000000		1
000156:	0.458679545454545	0.037794318181818	0.472184659090909	0.031341477272727		1
000157:	0.868592045454545	0.020876136363636	0.037281818181818	0.073250000000000		1
000158:	0.443748295454545	0.032284090909091	0.217071022727273	0.306896590909091		1
000159:	0.288833522727273	0.207037500000000	0.224830681818182	0.279298295454545		1
000160:	0.147511931818182	0.014187500000000	0.015313068181818	0.822987500000000		1
000161:	0.484425568181818	0.022226704545455	0.042018750000000	0.451328977272727		1
000162:	0.144414204545455	0.100149431818182	0.382913068181818	0.372523295454545		1
000163:	0.886664204545455	0.009669318181818	0.060372159090909	0.043294318181818		1
000164:	0.893806818181818	0.013587500000000	0.017417613636364	0.075188068181818		1
000165:	0.911250000000000	0.015013068181818	0.020085227272727	0.053651704545455		1
000166:	0.923524431818182	0.007702272727273	0.032773295454545	0.036000000000000		1
000167:	0.815819318181818	0.029963068181818	0.073869318181818	0.080348295454545		1
000168:	0.657789204545455	0.058404545454545	0.253939204545455	0.029867045454545		1
000169:	0.389077840909091	0.039941477272727	0.532945454545455	0.038035227272727		1
000170:	0.863961931818182	0.034751704545455	0.077375568181818	0.023910795454545		1
000171:	0.810435795454545	0.049385227272727	0.110973295454545	0.029205681818182		1
000172:	0.632771022727273	0.085227272727273	0.220207386363636	0.061794318181818		1
000173:	0.600034090909091	0.017196022727273	0.358998863636364	0.023771022727273		1
000174:	0.255836931818182	0.039327840909091	0.688114204545455	0.016721022727273		1
000175:	0.785964772727273	0.105744886363636	0.093443181818182	0.014847159090909		1
000176:	0.525700568181818	0.029550568181818	0.394311931818182	0.050436931818182		1
000177:	0.407942045454545	0.034775000000000	0.541707386363636	0.015575568181818		1
000178:	0.645027840909091	0.035346590909091	0.302263068181818	0.017362500000000		1
000179:	0.810726704545455	0.040593750000000	0.135885795454545	0.012793750000000		1
000180:	0.805240340909091	0.063502272727273	0.105782386363636	0.025475000000000		1
000181:	0.867819318181818	0.025928977272727	0.060763636363636	0.045488068181818		1
000182:	0.364363068181818	0.189131250000000	0.402785227272727	0.043720454545455		1
000183:	0.869735795454545	0.031256818181818	0.085046022727273	0.013961363636364		1
000184:	0.661741477272727	0.078730681818182	0.227494318181818	0.032033522727273		1
000185:	0.279797159090909	0.189128977272727	0.440750000000000	0.090323863636364		1
000186:	0.726719318181818	0.135947727272727	0.092236931818182	0.045096022727273		1
000187:	0.770972727272727	0.100215909090909	0.096620454545455	0.032190909090909		1
000188:	0.704442045454545	0.079716477272727	0.100910795454545	0.114930681818182		1
000189:	0.741764204545455	0.023619318181818	0.211900568181818	0.022715909090909		1
000190:	0.650852272727273	0.068196590909091	0.220246590909091	0.060704545454545		1
000191:	0.489877840909091	0.023166477272727	0.463480681818182	0.023475000000000		1
000192:	0.220166477272727	0.037969318181818	0.689878977272727	0.051985227272727		1
000193:	0.410268181818182	0.060163636363636	0.495553409090909	0.034014772727273		1
000194:	0.564362500000000	0.166453977272727	0.222992613636364	0.046190909090909		1
000195:	0.218725568181818	0.019267613636364	0.743023295454545	0.018983522727273		1
000196:	0.705046590909091	0.016466477272727	0.049743750000000	0.228743181818182		1
000197:	0.785821022727273	0.012111363636364	0.150048863636364	0.052018750000000		1
000198:	0.308950568181818	0.045174431818182	0.456832386363636	0.189042613636364		1
000199:	0.855513068181818	0.021043181818182	0.031323863636364	0.092119886363636		1
000200:	0.786347727272727	0.018335795454545	0.047477272727273	0.147839204545455		1
000201:	0.902134090909091	0.022088636363636	0.021972727272727	0.053804545454545		1
000202:	0.466440340909091	0.069671590909091	0.422234090909091	0.041653977272727		1
000203:	0.844450000000000	0.039378977272727	0.090568181818182	0.025602840909091		1
000204:	0.804831250000000	0.046694886363636	0.066677840909091	0.081796022727273		1
000205:	0.774070454545455	0.073415340909091	0.110719886363636	0.041794318181818		1
000206:	0.655920454545455	0.220023863636364	0.095389772727273	0.028665909090909		1
000207:	0.275822727272727	0.040335227272727	0.592924431818182	0.090917613636364		1
000208:	0.820710795454546	0.033170454545455	0.116632386363636	0.029486363636364		1
000209:	0.852635227272727	0.031778977272727	0.066830113636364	0.048755681818182		1
000210:	0.753917613636364	0.029487500000000	0.190907954545455	0.025686931818182		1
000211:	0.840826136363636	0.030313636363636	0.086964772727273	0.041895454545455		1
000212:	0.745753409090909	0.025568181818182	0.056748295454545	0.171930113636364		1
000213:	0.903017613636364	0.017623863636364	0.032836931818182	0.046521590909091		1
000214:	0.728758522727273	0.028615340909091	0.120072159090909	0.122553977272727		1
000215:	0.560809659090909	0.103281250000000	0.134012500000000	0.201896590909091		1
000216:	0.821627840909091	0.024126136363636	0.028684090909091	0.125561931818182		1
000217:	0.722094886363636	0.025634659090909	0.030237500000000	0.222032954545455		1
000218:	0.871194318181818	0.016601704545455	0.033174431818182	0.079029545454545		1
000219:	0.844307954545455	0.018013636363636	0.019635795454545	0.118042613636364		1
000220:	0.864118181818182	0.015333522727273	0.026407386363636	0.094140909090909		1
000221:	0.892565909090909	0.012219318181818	0.026681818181818	0.068532954545455		1
000222:	0.875915909090909	0.016496590909091	0.016543181818182	0.091044318181818		1
000223:	0.628086363636364	0.145515340909091	0.111996022727273	0.114402272727273		1
000224:	0.106553409090909	0.222689772727273	0.594853409090909	0.075903409090909		1
000225:	0.111798295454545	0.160801136363636	0.663213636363636	0.064186931818182		1
000226:	0.193536363636364	0.105880113636364	0.437718750000000	0.262864772727273		1
000227:	0.097949431818182	0.156568181818182	0.607039772727273	0.138442613636364		1
000228:	0.067051136363636	0.586514772727273	0.070917613636364	0.275516477272727		1
000229:	0.243263636363636	0.290932954545455	0.289007386363636	0.176796022727273		1
000230:	0.108636363636364	0.078730113636364	0.037518181818182	0.775115340909091		1
000231:	0.136577272727273	0.137271022727273	0.529774431818182	0.196377272727273		1
000232:	0.451558522727273	0.267750000000000	0.067622159090909	0.213069318181818		1
000233:	0.071438636363636	0.198306818181818	0.578492045454545	0.151762500000000		1
000234:	0.057440909090909	0.498196590909091	0.354848863636364	0.089513636363636		1
000235:	0.094357386363636	0.725022159090909	0.134409090909091	0.046211363636364		1
000236:	0.095596022727273	0.547301704545455	0.052421590909091	0.304680681818182		1
000237:	0.082141477272727	0.414551136363636	0.443539772727273	0.059767613636364		1
000238:	0.647442045454545	0.196876136363636	0.086243750000000	0.069438068181818		1
000239:	0.176579545454545	0.347904545454545	0.255974431818182	0.219541477272727		1
000240:	0.054519886363636	0.092790909090909	0.100480113636364	0.752209090909091		1
000241:	0.189188068181818	0.157043750000000	0.547889204545455	0.105878977272727		1
000242:	0.057796590909091	0.133388068181818	0.749223863636364	0.059591477272727		1
000243:	0.000908522727273	0.235221590909091	0.751329545454545	0.012540340909091		1
000244:	0.327025000000000	0.201496590909091	0.148204545454545	0.323273863636364		1
000245:	0.077056818181818	0.184713068181818	0.385601704545455	0.352628409090909		1
000246:	0.089779545454545	0.422832954545455	0.401681250000000	0.085706250000000		1
000247:	0.179027272727273	0.383376704545455	0.292498863636364	0.145097159090909		1
000248:	0.138514772727273	0.109549431818182	0.137638636363636	0.614297159090909		1
000249:	0.060375000000000	0.569926704545455	0.153039772727273	0.216658522727273		1
000250:	0.088067045454545	0.342167045454545	0.499952272727273	0.069813636363636		1
000251:	0.099744318181818	0.232651136363636	0.429097727272727	0.238506818181818		1
000252:	0.182698863636364	0.285019886363636	0.078242045454545	0.454039204545455		1
000253:	0.075973863636364	0.663735795454545	0.072366477272727	0.187923863636364		1
000254:	0.132730113636364	0.511911363636364	0.059739772727273	0.295618750000000		1
000255:	0.193720454545455	0.583424431818182	0.068517045454545	0.154338068181818		1
000256:	0.298728977272727	0.124423863636364	0.375072727272727	0.201774431818182		1
000257:	0.587693181818182	0.160245454545455	0.039201136363636	0.212860227272727		1
000258:	0.615121590909091	0.075025568181818	0.211696590909091	0.098156250000000		1
000259:	0.628936931818182	0.167206250000000	0.115048863636364	0.088807954545455		1
000260:	0.082045454545455	0.300121590909091	0.156460795454545	0.461372159090909		1
000261:	0.189155681818182	0.464784090909091	0.096354545454545	0.249705681818182		1
000262:	0.265113636363636	0.359340909090909	0.083978977272727	0.291566477272727		1
000263:	0.634726136363636	0.069931818181818	0.183943750000000	0.111398295454545		1
000264:	0.574205681818182	0.168840909090909	0.054279545454545	0.202673863636364		1
000265:	0.720861931818182	0.109446590909091	0.044447727272727	0.125243750000000		1
000266:	0.269845454545455	0.499080113636364	0.149402272727273	0.081672159090909		1
000267:	0.099525000000000	0.469246590909091	0.216746590909091	0.214481818181818		1
000268:	0.715007954545455	0.120785795454545	0.081775000000000	0.082431250000000		1
000269:	0.133363068181818	0.422423295454545	0.403112500000000	0.041101136363636		1
000270:	0.761201136363636	0.096534090909091	0.060587500000000	0.081677272727273		1
000271:	0.076409090909091	0.752885227272727	0.052163068181818	0.118542613636364		1
000272:	0.158148863636364	0.542832386363636	0.085572159090909	0.213446590909091		1
000273:	0.253938636363636	0.474467045454545	0.191342613636364	0.080251704545455		1
000274:	0.139425568181818	0.605032954545455	0.076628977272727	0.178912500000000		1
000275:	0.252060795454545	0.142505681818182	0.478442613636364	0.126990909090909		1
000276:	0.434733522727273	0.368148295454545	0.045944886363636	0.151173295454545		1
000277:	0.100413636363636	0.755536363636364	0.079981818181818	0.064068181818182		1
000278:	0.336030681818182	0.139495454545455	0.353256250000000	0.171217613636364		1
000279:	0.106799431818182	0.614700568181818	0.225296022727273	0.053203977272727		1
000280:	0.209070454545455	0.188238068181818	0.154635227272727	0.448056250000000		1
000281:	0.116048295454545	0.781620454545455	0.045582386363636	0.056748863636364		1
000282:	0.207332386363636	0.260802272727273	0.391150000000000	0.140715340909091		1
000283:	0.599592045454545	0.110547727272727	0.040783522727273	0.249076704545455		1
000284:	0.134573863636364	0.623914772727273	0.071709090909091	0.169802272727273		1
000285:	0.124336931818182	0.376608522727273	0.396268181818182	0.102786363636364		1
000286:	0.134090909090909	0.692005681818182	0.096395454545455	0.077507954545455		1
000287:	0.114742613636364	0.530230113636364	0.270035227272727	0.084992045454545		1
000288:	0.272560227272727	0.400627272727273	0.154625568181818	0.172186931818182		1
000289:	0.836937500000000	0.029572727272727	0.054321590909091	0.079168181818182		1
000290:	0.534544318181818	0.031787500000000	0.051396590909091	0.382271590909091		1
000291:	0.831533522727273	0.015389772727273	0.122040909090909	0.031035795454545		1
000292:	0.763707954545455	0.034090340909091	0.056046590909091	0.146155113636364		1
000293:	0.885201704545455	0.010650000000000	0.061400000000000	0.042748295454545		1
000294:	0.855849431818182	0.013894886363636	0.100051704545455	0.030203977272727		1
000295:	0.538078977272727	0.011247159090909	0.405668181818182	0.045005681818182		1
000296:	0.873514772727273	0.019811363636364	0.055832386363636	0.050841477272727		1
000297:	0.735450000000000	0.026635795454545	0.146286931818182	0.091627272727273		1
000298:	0.143068181818182	0.123917045454545	0.697960795454545	0.035053977272727		1
000299:	0.671630681818182	0.070540340909091	0.175598863636364	0.082230113636364		1
000300:	0.689052272727273	0.153037500000000	0.076257386363636	0.081652840909091		1
000301:	0.749618181818182	0.038969886363636	0.115959659090909	0.095452272727273		1
000302:	0.715177840909091	0.039844318181818	0.046150000000000	0.198827840909091		1
000303:	0.717761363636364	0.081360795454545	0.067461931818182	0.133415909090909		1
000304:	0.769950568181818	0.023513636363636	0.056761363636364	0.149774431818182		1
000305:	0.331273295454545	0.037744318181818	0.042123863636364	0.588858522727273		1
000306:	0.501445454545455	0.147923863636364	0.076664204545455	0.273966477272727		1
000307:	0.322111931818182	0.023672727272727	0.023397727272727	0.630817613636364		1
000308:	0.879432386363636	0.020626136363636	0.029084090909091	0.070857386363636		1
000309:	0.809982386363636	0.087285227272727	0.053726136363636	0.049006250000000		1
000310:	0.857768181818182	0.031476136363636	0.069261931818182	0.041493750000000		1
000311:	0.577014772727273	0.128064204545455	0.079424431818182	0.215496590909091		1
000312:	0.232135227272727	0.404231250000000	0.296114772727273	0.067518750000000		1
000313:	0.224899431818182	0.553130681818182	0.161073863636364	0.060896022727273		1
000314:	0.154493750000000	0.213988068181818	0.539103409090909	0.092414772727273		1
000315:	0.268917045454545	0.366242045454545	0.286636931818182	0.078203977272727		1
000316:	0.544147159090909	0.093375568181818	0.201228977272727	0.161248295454545		1
000317:	0.153411363636364	0.050389204545455	0.672331818181818	0.123867613636364		1
000318:	0.818606818181818	0.025428977272727	0.038457954545455	0.117506250000000		1
000319:	0.841548863636364	0.040192613636364	0.050134659090909	0.068123863636364		1
000320:	0.703986931818182	0.087539772727273	0.085610227272727	0.122863068181818		1
000321:	0.879775568181818	0.021289772727273	0.033352272727273	0.065582386363636		1
000322:	0.483147159090909	0.040218750000000	0.032984090909091	0.443650000000000		1
000323:	0.323120454545455	0.359240340909091	0.175772727272727	0.141866477272727		1
000324:	0.710590340909091	0.030430113636364	0.077551136363636	0.181428409090909		1
000325:	0.527952272727273	0.224672727272727	0.044935795454545	0.202439204545455		1
000326:	0.396554545454545	0.111979545454545	0.039954545454545	0.451511363636364		1
000327:	0.638362500000000	0.030384090909091	0.082638636363636	0.248614772727273		1
000328:	0.147172727272727	0.036618750000000	0.021653409090909	0.794555113636364		1
000329:	0.708124431818182	0.082589204545455	0.060985227272727	0.148301136363636		1
000330:	0.283711363636364	0.063498295454545	0.028090340909091	0.624700000000000		1
000331:	0.213723295454545	0.088960795454545	0.018855681818182	0.678460227272727		1
000332:	0.861677272727273	0.029659659090909	0.042100000000000	0.066563068181818		1
000333:	0.832591477272727	0.062936931818182	0.037216477272727	0.067255113636364		1
000334:	0.756336931818182	0.111273863636364	0.036731250000000	0.095657954545455		1
000335:	0.684422159090909	0.061614204545455	0.115785227272727	0.138178409090909		1
000336:	0.783496590909091	0.030741477272727	0.031507954545455	0.154253977272727		1
000337:	0.518756818181818	0.146705113636364	0.027055681818182	0.307482386363636		1
000338:	0.882853977272727	0.015404545454545	0.048318750000000	0.053422727272727		1
000339:	0.738655681818182	0.022318181818182	0.025363636363636	0.213662500000000		1
000340:	0.884976136363636	0.019565340909091	0.021098863636364	0.074359659090909		1
000341:	0.897350000000000	0.023325000000000	0.032480681818182	0.046844318181818		1
000342:	0.783123295454546	0.020508522727273	0.024013636363636	0.172354545454545		1
000343:	0.860153409090909	0.025614204545455	0.038368750000000	0.075863636363636		1
000344:	0.111031818181818	0.025807954545455	0.025186363636364	0.837973863636364		1
000345:	0.178940909090909	0.012103977272727	0.012682386363636	0.796272727272727		1
000346:	0.659149431818182	0.017573295454545	0.055003977272727	0.268273295454545		1
000347:	0.734635227272727	0.023595454545455	0.028938068181818	0.212831250000000		1
000348:	0.788194886363636	0.015547159090909	0.041055113636364	0.155202840909091		1
000349:	0.603797727272727	0.042024431818182	0.063668750000000	0.290509090909091		1
000350:	0.583831818181818	0.019750000000000	0.040498863636364	0.355919318181818		1
000351:	0.378148863636364	0.020293750000000	0.035125000000000	0.566432386363636		1
000352:	0.889386931818182	0.022258522727273	0.045544886363636	0.042809659090909		1
000353:	0.930600568181818	0.014389204545455	0.022548295454545	0.032461931818182		1
000354:	0.910467613636364	0.013040909090909	0.027353409090909	0.049138068181818		1
000355:	0.797023295454545	0.037392045454545	0.025590340909091	0.139994318181818		1
000356:	0.314027840909091	0.513264772727273	0.090852840909091	0.081854545454545		1
000357:	0.120902272727273	0.217217045454545	0.539219318181818	0.122661363636364		1
000358:	0.202015340909091	0.076854545454545	0.566643181818182	0.154486931818182		1
000359:	0.230417613636364	0.307744318181818	0.172292045454545	0.289546022727273		1
000360:	0.678904545454545	0.042203977272727	0.193275000000000	0.085616477272727		1
000361:	0.104117045454545	0.213737500000000	0.588043750000000	0.094101704545455		1
000362:	0.376318181818182	0.098668750000000	0.060195454545455	0.464817613636364		1
000363:	0.362650568181818	0.037251704545455	0.553352272727273	0.046745454545455		1
000364:	0.203498295454545	0.423686931818182	0.217206818181818	0.155607954545455		1
000365:	0.308784090909091	0.095952272727273	0.273851136363636	0.321412500000000		1
000366:	0.164842045454545	0.277133522727273	0.479309090909091	0.078715340909091		1
000367:	0.215827272727273	0.201098863636364	0.501804545454545	0.081269318181818		1
000368:	0.158709659090909	0.142213068181818	0.637849431818182	0.061227840909091		1
000369:	0.457714204545455	0.123753409090909	0.318203977272727	0.100328409090909		1
000370:	0.740167613636364	0.105913636363636	0.063095454545455	0.090823295454545		1
000371:	0.601632954545455	0.038114772727273	0.140119318181818	0.220132954545455		1
000372:	0.327450000000000	0.041273863636364	0.569920454545455	0.061355681818182		1
000373:	0.340235795454545	0.226617045454545	0.272383522727273	0.160763636363636		1
000374:	0.438122159090909	0.050840340909091	0.451878977272727	0.059158522727273		1
000375:	0.738957386363636	0.068159090909091	0.043037500000000	0.149846022727273		1
000376:	0.410489204545455	0.110872727272727	0.418234659090909	0.060403409090909		1
000377:	0.711119886363636	0.060533522727273	0.045899431818182	0.182447159090909		1
000378:	0.096151136363636	0.300422159090909	0.564259659090909	0.039167045454545		1
000379:	0.080190340909091	0.189264204545455	0.703641477272727	0.026903977272727		1
000380:	0.221882954545455	0.207335795454545	0.510666477272727	0.060114772727273		1
000381:	0.080494886363636	0.371651704545455	0.509335227272727	0.038518181818182		1
000382:	0.258637500000000	0.090364772727273	0.591648863636364	0.059348863636364		1
000383:	0.418531818181818	0.214938068181818	0.267888068181818	0.098642045454545		1
000384:	0.295416477272727	0.171822159090909	0.448447159090909	0.084314204545455		1
000385:	0.161615909090909	0.057965340909091	0.358084659090909	0.422334090909091		1
000386:	0.147727272727273	0.599787500000000	0.204506250000000	0.047978977272727		1
000387:	0.341055681818182	0.068764772727273	0.525594886363636	0.064584659090909		1
000388:	0.246172727272727	0.441462500000000	0.122609090909091	0.189755681818182		1
000389:	0.237503977272727	0.049523295454545	0.487416477272727	0.225556250000000		1
000390:	0.455236363636364	0.077264772727273	0.041724431818182	0.425774431818182		1
000391:	0.211421022727273	0.103383522727273	0.595411931818182	0.089783522727273		1
000392:	0.083074431818182	0.353817045454545	0.413836363636364	0.149272159090909		1
000393:	0.266586931818182	0.164688068181818	0.518984090909091	0.049740909090909		1
000394:	0.171269886363636	0.050468750000000	0.746985227272727	0.031276136363636		1
000395:	0.339431818181818	0.056698863636364	0.548922727272727	0.054946590909091		1
000396:	0.201096590909091	0.071428409090909	0.525041477272727	0.202433522727273		1
000397:	0.164396022727273	0.036675568181818	0.748245454545455	0.050682954545455		1
000398:	0.355746590909091	0.201102272727273	0.311500000000000	0.131651136363636		1
000399:	0.063238068181818	0.825992045454545	0.074845454545455	0.035924431818182		1
000400:	0.266984090909091	0.248249431818182	0.392427840909091	0.092338636363636		1
000401:	0.142672727272727	0.154356250000000	0.647382386363636	0.055588636363636		1
000402:	0.289863068181818	0.094238068181818	0.565946022727273	0.049952840909091		1
000403:	0.358599431818182	0.307896590909091	0.223928409090909	0.109575568181818		1
000404:	0.244985227272727	0.283876704545455	0.303214772727273	0.167923295454545		1
000405:	0.170550000000000	0.057530113636364	0.742282954545455	0.029636931818182		1
000406:	0.637465909090909	0.034989204545455	0.281842613636364	0.045702272727273		1
000407:	0.459237500000000	0.054313068181818	0.437759090909091	0.048690340909091		1
000408:	0.160139772727273	0.374369318181818	0.226782386363636	0.238708522727273		1
000409:	0.751280113636364	0.085773295454545	0.075250568181818	0.087696022727273		1
000410:	0.789836931818182	0.083573863636364	0.051576704545455	0.075012500000000		1
000411:	0.781813068181818	0.095263636363636	0.068353409090909	0.054569886363636		1
000412:	0.121560795454545	0.483846590909091	0.317039204545455	0.077553409090909		1
000413:	0.377814772727273	0.117270454545455	0.415412500000000	0.089502272727273		1
000414:	0.190064204545455	0.451114204545455	0.317622159090909	0.041199431818182		1
000415:	0.081807386363636	0.672544318181818	0.046709659090909	0.198938636363636		1
000416:	0.044557954545455	0.624123863636364	0.278724431818182	0.052593750000000		1
000417:	0.263667045454545	0.566354545454545	0.084084659090909	0.085893750000000		1
000418:	0.210835795454545	0.538561363636364	0.197586363636364	0.053016477272727		1
000419:	0.046369886363636	0.810089772727273	0.087355113636364	0.056185227272727		1
000420:	0.467038636363636	0.083430681818182	0.071987500000000	0.377543181818182		1
000421:	0.236815909090909	0.416905681818182	0.297678977272727	0.048599431818182		1
000422:	0.239161931818182	0.345108522727273	0.282386931818182	0.133342613636364		1
000423:	0.346156818181818	0.113922159090909	0.065388068181818	0.474532954545455		1
000424:	0.053116477272727	0.636578409090909	0.273311363636364	0.036993750000000		1
000425:	0.097322727272727	0.702994886363636	0.156150000000000	0.043532386363636		1
000426:	0.070268750000000	0.372559659090909	0.062900000000000	0.494271590909091		1
000427:	0.243734659090909	0.155826136363636	0.509101136363636	0.091338068181818		1
000428:	0.392674431818182	0.181096590909091	0.377202272727273	0.049026704545455		1
000429:	0.455826704545455	0.117898863636364	0.245218750000000	0.181055681818182		1
000430:	0.130294886363636	0.176323295454545	0.435775000000000	0.257606818181818		1
000431:	0.159630681818182	0.114406818181818	0.654628977272727	0.071333522727273		1
000432:	0.221544318181818	0.306952272727273	0.369017613636364	0.102485795454545		1
000433:	0.264322159090909	0.345560227272727	0.150914204545455	0.239203409090909		1
000434:	0.164644886363636	0.170350568181818	0.523380113636364	0.141624431818182		1
000435:	0.375055113636364	0.132937500000000	0.310977272727273	0.181030113636364		1
000436:	0.116724431818182	0.540805681818182	0.102197727272727	0.240272159090909		1
000437:	0.086580681818182	0.449218750000000	0.323089772727273	0.141110795454545		1
000438:	0.182345454545455	0.482642045454545	0.260634659090909	0.074377840909091		1
000439:	0.058200568181818	0.808807386363636	0.101498863636364	0.031493181818182		1
000440:	0.063931250000000	0.569127272727273	0.340470454545455	0.026471022727273		1
000441:	0.041981250000000	0.842346022727273	0.090398863636364	0.025273863636364		1
000442:	0.033580681818182	0.921203409090909	0.021180113636364	0.024035795454545		1
000443:	0.728261931818182	0.123410795454545	0.105118181818182	0.043209090909091		1
000444:	0.064662500000000	0.257285795454545	0.361516477272727	0.316535227272727		1
000445:	0.223931250000000	0.421152272727273	0.304952840909091	0.049963636363636		1
000446:	0.344997159090909	0.219073863636364	0.202571590909091	0.233357386363636		1
000447:	0.145340909090909	0.413400568181818	0.386404545454545	0.054853977272727		1
000448:	0.375503977272727	0.395069318181818	0.180757386363636	0.048669318181818		1
000449:	0.256213068181818	0.096534090909091	0.569607386363636	0.077645454545455		1
000450:	0.717681818181818	0.074617613636364	0.153581250000000	0.054119318181818		1
000451:	0.719182386363636	0.092613636363636	0.138857386363636	0.049346590909091		1
000452:	0.137991477272727	0.237426136363636	0.073801704545455	0.550780681818182		1
000453:	0.062616477272727	0.342792613636364	0.525584090909091	0.069006818181818		1
000454:	0.450728409090909	0.373915909090909	0.075950000000000	0.099405681818182		1
000455:	0.762010795454545	0.026137500000000	0.102231250000000	0.109620454545455		1
000456:	0.918470454545455	0.009965340909091	0.027911931818182	0.043652272727273		1
000457:	0.882698295454545	0.013667613636364	0.024450568181818	0.079183522727273		1
000458:	0.811651704545455	0.048814772727273	0.067016477272727	0.072517045454545		1
000459:	0.871498863636364	0.011350568181818	0.034650000000000	0.082500568181818		1
000460:	0.908255113636364	0.017113068181818	0.040044886363636	0.034586931818182		1
000461:	0.830409090909091	0.019775568181818	0.069066477272727	0.080748863636364		1
000462:	0.761719886363636	0.029200000000000	0.065049431818182	0.144030681818182		1
000463:	0.578307386363636	0.034263068181818	0.058043181818182	0.329386363636364		1
000464:	0.611084090909091	0.142106818181818	0.048885227272727	0.197923863636364		1
000465:	0.833289772727273	0.032521590909091	0.044943750000000	0.089244886363636		1
000466:	0.898847159090909	0.013948863636364	0.037156250000000	0.050047727272727		1
000467:	0.885508522727273	0.019237500000000	0.036659090909091	0.058594886363636		1
000468:	0.906386931818182	0.011901704545455	0.044588068181818	0.037123295454545		1
000469:	0.219127272727273	0.220985227272727	0.481146590909091	0.078740909090909		1
000470:	0.145799431818182	0.110819886363636	0.654169318181818	0.089211363636364		1
000471:	0.198730681818182	0.117316477272727	0.648893750000000	0.035059090909091		1
000472:	0.248050000000000	0.151423295454545	0.053942613636364	0.546584090909091		1
000473:	0.460463068181818	0.059486931818182	0.073947727272727	0.406102272727273		1
000474:	0.232328409090909	0.280342613636364	0.447846022727273	0.039482954545455		1
