Estimated Clustering Probabilities for Samples
Sample	***Cluster  01***	***Cluster  02***	***Cluster  03***	
000001:	0.834122727272727	0.036136931818182	0.129740340909091		1
000002:	0.939430681818182	0.016229545454545	0.044339772727273		1
000003:	0.878931818181818	0.034319886363636	0.086748295454545		1
000004:	0.937550000000000	0.011954545454545	0.050495454545455		1
000005:	0.959388636363636	0.015202840909091	0.025408522727273		1
000006:	0.888222159090909	0.060567045454545	0.051210795454545		1
000007:	0.064428409090909	0.578580113636364	0.356991477272727		1
000008:	0.940891477272727	0.015234090909091	0.043874431818182		1
000009:	0.938887500000000	0.015426704545455	0.045685795454545		1
000010:	0.947656818181818	0.021369318181818	0.030973863636364		1
000011:	0.475781818181818	0.324792045454545	0.199426136363636		1
000012:	0.413737500000000	0.549569318181818	0.036693181818182		1
000013:	0.110321022727273	0.863793750000000	0.025885227272727		1
000014:	0.738805113636364	0.189086931818182	0.072107954545455		1
000015:	0.880535795454545	0.098206250000000	0.021257954545455		1
000016:	0.865694318181818	0.098651136363636	0.035654545454545		1
000017:	0.748976136363636	0.202201704545455	0.048822159090909		1
000018:	0.098594318181818	0.880109090909091	0.021296590909091		1
000019:	0.572838068181818	0.392806250000000	0.034355681818182		1
000020:	0.673611363636364	0.294629545454545	0.031759090909091		1
000021:	0.151882386363636	0.777737500000000	0.070380113636364		1
000022:	0.564472159090909	0.421814772727273	0.013713068181818		1
000023:	0.240996022727273	0.694997159090909	0.064006818181818		1
000024:	0.522731250000000	0.442352272727273	0.034916477272727		1
000025:	0.146204545454545	0.821421590909091	0.032373863636364		1
000026:	0.164475000000000	0.802953409090909	0.032571590909091		1
000027:	0.081964772727273	0.903594318181818	0.014440909090909		1
000028:	0.565568181818182	0.282584090909091	0.151847727272727		1
000029:	0.387573863636364	0.562279545454546	0.050146590909091		1
000030:	0.467072727272727	0.465864204545455	0.067063068181818		1
000031:	0.056796022727273	0.924939772727273	0.018264204545455		1
000032:	0.156746590909091	0.804750568181818	0.038502840909091		1
000033:	0.438316477272727	0.510744318181818	0.050939204545455		1
000034:	0.611468750000000	0.355430113636364	0.033101136363636		1
000035:	0.103494886363636	0.820043181818182	0.076461931818182		1
000036:	0.585260227272727	0.344621022727273	0.070118750000000		1
000037:	0.263271022727273	0.719689772727273	0.017039204545455		1
000038:	0.295235227272727	0.497142613636364	0.207622159090909		1
000039:	0.147426136363636	0.826355113636364	0.026218750000000		1
000040:	0.699927840909091	0.248261363636364	0.051810795454545		1
000041:	0.341430681818182	0.631077840909091	0.027491477272727		1
000042:	0.103813636363636	0.873080113636364	0.023106250000000		1
000043:	0.798990909090909	0.162578977272727	0.038430113636364		1
000044:	0.443412500000000	0.524993750000000	0.031593750000000		1
000045:	0.117646022727273	0.863403977272727	0.018950000000000		1
000046:	0.151480681818182	0.732806818181818	0.115712500000000		1
000047:	0.471662500000000	0.461856818181818	0.066480681818182		1
000048:	0.919393181818182	0.056407386363636	0.024199431818182		1
000049:	0.836830681818182	0.130483522727273	0.032685795454545		1
000050:	0.617548863636364	0.338944318181818	0.043506818181818		1
000051:	0.855335795454545	0.054732954545455	0.089931250000000		1
000052:	0.935421590909091	0.039502840909091	0.025075568181818		1
000053:	0.677168750000000	0.295817613636364	0.027013636363636		1
000054:	0.156940340909091	0.786823863636364	0.056235795454545		1
000055:	0.921046590909091	0.052913636363636	0.026039772727273		1
000056:	0.779006818181818	0.186239204545455	0.034753977272727		1
000057:	0.631185227272727	0.314004545454545	0.054810227272727		1
000058:	0.484789204545455	0.478001136363636	0.037209659090909		1
000059:	0.220239772727273	0.750232386363636	0.029527840909091		1
000060:	0.908184090909091	0.069496022727273	0.022319886363636		1
000061:	0.859396022727273	0.115310227272727	0.025293750000000		1
000062:	0.908598863636364	0.054025568181818	0.037375568181818		1
000063:	0.868584659090909	0.066501136363636	0.064914204545455		1
000064:	0.780033522727273	0.033030681818182	0.186935795454545		1
000065:	0.890272727272727	0.069358522727273	0.040368750000000		1
000066:	0.737548295454545	0.241205113636364	0.021246590909091		1
000067:	0.894815340909091	0.040814772727273	0.064369886363636		1
000068:	0.456734659090909	0.520335227272727	0.022930113636364		1
000069:	0.641357954545455	0.327381250000000	0.031260795454545		1
000070:	0.523665340909091	0.375896590909091	0.100438068181818		1
000071:	0.166686363636364	0.832428977272727	0.000884659090909		1
000072:	0.881918750000000	0.075917045454545	0.042164204545455		1
000073:	0.862385795454545	0.099375568181818	0.038238636363636		1
000074:	0.136494318181818	0.823862500000000	0.039643181818182		1
000075:	0.458177272727273	0.490276704545455	0.051546022727273		1
000076:	0.138964204545455	0.479542045454545	0.381493750000000		1
000077:	0.438087500000000	0.345561363636364	0.216351136363636		1
000078:	0.841587500000000	0.089319318181818	0.069093181818182		1
000079:	0.270237500000000	0.673326704545455	0.056435795454545		1
000080:	0.143340909090909	0.804844318181818	0.051814772727273		1
000081:	0.910757954545454	0.066075000000000	0.023167045454545		1
000082:	0.898539204545455	0.065875000000000	0.035585795454545		1
000083:	0.685020454545455	0.256730681818182	0.058248863636364		1
000084:	0.377893750000000	0.313376704545455	0.308729545454545		1
000085:	0.539752272727273	0.383182386363636	0.077065340909091		1
000086:	0.580129545454545	0.358868750000000	0.061001704545455		1
000087:	0.767380113636364	0.214669318181818	0.017950568181818		1
000088:	0.202188068181818	0.772991477272727	0.024820454545455		1
000089:	0.270253409090909	0.665876704545455	0.063869886363636		1
000090:	0.140293750000000	0.832635227272727	0.027071022727273		1
000091:	0.069048863636364	0.748290340909091	0.182660795454545		1
000092:	0.570304545454545	0.381227272727273	0.048468181818182		1
000093:	0.519175568181818	0.413821022727273	0.067003409090909		1
000094:	0.417306818181818	0.536431250000000	0.046261931818182		1
000095:	0.888926704545455	0.064764772727273	0.046308522727273		1
000096:	0.878903977272727	0.083019886363636	0.038076136363636		1
000097:	0.283430113636364	0.693491477272727	0.023078409090909		1
000098:	0.564207386363636	0.415642613636364	0.020150000000000		1
000099:	0.654615340909091	0.301309090909091	0.044075568181818		1
000100:	0.917115340909091	0.059439772727273	0.023444886363636		1
000101:	0.559658522727273	0.422861931818182	0.017479545454545		1
000102:	0.629048295454545	0.343380113636364	0.027571590909091		1
000103:	0.367251704545455	0.563457954545455	0.069290340909091		1
000104:	0.896617045454545	0.080532954545455	0.022850000000000		1
000105:	0.276909090909091	0.701068181818182	0.022022727272727		1
000106:	0.367696022727273	0.604296590909091	0.028007386363636		1
000107:	0.755085227272727	0.209511363636364	0.035403409090909		1
000108:	0.749116477272727	0.220714772727273	0.030168750000000		1
000109:	0.401619886363636	0.566934659090909	0.031445454545455		1
000110:	0.097152840909091	0.761125000000000	0.141722159090909		1
000111:	0.803998863636364	0.126323295454545	0.069677840909091		1
000112:	0.231355681818182	0.735234659090909	0.033409659090909		1
000113:	0.831017045454545	0.122935795454545	0.046047159090909		1
000114:	0.230375000000000	0.563922159090909	0.205702840909091		1
000115:	0.578791477272727	0.371744318181818	0.049464204545455		1
000116:	0.886094886363636	0.090855681818182	0.023049431818182		1
000117:	0.412125000000000	0.497005113636364	0.090869886363636		1
000118:	0.864037500000000	0.066262500000000	0.069700000000000		1
000119:	0.341238068181818	0.636146590909091	0.022615340909091		1
000120:	0.897787500000000	0.078192045454545	0.024020454545455		1
000121:	0.333257954545455	0.608324431818182	0.058417613636364		1
000122:	0.659593181818182	0.324182386363636	0.016224431818182		1
000123:	0.781454545454545	0.155514204545455	0.063031250000000		1
000124:	0.282385795454545	0.590225000000000	0.127389204545455		1
000125:	0.624492613636364	0.090606250000000	0.284901136363636		1
000126:	0.130306250000000	0.060038068181818	0.809655681818182		1
000127:	0.711644886363636	0.260261931818182	0.028093181818182		1
000128:	0.876860227272727	0.101608522727273	0.021531250000000		1
000129:	0.111528977272727	0.859315909090909	0.029155113636364		1
000130:	0.841076136363636	0.113231818181818	0.045692045454545		1
000131:	0.559869886363636	0.391731250000000	0.048398863636364		1
000132:	0.897535795454545	0.083292045454545	0.019172159090909		1
000133:	0.364941477272727	0.450503977272727	0.184554545454545		1
000134:	0.430245454545455	0.517471022727273	0.052283522727273		1
000135:	0.083667045454545	0.898092613636364	0.018240340909091		1
000136:	0.833201136363636	0.112020454545455	0.054778409090909		1
000137:	0.134864772727273	0.842988636363636	0.022146590909091		1
000138:	0.655557954545455	0.259078409090909	0.085363636363636		1
000139:	0.646983522727273	0.309830113636364	0.043186363636364		1
000140:	0.106957386363636	0.865691477272727	0.027351136363636		1
000141:	0.768984659090909	0.110551704545455	0.120463636363636		1
000142:	0.492948863636364	0.491348863636364	0.015702272727273		1
000143:	0.800200000000000	0.175053409090909	0.024746590909091		1
000144:	0.758321022727273	0.212746022727273	0.028932954545455		1
000145:	0.767634090909091	0.173098295454545	0.059267613636364		1
000146:	0.594550568181818	0.370789772727273	0.034659659090909		1
000147:	0.871415340909091	0.091225000000000	0.037359659090909		1
000148:	0.882025000000000	0.094310795454545	0.023664204545455		1
000149:	0.586819886363636	0.329321590909091	0.083858522727273		1
000150:	0.152159090909091	0.831205681818182	0.016635227272727		1
000151:	0.772698295454545	0.159495454545455	0.067806250000000		1
000152:	0.593995454545455	0.359347727272727	0.046656818181818		1
000153:	0.423395454545455	0.554660227272727	0.021944318181818		1
000154:	0.918817613636364	0.055247159090909	0.025935227272727		1
000155:	0.677793750000000	0.293506250000000	0.028700000000000		1
000156:	0.631943750000000	0.336984090909091	0.031072159090909		1
000157:	0.887064204545455	0.025673863636364	0.087261931818182		1
000158:	0.485150000000000	0.099633522727273	0.415216477272727		1
000159:	0.238055113636364	0.354298863636364	0.407646022727273		1
000160:	0.096646022727273	0.009954545454545	0.893399431818182		1
000161:	0.365231250000000	0.032596022727273	0.602172727272727		1
000162:	0.125970454545455	0.549512500000000	0.324517045454545		1
000163:	0.954032954545455	0.013284090909091	0.032682954545455		1
000164:	0.897381818181818	0.013586931818182	0.089031250000000		1
000165:	0.910769318181818	0.013290909090909	0.075939772727273		1
000166:	0.945479545454545	0.015186363636364	0.039334090909091		1
000167:	0.876531250000000	0.034732386363636	0.088736363636364		1
000168:	0.805075568181818	0.158311931818182	0.036612500000000		1
000169:	0.729263068181818	0.252528409090909	0.018208522727273		1
000170:	0.898168181818182	0.076796022727273	0.025035795454545		1
000171:	0.854890340909091	0.098852272727273	0.046257386363636		1
000172:	0.703239204545455	0.243231818181818	0.053528977272727		1
000173:	0.889993181818182	0.096294886363636	0.013711931818182		1
000174:	0.446857954545455	0.540335227272727	0.012806818181818		1
000175:	0.806688636363636	0.173281250000000	0.020030113636364		1
000176:	0.675831818181818	0.293819886363636	0.030348295454545		1
000177:	0.635193750000000	0.349472159090909	0.015334090909091		1
000178:	0.816754545454545	0.167939204545455	0.015306250000000		1
000179:	0.870959090909091	0.108000000000000	0.021040909090909		1
000180:	0.754318181818182	0.220610227272727	0.025071590909091		1
000181:	0.857989772727273	0.087302272727273	0.054707954545455		1
000182:	0.350426704545455	0.612030681818182	0.037542613636364		1
000183:	0.903092045454545	0.079503977272727	0.017403977272727		1
000184:	0.687381818181818	0.283934659090909	0.028683522727273		1
000185:	0.202878977272727	0.769263068181818	0.027857954545455		1
000186:	0.613389204545455	0.320604545454545	0.066006250000000		1
000187:	0.770230681818182	0.200400000000000	0.029369318181818		1
000188:	0.686157386363636	0.167571590909091	0.146271022727273		1
000189:	0.939053977272727	0.048624431818182	0.012321590909091		1
000190:	0.783428977272727	0.160902272727273	0.055668750000000		1
000191:	0.801384659090909	0.183604545454545	0.015010795454545		1
000192:	0.317623863636364	0.629291477272727	0.053084659090909		1
000193:	0.435188636363636	0.525336931818182	0.039474431818182		1
000194:	0.601402840909091	0.370818750000000	0.027778409090909		1
000195:	0.599201704545455	0.385576136363636	0.015222159090909		1
000196:	0.670019886363636	0.028346022727273	0.301634090909091		1
000197:	0.909282954545454	0.037255113636364	0.053461931818182		1
000198:	0.389539204545455	0.418627840909091	0.191832954545455		1
000199:	0.878609090909091	0.023885795454545	0.097505113636364		1
000200:	0.743206250000000	0.042747159090909	0.214046590909091		1
000201:	0.914088636363636	0.021767613636364	0.064143750000000		1
000202:	0.537884090909091	0.419917613636364	0.042198295454545		1
000203:	0.881793181818182	0.093190909090909	0.025015909090909		1
000204:	0.840881250000000	0.097646022727273	0.061472727272727		1
000205:	0.819419886363636	0.127173295454545	0.053406818181818		1
000206:	0.620051136363636	0.351461363636364	0.028487500000000		1
000207:	0.499864772727273	0.457573863636364	0.042561363636364		1
000208:	0.841551704545455	0.124394318181818	0.034053977272727		1
000209:	0.922734659090909	0.038272159090909	0.038993181818182		1
000210:	0.870281250000000	0.091299431818182	0.038419318181818		1
000211:	0.907067045454545	0.045828977272727	0.047103977272727		1
000212:	0.793342613636364	0.034176136363636	0.172481250000000		1
000213:	0.916459659090909	0.024982954545455	0.058557386363636		1
000214:	0.801255113636364	0.069009090909091	0.129735795454545		1
000215:	0.663341477272727	0.145285227272727	0.191373295454545		1
000216:	0.866869886363636	0.024593181818182	0.108536931818182		1
000217:	0.704117045454545	0.031205113636364	0.264677840909091		1
000218:	0.887982386363636	0.019525568181818	0.092492045454545		1
000219:	0.785520454545454	0.013210795454545	0.201268750000000		1
000220:	0.837007954545455	0.019359090909091	0.143632954545455		1
000221:	0.910579545454545	0.013286363636364	0.076134090909091		1
000222:	0.848515340909091	0.018563636363636	0.132921022727273		1
000223:	0.726451136363636	0.149890909090909	0.123657954545455		1
000224:	0.076747159090909	0.859258522727273	0.063994318181818		1
000225:	0.093920454545455	0.849857954545455	0.056221590909091		1
000226:	0.203892045454545	0.488715340909091	0.307392613636364		1
000227:	0.070503409090909	0.819706250000000	0.109790340909091		1
000228:	0.035372727272727	0.541525568181818	0.423101704545455		1
000229:	0.235586931818182	0.578889204545455	0.185523863636364		1
000230:	0.064946590909091	0.068257386363636	0.866796022727273		1
000231:	0.137025000000000	0.662828409090909	0.200146590909091		1
000232:	0.442189204545455	0.256167613636364	0.301643181818182		1
000233:	0.043902840909091	0.832336363636364	0.123760795454545		1
000234:	0.034889772727273	0.904643181818182	0.060467045454545		1
000235:	0.036778977272727	0.914839772727273	0.048381250000000		1
000236:	0.076803409090909	0.482877272727273	0.440319318181818		1
000237:	0.041660795454545	0.901925000000000	0.056414204545455		1
000238:	0.652463636363636	0.238127272727273	0.109409090909091		1
000239:	0.107806250000000	0.689259090909091	0.202934659090909		1
000240:	0.035027272727273	0.187478977272727	0.777493750000000		1
000241:	0.108654545454545	0.743372727272727	0.147972727272727		1
000242:	0.038360795454545	0.909655681818182	0.051983522727273		1
000243:	0.037560795454545	0.404260227272727	0.558178977272727		1
000244:	0.356996022727273	0.257409659090909	0.385594318181818		1
000245:	0.122710795454545	0.494828977272727	0.382460227272727		1
000246:	0.065979545454545	0.844438068181818	0.089582386363636		1
000247:	0.093769886363636	0.746596022727273	0.159634090909091		1
000248:	0.180618750000000	0.178873295454545	0.640507954545455		1
000249:	0.040915909090909	0.759106250000000	0.199977840909091		1
000250:	0.041557386363636	0.907076704545455	0.051365909090909		1
000251:	0.059752840909091	0.729502272727273	0.210744886363636		1
000252:	0.104604545454545	0.316067045454545	0.579328409090909		1
000253:	0.058932386363636	0.691615340909091	0.249452272727273		1
000254:	0.075011931818182	0.393101136363636	0.531886931818182		1
000255:	0.131573295454545	0.597409090909091	0.271017613636364		1
000256:	0.294838636363636	0.467637500000000	0.237523863636364		1
000257:	0.396607954545455	0.112936931818182	0.490455113636364		1
000258:	0.831348863636364	0.113440340909091	0.055210795454545		1
000259:	0.612392613636364	0.292993181818182	0.094614204545455		1
000260:	0.052285795454545	0.597731250000000	0.349982954545455		1
000261:	0.130097727272727	0.525807386363636	0.344094886363636		1
000262:	0.200099431818182	0.360073295454545	0.439827272727273		1
000263:	0.713337500000000	0.170294886363636	0.116367613636364		1
000264:	0.533818181818182	0.187254545454545	0.278927272727273		1
000265:	0.770215909090909	0.107317045454545	0.122467045454545		1
000266:	0.214414772727273	0.653873863636364	0.131711363636364		1
000267:	0.056911363636364	0.741344318181818	0.201744318181818		1
000268:	0.685800000000000	0.194142045454545	0.120057954545455		1
000269:	0.099111931818182	0.863602272727273	0.037285795454545		1
000270:	0.744737500000000	0.096127840909091	0.159134659090909		1
000271:	0.039621022727273	0.679260795454545	0.281118181818182		1
000272:	0.134105113636364	0.486097727272727	0.379797159090909		1
000273:	0.182096590909091	0.676709659090909	0.141193750000000		1
000274:	0.107581250000000	0.529078409090909	0.363340340909091		1
000275:	0.281924431818182	0.579738636363636	0.138336931818182		1
000276:	0.462194318181818	0.289796022727273	0.248009659090909		1
000277:	0.082423295454545	0.808392045454545	0.109184659090909		1
000278:	0.372327840909091	0.488350568181818	0.139321590909091		1
000279:	0.051239204545455	0.900873863636364	0.047886931818182		1
000280:	0.182406250000000	0.376306818181818	0.441286931818182		1
000281:	0.089319886363636	0.839214204545455	0.071465909090909		1
000282:	0.164917045454545	0.666687500000000	0.168395454545455		1
000283:	0.416832386363636	0.096798863636364	0.486368750000000		1
000284:	0.100307954545455	0.601009090909091	0.298682954545455		1
000285:	0.075078977272727	0.852053977272727	0.072867045454545		1
000286:	0.072805681818182	0.831546022727273	0.095648295454545		1
000287:	0.073161931818182	0.836142613636364	0.090695454545455		1
000288:	0.197288636363636	0.554072727272727	0.248638636363636		1
000289:	0.831464772727273	0.072532386363636	0.096002840909091		1
000290:	0.407873863636364	0.049708522727273	0.542417613636364		1
000291:	0.930721022727273	0.046186363636364	0.023092613636364		1
000292:	0.750203977272727	0.057277272727273	0.192518750000000		1
000293:	0.931511931818182	0.032474431818182	0.036013636363636		1
000294:	0.936224431818182	0.039202840909091	0.024572727272727		1
000295:	0.889359090909091	0.078705113636364	0.031935795454545		1
000296:	0.901985795454545	0.049432954545455	0.048581250000000		1
000297:	0.834256818181818	0.078288068181818	0.087455113636364		1
000298:	0.139934659090909	0.814250568181818	0.045814772727273		1
000299:	0.818882386363636	0.107983522727273	0.073134090909091		1
000300:	0.708709090909091	0.167409090909091	0.123881818181818		1
000301:	0.847664204545455	0.071456250000000	0.080879545454545		1
000302:	0.703722159090909	0.077932954545455	0.218344886363636		1
000303:	0.598244886363636	0.113869886363636	0.287885227272727		1
000304:	0.787701136363636	0.064655681818182	0.147643181818182		1
000305:	0.218505681818182	0.053100568181818	0.728393750000000		1
000306:	0.391004545454545	0.228796590909091	0.380198863636364		1
000307:	0.173283522727273	0.023357954545455	0.803358522727273		1
000308:	0.879964772727273	0.023907386363636	0.096127840909091		1
000309:	0.850014204545455	0.094573295454545	0.055412500000000		1
000310:	0.886222727272727	0.071193750000000	0.042583522727273		1
000311:	0.598584090909091	0.131559090909091	0.269856818181818		1
000312:	0.187057386363636	0.763042045454545	0.049900568181818		1
000313:	0.158356250000000	0.766062500000000	0.075581250000000		1
000314:	0.135765909090909	0.794588068181818	0.069646022727273		1
000315:	0.191298863636364	0.754344886363636	0.054356250000000		1
000316:	0.749385227272727	0.191516477272727	0.059098295454545		1
000317:	0.206403977272727	0.657196022727273	0.136400000000000		1
000318:	0.849858522727273	0.032475568181818	0.117665909090909		1
000319:	0.891825568181818	0.026982954545455	0.081191477272727		1
000320:	0.715976136363636	0.112264204545455	0.171759659090909		1
000321:	0.887565909090909	0.028029545454545	0.084404545454545		1
000322:	0.356575568181818	0.034542045454545	0.608882386363636		1
000323:	0.349187500000000	0.459805681818182	0.191006818181818		1
000324:	0.641738068181818	0.037047727272727	0.321214204545455		1
000325:	0.384222159090909	0.223319318181818	0.392458522727273		1
000326:	0.312956818181818	0.100847727272727	0.586195454545455		1
000327:	0.659502272727273	0.058993181818182	0.281504545454545		1
000328:	0.083381818181818	0.025895454545455	0.890722727272727		1
000329:	0.677430113636364	0.083647727272727	0.238922159090909		1
000330:	0.129364204545455	0.039218181818182	0.831417613636364		1
000331:	0.110367045454545	0.033448863636364	0.856184090909091		1
000332:	0.856396590909091	0.057836363636364	0.085767045454545		1
000333:	0.754855681818182	0.080997159090909	0.164147159090909		1
000334:	0.790254545454545	0.066409090909091	0.143336363636364		1
000335:	0.810230113636364	0.071342045454545	0.118427840909091		1
000336:	0.651790340909091	0.031126136363636	0.317083522727273		1
000337:	0.373665340909091	0.079627272727273	0.546707386363636		1
000338:	0.901996590909091	0.025650568181818	0.072352840909091		1
000339:	0.558281250000000	0.022839204545455	0.418879545454545		1
000340:	0.798008522727273	0.022827272727273	0.179164204545455		1
000341:	0.896001704545455	0.037969318181818	0.066028977272727		1
000342:	0.701724431818182	0.029876136363636	0.268399431818182		1
000343:	0.574830113636364	0.420721590909091	0.004448295454545		1
000344:	0.099412500000000	0.028735795454545	0.871851704545455		1
000345:	0.097698863636364	0.013861363636364	0.888439772727273		1
000346:	0.794028977272727	0.026851136363636	0.179119886363636		1
000347:	0.702580113636364	0.024442613636364	0.272977272727273		1
000348:	0.594834659090909	0.038522159090909	0.366643181818182		1
000349:	0.412015340909091	0.080659090909091	0.507325568181818		1
000350:	0.593603409090909	0.041709090909091	0.364687500000000		1
000351:	0.367031250000000	0.029180113636364	0.603788636363636		1
000352:	0.856751704545455	0.054244886363636	0.089003409090909		1
000353:	0.907490909090909	0.021584090909091	0.070925000000000		1
000354:	0.902648295454546	0.027225568181818	0.070126136363636		1
000355:	0.629297159090909	0.036511363636364	0.334191477272727		1
000356:	0.389056818181818	0.479113636363636	0.131829545454545		1
000357:	0.068552840909091	0.852080113636364	0.079367045454545		1
000358:	0.248563636363636	0.611951136363636	0.139485227272727		1
000359:	0.177045454545455	0.477171590909091	0.345782954545455		1
000360:	0.820305681818182	0.122768750000000	0.056925568181818		1
000361:	0.055947159090909	0.873794886363636	0.070257954545455		1
000362:	0.287930681818182	0.094586931818182	0.617482386363636		1
000363:	0.764234090909091	0.204689204545455	0.031076704545455		1
000364:	0.221835227272727	0.576797159090909	0.201367613636364		1
000365:	0.513584090909091	0.276318181818182	0.210097727272727		1
000366:	0.118641477272727	0.826863068181818	0.054495454545455		1
000367:	0.224388068181818	0.717666477272727	0.057945454545455		1
000368:	0.155285227272727	0.790444886363636	0.054269886363636		1
000369:	0.582937500000000	0.313710795454545	0.103351704545455		1
000370:	0.692451704545455	0.175414772727273	0.132133522727273		1
000371:	0.685199431818182	0.081069318181818	0.233731250000000		1
000372:	0.605544318181818	0.351315340909091	0.043140340909091		1
000373:	0.304605681818182	0.471432386363636	0.223961931818182		1
000374:	0.758118181818182	0.184563636363636	0.057318181818182		1
000375:	0.591809659090909	0.069278977272727	0.338911363636364		1
000376:	0.545956818181818	0.382922727272727	0.071120454545455		1
000377:	0.550647727272727	0.085716477272727	0.363635795454545		1
000378:	0.063226704545455	0.910555681818182	0.026217613636364		1
000379:	0.050032386363636	0.930800000000000	0.019167613636364		1
000380:	0.199232954545455	0.754686931818182	0.046080113636364		1
000381:	0.039501704545455	0.929603977272727	0.030894318181818		1
000382:	0.428923295454545	0.504171022727273	0.066905681818182		1
000383:	0.520529545454545	0.384923863636364	0.094546590909091		1
000384:	0.345305681818182	0.577360795454545	0.077333522727273		1
000385:	0.272395454545455	0.333948863636364	0.393655681818182		1
000386:	0.075476704545455	0.875968181818182	0.048555113636364		1
000387:	0.500324431818182	0.421547159090909	0.078128409090909		1
000388:	0.158664204545455	0.560919886363636	0.280415909090909		1
000389:	0.439028409090909	0.382298295454545	0.178673295454545		1
000390:	0.323644318181818	0.071436931818182	0.604918750000000		1
000391:	0.271293181818182	0.650991477272727	0.077715340909091		1
000392:	0.061873295454545	0.819936363636364	0.118190340909091		1
000393:	0.251232954545455	0.679987500000000	0.068779545454545		1
000394:	0.451396022727273	0.508955681818182	0.039648295454545		1
000395:	0.753657386363636	0.203843750000000	0.042498863636364		1
000396:	0.401882386363636	0.437977840909091	0.160139772727273		1
000397:	0.578507954545455	0.375084090909091	0.046407954545455		1
000398:	0.416257954545455	0.436647727272727	0.147094318181818		1
000399:	0.045056250000000	0.902744886363636	0.052198863636364		1
000400:	0.234166477272727	0.700550000000000	0.065283522727273		1
000401:	0.134148295454545	0.829596590909091	0.036255113636364		1
000402:	0.458577272727273	0.497051704545455	0.044371022727273		1
000403:	0.390148863636364	0.499888636363636	0.109962500000000		1
000404:	0.240810795454545	0.576685795454545	0.182503409090909		1
000405:	0.336421590909091	0.633959090909091	0.029619318181818		1
000406:	0.882014772727273	0.089020454545455	0.028964772727273		1
000407:	0.812546022727273	0.159175568181818	0.028278409090909		1
000408:	0.118888636363636	0.633063636363636	0.248047727272727		1
000409:	0.810677272727273	0.099871590909091	0.089451136363636		1
000410:	0.778222727272727	0.125913068181818	0.095864204545455		1
000411:	0.706632386363636	0.171266477272727	0.122101136363636		1
000412:	0.071440909090909	0.863552272727273	0.065006818181818		1
000413:	0.350345454545455	0.532615909090909	0.117038636363636		1
000414:	0.100672159090909	0.859057386363636	0.040270454545455		1
000415:	0.052811931818182	0.505901704545455	0.441286363636364		1
000416:	0.031198863636364	0.935728977272727	0.033072159090909		1
000417:	0.273357954545455	0.601885795454545	0.124756250000000		1
000418:	0.138915909090909	0.807203409090909	0.053880681818182		1
000419:	0.035851136363636	0.892157954545455	0.071990909090909		1
000420:	0.485183522727273	0.080716477272727	0.434100000000000		1
000421:	0.171993750000000	0.780611363636364	0.047394886363636		1
000422:	0.214825568181818	0.646476136363636	0.138698295454545		1
000423:	0.281784659090909	0.108002272727273	0.610213068181818		1
000424:	0.029045454545455	0.935190340909091	0.035764204545455		1
000425:	0.058858522727273	0.877201704545455	0.063939772727273		1
000426:	0.040921590909091	0.262636363636364	0.696442045454545		1
000427:	0.262506818181818	0.656990340909091	0.080502840909091		1
000428:	0.378409090909091	0.562689204545455	0.058901704545455		1
000429:	0.538478409090909	0.307257386363636	0.154264204545455		1
000430:	0.108680113636364	0.654709659090909	0.236610227272727		1
000431:	0.173970454545455	0.766800000000000	0.059229545454545		1
000432:	0.154697727272727	0.739986931818182	0.105315340909091		1
000433:	0.255306250000000	0.464082954545455	0.280610795454545		1
000434:	0.186043750000000	0.660820454545455	0.153135795454545		1
000435:	0.349896022727273	0.452555113636364	0.197548863636364		1
000436:	0.074346022727273	0.536266477272727	0.389387500000000		1
000437:	0.072527840909091	0.772011363636364	0.155460795454545		1
000438:	0.143082386363636	0.755726136363636	0.101191477272727		1
000439:	0.052968750000000	0.904548295454545	0.042482954545455		1
000440:	0.036931818181818	0.936113068181818	0.026955113636364		1
000441:	0.033762500000000	0.927669886363636	0.038567613636364		1
000442:	0.056427840909091	0.902848863636364	0.040723295454545		1
000443:	0.741515909090909	0.170197727272727	0.088286363636364		1
000444:	0.035521022727273	0.727715909090909	0.236763068181818		1
000445:	0.215374431818182	0.745484090909091	0.039141477272727		1
000446:	0.376515909090909	0.375275000000000	0.248209090909091		1
000447:	0.118117613636364	0.833164772727273	0.048717613636364		1
000448:	0.270952840909091	0.650140909090909	0.078906250000000		1
000449:	0.365637500000000	0.550114772727273	0.084247727272727		1
000450:	0.711871590909091	0.225292045454545	0.062836363636364		1
000451:	0.757725000000000	0.181857386363636	0.060417613636364		1
000452:	0.117196022727273	0.179626136363636	0.703177840909091		1
000453:	0.044920454545455	0.919930113636364	0.035149431818182		1
000454:	0.450752840909091	0.334222727272727	0.215024431818182		1
000455:	0.821546590909091	0.060927272727273	0.117526136363636		1
000456:	0.648673295454545	0.349275000000000	0.002051704545455		1
000457:	0.901221022727273	0.019868181818182	0.078910795454545		1
000458:	0.826285227272727	0.061060795454545	0.112653977272727		1
000459:	0.893868750000000	0.016159659090909	0.089971590909091		1
000460:	0.943778977272727	0.026100000000000	0.030121022727273		1
000461:	0.907496022727273	0.037068750000000	0.055435227272727		1
000462:	0.689823863636364	0.047444886363636	0.262731250000000		1
000463:	0.451776136363636	0.039021590909091	0.509202272727273		1
000464:	0.537480113636364	0.080300568181818	0.382219318181818		1
000465:	0.871400568181818	0.040369318181818	0.088230113636364		1
000466:	0.920705681818182	0.029146022727273	0.050148295454545		1
000467:	0.918889772727273	0.023542613636364	0.057567613636364		1
000468:	0.941861363636364	0.018998295454545	0.039140340909091		1
000469:	0.173160795454545	0.761976704545455	0.064862500000000		1
000470:	0.123843181818182	0.786366477272727	0.089790340909091		1
000471:	0.281060795454545	0.682307954545455	0.036631250000000		1
000472:	0.160694886363636	0.134817045454545	0.704488068181818		1
000473:	0.397809659090909	0.090875568181818	0.511314772727273		1
000474:	0.191074431818182	0.753988636363636	0.054936931818182		1
000475:	0.394889204545455	0.560830113636364	0.044280681818182		1
000476:	0.584629545454545	0.276032954545455	0.139337500000000		1
000477:	0.145622159090909	0.831726704545454	0.022651136363636		1
000478:	0.143406250000000	0.818324431818182	0.038269318181818		1
000479:	0.575877272727273	0.320563636363636	0.103559090909091		1
000480:	0.622507954545455	0.322297727272727	0.055194318181818		1
000481:	0.769504545454545	0.176418181818182	0.054077272727273		1
000482:	0.494337500000000	0.502434659090909	0.003227840909091		1
000483:	0.191705113636364	0.446947159090909	0.361347727272727		1
000484:	0.832519318181818	0.115619886363636	0.051860795454545		1
000485:	0.076135795454545	0.836151136363636	0.087713068181818		1
000486:	0.521673863636364	0.426176704545455	0.052149431818182		1
000487:	0.116289772727273	0.078961931818182	0.804748295454545		1
000488:	0.357553977272727	0.577231250000000	0.065214772727273		1
000489:	0.062622159090909	0.778633522727273	0.158744318181818		1
000490:	0.215023295454545	0.733968181818182	0.051008522727273		1
000491:	0.655841477272727	0.111955681818182	0.232202840909091		1
000492:	0.137376704545455	0.811363636363636	0.051259659090909		1
000493:	0.471801136363636	0.237216477272727	0.290982386363636		1
000494:	0.790528977272727	0.110440340909091	0.099030681818182		1
000495:	0.776171590909091	0.163597727272727	0.060230681818182		1
000496:	0.888685795454545	0.036345454545455	0.074968750000000		1
000497:	0.532764772727273	0.308779545454545	0.158455681818182		1
000498:	0.749121590909091	0.158084090909091	0.092794318181818		1
000499:	0.813596590909091	0.036080681818182	0.150322727272727		1
000500:	0.887138068181818	0.064341477272727	0.048520454545455		1
000501:	0.745453977272727	0.077329545454545	0.177216477272727		1
000502:	0.922422727272727	0.019996590909091	0.057580681818182		1
000503:	0.916887500000000	0.021759090909091	0.061353409090909		1
000504:	0.069806250000000	0.013975568181818	0.916218181818182		1
000505:	0.726365340909091	0.086285795454545	0.187348863636364		1
000506:	0.624462500000000	0.119029545454545	0.256507954545455		1
000507:	0.811911931818182	0.095957954545455	0.092130113636364		1
000508:	0.900278409090909	0.029701136363636	0.070020454545455		1
000509:	0.909310795454545	0.026990909090909	0.063698295454545		1
000510:	0.813789204545455	0.025238636363636	0.160972159090909		1
000511:	0.953809659090909	0.019398863636364	0.026791477272727		1
000512:	0.638351136363636	0.039768750000000	0.321880113636364		1
000513:	0.690552272727273	0.072245454545455	0.237202272727273		1
000514:	0.518101704545455	0.026916477272727	0.454981818181818		1
000515:	0.919784090909091	0.018872727272727	0.061343181818182		1
000516:	0.932953977272727	0.018081250000000	0.048964772727273		1
000517:	0.941881250000000	0.019186363636364	0.038932386363636		1
000518:	0.499848863636364	0.056873863636364	0.443277272727273		1
000519:	0.330956818181818	0.114527272727273	0.554515909090909		1
000520:	0.109363636363636	0.085213636363636	0.805422727272727		1
000521:	0.314915340909091	0.023292613636364	0.661792045454546		1
000522:	0.377473863636364	0.235478409090909	0.387047727272727		1
000523:	0.111138068181818	0.202082386363636	0.686779545454545		1
000524:	0.695038068181818	0.071485795454545	0.233476136363636		1
000525:	0.420798863636364	0.039796022727273	0.539405113636364		1
000526:	0.552612500000000	0.109467045454545	0.337920454545455		1
000527:	0.162897727272727	0.061039772727273	0.776062500000000		1
000528:	0.066409090909091	0.075703977272727	0.857886931818182		1
000529:	0.241714772727273	0.123413636363636	0.634871590909091		1
000530:	0.067196022727273	0.083919318181818	0.848884659090909		1
000531:	0.291467613636364	0.050624431818182	0.657907954545455		1
000532:	0.060000568181818	0.030485227272727	0.909514204545455		1
000533:	0.426446590909091	0.024677272727273	0.548876136363636		1
000534:	0.354713068181818	0.043366477272727	0.601920454545455		1
000535:	0.094116477272727	0.033861931818182	0.872021590909091		1
000536:	0.380346590909091	0.069018750000000	0.550634659090909		1
000537:	0.199951136363636	0.422734090909091	0.377314772727273		1
000538:	0.117063068181818	0.095286363636364	0.787650568181818		1
000539:	0.208690340909091	0.269294318181818	0.522015340909091		1
000540:	0.348192045454545	0.150294886363636	0.501513068181818		1
000541:	0.779826136363636	0.040442045454545	0.179731818181818		1
000542:	0.423785227272727	0.278692613636364	0.297522159090909		1
000543:	0.261903977272727	0.073022727272727	0.665073295454545		1
000544:	0.310054545454545	0.024009090909091	0.665936363636364		1
000545:	0.713623295454546	0.021472159090909	0.264904545454545		1
000546:	0.733789772727273	0.059382386363636	0.206827840909091		1
000547:	0.284643750000000	0.038740340909091	0.676615909090909		1
000548:	0.548256250000000	0.028688636363636	0.423055113636364		1
000549:	0.265210227272727	0.022432386363636	0.712357386363636		1
000550:	0.466953977272727	0.119965340909091	0.413080681818182		1
000551:	0.143984090909091	0.140573863636364	0.715442045454545		1
000552:	0.081964772727273	0.061901136363636	0.856134090909091		1
000553:	0.277006250000000	0.090472159090909	0.632521590909091		1
000554:	0.157193181818182	0.043290340909091	0.799516477272727		1
000555:	0.202607386363636	0.047000000000000	0.750392613636364		1
000556:	0.101303409090909	0.065886931818182	0.832809659090909		1
000557:	0.145442613636364	0.036097159090909	0.818460227272727		1
000558:	0.052883522727273	0.062137500000000	0.884978977272727		1
000559:	0.054682386363636	0.041430681818182	0.903886931818182		1
000560:	0.050647727272727	0.050333522727273	0.899018750000000		1
000561:	0.209795454545455	0.257270454545455	0.532934090909091		1
000562:	0.719591477272727	0.027108522727273	0.253300000000000		1
000563:	0.137927272727273	0.307964204545455	0.554108522727273		1
000564:	0.272236363636364	0.129688636363636	0.598075000000000		1
000565:	0.129886363636364	0.037409090909091	0.832704545454545		1
000566:	0.087464772727273	0.019623863636364	0.892911363636364		1
000567:	0.073468181818182	0.015763068181818	0.910768750000000		1
000568:	0.074653977272727	0.016215340909091	0.909130681818182		1
000569:	0.726598863636364	0.021287500000000	0.252113636363636		1
000570:	0.860890909090909	0.021989204545455	0.117119886363636		1
000571:	0.066645454545455	0.016152840909091	0.917201704545455		1
000572:	0.726752272727273	0.019594318181818	0.253653409090909		1
000573:	0.737754545454545	0.025260795454545	0.236984659090909		1
000574:	0.242351136363636	0.020745454545455	0.736903409090909		1
000575:	0.893788068181818	0.025315909090909	0.080896022727273		1
000576:	0.172548295454545	0.035907954545455	0.791543750000000		1
000577:	0.172729545454545	0.234161931818182	0.593108522727273		1
000578:	0.183413636363636	0.072405681818182	0.744180681818182		1
000579:	0.178532386363636	0.045744318181818	0.775723295454545		1
000580:	0.251118750000000	0.490614204545455	0.258267045454545		1
000581:	0.179260795454545	0.057355681818182	0.763383522727273		1
000582:	0.429234659090909	0.045476136363636	0.525289204545455		1
000583:	0.554140909090909	0.278613636363636	0.167245454545455		1
000584:	0.161548863636364	0.039564772727273	0.798886363636364		1
000585:	0.065772727272727	0.018748295454545	0.915478977272727		1
000586:	0.232362500000000	0.018349431818182	0.749288068181818		1
000587:	0.543153977272727	0.033603977272727	0.423242045454545		1
000588:	0.392122727272727	0.057111363636364	0.550765909090909		1
000589:	0.754223295454545	0.066333522727273	0.179443181818182		1
000590:	0.585655681818182	0.055070454545455	0.359273863636364		1
000591:	0.356509659090909	0.012965340909091	0.630525000000000		1
000592:	0.195289772727273	0.026044886363636	0.778665340909091		1
000593:	0.238760227272727	0.030286931818182	0.730952840909091		1
000594:	0.727501704545455	0.032094318181818	0.240403977272727		1
000595:	0.204042045454545	0.409815340909091	0.386142613636364		1
000596:	0.312355113636364	0.109285795454545	0.578359090909091		1
000597:	0.349933522727273	0.089239204545455	0.560827272727273		1
000598:	0.246927840909091	0.061773863636364	0.691298295454545		1
000599:	0.080993181818182	0.058647159090909	0.860359659090909		1
000600:	0.098039204545455	0.080658522727273	0.821302272727273		1
000601:	0.049003977272727	0.028859659090909	0.922136363636364		1
000602:	0.512666477272727	0.103360227272727	0.383973295454545		1
000603:	0.237718750000000	0.029880113636364	0.732401136363636		1
000604:	0.664515909090909	0.062919886363636	0.272564204545455		1
