Estimated Clustering Probabilities for Samples
Sample	***Cluster  01***	***Cluster  02***	***Cluster  03***	***Cluster  04***	
000001:	0.668880681818182	0.169223295454545	0.010756818181818	0.151139204545455		1
000002:	0.882223863636364	0.042755681818182	0.007686363636364	0.067334090909091		1
000003:	0.825779545454545	0.059256250000000	0.020402840909091	0.094561363636364		1
000004:	0.901611931818182	0.030907954545455	0.008053409090909	0.059426704545455		1
000005:	0.904584659090909	0.060782954545455	0.006936363636364	0.027696022727273		1
000006:	0.849013636363636	0.067843181818182	0.029722727272727	0.053420454545455		1
000007:	0.846232386363636	0.033685795454545	0.007932954545455	0.112148863636364		1
000008:	0.914735227272727	0.037832954545455	0.011008522727273	0.036423295454545		1
000009:	0.895273863636364	0.043646590909091	0.008718750000000	0.052360795454545		1
000010:	0.875433522727273	0.076084090909091	0.010635795454545	0.037846590909091		1
000011:	0.488596590909091	0.184642045454545	0.142092045454545	0.184669318181818		1
000012:	0.303405681818182	0.456387500000000	0.202805681818182	0.037401136363636		1
000013:	0.168093181818182	0.224738068181818	0.578281818181818	0.028886931818182		1
000014:	0.679296590909091	0.076281250000000	0.198170454545455	0.046251704545455		1
000015:	0.782815340909091	0.158724431818182	0.039696590909091	0.018763636363636		1
000016:	0.784475000000000	0.075023863636364	0.100049431818182	0.040451704545455		1
000017:	0.345783522727273	0.570313068181818	0.040759090909091	0.043144318181818		1
000018:	0.131504545454545	0.589257386363636	0.252990909090909	0.026247159090909		1
000019:	0.516114204545455	0.277640909090909	0.162516477272727	0.043728409090909		1
000020:	0.540798295454545	0.333946590909091	0.062612500000000	0.062642613636364		1
000021:	0.062955681818182	0.777268181818182	0.052855681818182	0.106920454545455		1
000022:	0.327911363636364	0.587285227272727	0.060018181818182	0.024785227272727		1
000023:	0.264654545454545	0.346090909090909	0.294853977272727	0.094400568181818		1
000024:	0.466655681818182	0.220068750000000	0.281584659090909	0.031690909090909		1
000025:	0.183146022727273	0.210625000000000	0.579825000000000	0.026403977272727		1
000026:	0.137293181818182	0.734722159090909	0.096589204545455	0.031395454545455		1
000027:	0.082659090909091	0.714422727272727	0.181422727272727	0.021495454545455		1
000028:	0.318358522727273	0.387094886363636	0.057035227272727	0.237511363636364		1
000029:	0.340013636363636	0.506510227272727	0.101055681818182	0.052420454545455		1
000030:	0.489839772727273	0.188490340909091	0.241892045454545	0.079777840909091		1
000031:	0.068054545454545	0.692664204545455	0.212952840909091	0.026328409090909		1
000032:	0.099331818181818	0.799532386363636	0.063124431818182	0.038011363636364		1
000033:	0.175919886363636	0.609248863636364	0.128936931818182	0.085894318181818		1
000034:	0.693252840909091	0.179933522727273	0.092344886363636	0.034468750000000		1
000035:	0.119098863636364	0.604386931818182	0.167183522727273	0.109330681818182		1
000036:	0.303547727272727	0.522531250000000	0.076368181818182	0.097552840909091		1
000037:	0.192253977272727	0.693813636363636	0.091808522727273	0.022123863636364		1
000038:	0.245685795454545	0.143493181818182	0.373689772727273	0.237131250000000		1
000039:	0.185280681818182	0.535139204545454	0.248480681818182	0.031099431818182		1
000040:	0.591314772727273	0.122986363636364	0.237333522727273	0.048365340909091		1
000041:	0.273491477272727	0.567923295454545	0.120454545454545	0.038130681818182		1
000042:	0.131974431818182	0.410934090909091	0.418734090909091	0.038357386363636		1
000043:	0.635236363636364	0.269823295454545	0.048398863636364	0.046541477272727		1
000044:	0.328096590909091	0.551064772727273	0.071306818181818	0.049531818181818		1
000045:	0.083679545454545	0.822422727272727	0.075754545454545	0.018143181818182		1
000046:	0.181810795454545	0.521934659090909	0.130274431818182	0.165980113636364		1
000047:	0.368623295454545	0.340569318181818	0.185975000000000	0.104832386363636		1
000048:	0.871691477272727	0.054907954545455	0.035105113636364	0.038295454545455		1
000049:	0.679648863636364	0.208575568181818	0.071702840909091	0.040072727272727		1
000050:	0.484542045454545	0.323575000000000	0.126795454545455	0.065087500000000		1
000051:	0.868167613636364	0.042331818181818	0.047470454545455	0.042030113636364		1
000052:	0.883110227272727	0.052818181818182	0.034636363636364	0.029435227272727		1
000053:	0.452896022727273	0.427981250000000	0.082771590909091	0.036351136363636		1
000054:	0.255291477272727	0.242284659090909	0.429035795454545	0.073388068181818		1
000055:	0.843184659090909	0.096971590909091	0.020289772727273	0.039553977272727		1
000056:	0.577142613636364	0.327729545454545	0.053842613636364	0.041285227272727		1
000057:	0.422284090909091	0.476519318181818	0.039452840909091	0.061743750000000		1
000058:	0.442252840909091	0.327338636363636	0.176871022727273	0.053537500000000		1
000059:	0.177501136363636	0.706640909090909	0.076184090909091	0.039673863636364		1
000060:	0.721238636363636	0.210213636363636	0.033827840909091	0.034719886363636		1
000061:	0.633510795454545	0.293296022727273	0.045006818181818	0.028186363636364		1
000062:	0.866401136363636	0.062256250000000	0.035282386363636	0.036060227272727		1
000063:	0.859614204545455	0.053355681818182	0.042422159090909	0.044607954545455		1
000064:	0.867563068181818	0.036417613636364	0.024210795454545	0.071808522727273		1
000065:	0.772952272727273	0.125887500000000	0.038125000000000	0.063035227272727		1
000066:	0.370847159090909	0.564084659090909	0.030083522727273	0.034984659090909		1
000067:	0.887731818181818	0.045450000000000	0.028081818181818	0.038736363636364		1
000068:	0.237730681818182	0.670508522727273	0.063234659090909	0.028526136363636		1
000069:	0.283175000000000	0.650655113636364	0.028517045454545	0.037652840909091		1
000070:	0.315091477272727	0.141376704545455	0.158827840909091	0.384703977272727		1
000071:	0.176948863636364	0.726888636363636	0.050007954545455	0.046154545454545		1
000072:	0.773572159090909	0.152164204545455	0.028387500000000	0.045876136363636		1
000073:	0.744351704545455	0.169496590909091	0.040948295454545	0.045203409090909		1
000074:	0.195157954545455	0.458455681818182	0.303206818181818	0.043179545454545		1
000075:	0.523246022727273	0.274843181818182	0.155844886363636	0.046065909090909		1
000076:	0.132491477272727	0.254163636363636	0.138088068181818	0.475256818181818		1
000077:	0.337173295454545	0.235953977272727	0.174712500000000	0.252160227272727		1
000078:	0.703503409090909	0.175956250000000	0.032101136363636	0.088439204545455		1
000079:	0.271075568181818	0.506797727272727	0.153896022727273	0.068230681818182		1
000080:	0.170407386363636	0.499267045454545	0.268301704545455	0.062023863636364		1
000081:	0.655049431818182	0.267990340909091	0.023230681818182	0.053729545454545		1
000082:	0.655558522727273	0.241589204545455	0.032004545454545	0.070847727272727		1
000083:	0.417876704545455	0.448934659090909	0.059990909090909	0.073197727272727		1
000084:	0.493289204545455	0.082835227272727	0.323380681818182	0.100494886363636		1
000085:	0.350548863636364	0.485130681818182	0.086218750000000	0.078101704545455		1
000086:	0.590976136363636	0.238488636363636	0.111190340909091	0.059344886363636		1
000087:	0.276152272727273	0.659894318181818	0.032906818181818	0.031046590909091		1
000088:	0.131984659090909	0.787159090909091	0.049565340909091	0.031290909090909		1
000089:	0.139415340909091	0.727480113636364	0.049472727272727	0.083631818181818		1
000090:	0.213172727272727	0.499396022727273	0.244607954545455	0.042823295454545		1
000091:	0.105621022727273	0.330621022727273	0.333647727272727	0.230110227272727		1
000092:	0.402050568181818	0.443878977272727	0.103598863636364	0.050471590909091		1
000093:	0.366315909090909	0.396352272727273	0.157047727272727	0.080284090909091		1
000094:	0.323110795454545	0.478603409090909	0.124975000000000	0.073310795454545		1
000095:	0.824037500000000	0.099242613636364	0.033916477272727	0.042803409090909		1
000096:	0.851209090909091	0.066715909090909	0.054644318181818	0.027430681818182		1
000097:	0.155975000000000	0.763981818181818	0.047201136363636	0.032842045454545		1
000098:	0.262190909090909	0.667538068181818	0.034094886363636	0.036176136363636		1
000099:	0.584262500000000	0.282581250000000	0.083960795454545	0.049195454545455		1
000100:	0.867522727272727	0.080447159090909	0.026321022727273	0.025709090909091		1
000101:	0.194046022727273	0.739157954545455	0.022219318181818	0.044576704545455		1
000102:	0.404623295454545	0.480204545454545	0.078634659090909	0.036537500000000		1
000103:	0.381405681818182	0.223529545454545	0.308085227272727	0.086979545454545		1
000104:	0.796584659090909	0.076277272727273	0.041499431818182	0.085638636363636		1
000105:	0.206296590909091	0.690009090909091	0.072146590909091	0.031547727272727		1
000106:	0.202496590909091	0.730501704545455	0.040682386363636	0.026319318181818		1
000107:	0.632173295454545	0.296044886363636	0.046098295454545	0.025683522727273		1
000108:	0.658057954545455	0.182500000000000	0.118294318181818	0.041147727272727		1
000109:	0.334056818181818	0.501971590909091	0.098639204545455	0.065332386363636		1
000110:	0.110738068181818	0.087928409090909	0.715687500000000	0.085646022727273		1
000111:	0.629227840909091	0.194382954545455	0.055695454545455	0.120693750000000		1
000112:	0.199345454545455	0.621823863636364	0.118707386363636	0.060123295454545		1
000113:	0.689780681818182	0.219900000000000	0.040124431818182	0.050194886363636		1
000114:	0.198560795454545	0.439585227272727	0.108286931818182	0.253567045454545		1
000115:	0.487987500000000	0.365041477272727	0.100065909090909	0.046905113636364		1
000116:	0.777668181818182	0.109509659090909	0.076002272727273	0.036819886363636		1
000117:	0.280473295454545	0.582920454545454	0.044659659090909	0.091946590909091		1
000118:	0.812995454545455	0.079630113636364	0.029974431818182	0.077400000000000		1
000119:	0.281602272727273	0.591201136363636	0.098476136363636	0.028720454545455		1
000120:	0.839055681818182	0.087875568181818	0.039488068181818	0.033580681818182		1
000121:	0.382352272727273	0.315689772727273	0.232126136363636	0.069831818181818		1
000122:	0.293719886363636	0.648487500000000	0.032486363636364	0.025306250000000		1
000123:	0.607418750000000	0.193721590909091	0.107084659090909	0.091775000000000		1
000124:	0.184940340909091	0.526022159090909	0.106279545454545	0.182757954545455		1
000125:	0.725087500000000	0.081451704545455	0.042506818181818	0.150953977272727		1
000126:	0.136148863636364	0.055782954545455	0.035995454545455	0.772072727272727		1
000127:	0.596336363636364	0.251518181818182	0.082947159090909	0.069198295454545		1
000128:	0.784065909090909	0.134605681818182	0.049061931818182	0.032266477272727		1
000129:	0.109113636363636	0.763325568181818	0.098123863636364	0.029436931818182		1
000130:	0.753530681818182	0.108961931818182	0.089542613636364	0.047964772727273		1
000131:	0.420888068181818	0.488796022727273	0.047630681818182	0.042685227272727		1
000132:	0.775380681818182	0.146865340909091	0.045350568181818	0.032403409090909		1
000133:	0.271805681818182	0.258906818181818	0.212381818181818	0.256905681818182		1
000134:	0.440122727272727	0.261356818181818	0.228818750000000	0.069701704545455		1
000135:	0.119023863636364	0.730297727272727	0.114709659090909	0.035968750000000		1
000136:	0.669309090909091	0.209360795454545	0.072955113636364	0.048375000000000		1
000137:	0.171503409090909	0.496648863636364	0.285105681818182	0.046742045454545		1
000138:	0.455397727272727	0.286623863636364	0.097863068181818	0.160115340909091		1
000139:	0.458866477272727	0.378726704545455	0.079504545454545	0.082902272727273		1
000140:	0.125940909090909	0.214979545454545	0.634036363636364	0.025043181818182		1
000141:	0.771147727272727	0.069146022727273	0.076529545454545	0.083176704545455		1
000142:	0.237498295454545	0.682614204545455	0.058613636363636	0.021273863636364		1
000143:	0.499413068181818	0.417721590909091	0.048616477272727	0.034248863636364		1
000144:	0.424527840909091	0.259849431818182	0.030478409090909	0.285144318181818		1
000145:	0.673213636363636	0.091766477272727	0.181024431818182	0.053995454545455		1
000146:	0.426992613636364	0.404165909090909	0.121105113636364	0.047736363636364		1
000147:	0.686543750000000	0.207919886363636	0.031886931818182	0.073649431818182		1
000148:	0.750090340909091	0.132724431818182	0.064594318181818	0.052590909090909		1
000149:	0.469557386363636	0.413205681818182	0.060104545454545	0.057132386363636		1
000150:	0.144044318181818	0.661004545454545	0.163827840909091	0.031123295454545		1
000151:	0.767194318181818	0.120455113636364	0.064335227272727	0.048015340909091		1
000152:	0.569246590909091	0.191606250000000	0.171730681818182	0.067416477272727		1
000153:	0.247313636363636	0.659225000000000	0.058143750000000	0.035317613636364		1
000154:	0.880950000000000	0.063966477272727	0.032102840909091	0.022980681818182		1
000155:	0.561719886363636	0.275213068181818	0.127736363636364	0.035330681818182		1
000156:	0.000145454545455	0.000474431818182	0.006958522727273	0.992421590909091		1
000157:	0.859650000000000	0.040860795454545	0.017618750000000	0.081870454545455		1
000158:	0.437771590909091	0.196400568181818	0.031438068181818	0.334389772727273		1
000159:	0.277842045454545	0.181981250000000	0.185052840909091	0.355123863636364		1
000160:	0.167374431818182	0.017864204545455	0.010848863636364	0.803912500000000		1
000161:	0.506075568181818	0.047389204545455	0.026493750000000	0.420041477272727		1
000162:	0.132124431818182	0.410265340909091	0.107213068181818	0.350397159090909		1
000163:	0.859068750000000	0.082538636363636	0.007455113636364	0.050937500000000		1
000164:	0.875792613636364	0.019743181818182	0.016398295454545	0.088065909090909		1
000165:	0.915932386363636	0.020380681818182	0.013360795454545	0.050326136363636		1
000166:	0.197894886363636	0.538372727272727	0.020893181818182	0.242839204545455		1
000167:	0.795793750000000	0.083968181818182	0.032173295454545	0.088064772727273		1
000168:	0.634989772727273	0.246757954545455	0.089276136363636	0.028976136363636		1
000169:	0.374856818181818	0.531387500000000	0.042153409090909	0.051602272727273		1
000170:	0.862406818181818	0.078971590909091	0.033081818181818	0.025539772727273		1
000171:	0.787581250000000	0.114505113636364	0.065002272727273	0.032911363636364		1
000172:	0.588613068181818	0.216033522727273	0.110174431818182	0.085178977272727		1
000173:	0.581978409090909	0.376158522727273	0.018765909090909	0.023097159090909		1
000174:	0.284757954545455	0.612551704545455	0.079783522727273	0.022906818181818		1
000175:	0.767829545454545	0.080190909090909	0.129301704545455	0.022677840909091		1
000176:	0.448235227272727	0.453564204545455	0.036656818181818	0.061543750000000		1
000177:	0.386713636363636	0.535002840909091	0.056411931818182	0.021871590909091		1
000178:	0.628152840909091	0.314964772727273	0.041227272727273	0.015655113636364		1
000179:	0.794898295454545	0.151788636363636	0.032751704545455	0.020561363636364		1
000180:	0.798389772727273	0.102761363636364	0.079111931818182	0.019736931818182		1
000181:	0.862344318181818	0.073777272727273	0.032232386363636	0.031646022727273		1
000182:	0.347246022727273	0.389095454545455	0.220850568181818	0.042807954545455		1
000183:	0.836701704545455	0.097567045454545	0.029186363636364	0.036544886363636		1
000184:	0.553769318181818	0.302908522727273	0.111178409090909	0.032143750000000		1
000185:	0.257727272727273	0.385622159090909	0.224853409090909	0.131797159090909		1
000186:	0.596464772727273	0.149839204545455	0.167069318181818	0.086626704545455		1
000187:	0.777517613636364	0.097297727272727	0.099140340909091	0.026044318181818		1
000188:	0.630166477272727	0.010420454545455	0.005740340909091	0.353672727272727		1
000189:	0.728779545454545	0.214485227272727	0.025203977272727	0.031531250000000		1
000190:	0.624060795454545	0.244431818181818	0.054815340909091	0.076692045454545		1
000191:	0.489764772727273	0.446351136363636	0.030603409090909	0.033280681818182		1
000192:	0.235714772727273	0.662742045454545	0.048869886363636	0.052673295454545		1
000193:	0.381214204545455	0.523278409090909	0.068323295454545	0.027184090909091		1
000194:	0.545430113636364	0.210240909090909	0.192577272727273	0.051751704545455		1
000195:	0.234289772727273	0.727355113636364	0.021376136363636	0.016978977272727		1
000196:	0.608102840909091	0.053212500000000	0.018942613636364	0.319742045454545		1
000197:	0.743034090909091	0.164440909090909	0.016222159090909	0.076302840909091		1
000198:	0.298595454545455	0.457595454545455	0.048665909090909	0.195143181818182		1
000199:	0.846873295454545	0.029899431818182	0.016316477272727	0.106910795454545		1
000200:	0.805205681818182	0.064660795454545	0.020784090909091	0.109349431818182		1
000201:	0.875784090909091	0.024809090909091	0.022180681818182	0.077226136363636		1
000202:	0.453117613636364	0.397035227272727	0.102580113636364	0.047267045454545		1
000203:	0.841584090909091	0.084859659090909	0.044230113636364	0.029326136363636		1
000204:	0.785377840909091	0.069393750000000	0.055006250000000	0.090222159090909		1
000205:	0.709127840909091	0.133761931818182	0.084634659090909	0.072475568181818		1
000206:	0.607863636363636	0.099748295454545	0.246857954545455	0.045530113636364		1
000207:	0.229677840909091	0.626734090909091	0.040296590909091	0.103291477272727		1
000208:	0.752209659090909	0.163017045454545	0.038520454545455	0.046252840909091		1
000209:	0.819289772727273	0.091994886363636	0.033281250000000	0.055434090909091		1
000210:	0.791714204545454	0.134751704545455	0.036323863636364	0.037210227272727		1
000211:	0.809448863636364	0.088969318181818	0.036701136363636	0.064880681818182		1
000212:	0.738968181818182	0.057334090909091	0.029792045454545	0.173905681818182		1
000213:	0.858429545454545	0.035033522727273	0.023919886363636	0.082617045454545		1
000214:	0.740693181818182	0.097538636363636	0.022935795454545	0.138832386363636		1
000215:	0.468254545454545	0.205425568181818	0.081052272727273	0.245267613636364		1
000216:	0.790914204545455	0.044075568181818	0.027342045454545	0.137668181818182		1
000217:	0.702010795454545	0.040129545454545	0.030450568181818	0.227409090909091		1
000218:	0.825465340909091	0.030223863636364	0.013618750000000	0.130692045454545		1
000219:	0.759034659090909	0.023873863636364	0.014491477272727	0.202600000000000		1
000220:	0.879036931818182	0.019530681818182	0.013032386363636	0.088400000000000		1
000221:	0.906787500000000	0.022639772727273	0.015703977272727	0.054868750000000		1
000222:	0.880689772727273	0.017288068181818	0.016313068181818	0.085709090909091		1
000223:	0.627609090909091	0.124451136363636	0.138967045454545	0.108972727272727		1
000224:	0.084050568181818	0.598869318181818	0.260048863636364	0.057031250000000		1
000225:	0.095021022727273	0.687849431818182	0.153810795454545	0.063318750000000		1
000226:	0.132487500000000	0.456027840909091	0.117309659090909	0.294175000000000		1
000227:	0.088555113636364	0.575693750000000	0.217482954545455	0.118268181818182		1
000228:	0.042025568181818	0.050702840909091	0.637872727272727	0.269398863636364		1
000229:	0.207875000000000	0.327484659090909	0.290338636363636	0.174301704545455		1
000230:	0.075817613636364	0.027041477272727	0.061842045454545	0.835298863636364		1
000231:	0.120946590909091	0.581191477272727	0.125630681818182	0.172231250000000		1
000232:	0.392719318181818	0.052753977272727	0.231636931818182	0.322889772727273		1
000233:	0.054115340909091	0.643217613636364	0.122359090909091	0.180307954545455		1
000234:	0.038261931818182	0.442599431818182	0.446423863636364	0.072714772727273		1
000235:	0.046228977272727	0.146348863636364	0.766554545454545	0.040867613636364		1
000236:	0.073013068181818	0.046338636363636	0.504997159090909	0.375651136363636		1
000237:	0.052477272727273	0.430107386363636	0.460901136363636	0.056514204545455		1
000238:	0.718501136363636	0.081866477272727	0.114854545454545	0.084777840909091		1
000239:	0.170923863636364	0.265610227272727	0.361546590909091	0.201919318181818		1
000240:	0.030980681818182	0.083867613636364	0.078382386363636	0.806769318181818		1
000241:	0.126827840909091	0.591277272727273	0.129809659090909	0.152085227272727		1
000242:	0.041677272727273	0.771445454545455	0.138239204545455	0.048638068181818		1
000243:	0.025933522727273	0.095180681818182	0.373598295454545	0.505287500000000		1
000244:	0.200609659090909	0.153857954545455	0.202533522727273	0.442998863636364		1
000245:	0.092531818181818	0.335098295454545	0.147713636363636	0.424656250000000		1
000246:	0.072455681818182	0.378798863636364	0.435805681818182	0.112939772727273		1
000247:	0.102028977272727	0.318108522727273	0.319609090909091	0.260253409090909		1
000248:	0.082865340909091	0.120721022727273	0.108528409090909	0.687885227272727		1
000249:	0.043185227272727	0.153138068181818	0.573639204545455	0.230037500000000		1
000250:	0.052343181818182	0.559501704545455	0.323476136363636	0.064678977272727		1
000251:	0.050923863636364	0.432535227272727	0.281908522727273	0.234632386363636		1
000252:	0.136189772727273	0.057748863636364	0.295276136363636	0.510785227272727		1
000253:	0.045689772727273	0.040223295454545	0.753828409090909	0.160258522727273		1
000254:	0.094887500000000	0.077628409090909	0.467730113636364	0.359753977272727		1
000255:	0.137397159090909	0.060923295454545	0.661115909090909	0.140563636363636		1
000256:	0.282673863636364	0.397849431818182	0.140662500000000	0.178814204545455		1
000257:	0.536190340909091	0.031146590909091	0.172126136363636	0.260536931818182		1
000258:	0.547763636363636	0.296292613636364	0.054378977272727	0.101564772727273		1
000259:	0.538906818181818	0.089538636363636	0.287184090909091	0.084370454545455		1
000260:	0.058786931818182	0.134080681818182	0.334281250000000	0.472851136363636		1
000261:	0.115235795454545	0.054896022727273	0.614580681818182	0.215287500000000		1
000262:	0.213480113636364	0.073743181818182	0.469878409090909	0.242898295454545		1
000263:	0.314976704545455	0.104997159090909	0.505131818181818	0.074894318181818		1
000264:	0.633522159090909	0.058599431818182	0.149630681818182	0.158247727272727		1
000265:	0.785755113636364	0.032836363636364	0.109734090909091	0.071674431818182		1
000266:	0.195205113636364	0.159967613636364	0.530477840909091	0.114349431818182		1
000267:	0.074439204545455	0.148727272727273	0.594031250000000	0.182802272727273		1
000268:	0.678197159090909	0.074175568181818	0.106200568181818	0.141426704545455		1
000269:	0.104576136363636	0.380819318181818	0.474777272727273	0.039827272727273		1
000270:	0.769798863636364	0.050647727272727	0.096433522727273	0.083119886363636		1
000271:	0.043079545454545	0.034092613636364	0.799997159090909	0.122830681818182		1
000272:	0.104243750000000	0.104184659090909	0.477359090909091	0.314212500000000		1
000273:	0.144327840909091	0.151986931818182	0.590914772727273	0.112770454545455		1
000274:	0.079496590909091	0.077436363636364	0.645676704545455	0.197390340909091		1
000275:	0.176319886363636	0.536555113636364	0.145502840909091	0.141622159090909		1
000276:	0.324468750000000	0.054366477272727	0.439361363636364	0.181803409090909		1
000277:	0.050890909090909	0.048743750000000	0.853160227272727	0.047205113636364		1
000278:	0.247733522727273	0.442659659090909	0.162193181818182	0.147413636363636		1
000279:	0.072341477272727	0.311216477272727	0.559864772727273	0.056577272727273		1
000280:	0.235925568181818	0.130814772727273	0.261514204545455	0.371745454545455		1
000281:	0.079453409090909	0.031275000000000	0.846880681818182	0.042390909090909		1
000282:	0.134908522727273	0.342052272727273	0.342995454545455	0.180043750000000		1
000283:	0.406611363636364	0.041173295454545	0.117670454545455	0.434544886363636		1
000284:	0.090219886363636	0.052411931818182	0.705272159090909	0.152096022727273		1
000285:	0.089198295454545	0.413251704545455	0.378038068181818	0.119511931818182		1
000286:	0.100236363636364	0.083941477272727	0.759863636363636	0.055958522727273		1
000287:	0.825563068181818	0.000323295454545	0.172417613636364	0.001696022727273		1
000288:	0.220796590909091	0.157140909090909	0.436926704545455	0.185135795454545		1
000289:	0.818658522727273	0.053435227272727	0.035390909090909	0.092515340909091		1
000290:	0.452486363636364	0.054969318181818	0.051353409090909	0.441190909090909		1
000291:	0.822932954545455	0.131413068181818	0.016038068181818	0.029615909090909		1
000292:	0.745285795454545	0.053468750000000	0.032748863636364	0.168496590909091		1
000293:	0.836567045454545	0.070535795454545	0.016425568181818	0.076471590909091		1
000294:	0.845501136363636	0.096143181818182	0.017506250000000	0.040849431818182		1
000295:	0.444653977272727	0.469639772727273	0.018848295454545	0.066857954545455		1
000296:	0.868899431818182	0.058635795454545	0.026675000000000	0.045789772727273		1
000297:	0.720817613636364	0.134463068181818	0.039158522727273	0.105560795454545		1
000298:	0.133261931818182	0.665277272727273	0.162023295454545	0.039437500000000		1
000299:	0.672112500000000	0.171185795454545	0.063855681818182	0.092846022727273		1
000300:	0.615325568181818	0.061648295454545	0.199607954545455	0.123418181818182		1
000301:	0.728660795454545	0.139603977272727	0.045730113636364	0.086005113636364		1
000302:	0.706078977272727	0.053907954545455	0.044753977272727	0.195259090909091		1
000303:	0.532859090909091	0.053829545454545	0.077744318181818	0.335567045454545		1
000304:	0.733204545454545	0.058865340909091	0.028588636363636	0.179341477272727		1
000305:	0.321073295454545	0.057978977272727	0.039926704545455	0.581021022727273		1
000306:	0.458125000000000	0.084539772727273	0.203038636363636	0.254296590909091		1
000307:	0.239656250000000	0.022048295454545	0.028196022727273	0.710099431818182		1
000308:	0.878010227272727	0.024860795454545	0.024928409090909	0.072200568181818		1
000309:	0.780534659090909	0.057342613636364	0.087814204545455	0.074308522727273		1
000310:	0.840821022727273	0.056346590909091	0.054506250000000	0.048326136363636		1
000311:	0.538925000000000	0.114451704545455	0.132285227272727	0.214338068181818		1
000312:	0.195130113636364	0.324365340909091	0.382528409090909	0.097976136363636		1
000313:	0.197502840909091	0.256117613636364	0.468388068181818	0.077991477272727		1
000314:	0.166177272727273	0.518591477272727	0.196397159090909	0.118834090909091		1
000315:	0.197539772727273	0.383567613636364	0.358660227272727	0.060232386363636		1
000316:	0.546639204545455	0.221505681818182	0.082303409090909	0.149551704545455		1
000317:	0.125217045454545	0.687520454545455	0.046710227272727	0.140552272727273		1
000318:	0.792685795454545	0.048898863636364	0.031139204545455	0.127276136363636		1
000319:	0.858135227272727	0.035109659090909	0.039135795454545	0.067619318181818		1
000320:	0.677375568181818	0.086193181818182	0.111930681818182	0.124500568181818		1
000321:	0.855653977272727	0.026988636363636	0.021473295454545	0.095884090909091		1
000322:	0.346610795454545	0.029575000000000	0.034128977272727	0.589685227272727		1
000323:	0.280972727272727	0.197678977272727	0.374324431818182	0.147023863636364		1
000324:	0.643695454545455	0.029261931818182	0.048056818181818	0.278985795454545		1
000325:	0.464112500000000	0.055619886363636	0.255304545454545	0.224963068181818		1
000326:	0.391347727272727	0.064593750000000	0.110148863636364	0.433909659090909		1
000327:	0.558340340909091	0.075833522727273	0.029119886363636	0.336706250000000		1
000328:	0.106415909090909	0.013432954545455	0.033564204545455	0.846586931818182		1
000329:	0.594825000000000	0.073900000000000	0.082721022727273	0.248553977272727		1
000330:	0.199818181818182	0.026346590909091	0.045101136363636	0.728734090909091		1
000331:	0.153233522727273	0.014542045454545	0.068194318181818	0.764030113636364		1
000332:	0.856327840909091	0.044544318181818	0.035875000000000	0.063252840909091		1
000333:	0.817788636363636	0.035692045454545	0.072784659090909	0.073734659090909		1
000334:	0.763623295454545	0.042216477272727	0.075625568181818	0.118534659090909		1
000335:	0.701242613636364	0.123252840909091	0.038013636363636	0.137490909090909		1
000336:	0.750938636363636	0.027040909090909	0.033762500000000	0.188257954545455		1
000337:	0.495586931818182	0.027561363636364	0.145001136363636	0.331850568181818		1
000338:	0.852150568181818	0.053313068181818	0.018836931818182	0.075699431818182		1
000339:	0.563233522727273	0.032434090909091	0.019829545454545	0.384502840909091		1
000340:	0.860898863636364	0.025510795454545	0.017533522727273	0.096056818181818		1
000341:	0.861135227272727	0.035458522727273	0.030169886363636	0.073236363636364		1
000342:	0.762132954545455	0.025230681818182	0.020931818181818	0.191704545454545		1
000343:	0.856574431818182	0.023894318181818	0.028343750000000	0.091187500000000		1
000344:	0.131342045454545	0.029013068181818	0.021960795454545	0.817684090909091		1
000345:	0.284135795454545	0.013300000000000	0.052230113636364	0.650334090909091		1
000346:	0.670379545454545	0.055010795454545	0.017996590909091	0.256613068181818		1
000347:	0.660913068181818	0.034322159090909	0.017672159090909	0.287092613636364		1
000348:	0.580887500000000	0.062983522727273	0.020980681818182	0.335148295454545		1
000349:	0.493952272727273	0.083565340909091	0.028853409090909	0.393628977272727		1
000350:	0.533472159090909	0.062790909090909	0.023719886363636	0.380017045454545		1
000351:	0.298680681818182	0.056065909090909	0.016578977272727	0.628674431818182		1
000352:	0.856112500000000	0.045813636363636	0.025676704545455	0.072397159090909		1
000353:	0.906515340909091	0.031703409090909	0.018561363636364	0.043219886363636		1
000354:	0.894435795454545	0.029846590909091	0.022596590909091	0.053121022727273		1
000355:	0.753925000000000	0.029445454545455	0.056161931818182	0.160467613636364		1
000356:	0.323506818181818	0.094645454545455	0.493860227272727	0.087987500000000		1
000357:	0.088895454545455	0.527442045454545	0.253557386363636	0.130105113636364		1
000358:	0.176978409090909	0.565063636363636	0.095211931818182	0.162746022727273		1
000359:	0.185168181818182	0.194115340909091	0.338002840909091	0.282713636363636		1
000360:	0.683217613636364	0.174264772727273	0.054735227272727	0.087782386363636		1
000361:	0.079865340909091	0.460470454545455	0.375652840909091	0.084011363636364		1
000362:	0.227883522727273	0.046822727272727	0.083748863636364	0.641544886363636		1
000363:	0.436172159090909	0.473715340909091	0.041917045454545	0.048195454545455		1
000364:	0.153797727272727	0.233951136363636	0.382951136363636	0.229300000000000		1
000365:	0.336619318181818	0.253463636363636	0.088274431818182	0.321642613636364		1
000366:	0.162536363636364	0.435582386363636	0.339883522727273	0.061997727272727		1
000367:	0.204550568181818	0.553264772727273	0.176925568181818	0.065259090909091		1
000368:	0.143451136363636	0.684348295454545	0.127085795454545	0.045114772727273		1
000369:	0.392039772727273	0.330684090909091	0.141623863636364	0.135652272727273		1
000370:	0.701893750000000	0.053525568181818	0.128928977272727	0.115651704545455		1
000371:	0.517822159090909	0.147742613636364	0.038119318181818	0.296315909090909		1
000372:	0.327969318181818	0.569333522727273	0.042398863636364	0.060298295454545		1
000373:	0.302844886363636	0.328695454545455	0.196051704545455	0.172407954545455		1
000374:	0.445679545454545	0.424690340909091	0.057650000000000	0.071980113636364		1
000375:	0.657876704545455	0.038724431818182	0.058764772727273	0.244634090909091		1
000376:	0.333366477272727	0.474894318181818	0.127150000000000	0.064589204545455		1
000377:	0.646689204545455	0.043744318181818	0.066813636363636	0.242752840909091		1
000378:	0.074942045454545	0.619976136363636	0.269091477272727	0.035990340909091		1
000379:	0.065647159090909	0.682681818181818	0.230397159090909	0.021273863636364		1
000380:	0.192240340909091	0.515511363636364	0.237372159090909	0.054876136363636		1
000381:	0.066811931818182	0.396682386363636	0.492434659090909	0.044071022727273		1
000382:	0.221928409090909	0.605880681818182	0.098342045454545	0.073848863636364		1
000383:	0.380034659090909	0.334210227272727	0.151378409090909	0.134376704545455		1
000384:	0.241772159090909	0.526398863636364	0.150185227272727	0.081643750000000		1
000385:	0.116646590909091	0.357842045454545	0.066763636363636	0.458747727272727		1
000386:	0.084372727272727	0.170898295454545	0.699172727272727	0.045556250000000		1
000387:	0.323281250000000	0.507984659090909	0.096643181818182	0.072090909090909		1
000388:	0.203041477272727	0.092481818181818	0.529843750000000	0.174632954545455		1
000389:	0.229406250000000	0.486472727272727	0.062589204545455	0.221531818181818		1
000390:	0.371800000000000	0.035841477272727	0.076556818181818	0.515801704545455		1
000391:	0.165915340909091	0.622142613636364	0.104053409090909	0.107888636363636		1
000392:	0.077553977272727	0.386660795454545	0.387767613636364	0.148017613636364		1
000393:	0.235253409090909	0.497451136363636	0.212072727272727	0.055222727272727		1
000394:	0.177111363636364	0.792882954545455	0.013069886363636	0.016935795454545		1
000395:	0.310516477272727	0.581561931818182	0.049023863636364	0.058897727272727		1
000396:	0.163563636363636	0.503633522727273	0.067454545454545	0.265348295454545		1
000397:	0.138915340909091	0.778549431818182	0.029310795454545	0.053224431818182		1
000398:	0.308294886363636	0.338371590909091	0.209140340909091	0.144193181818182		1
000399:	0.038870454545455	0.059647159090909	0.861946022727273	0.039536363636364		1
000400:	0.222825568181818	0.400747727272727	0.275885795454545	0.100540909090909		1
000401:	0.153357386363636	0.630100568181818	0.165997159090909	0.050544886363636		1
000402:	0.301573295454545	0.546765340909091	0.097322727272727	0.054338636363636		1
000403:	0.417684090909091	0.204981250000000	0.291220454545455	0.086114204545455		1
000404:	0.167159659090909	0.318138636363636	0.264758522727273	0.249943181818182		1
000405:	0.185513068181818	0.706956250000000	0.072922727272727	0.034607954545455		1
000406:	0.696477272727273	0.236861363636364	0.030885795454545	0.035775568181818		1
000407:	0.500286363636364	0.394852272727273	0.054254545454545	0.050606818181818		1
000408:	0.145836363636364	0.210705113636364	0.405021590909091	0.238436931818182		1
000409:	0.768194318181818	0.048209659090909	0.112678409090909	0.070917613636364		1
000410:	0.724796022727273	0.054406818181818	0.132056818181818	0.088740340909091		1
000411:	0.694209090909091	0.064545454545455	0.164700000000000	0.076545454545455		1
000412:	0.074318181818182	0.247378409090909	0.614929545454545	0.063373863636364		1
000413:	0.300209090909091	0.453260795454545	0.122613068181818	0.123917045454545		1
000414:	0.103551136363636	0.148721590909091	0.680372159090909	0.067355113636364		1
000415:	0.054586931818182	0.046272159090909	0.709891477272727	0.189249431818182		1
000416:	0.030559659090909	0.256191477272727	0.671596022727273	0.041652840909091		1
000417:	0.222785227272727	0.085881250000000	0.611400568181818	0.079932954545455		1
000418:	0.169571590909091	0.168957386363636	0.583696590909091	0.077774431818182		1
000419:	0.032734090909091	0.073597727272727	0.841350568181818	0.052317613636364		1
000420:	0.570182954545455	0.055052272727273	0.065567613636364	0.309197159090909		1
000421:	0.216037500000000	0.219422727272727	0.525576704545455	0.038963068181818		1
000422:	0.209914772727273	0.241969886363636	0.416277272727273	0.131838068181818		1
000423:	0.249607386363636	0.052584090909091	0.082494318181818	0.615314204545454		1
000424:	0.038596022727273	0.211788636363636	0.707985795454545	0.041629545454545		1
000425:	0.062214204545455	0.199898863636364	0.688707386363636	0.049179545454545		1
000426:	0.053086363636364	0.056866477272727	0.435554545454545	0.454492613636364		1
000427:	0.196998295454545	0.520985227272727	0.160728409090909	0.121288068181818		1
000428:	0.382204545454545	0.357501704545455	0.204820454545455	0.055473295454545		1
000429:	0.422687500000000	0.235715909090909	0.191407954545455	0.150188636363636		1
000430:	0.115033522727273	0.412387500000000	0.212633522727273	0.259945454545455		1
000431:	0.164402840909091	0.660825568181818	0.100269318181818	0.074502272727273		1
000432:	0.161688068181818	0.418666477272727	0.298561931818182	0.121083522727273		1
000433:	0.193040340909091	0.112706250000000	0.380665340909091	0.313588068181818		1
000434:	0.135506250000000	0.541843750000000	0.148190909090909	0.174459090909091		1
000435:	0.314517613636364	0.325101704545455	0.179409090909091	0.180971590909091		1
000436:	0.060060227272727	0.105269318181818	0.586481818181818	0.248188636363636		1
000437:	0.052103977272727	0.307389204545455	0.483112500000000	0.157394318181818		1
000438:	0.147889204545455	0.194805113636364	0.576402840909091	0.080902840909091		1
000439:	0.627940340909091	0.002817613636364	0.367163068181818	0.002078977272727		1
000440:	0.052161363636364	0.289239772727273	0.633863636363636	0.024735227272727		1
000441:	0.026119318181818	0.072017045454545	0.876838068181818	0.025025568181818		1
000442:	0.044086931818182	0.051735795454545	0.883737500000000	0.020439772727273		1
000443:	0.687107954545455	0.084605113636364	0.158188636363636	0.070098295454545		1
000444:	0.046143750000000	0.342553977272727	0.312979545454545	0.298322727272727		1
000445:	0.207854545454545	0.222409090909091	0.492813636363636	0.076922727272727		1
000446:	0.236673863636364	0.265068750000000	0.177819886363636	0.320437500000000		1
000447:	0.130098863636364	0.371471590909091	0.444878409090909	0.053551136363636		1
000448:	0.354356250000000	0.178910227272727	0.404427840909091	0.062305681818182		1
000449:	0.195097727272727	0.627228409090909	0.097990340909091	0.079683522727273		1
000450:	0.690977840909091	0.123005113636364	0.142005113636364	0.044011931818182		1
000451:	0.692056250000000	0.095748863636364	0.133126704545455	0.079068181818182		1
000452:	0.107136931818182	0.069090340909091	0.153202272727273	0.670570454545454		1
000453:	0.054339772727273	0.428385795454545	0.467356250000000	0.049918181818182		1
000454:	0.349850568181818	0.059999431818182	0.472276136363636	0.117873863636364		1
000455:	0.686284659090909	0.143835795454545	0.032492613636364	0.137386931818182		1
000456:	0.892094886363636	0.029534659090909	0.014794318181818	0.063576136363636		1
000457:	0.819486363636364	0.032384090909091	0.016334090909091	0.131795454545455		1
000458:	0.774010795454545	0.082221022727273	0.052364204545455	0.091403977272727		1
000459:	0.888786363636364	0.036331250000000	0.010468750000000	0.064413636363636		1
000460:	0.893632386363636	0.051916477272727	0.016705681818182	0.037745454545455		1
000461:	0.856980113636364	0.073259659090909	0.021878977272727	0.047881250000000		1
000462:	0.743213068181818	0.059663636363636	0.024053977272727	0.173069318181818		1
000463:	0.519376704545455	0.053968750000000	0.027463068181818	0.399191477272727		1
000464:	0.498730681818182	0.045281250000000	0.124775000000000	0.331213068181818		1
000465:	0.788853409090909	0.054732386363636	0.048511931818182	0.107902272727273		1
000466:	0.884329545454545	0.049818750000000	0.016389772727273	0.049461931818182		1
000467:	0.881349431818182	0.036886931818182	0.018074431818182	0.063689204545455		1
000468:	0.902919886363636	0.035591477272727	0.014965340909091	0.046523295454545		1
000469:	0.173012500000000	0.517598863636364	0.234929545454545	0.074459090909091		1
000470:	0.147015909090909	0.589105113636364	0.169055113636364	0.094823863636364		1
000471:	0.150644886363636	0.691976704545455	0.120438068181818	0.036940340909091		1
000472:	0.228576704545455	0.061585795454545	0.172435795454545	0.537401704545455		1
000473:	0.468057386363636	0.069190340909091	0.069909659090909	0.392842613636364		1
000474:	0.220848295454545	0.340548295454545	0.387905113636364	0.050698295454545		1
