Estimated Clustering Probabilities for Samples
Sample	***Cluster  01***	***Cluster  02***	***Cluster  03***	***Cluster  04***	***Cluster  05***	
000001:	0.013480681818182	0.102964772727273	0.150652840909091	0.539373863636364	0.193527840909091		1
000002:	0.007915340909091	0.067034659090909	0.047309659090909	0.838249431818182	0.039490909090909		1
000003:	0.012386931818182	0.037781250000000	0.079986931818182	0.828231250000000	0.041613636363636		1
000004:	0.006345454545455	0.398127272727273	0.048643750000000	0.513853409090909	0.033030113636364		1
000005:	0.004931818181818	0.046535227272727	0.023090340909091	0.878449431818182	0.046993181818182		1
000006:	0.024490340909091	0.397250000000000	0.055100000000000	0.459727840909091	0.063431818181818		1
000007:	0.005073295454545	0.031350568181818	0.054289772727273	0.520200568181818	0.389085795454545		1
000008:	0.007865340909091	0.058681250000000	0.056811931818182	0.842391477272727	0.034250000000000		1
000009:	0.007434659090909	0.083498863636364	0.034117613636364	0.833457386363636	0.041491477272727		1
000010:	0.009361363636364	0.055234090909091	0.037657954545455	0.838578409090909	0.059168181818182		1
000011:	0.085490909090909	0.271747159090909	0.123531818181818	0.374772727272727	0.144457386363636		1
000012:	0.208590340909091	0.224782386363636	0.029519886363636	0.137143181818182	0.399964204545455		1
000013:	0.444088636363636	0.228951704545455	0.027858522727273	0.091546590909091	0.207554545454545		1
000014:	0.027770454545455	0.884160227272727	0.018519886363636	0.034101704545455	0.035447727272727		1
000015:	0.047050568181818	0.241881818181818	0.028151136363636	0.453529545454545	0.229386931818182		1
000016:	0.022844318181818	0.886044886363636	0.014163068181818	0.043294318181818	0.033653409090909		1
000017:	0.036226136363636	0.089434090909091	0.074482386363636	0.220715340909091	0.579142045454546		1
000018:	0.836977840909091	0.004742613636364	0.144430113636364	0.004053409090909	0.009796022727273		1
000019:	0.189898863636364	0.051515909090909	0.039684659090909	0.488109090909091	0.230791477272727		1
000020:	0.064844318181818	0.346436931818182	0.024200000000000	0.127863068181818	0.436655681818182		1
000021:	0.050711363636364	0.033932954545455	0.070177840909091	0.043930681818182	0.801247159090909		1
000022:	0.107136931818182	0.107922727272727	0.026676704545455	0.218753409090909	0.539510227272727		1
000023:	0.246026704545455	0.095582954545455	0.094022159090909	0.165967613636364	0.398400568181818		1
000024:	0.042965909090909	0.883926704545455	0.012075000000000	0.020538636363636	0.040493750000000		1
000025:	0.488088068181818	0.190968181818182	0.024174431818182	0.103435795454545	0.193333522727273		1
000026:	0.152654545454545	0.065432954545455	0.038632954545455	0.102906250000000	0.640373295454545		1
000027:	0.199852272727273	0.064568750000000	0.015652272727273	0.064217045454545	0.655709659090909		1
000028:	0.069938068181818	0.070566477272727	0.175888636363636	0.213078977272727	0.470527840909091		1
000029:	0.122017045454545	0.171300568181818	0.052681818181818	0.146311931818182	0.507688636363636		1
000030:	0.150390340909091	0.116784659090909	0.055748863636364	0.414960227272727	0.262115909090909		1
000031:	0.398571590909091	0.060479545454545	0.024050568181818	0.047102272727273	0.469796022727273		1
000032:	0.077964204545455	0.077011931818182	0.042441477272727	0.054576136363636	0.748006250000000		1
000033:	0.007105113636364	0.880921022727273	0.000789772727273	0.093004545454545	0.018179545454545		1
000034:	0.030867613636364	0.843581818181818	0.011747727272727	0.023894318181818	0.089908522727273		1
000035:	0.279300568181818	0.037583522727273	0.074428409090909	0.081798863636364	0.526888636363636		1
000036:	0.068092045454545	0.175436363636364	0.070098863636364	0.146531818181818	0.539840909090909		1
000037:	0.090775000000000	0.167925568181818	0.018097727272727	0.101550568181818	0.621651136363636		1
000038:	0.235835795454545	0.175236363636364	0.226428409090909	0.201557954545455	0.160941477272727		1
000039:	0.324047159090909	0.120820454545455	0.019487500000000	0.092323295454545	0.443321590909091		1
000040:	0.065214772727273	0.813450568181818	0.019830113636364	0.046071022727273	0.055433522727273		1
000041:	0.082114772727273	0.200715909090909	0.028449431818182	0.101725568181818	0.586994318181818		1
000042:	0.317404545454545	0.153519318181818	0.029580681818182	0.065575568181818	0.433919886363636		1
000043:	0.043156250000000	0.093923863636364	0.051506250000000	0.483344886363636	0.328068750000000		1
000044:	0.107487500000000	0.109776704545455	0.045385227272727	0.209767045454545	0.527583522727273		1
000045:	0.207117613636364	0.030055113636364	0.027788636363636	0.098789772727273	0.636248863636364		1
000046:	0.255227840909091	0.071246022727273	0.163040340909091	0.114011931818182	0.396473863636364		1
000047:	0.198010227272727	0.154153409090909	0.113348863636364	0.228112500000000	0.306375000000000		1
000048:	0.028769886363636	0.043371022727273	0.034801136363636	0.831772727272727	0.061285227272727		1
000049:	0.054000568181818	0.136595454545455	0.038337500000000	0.601632954545455	0.169433522727273		1
000050:	0.070318750000000	0.425771590909091	0.062427840909091	0.166536931818182	0.274944886363636		1
000051:	0.016040909090909	0.871827840909091	0.020360227272727	0.058497159090909	0.033273863636364		1
000052:	0.012663636363636	0.883711931818182	0.018253977272727	0.058611363636364	0.026759090909091		1
000053:	0.109413068181818	0.235143750000000	0.042788068181818	0.264957954545455	0.347697159090909		1
000054:	0.394098863636364	0.039382386363636	0.022476136363636	0.388809090909091	0.155233522727273		1
000055:	0.051668181818182	0.219845454545455	0.026147727272727	0.636324431818182	0.066014204545455		1
000056:	0.067752840909091	0.100788068181818	0.040040909090909	0.522789772727273	0.268628409090909		1
000057:	0.056521022727273	0.145792613636364	0.046933522727273	0.283076136363636	0.467676704545455		1
000058:	0.201569886363636	0.030639204545455	0.039159090909091	0.444171022727273	0.284460795454545		1
000059:	0.196147727272727	0.052310227272727	0.030485227272727	0.139130681818182	0.581926136363636		1
000060:	0.034801136363636	0.109247727272727	0.031784659090909	0.560030681818182	0.264135795454545		1
000061:	0.052046590909091	0.070656818181818	0.026562500000000	0.541834090909091	0.308900000000000		1
000062:	0.016989204545455	0.840980681818182	0.024409659090909	0.080117613636364	0.037502840909091		1
000063:	0.018301136363636	0.836788636363636	0.027066477272727	0.095502840909091	0.022340909090909		1
000064:	0.014033522727273	0.810305681818182	0.029368181818182	0.126162500000000	0.020130113636364		1
000065:	0.034807954545455	0.062625000000000	0.053788068181818	0.740772727272727	0.108006250000000		1
000066:	0.045247159090909	0.083380113636364	0.030470454545455	0.310507386363636	0.530394886363636		1
000067:	0.014608522727273	0.785085227272727	0.029868750000000	0.147499431818182	0.022938068181818		1
000068:	0.103555681818182	0.037078977272727	0.027606250000000	0.237648863636364	0.594110227272727		1
000069:	0.040476136363636	0.101581818181818	0.035726136363636	0.227913068181818	0.594302840909091		1
000070:	0.110790340909091	0.384523863636364	0.084464204545455	0.228113068181818	0.192108522727273		1
000071:	0.084798863636364	0.036346590909091	0.041112500000000	0.223282954545455	0.614459090909091		1
000072:	0.041530113636364	0.166632386363636	0.054075000000000	0.580083522727273	0.157678977272727		1
000073:	0.046938068181818	0.098559659090909	0.043228409090909	0.649597727272727	0.161676136363636		1
000074:	0.380238068181818	0.173175568181818	0.048771022727273	0.086497159090909	0.311318181818182		1
000075:	0.163977840909091	0.077733522727273	0.044403977272727	0.378371590909091	0.335513068181818		1
000076:	0.159852272727273	0.032677840909091	0.424334090909091	0.148144318181818	0.234991477272727		1
000077:	0.175641477272727	0.201079545454545	0.326804545454545	0.157488636363636	0.138985795454545		1
000078:	0.028331250000000	0.105798295454545	0.072560227272727	0.576593181818182	0.216717045454545		1
000079:	0.603977272727273	0.049588636363636	0.328055681818182	0.006155681818182	0.012222727272727		1
000080:	0.371089204545455	0.025100000000000	0.060747159090909	0.144435795454545	0.398627840909091		1
000081:	0.030753409090909	0.046545454545455	0.038652272727273	0.664125568181818	0.219923295454545		1
000082:	0.028837500000000	0.073509659090909	0.057923295454545	0.644650568181818	0.195078977272727		1
000083:	0.072753409090909	0.029355681818182	0.050017045454545	0.581401704545455	0.266472159090909		1
000084:	0.023790909090909	0.912530113636364	0.016262500000000	0.024789204545455	0.022627272727273		1
000085:	0.077102840909091	0.135339204545455	0.074535795454545	0.185315340909091	0.527706818181818		1
000086:	0.102778977272727	0.447630113636364	0.069582954545455	0.206134659090909	0.173873295454545		1
000087:	0.036837500000000	0.048325568181818	0.025054545454545	0.347306250000000	0.542476136363636		1
000088:	0.064703409090909	0.035331818181818	0.033332386363636	0.082941477272727	0.783690909090909		1
000089:	0.062314204545455	0.053489772727273	0.070364772727273	0.060111363636364	0.753719886363636		1
000090:	0.349285795454545	0.140543750000000	0.034530113636364	0.141090340909091	0.334550000000000		1
000091:	0.477238636363636	0.046266477272727	0.209236931818182	0.060897727272727	0.206360227272727		1
000092:	0.105082954545455	0.066653409090909	0.053686931818182	0.400552272727273	0.374024431818182		1
000093:	0.253760795454545	0.044771590909091	0.068636931818182	0.426009659090909	0.206821022727273		1
000094:	0.154947159090909	0.047856250000000	0.058501136363636	0.272279545454545	0.466415909090909		1
000095:	0.033801136363636	0.107639772727273	0.048235795454545	0.714952272727273	0.095371022727273		1
000096:	0.017663636363636	0.887322159090909	0.012592613636364	0.049602840909091	0.032818750000000		1
000097:	0.095290340909091	0.032845454545455	0.023787500000000	0.140243181818182	0.707833522727273		1
000098:	0.037117613636364	0.018378409090909	0.026181250000000	0.384664204545455	0.533658522727273		1
000099:	0.050589772727273	0.560778977272727	0.020670454545455	0.122278409090909	0.245682386363636		1
000100:	0.030615340909091	0.705153977272727	0.014567613636364	0.163158522727273	0.086504545454545		1
000101:	0.027278409090909	0.066816477272727	0.025530113636364	0.120543750000000	0.759831250000000		1
000102:	0.098753977272727	0.216086931818182	0.040601704545455	0.330040909090909	0.314516477272727		1
000103:	0.251988636363636	0.045674431818182	0.075255113636364	0.398218181818182	0.228863636363636		1
000104:	0.021051136363636	0.728235227272727	0.015135227272727	0.170215909090909	0.065362500000000		1
000105:	0.140001136363636	0.153934659090909	0.018868750000000	0.075525568181818	0.611669886363636		1
000106:	0.057963068181818	0.049213068181818	0.030073295454545	0.169139204545455	0.693611363636364		1
000107:	0.044294886363636	0.447160795454545	0.032195454545455	0.175122159090909	0.301226704545455		1
000108:	0.070947159090909	0.661956818181818	0.016310795454545	0.177269318181818	0.073515909090909		1
000109:	0.118475568181818	0.079651136363636	0.045609659090909	0.255312500000000	0.500951136363636		1
000110:	0.586850568181818	0.144284090909091	0.102059090909091	0.058352840909091	0.108453409090909		1
000111:	0.041051704545455	0.407180113636364	0.084781250000000	0.292209659090909	0.174777272727273		1
000112:	0.175134659090909	0.189107954545455	0.043802272727273	0.084512500000000	0.507442613636364		1
000113:	0.041069318181818	0.117935795454545	0.034929545454545	0.598953977272727	0.207111363636364		1
000114:	0.237593181818182	0.041582954545455	0.223853409090909	0.191592613636364	0.305377840909091		1
000115:	0.128343750000000	0.115232954545455	0.059724431818182	0.327624431818182	0.369074431818182		1
000116:	0.048641477272727	0.378144886363636	0.033843181818182	0.433213068181818	0.106157386363636		1
000117:	0.076693750000000	0.088748863636364	0.084885795454545	0.230502840909091	0.519168750000000		1
000118:	0.031661363636364	0.340731818181818	0.073989204545455	0.402601704545455	0.151015909090909		1
000119:	0.088038636363636	0.135496022727273	0.029547159090909	0.117097727272727	0.629820454545455		1
000120:	0.034212500000000	0.186746590909091	0.036227272727273	0.608105681818182	0.134707954545455		1
000121:	0.243805113636364	0.084760795454545	0.082153409090909	0.232190909090909	0.357089772727273		1
000122:	0.036641477272727	0.065519318181818	0.022468181818182	0.218393750000000	0.656977272727273		1
000123:	0.100739204545455	0.054123295454545	0.076608522727273	0.556840340909091	0.211688636363636		1
000124:	0.161263068181818	0.039244318181818	0.165182954545455	0.172568181818182	0.461741477272727		1
000125:	0.044695454545455	0.161818181818182	0.287848295454545	0.363718750000000	0.141919318181818		1
000126:	0.036285795454545	0.040178409090909	0.797054545454545	0.068736363636364	0.057744886363636		1
000127:	0.085526136363636	0.149197727272727	0.045008522727273	0.447089772727273	0.273177840909091		1
000128:	0.046716477272727	0.087669318181818	0.054200000000000	0.665363636363636	0.146050568181818		1
000129:	0.284294318181818	0.030383522727273	0.036315909090909	0.100791477272727	0.548214772727273		1
000130:	0.119319886363636	0.089184659090909	0.074148863636364	0.609128977272727	0.108217613636364		1
000131:	0.053672159090909	0.112669886363636	0.036178977272727	0.304275000000000	0.493203977272727		1
000132:	0.015381250000000	0.800230681818182	0.014930113636364	0.103257386363636	0.066200568181818		1
000133:	0.230642045454545	0.079514772727273	0.228622727272727	0.206062500000000	0.255157954545455		1
000134:	0.284837500000000	0.107455113636364	0.050318750000000	0.361523863636364	0.195864772727273		1
000135:	0.279396022727273	0.020854545454545	0.027924431818182	0.102166477272727	0.569658522727273		1
000136:	0.052518750000000	0.115942045454545	0.071309659090909	0.569592045454545	0.190637500000000		1
000137:	0.321686363636364	0.060444886363636	0.051061931818182	0.108384659090909	0.458422159090909		1
000138:	0.147681818181818	0.045815340909091	0.096149431818182	0.474660795454545	0.235692613636364		1
000139:	0.091472727272727	0.092175568181818	0.062095454545455	0.405672159090909	0.348584090909091		1
000140:	0.702418750000000	0.076780113636364	0.027720454545455	0.057386931818182	0.135693750000000		1
000141:	0.033985795454545	0.562018181818182	0.106630113636364	0.232121590909091	0.065244318181818		1
000142:	0.149669886363636	0.106930681818182	0.018765909090909	0.151360227272727	0.573273295454545		1
000143:	0.040161931818182	0.071521022727273	0.027215340909091	0.392223863636364	0.468877840909091		1
000144:	0.061210227272727	0.206214204545455	0.029392045454545	0.358892045454545	0.344291477272727		1
000145:	0.029354545454545	0.615447727272727	0.261637500000000	0.051442045454545	0.042118181818182		1
000146:	0.177705681818182	0.128223863636364	0.043629545454545	0.329221022727273	0.321219886363636		1
000147:	0.032646022727273	0.103526704545455	0.020689204545455	0.651007954545455	0.192130113636364		1
000148:	0.061577272727273	0.070250000000000	0.040334090909091	0.711011931818182	0.116826704545455		1
000149:	0.045368750000000	0.080364772727273	0.197330113636364	0.211327840909091	0.465608522727273		1
000150:	0.140347727272727	0.082465909090909	0.030335227272727	0.093170454545455	0.653680681818182		1
000151:	0.060027840909091	0.268264772727273	0.053111363636364	0.464889772727273	0.153706250000000		1
000152:	0.150978409090909	0.097337500000000	0.068161363636364	0.488610795454545	0.194911931818182		1
000153:	0.062473295454545	0.118175568181818	0.027747727272727	0.184215909090909	0.607387500000000		1
000154:	0.019659090909091	0.611058522727273	0.013668750000000	0.264168181818182	0.091445454545455		1
000155:	0.106513068181818	0.360264204545455	0.028731818181818	0.290021590909091	0.214469318181818		1
000156:	0.042017613636364	0.358928409090909	0.038398295454545	0.110880681818182	0.449775000000000		1
000157:	0.008660227272727	0.896843181818182	0.030059659090909	0.053343181818182	0.011093750000000		1
000158:	0.044076136363636	0.144153977272727	0.398119318181818	0.241121590909091	0.172528977272727		1
000159:	0.049135227272727	0.609532386363636	0.200100000000000	0.063367045454545	0.077865340909091		1
000160:	0.007405113636364	0.043756250000000	0.855693181818182	0.079998863636364	0.013146590909091		1
000161:	0.022664772727273	0.080165340909091	0.572838068181818	0.285212500000000	0.039119318181818		1
000162:	0.259822727272727	0.027618181818182	0.333554545454545	0.125255681818182	0.253748863636364		1
000163:	0.012481818181818	0.034937500000000	0.047836363636364	0.843956818181818	0.060787500000000		1
000164:	0.007772727272727	0.771552272727273	0.069821022727273	0.135476704545455	0.015377272727273		1
000165:	0.025810795454545	0.058630681818182	0.060159659090909	0.834718750000000	0.020680113636364		1
000166:	0.010294318181818	0.039985227272727	0.039293750000000	0.881875568181818	0.028551136363636		1
000167:	0.037165909090909	0.046698295454545	0.078008522727273	0.780405113636364	0.057722159090909		1
000168:	0.045118181818182	0.384639204545455	0.019672727272727	0.283886931818182	0.266682954545455		1
000169:	0.046234659090909	0.042009090909091	0.026763636363636	0.472288068181818	0.412704545454545		1
000170:	0.026140340909091	0.027302272727273	0.017286363636364	0.861977272727273	0.067293750000000		1
000171:	0.032087500000000	0.708838636363636	0.014610227272727	0.188166477272727	0.056297159090909		1
000172:	0.109507386363636	0.056632386363636	0.054175000000000	0.590503977272727	0.189181250000000		1
000173:	0.032800568181818	0.065390340909091	0.032893750000000	0.517474431818182	0.351440909090909		1
000174:	0.085652272727273	0.045032386363636	0.018710227272727	0.250367045454545	0.600238068181818		1
000175:	0.024557386363636	0.890695454545455	0.008861931818182	0.041928977272727	0.033956250000000		1
000176:	0.032482954545455	0.166142613636364	0.070229545454545	0.201701704545455	0.529443181818182		1
000177:	0.059670454545455	0.098792613636364	0.021590909090909	0.333436931818182	0.486509090909091		1
000178:	0.057427272727273	0.243005681818182	0.017042613636364	0.360840340909091	0.321684090909091		1
000179:	0.020074431818182	0.813243750000000	0.014953409090909	0.089496590909091	0.062231818181818		1
000180:	0.014789772727273	0.860087500000000	0.005593750000000	0.056664772727273	0.062864204545455		1
000181:	0.011357954545455	0.907150000000000	0.012922727272727	0.044194886363636	0.024374431818182		1
000182:	0.189473863636364	0.226743750000000	0.059668750000000	0.182738636363636	0.341375000000000		1
000183:	0.025475000000000	0.829247727272727	0.010284090909091	0.095317613636364	0.039675568181818		1
000184:	0.123672159090909	0.140404545454545	0.037923863636364	0.403989204545455	0.294010227272727		1
000185:	0.354378409090909	0.092333522727273	0.047675000000000	0.179995454545455	0.325617613636364		1
000186:	0.040426704545455	0.761950568181818	0.033535227272727	0.081156250000000	0.082931250000000		1
000187:	0.035953977272727	0.858855681818182	0.010871590909091	0.052075000000000	0.042243750000000		1
000188:	0.065140340909091	0.388966477272727	0.123448863636364	0.277365340909091	0.145078977272727		1
000189:	0.026406250000000	0.047082954545455	0.022706250000000	0.674073295454545	0.229731250000000		1
000190:	0.073561931818182	0.032861363636364	0.033136363636364	0.731007954545455	0.129432386363636		1
000191:	0.046110227272727	0.068425000000000	0.020382954545455	0.482435227272727	0.382646590909091		1
000192:	0.061611363636364	0.099226704545455	0.049942613636364	0.091943750000000	0.697275568181818		1
000193:	0.062372159090909	0.193601704545455	0.034713068181818	0.165969318181818	0.543343750000000		1
000194:	0.214497159090909	0.111011363636364	0.043013068181818	0.449175000000000	0.182303409090909		1
000195:	0.029990909090909	0.061271022727273	0.022207386363636	0.163616477272727	0.722914204545455		1
000196:	0.016852840909091	0.240143750000000	0.340936363636364	0.329120454545455	0.072946590909091		1
000197:	0.017978977272727	0.140023863636364	0.086461931818182	0.560696022727273	0.194839204545455		1
000198:	0.156357954545455	0.107341477272727	0.177021590909091	0.216434659090909	0.342844318181818		1
000199:	0.017010227272727	0.073122159090909	0.096083522727273	0.783703977272727	0.030080113636364		1
000200:	0.035863636363636	0.068298863636364	0.133402840909091	0.697706818181818	0.064727840909091		1
000201:	0.013303977272727	0.820038068181818	0.038493181818182	0.102871022727273	0.025293750000000		1
000202:	0.144926704545455	0.190756250000000	0.064203409090909	0.218954545454545	0.381159090909091		1
000203:	0.041447727272727	0.089514772727273	0.028300568181818	0.742513636363636	0.098223295454545		1
000204:	0.043761363636364	0.330653977272727	0.073036931818182	0.479769318181818	0.072778409090909		1
000205:	0.056403409090909	0.493914772727273	0.052130113636364	0.285378977272727	0.112172727272727		1
000206:	0.227156818181818	0.149804545454545	0.048899431818182	0.434539772727273	0.139599431818182		1
000207:	0.060496590909091	0.026857954545455	0.074274431818182	0.185697727272727	0.652673295454545		1
000208:	0.046288068181818	0.228035227272727	0.031445454545455	0.533909659090909	0.160321590909091		1
000209:	0.021458522727273	0.524043181818182	0.055472159090909	0.325344886363636	0.073681250000000		1
000210:	0.033104545454545	0.238659659090909	0.046128977272727	0.507294886363636	0.174811931818182		1
000211:	0.044964204545455	0.095883522727273	0.045336363636364	0.734632386363636	0.079183522727273		1
000212:	0.020870454545455	0.504582386363636	0.118313068181818	0.323331250000000	0.032902840909091		1
000213:	0.021882386363636	0.308221590909091	0.059700000000000	0.585571590909091	0.024624431818182		1
000214:	0.051627272727273	0.060934090909091	0.155996590909091	0.609980681818182	0.121461363636364		1
000215:	0.088267613636364	0.080971022727273	0.233757386363636	0.396343181818182	0.200660795454545		1
000216:	0.024260795454545	0.406606818181818	0.146485227272727	0.388438068181818	0.034209090909091		1
000217:	0.046698295454545	0.128155681818182	0.282916477272727	0.505234659090909	0.036994886363636		1
000218:	0.014142613636364	0.125994886363636	0.087859659090909	0.729836931818182	0.042165909090909		1
000219:	0.020620454545455	0.078881818181818	0.228278977272727	0.646957954545455	0.025260795454545		1
000220:	0.013449431818182	0.437472727272727	0.101542045454545	0.429040340909091	0.018495454545455		1
000221:	0.010348295454545	0.132898295454545	0.076559659090909	0.758279545454545	0.021914204545455		1
000222:	0.839830113636364	0.017728409090909	0.004017613636364	0.137993181818182	0.000430681818182		1
000223:	0.085623863636364	0.282558522727273	0.152731818181818	0.358206250000000	0.120879545454545		1
000224:	0.397550568181818	0.059123295454545	0.070431818181818	0.042507386363636	0.430386931818182		1
000225:	0.232616477272727	0.044151136363636	0.059109090909091	0.101658522727273	0.562464772727273		1
000226:	0.099480113636364	0.142177272727273	0.253731250000000	0.067257954545455	0.437353409090909		1
000227:	0.307256250000000	0.040487500000000	0.135788068181818	0.056121590909091	0.460346590909091		1
000228:	0.737134090909091	0.021731818181818	0.186523295454545	0.027910227272727	0.026700568181818		1
000229:	0.372849431818182	0.038418750000000	0.151417613636364	0.188103409090909	0.249210795454545		1
000230:	0.045484659090909	0.053589204545455	0.845657954545455	0.032259659090909	0.023008522727273		1
000231:	0.161217613636364	0.041193750000000	0.195332386363636	0.098161931818182	0.504094318181818		1
000232:	0.216778409090909	0.297787500000000	0.257206250000000	0.154956818181818	0.073271022727273		1
000233:	0.211734090909091	0.024074431818182	0.123451136363636	0.057797727272727	0.582942613636364		1
000234:	0.711481250000000	0.026548863636364	0.089781250000000	0.022044318181818	0.150144318181818		1
000235:	0.864457386363636	0.043888068181818	0.032509659090909	0.021430681818182	0.037714204545455		1
000236:	0.296988068181818	0.239232954545455	0.378959659090909	0.032971022727273	0.051848295454545		1
000237:	0.555893750000000	0.037926704545455	0.072025000000000	0.041644318181818	0.292510227272727		1
000238:	0.073255681818182	0.705853977272727	0.053484659090909	0.124081250000000	0.043324431818182		1
000239:	0.404567045454545	0.123821022727273	0.179485227272727	0.100111363636364	0.192015340909091		1
000240:	0.091296590909091	0.028009659090909	0.770902840909091	0.032014772727273	0.077776136363636		1
000241:	0.219598863636364	0.316996590909091	0.121677840909091	0.034884659090909	0.306842045454545		1
000242:	0.313752840909091	0.039594886363636	0.074245454545455	0.038185795454545	0.534221022727273		1
000243:	0.431765340909091	0.045346022727273	0.456748863636364	0.015474431818182	0.050665340909091		1
000244:	0.190739772727273	0.076478977272727	0.390410227272727	0.192909659090909	0.149461363636364		1
000245:	0.222876704545455	0.038494886363636	0.346853977272727	0.131832954545455	0.259941477272727		1
000246:	0.630902272727273	0.039309090909091	0.116531818181818	0.048794886363636	0.164461931818182		1
000247:	0.397709659090909	0.033186931818182	0.333753977272727	0.079371022727273	0.155978409090909		1
000248:	0.087259090909091	0.084337500000000	0.294690909090909	0.490927272727273	0.042785227272727		1
000249:	0.566057954545455	0.027596590909091	0.248172727272727	0.040025000000000	0.118147727272727		1
000250:	0.465082954545455	0.031692045454545	0.062175000000000	0.045078409090909	0.395971590909091		1
000251:	0.420261363636364	0.044835795454545	0.225464204545455	0.050666477272727	0.258772159090909		1
000252:	0.222661931818182	0.156632386363636	0.485877272727273	0.076325568181818	0.058502840909091		1
000253:	0.549123863636364	0.013578977272727	0.409458522727273	0.014743750000000	0.013094886363636		1
000254:	0.052239204545455	0.003910227272727	0.495949431818182	0.440964772727273	0.006936363636364		1
000255:	0.563531818181818	0.077398295454545	0.212177272727273	0.078447159090909	0.068445454545455		1
000256:	0.131540909090909	0.047714204545455	0.161815909090909	0.315547727272727	0.343381250000000		1
000257:	0.097128409090909	0.577689204545455	0.209759659090909	0.088117613636364	0.027305113636364		1
000258:	0.058672727272727	0.057214772727273	0.097869886363636	0.476994318181818	0.309248295454545		1
000259:	0.042938068181818	0.878012500000000	0.034618750000000	0.024082954545455	0.020347727272727		1
000260:	0.276743750000000	0.044437500000000	0.480703977272727	0.048523295454545	0.149591477272727		1
000261:	0.484531250000000	0.120809659090909	0.230031818181818	0.115433522727273	0.049193750000000		1
000262:	0.188665909090909	0.415055113636364	0.273018181818182	0.059463636363636	0.063797159090909		1
000263:	0.072534090909091	0.133789204545455	0.161830681818182	0.388965909090909	0.242880113636364		1
000264:	0.058678977272727	0.809643750000000	0.067000000000000	0.043138636363636	0.021538636363636		1
000265:	0.101098295454545	0.094218750000000	0.159843181818182	0.594610795454545	0.050228977272727		1
000266:	0.433647159090909	0.093772727272727	0.122765340909091	0.117413636363636	0.232401136363636		1
000267:	0.531377272727273	0.031009090909091	0.138623295454545	0.039952272727273	0.259038068181818		1
000268:	0.126340909090909	0.139307386363636	0.135952272727273	0.543055681818182	0.055343750000000		1
000269:	0.640286931818182	0.070131250000000	0.048909659090909	0.053963636363636	0.186708522727273		1
000270:	0.030938068181818	0.869425568181818	0.041130113636364	0.036951136363636	0.021555113636364		1
000271:	0.637818750000000	0.117914204545455	0.170055113636364	0.028971590909091	0.045240340909091		1
000272:	0.443468181818182	0.192700000000000	0.254153977272727	0.051349431818182	0.058328409090909		1
000273:	0.315057954545455	0.425575000000000	0.082460227272727	0.045281818181818	0.131625000000000		1
000274:	0.507121590909091	0.075563636363636	0.267176136363636	0.078931250000000	0.071207386363636		1
000275:	0.206794886363636	0.103626704545455	0.122773863636364	0.146235227272727	0.420569318181818		1
000276:	0.054407954545455	0.836677272727273	0.068541477272727	0.023628977272727	0.016744318181818		1
000277:	0.790250000000000	0.060817045454545	0.069736363636364	0.025180113636364	0.054016477272727		1
000278:	0.186263068181818	0.069026136363636	0.166239772727273	0.222005113636364	0.356465909090909		1
000279:	0.741978977272727	0.021590340909091	0.045040909090909	0.054132954545455	0.137256818181818		1
000280:	0.169514772727273	0.176515909090909	0.388084090909091	0.090882954545455	0.175002272727273		1
000281:	0.392339772727273	0.492603409090909	0.058691477272727	0.027139772727273	0.029225568181818		1
000282:	0.247698295454545	0.194826704545455	0.160414772727273	0.067525000000000	0.329535227272727		1
000283:	0.027526136363636	0.865988068181818	0.070531818181818	0.021772727272727	0.014181250000000		1
000284:	0.673067613636364	0.001195454545455	0.324652272727273	0.000657954545455	0.000426704545455		1
000285:	0.563896590909091	0.035052840909091	0.104761363636364	0.093727840909091	0.202561363636364		1
000286:	0.505341477272727	0.255205113636364	0.087976136363636	0.045898863636364	0.105578409090909		1
000287:	0.744614772727273	0.121872727272727	0.045235795454545	0.035175000000000	0.053101704545455		1
000288:	0.397544886363636	0.225602272727273	0.154100000000000	0.108565909090909	0.114186931818182		1
000289:	0.027457954545455	0.186112500000000	0.096046590909091	0.608845454545455	0.081537500000000		1
000290:	0.024218750000000	0.206945454545455	0.534935227272727	0.176030113636364	0.057870454545455		1
000291:	0.026346022727273	0.055660795454545	0.025675568181818	0.792220454545455	0.100097159090909		1
000292:	0.040792045454545	0.043761363636364	0.143058522727273	0.713005113636364	0.059382954545455		1
000293:	0.012030113636364	0.050050568181818	0.047075000000000	0.843997159090909	0.046847159090909		1
000294:	0.028669886363636	0.160675568181818	0.056878409090909	0.600940909090909	0.152835227272727		1
000295:	0.023376136363636	0.062067613636364	0.043488068181818	0.407172159090909	0.463896022727273		1
000296:	0.022497727272727	0.525461931818182	0.038720454545455	0.339495454545455	0.073824431818182		1
000297:	0.048140340909091	0.260519318181818	0.097867613636364	0.433113636363636	0.160359090909091		1
000298:	0.328741477272727	0.076291477272727	0.042432954545455	0.063420454545455	0.489113636363636		1
000299:	0.078601136363636	0.128125568181818	0.083258522727273	0.471885227272727	0.238129545454545		1
000300:	0.208915340909091	0.202776704545455	0.135292613636364	0.386618750000000	0.066396590909091		1
000301:	0.035939204545455	0.042471022727273	0.074011363636364	0.725266477272727	0.122311931818182		1
000302:	0.015201136363636	0.861884659090909	0.057996022727273	0.050203409090909	0.014714772727273		1
000303:	0.014771590909091	0.897546022727273	0.039202840909091	0.034629545454545	0.013850000000000		1
000304:	0.025424431818182	0.030653977272727	0.079993750000000	0.818085227272727	0.045842613636364		1
000305:	0.030740909090909	0.155139772727273	0.610694318181818	0.140091477272727	0.063333522727273		1
000306:	0.044988068181818	0.721209090909091	0.113949431818182	0.078283522727273	0.041569886363636		1
000307:	0.018654545454545	0.081543181818182	0.732217045454545	0.141564204545455	0.026021022727273		1
000308:	0.021867045454545	0.042360795454545	0.066652840909091	0.842674431818182	0.026444886363636		1
000309:	0.083726136363636	0.083102272727273	0.055663636363636	0.713043181818182	0.064464772727273		1
000310:	0.018817045454545	0.867781250000000	0.030676704545455	0.047197727272727	0.035527272727273		1
000311:	0.091501136363636	0.217541477272727	0.221551136363636	0.361819886363636	0.107586363636364		1
000312:	0.510263636363636	0.067465909090909	0.070163068181818	0.160724431818182	0.191382954545455		1
000313:	0.570149431818182	0.083469886363636	0.088831250000000	0.111572727272727	0.145976704545455		1
000314:	0.241710795454545	0.096965340909091	0.118529545454545	0.085234659090909	0.457559659090909		1
000315:	0.331849431818182	0.035085795454545	0.065193181818182	0.219060227272727	0.348811363636364		1
000316:	0.049401136363636	0.078882954545455	0.099957954545455	0.560838636363636	0.210919318181818		1
000317:	0.160174431818182	0.028677840909091	0.126813636363636	0.104292613636364	0.580041477272727		1
000318:	0.016179545454545	0.158823863636364	0.257005681818182	0.537190340909091	0.030800568181818		1
000319:	0.012009090909091	0.891111931818182	0.032539772727273	0.048806250000000	0.015532954545455		1
000320:	0.068764204545455	0.254395454545455	0.153502840909091	0.447871590909091	0.075465909090909		1
000321:	0.013726136363636	0.059217045454545	0.064804545454545	0.841863636363636	0.020388636363636		1
000322:	0.031148863636364	0.202344886363636	0.512944318181818	0.214616477272727	0.038945454545455		1
000323:	0.402871022727273	0.121431818181818	0.150465340909091	0.191827840909091	0.133403977272727		1
000324:	0.028585795454545	0.186224431818182	0.313338636363636	0.426220454545455	0.045630681818182		1
000325:	0.059314204545455	0.704464772727273	0.142313636363636	0.064789772727273	0.029117613636364		1
000326:	0.094894318181818	0.066073863636364	0.487603977272727	0.259568181818182	0.091859659090909		1
000327:	0.035485227272727	0.101757386363636	0.336539772727273	0.440585795454545	0.085631818181818		1
000328:	0.023325568181818	0.049115909090909	0.831388068181818	0.075386931818182	0.020783522727273		1
000329:	0.079879545454545	0.133930113636364	0.246741477272727	0.459752272727273	0.079696590909091		1
000330:	0.031571590909091	0.149142613636364	0.686811931818182	0.106890909090909	0.025582954545455		1
000331:	0.059480681818182	0.061480681818182	0.744059659090909	0.114077272727273	0.020901704545455		1
000332:	0.011750568181818	0.895798863636364	0.033020454545455	0.042257954545455	0.017172159090909		1
000333:	0.022780113636364	0.868350568181818	0.042589204545455	0.050925000000000	0.015355113636364		1
000334:	0.027476704545455	0.892985795454545	0.033306250000000	0.036076704545455	0.010154545454545		1
000335:	0.056269886363636	0.070530681818182	0.147400568181818	0.655557954545455	0.070240909090909		1
000336:	0.013983522727273	0.818986363636364	0.090553977272727	0.059742613636364	0.016733522727273		1
000337:	0.105732386363636	0.202845454545455	0.389316477272727	0.277425000000000	0.024680681818182		1
000338:	0.014081250000000	0.089964204545455	0.077234659090909	0.747231250000000	0.071488636363636		1
000339:	0.025051136363636	0.111697727272727	0.318741477272727	0.516035795454545	0.028473863636364		1
000340:	0.013779545454545	0.770985227272727	0.060531250000000	0.138825000000000	0.015878977272727		1
000341:	0.020946590909091	0.042426704545455	0.055851136363636	0.842746022727273	0.038029545454545		1
000342:	0.000001136363636	0.000072159090909	0.000032386363636	0.000049431818182	0.999844886363636		1
000343:	0.032032954545455	0.167611363636364	0.118579545454545	0.601335227272727	0.080440909090909		1
000344:	0.030122727272727	0.032886363636364	0.817559659090909	0.093321022727273	0.026110227272727		1
000345:	0.013131250000000	0.046037500000000	0.819386363636364	0.090433522727273	0.031011363636364		1
000346:	0.021648295454545	0.064166477272727	0.260339204545455	0.604800000000000	0.049046022727273		1
000347:	0.019142045454545	0.054872159090909	0.327969318181818	0.555931818181818	0.042084659090909		1
000348:	0.018294318181818	0.192798863636364	0.362921590909091	0.362922727272727	0.063062500000000		1
000349:	0.031976704545455	0.229922727272727	0.464589772727273	0.211330681818182	0.062180113636364		1
000350:	0.026493750000000	0.060203977272727	0.441925568181818	0.416598863636364	0.054777840909091		1
000351:	0.022109659090909	0.030613068181818	0.608690340909091	0.288084090909091	0.050502840909091		1
000352:	0.026673863636364	0.122771022727273	0.050054545454545	0.745954545454545	0.054546022727273		1
000353:	0.011816477272727	0.611484090909091	0.038750000000000	0.313275568181818	0.024673863636364		1
000354:	0.013207954545455	0.697684659090909	0.067340909090909	0.204313636363636	0.017452840909091		1
000355:	0.026792613636364	0.194377272727273	0.330648295454545	0.425888068181818	0.022293750000000		1
000356:	0.437540340909091	0.253146590909091	0.124196022727273	0.099900568181818	0.085216477272727		1
000357:	0.538944886363636	0.012082386363636	0.006015340909091	0.002486363636364	0.440471022727273		1
000358:	0.113338068181818	0.108293750000000	0.185712500000000	0.114913068181818	0.477742613636364		1
000359:	0.363085795454545	0.059469886363636	0.318627840909091	0.105728409090909	0.153088068181818		1
000360:	0.067665340909091	0.135597727272727	0.099319886363636	0.492387500000000	0.205029545454545		1
000361:	0.432426136363636	0.078406250000000	0.111835795454545	0.046123863636364	0.331207954545455		1
000362:	0.129525568181818	0.197446590909091	0.514843750000000	0.107292613636364	0.050891477272727		1
000363:	0.046310227272727	0.064255681818182	0.053637500000000	0.338389772727273	0.497406818181818		1
000364:	0.416603409090909	0.072336363636364	0.214797727272727	0.119305681818182	0.176956818181818		1
000365:	0.057956818181818	0.101137500000000	0.255699431818182	0.168180113636364	0.417026136363636		1
000366:	0.629954545454545	0.060303977272727	0.061589772727273	0.092133522727273	0.156018181818182		1
000367:	0.376173863636364	0.035384090909091	0.112161931818182	0.207334090909091	0.268946022727273		1
000368:	0.599912500000000	0.045588068181818	0.046405113636364	0.117019318181818	0.191075000000000		1
000369:	0.190505681818182	0.186401136363636	0.124946590909091	0.252624431818182	0.245522159090909		1
000370:	0.084613636363636	0.420914204545455	0.136303409090909	0.297083522727273	0.061085227272727		1
000371:	0.042590340909091	0.049509659090909	0.185432954545455	0.577950568181818	0.144516477272727		1
000372:	0.065237500000000	0.040614204545455	0.060617045454545	0.312203977272727	0.521327272727273		1
000373:	0.333605113636364	0.086265909090909	0.194928977272727	0.207283522727273	0.177916477272727		1
000374:	0.046493750000000	0.093606818181818	0.060267613636364	0.216271022727273	0.583360795454545		1
000375:	0.033828977272727	0.604531250000000	0.158686931818182	0.175458522727273	0.027494318181818		1
000376:	0.165050568181818	0.153815340909091	0.067941477272727	0.240006250000000	0.373186363636364		1
000377:	0.022648863636364	0.888295454545455	0.049836931818182	0.025668181818182	0.013550568181818		1
000378:	0.544981818181818	0.085163068181818	0.041788068181818	0.054508522727273	0.273558522727273		1
000379:	0.620382386363636	0.017527840909091	0.026350568181818	0.061010795454545	0.274728409090909		1
000380:	0.333005681818182	0.107148863636364	0.051891477272727	0.113157954545455	0.394796022727273		1
000381:	0.815600568181818	0.020967045454545	0.028640909090909	0.047953977272727	0.086837500000000		1
000382:	0.224225000000000	0.123194318181818	0.067736931818182	0.222710227272727	0.362133522727273		1
000383:	0.194465909090909	0.100918750000000	0.123030113636364	0.244213068181818	0.337372159090909		1
000384:	0.206340909090909	0.042465340909091	0.070636363636364	0.347103977272727	0.333453409090909		1
000385:	0.128192613636364	0.031865340909091	0.370222159090909	0.176421590909091	0.293298295454545		1
000386:	0.787600568181818	0.033402840909091	0.040207954545455	0.056881250000000	0.081907386363636		1
000387:	0.131148295454545	0.121297159090909	0.086652840909091	0.257222159090909	0.403679545454545		1
000388:	0.520351136363636	0.074117045454545	0.199398863636364	0.143052840909091	0.063080113636364		1
000389:	0.116292613636364	0.027302272727273	0.168458522727273	0.306522727272727	0.381423863636364		1
000390:	0.071625000000000	0.145557954545455	0.581602272727273	0.158535227272727	0.042679545454545		1
