Estimated Clustering Probabilities for Samples
Sample	***Cluster  01***	***Cluster  02***	***Cluster  03***	***Cluster  04***	***Cluster  05***	
000001:	0.464695454545455	0.008328977272727	0.138750568181818	0.197559659090909	0.190665340909091		1
000002:	0.739239204545455	0.004715909090909	0.032886363636364	0.199023863636364	0.024134659090909		1
000003:	0.829564204545455	0.012118750000000	0.039241477272727	0.088083522727273	0.030992045454545		1
000004:	0.609973863636364	0.008961363636364	0.214439772727273	0.133729545454545	0.032895454545455		1
000005:	0.879901704545455	0.004381818181818	0.034776704545455	0.043051704545455	0.037888068181818		1
000006:	0.487947727272727	0.016717045454545	0.327415340909091	0.109693750000000	0.058226136363636		1
000007:	0.784303409090909	0.006321022727273	0.026972159090909	0.154167045454545	0.028236363636364		1
000008:	0.823128977272727	0.008288636363636	0.070340340909091	0.072808522727273	0.025433522727273		1
000009:	0.762188068181818	0.006562500000000	0.129700568181818	0.062819318181818	0.038729545454545		1
000010:	0.789555113636364	0.011632954545455	0.070481818181818	0.079689204545455	0.048640909090909		1
000011:	0.383135795454545	0.075748863636364	0.258638068181818	0.172190909090909	0.110286363636364		1
000012:	0.276006818181818	0.143198863636364	0.182823863636364	0.043189204545455	0.354781250000000		1
000013:	0.156158522727273	0.331314772727273	0.247969886363636	0.027115340909091	0.237441477272727		1
000014:	0.034366477272727	0.025964204545455	0.893306818181818	0.012302272727273	0.034060227272727		1
000015:	0.698425568181818	0.050260795454545	0.116763068181818	0.029338636363636	0.105211931818182		1
000016:	0.153754545454545	0.020949431818182	0.775413636363636	0.017760227272727	0.032122159090909		1
000017:	0.337779545454545	0.030888636363636	0.153572159090909	0.046467613636364	0.431292045454545		1
000018:	0.088713068181818	0.298261363636364	0.087928409090909	0.037103977272727	0.487993181818182		1
000019:	0.648631818181818	0.143749431818182	0.048998295454545	0.030453409090909	0.128167045454545		1
000020:	0.212100568181818	0.036386931818182	0.437735227272727	0.059871022727273	0.253906250000000		1
000021:	0.049600000000000	0.052182386363636	0.041201136363636	0.126448295454545	0.730568181818182		1
000022:	0.442053409090909	0.067192613636364	0.113161363636364	0.019616477272727	0.357976136363636		1
000023:	0.266875000000000	0.264341477272727	0.082900568181818	0.099656250000000	0.286226704545455		1
000024:	0.018306818181818	0.018470454545455	0.923342613636364	0.009747159090909	0.030132954545455		1
000025:	0.381246022727273	0.292984659090909	0.096622727272727	0.075307954545455	0.153838636363636		1
000026:	0.174246590909091	0.156113068181818	0.050809090909091	0.030568750000000	0.588262500000000		1
000027:	0.075236363636364	0.112559090909091	0.055517045454545	0.022590340909091	0.734097159090909		1
000028:	0.271583522727273	0.040716477272727	0.122205681818182	0.294031818181818	0.271462500000000		1
000029:	0.233879545454545	0.062086931818182	0.144009659090909	0.075963068181818	0.484060795454545		1
000030:	0.410274431818182	0.169852272727273	0.141390340909091	0.113551704545455	0.164931250000000		1
000031:	0.071825000000000	0.171943750000000	0.046347159090909	0.027054545454545	0.682829545454545		1
000032:	0.049125000000000	0.050855113636364	0.078586931818182	0.044181818181818	0.777251136363636		1
000033:	0.176531250000000	0.123530681818182	0.082676704545455	0.099529545454545	0.517731818181818		1
000034:	0.037521022727273	0.028436363636364	0.873622159090909	0.013274431818182	0.047146022727273		1
000035:	0.068505113636364	0.114885795454545	0.045165909090909	0.084140340909091	0.687302840909091		1
000036:	0.268133522727273	0.049409659090909	0.169737500000000	0.076825000000000	0.435894318181818		1
000037:	0.094663068181818	0.071285795454545	0.104117045454545	0.019061931818182	0.710872159090909		1
000038:	0.174897159090909	0.301650568181818	0.198972727272727	0.202488068181818	0.121991477272727		1
000039:	0.142232954545455	0.160698295454545	0.204523295454545	0.025802840909091	0.466742613636364		1
000040:	0.059815909090909	0.072470454545455	0.758484090909091	0.035792613636364	0.073436931818182		1
000041:	0.188096590909091	0.060790340909091	0.188235227272727	0.039414204545455	0.523463636363636		1
000042:	0.120278977272727	0.231298863636364	0.144850568181818	0.035325568181818	0.468246022727273		1
000043:	0.425160227272727	0.045891477272727	0.176656250000000	0.047884659090909	0.304407386363636		1
000044:	0.343664772727273	0.054686363636364	0.085374431818182	0.060644886363636	0.455629545454545		1
000045:	0.074905681818182	0.089697727272727	0.036167613636364	0.021928409090909	0.777300568181818		1
000046:	0.104852840909091	0.179704545454545	0.058989204545455	0.104095454545455	0.552357954545455		1
000047:	0.281465340909091	0.053112500000000	0.191472727272727	0.124334090909091	0.349615340909091		1
000048:	0.855311363636364	0.021756250000000	0.042394886363636	0.036434659090909	0.044102840909091		1
000049:	0.754930681818182	0.045238636363636	0.042339204545455	0.046526136363636	0.110965340909091		1
000050:	0.198260227272727	0.055607386363636	0.274635227272727	0.044123863636364	0.427373295454545		1
000051:	0.123733522727273	0.026303409090909	0.783506818181818	0.032669886363636	0.033786363636364		1
000052:	0.122776136363636	0.012102840909091	0.814631250000000	0.019519318181818	0.030970454545455		1
000053:	0.424817613636364	0.078782386363636	0.181345454545455	0.042446590909091	0.272607954545455		1
000054:	0.164919886363636	0.293938068181818	0.119583522727273	0.095410227272727	0.326148295454545		1
000055:	0.709282386363636	0.021453409090909	0.161514204545455	0.040615340909091	0.067134659090909		1
000056:	0.630136363636364	0.055750000000000	0.066413636363636	0.045907954545455	0.201792045454545		1
000057:	0.409920454545455	0.046218181818182	0.098544886363636	0.060628409090909	0.384688068181818		1
000058:	0.619938636363636	0.178528409090909	0.030664772727273	0.044140340909091	0.126727840909091		1
000059:	0.296928977272727	0.077897727272727	0.032344318181818	0.046499431818182	0.546329545454545		1
000060:	0.777278409090909	0.027113068181818	0.050832386363636	0.043205681818182	0.101570454545455		1
000061:	0.781836931818182	0.025578409090909	0.048419886363636	0.026816477272727	0.117348295454545		1
000062:	0.134595454545455	0.015230113636364	0.807478977272727	0.017413636363636	0.025281818181818		1
000063:	0.106029545454545	0.020348295454545	0.816596590909091	0.028817045454545	0.028208522727273		1
000064:	0.137365340909091	0.013207954545455	0.723698863636364	0.101885795454545	0.023842045454545		1
000065:	0.772511931818182	0.029676704545455	0.057878409090909	0.061034659090909	0.078898295454545		1
000066:	0.001140909090909	0.432606818181818	0.031156818181818	0.531752272727273	0.003343181818182		1
000067:	0.159583522727273	0.014385227272727	0.744596022727273	0.053899431818182	0.027535795454545		1
000068:	0.371991477272727	0.061430681818182	0.033990340909091	0.041975568181818	0.490611931818182		1
000069:	0.328215340909091	0.033994318181818	0.065208522727273	0.052340909090909	0.520240909090909		1
000070:	0.349585795454545	0.069034090909091	0.266019318181818	0.124207954545455	0.191152840909091		1
000071:	0.254952840909091	0.053638636363636	0.038196590909091	0.052521590909091	0.600690340909091		1
000072:	0.751798295454545	0.030811931818182	0.091252840909091	0.056249431818182	0.069887500000000		1
000073:	0.808219318181818	0.038972159090909	0.036654545454545	0.034910795454545	0.081243181818182		1
000074:	0.104071022727273	0.209024431818182	0.168300000000000	0.061559659090909	0.457044886363636		1
000075:	0.468773295454545	0.124515909090909	0.069649431818182	0.055602272727273	0.281459090909091		1
000076:	0.162790340909091	0.115986363636364	0.031649431818182	0.473750000000000	0.215823863636364		1
000077:	0.259419318181818	0.175131818181818	0.098882386363636	0.315928409090909	0.150638068181818		1
000078:	0.707474431818182	0.025441477272727	0.086673863636364	0.078325000000000	0.102085227272727		1
000079:	0.336644886363636	0.145353409090909	0.072685227272727	0.111254545454545	0.334061931818182		1
000080:	0.286507386363636	0.316090340909091	0.024595454545455	0.088996590909091	0.283810227272727		1
000081:	0.785596590909091	0.019531818181818	0.028129545454545	0.047147159090909	0.119594886363636		1
000082:	0.782050568181818	0.023060795454545	0.052230113636364	0.054893181818182	0.087765340909091		1
000083:	0.604634659090909	0.042907954545455	0.025327272727273	0.066520454545455	0.260609659090909		1
000084:	0.029587500000000	0.025969886363636	0.883144886363636	0.035535227272727	0.025762500000000		1
000085:	0.283590340909091	0.044509659090909	0.110564204545455	0.083168181818182	0.478167613636364		1
000086:	0.294965909090909	0.071485227272727	0.383247159090909	0.107121590909091	0.143180113636364		1
000087:	0.555413068181818	0.029397159090909	0.047146022727273	0.029936931818182	0.338106818181818		1
000088:	0.109896590909091	0.029155681818182	0.032284090909091	0.037030113636364	0.791633522727273		1
000089:	0.063163068181818	0.023085795454545	0.041049431818182	0.084333522727273	0.788368181818182		1
000090:	0.135916477272727	0.181988068181818	0.147389772727273	0.050057954545455	0.484647727272727		1
000091:	0.061925568181818	0.512001704545455	0.044957954545455	0.174221590909091	0.206893181818182		1
000092:	0.611596022727273	0.084469886363636	0.052019886363636	0.059303409090909	0.192610795454545		1
000093:	0.268894886363636	0.184434659090909	0.077709659090909	0.092867613636364	0.376093181818182		1
000094:	0.246263636363636	0.157839772727273	0.052489204545455	0.059742613636364	0.483664772727273		1
000095:	0.727695454545455	0.027362500000000	0.119178977272727	0.064369886363636	0.061393181818182		1
000096:	0.161858522727273	0.017710795454545	0.747931818181818	0.027450000000000	0.045048863636364		1
000097:	0.237026136363636	0.046243750000000	0.041742613636364	0.038659090909091	0.636328409090909		1
000098:	0.597781250000000	0.032175568181818	0.018265340909091	0.022217045454545	0.329560795454545		1
000099:	0.300112500000000	0.058294886363636	0.344839772727273	0.049157954545455	0.247594886363636		1
000100:	0.427794318181818	0.018947159090909	0.477176704545455	0.019030113636364	0.057051704545455		1
000101:	0.131991477272727	0.019441477272727	0.073732954545455	0.025844886363636	0.748989204545455		1
000102:	0.313065909090909	0.069633522727273	0.212638068181818	0.057968181818182	0.346694318181818		1
000103:	0.383434090909091	0.410596022727273	0.051322727272727	0.050120454545455	0.104526704545455		1
000104:	0.258572159090909	0.023136363636364	0.646166477272727	0.019185227272727	0.052939772727273		1
000105:	0.163281818181818	0.050102840909091	0.159711931818182	0.027709659090909	0.599193750000000		1
000106:	0.152960227272727	0.038127840909091	0.039661363636364	0.044993181818182	0.724257386363636		1
000107:	0.251919318181818	0.019606250000000	0.359146590909091	0.028683522727273	0.340644318181818		1
000108:	0.946443181818182	0.000138068181818	0.000428977272727	0.041384090909091	0.011605681818182		1
000109:	0.313071022727273	0.061405113636364	0.104348295454545	0.051164204545455	0.470011363636364		1
000110:	0.074722727272727	0.623485227272727	0.126241477272727	0.078307954545455	0.097242613636364		1
000111:	0.272883522727273	0.033825568181818	0.476866477272727	0.082473295454545	0.133951136363636		1
000112:	0.098852840909091	0.061993750000000	0.102688068181818	0.051892045454545	0.684573295454545		1
000113:	0.581000568181818	0.024201136363636	0.146743181818182	0.053247159090909	0.194807954545455		1
000114:	0.237838068181818	0.239417613636364	0.058969886363636	0.199204545454545	0.264569886363636		1
000115:	0.480013636363636	0.080623863636364	0.081518750000000	0.055300000000000	0.302543750000000		1
000116:	0.536920454545455	0.045582954545455	0.309222727272727	0.034938636363636	0.073335227272727		1
000117:	0.183842045454545	0.057720454545455	0.078617045454545	0.110175000000000	0.569645454545455		1
000118:	0.623242045454545	0.025994886363636	0.198131250000000	0.076530113636364	0.076101704545455		1
000119:	0.179595454545455	0.029854545454545	0.138893181818182	0.065377272727273	0.586279545454545		1
000120:	0.671379545454545	0.028350568181818	0.130756250000000	0.044571022727273	0.124942613636364		1
000121:	0.361667045454545	0.182622727272727	0.114518750000000	0.069655681818182	0.271535795454545		1
000122:	0.385162500000000	0.025689204545455	0.050471590909091	0.027367613636364	0.511309090909091		1
000123:	0.764289204545455	0.090307386363636	0.038814772727273	0.046088068181818	0.060500568181818		1
000124:	0.252404545454545	0.108694886363636	0.054881250000000	0.171898295454545	0.412121022727273		1
000125:	0.227679545454545	0.027642613636364	0.115126136363636	0.553692045454545	0.075859659090909		1
000126:	0.080078977272727	0.028922727272727	0.030972727272727	0.798301704545455	0.061723863636364		1
000127:	0.492031250000000	0.079677840909091	0.172308522727273	0.051287500000000	0.204694886363636		1
000128:	0.778907386363636	0.030300568181818	0.059857386363636	0.051207954545455	0.079726704545455		1
000129:	0.135266477272727	0.104879545454545	0.033435227272727	0.033359090909091	0.693059659090909		1
000130:	0.748713068181818	0.078405113636364	0.075227840909091	0.049492613636364	0.048161363636364		1
000131:	0.478015340909091	0.036552840909091	0.064421022727273	0.045868181818182	0.375142613636364		1
000132:	0.315865909090909	0.027272727272727	0.537176136363636	0.027160795454545	0.092524431818182		1
000133:	0.190128409090909	0.189686363636364	0.080028409090909	0.276723295454545	0.263433522727273		1
000134:	0.459799431818182	0.177550000000000	0.085986363636364	0.082190909090909	0.194473295454545		1
000135:	0.144406818181818	0.172527272727273	0.024429545454545	0.053993181818182	0.604643181818182		1
000136:	0.728450568181818	0.044760795454545	0.080602272727273	0.040317045454545	0.105869318181818		1
000137:	0.170749431818182	0.183143750000000	0.069872159090909	0.055074431818182	0.521160227272727		1
000138:	0.597411931818182	0.088999431818182	0.053795454545455	0.100757386363636	0.159035795454545		1
000139:	0.380822727272727	0.091233522727273	0.123168181818182	0.077399431818182	0.327376136363636		1
000140:	0.185164772727273	0.444172727272727	0.050948295454545	0.032593750000000	0.287120454545455		1
000141:	0.189564204545455	0.027193750000000	0.581903409090909	0.134664772727273	0.066673863636364		1
000142:	0.406072727272727	0.051942613636364	0.070735227272727	0.021197727272727	0.450051704545455		1
000143:	0.606676136363636	0.042336931818182	0.049192613636364	0.037300568181818	0.264493750000000		1
000144:	0.454472159090909	0.024231250000000	0.135242045454545	0.037320454545455	0.348734090909091		1
000145:	0.104502272727273	0.039401704545455	0.767738068181818	0.042099431818182	0.046258522727273		1
000146:	0.426540909090909	0.098194886363636	0.098922727272727	0.056398295454545	0.319943181818182		1
000147:	0.718939204545455	0.021296022727273	0.075580681818182	0.054934090909091	0.129250000000000		1
000148:	0.863725000000000	0.020301136363636	0.029602840909091	0.031397159090909	0.054973863636364		1
000149:	0.386352272727273	0.060700000000000	0.097500000000000	0.094884090909091	0.360563636363636		1
000150:	0.102820454545455	0.184980681818182	0.075048295454545	0.032013068181818	0.605137500000000		1
000151:	0.437686931818182	0.035709090909091	0.298218750000000	0.119702840909091	0.108682386363636		1
000152:	0.492919318181818	0.128122159090909	0.127246590909091	0.070555681818182	0.181156250000000		1
000153:	0.229834090909091	0.054860795454545	0.095896590909091	0.031038636363636	0.588369886363636		1
000154:	0.514396022727273	0.021722159090909	0.398409659090909	0.024275568181818	0.041196590909091		1
000155:	0.327352272727273	0.106955681818182	0.371476136363636	0.034276136363636	0.159939772727273		1
000156:	0.180007386363636	0.020440909090909	0.470464204545455	0.026228409090909	0.302859090909091		1
000157:	0.140241477272727	0.005687500000000	0.772903977272727	0.064083522727273	0.017083522727273		1
000158:	0.231003409090909	0.016455113636364	0.128984090909091	0.462387500000000	0.161169886363636		1
000159:	0.070985227272727	0.043942045454545	0.595372159090909	0.191065909090909	0.098634659090909		1
000160:	0.059233522727273	0.007660227272727	0.093477840909091	0.827705681818182	0.011922727272727		1
000161:	0.259088068181818	0.017077840909091	0.066569318181818	0.606009090909091	0.051255681818182		1
000162:	0.120720454545455	0.093326136363636	0.034484659090909	0.379891477272727	0.371577272727273		1
000163:	0.888353977272727	0.005285795454545	0.034165340909091	0.051028409090909	0.021166477272727		1
000164:	0.213094318181818	0.012878977272727	0.646047159090909	0.111972159090909	0.016007386363636		1
000165:	0.833729545454545	0.017509659090909	0.052755113636364	0.075261363636364	0.020744318181818		1
000166:	0.871207386363636	0.007277840909091	0.042821022727273	0.062007386363636	0.016686363636364		1
000167:	0.744782386363636	0.017647727272727	0.062838068181818	0.130821590909091	0.043910227272727		1
000168:	0.457508522727273	0.049215340909091	0.301628977272727	0.031995454545455	0.159651704545455		1
000169:	0.515360795454545	0.033897727272727	0.044240340909091	0.038485227272727	0.368015909090909		1
000170:	0.902268181818182	0.019227840909091	0.019677272727273	0.020898295454545	0.037928409090909		1
000171:	0.348662500000000	0.033422159090909	0.513226704545454	0.037898295454545	0.066790340909091		1
000172:	0.648231250000000	0.068078409090909	0.040877840909091	0.095696590909091	0.147115909090909		1
000173:	0.708403409090909	0.014371590909091	0.048651136363636	0.026626136363636	0.201947727272727		1
000174:	0.446392045454545	0.101435227272727	0.057199431818182	0.021688636363636	0.373284659090909		1
000175:	0.061383522727273	0.011761931818182	0.891790340909091	0.009075000000000	0.025989204545455		1
000176:	0.332764204545455	0.033814204545455	0.121178977272727	0.116022727272727	0.396219886363636		1
000177:	0.471036931818182	0.029193750000000	0.094232954545455	0.019078409090909	0.386457954545455		1
000178:	0.507607386363636	0.076422727272727	0.195207954545455	0.020290909090909	0.200471022727273		1
000179:	0.066704545454545	0.014924431818182	0.858131818181818	0.012720454545455	0.047518750000000		1
000180:	0.063330113636364	0.010921022727273	0.852715340909091	0.031510795454545	0.041522727272727		1
000181:	0.036221590909091	0.006274431818182	0.899652840909091	0.026987500000000	0.030863636363636		1
000182:	0.283971590909091	0.127858522727273	0.187416477272727	0.085800568181818	0.314952840909091		1
000183:	0.099864772727273	0.014328977272727	0.822813636363636	0.023139772727273	0.039852840909091		1
000184:	0.542708522727273	0.080026136363636	0.141042613636364	0.035657386363636	0.200565340909091		1
000185:	0.198422727272727	0.231101136363636	0.103080681818182	0.094553977272727	0.372841477272727		1
000186:	0.078067613636364	0.045584659090909	0.777348863636364	0.032002840909091	0.066996022727273		1
000187:	0.029147159090909	0.009703409090909	0.921683522727273	0.010172727272727	0.029293181818182		1
000188:	0.352910795454545	0.076304545454545	0.329751136363636	0.132931818181818	0.108101704545455		1
000189:	0.843772727272727	0.015253409090909	0.039547159090909	0.022085795454545	0.079340909090909		1
000190:	0.662643181818182	0.045994318181818	0.042182954545455	0.061600568181818	0.187578977272727		1
000191:	0.610698863636364	0.026213636363636	0.050184090909091	0.032517045454545	0.280386363636364		1
000192:	0.114785227272727	0.036130113636364	0.095066477272727	0.080388068181818	0.673630113636364		1
000193:	0.280563636363636	0.044909659090909	0.119443181818182	0.043367045454545	0.511716477272727		1
000194:	0.564951704545455	0.151172159090909	0.087247159090909	0.062951704545455	0.133677272727273		1
000195:	0.241359090909091	0.020127272727273	0.061194318181818	0.020739204545455	0.656580113636364		1
000196:	0.006475000000000	0.000493181818182	0.849589772727273	0.142476704545455	0.000965340909091		1
000197:	0.713114204545455	0.012465340909091	0.095846022727273	0.087373863636364	0.091200568181818		1
000198:	0.183686363636364	0.045640340909091	0.088461931818182	0.152071022727273	0.530140340909091		1
000199:	0.738917613636364	0.012847159090909	0.080411931818182	0.140542613636364	0.027280681818182		1
000200:	0.314172159090909	0.012731818181818	0.063543750000000	0.589757954545455	0.019794318181818		1
000201:	0.109672159090909	0.015394886363636	0.801450568181818	0.060213636363636	0.013268750000000		1
000202:	0.326695454545455	0.135080113636364	0.189848863636364	0.063881818181818	0.284493750000000		1
000203:	0.799883522727273	0.024652272727273	0.080611931818182	0.017001136363636	0.077851136363636		1
000204:	0.566333522727273	0.035901136363636	0.230888636363636	0.104336363636364	0.062540340909091		1
000205:	0.466051136363636	0.052139772727273	0.302806250000000	0.085432386363636	0.093570454545455		1
000206:	0.519325000000000	0.227782386363636	0.136441477272727	0.039718750000000	0.076732386363636		1
000207:	0.006858522727273	0.722168181818182	0.183757954545455	0.007862500000000	0.079352840909091		1
000208:	0.596380681818182	0.028369318181818	0.183459090909091	0.032307954545455	0.159482954545455		1
000209:	0.268208522727273	0.021365340909091	0.612946590909091	0.051717613636364	0.045761931818182		1
000210:	0.435508522727273	0.024551704545455	0.388371022727273	0.050220454545455	0.101348295454545		1
000211:	0.785280681818182	0.023797727272727	0.067473295454545	0.068379545454545	0.055068750000000		1
000212:	0.359815340909091	0.017276704545455	0.204447159090909	0.364829545454545	0.053631250000000		1
000213:	0.721305113636364	0.270263636363636	0.002604545454545	0.004406818181818	0.001419886363636		1
000214:	0.581906250000000	0.024161931818182	0.072653409090909	0.224236931818182	0.097041477272727		1
000215:	0.390962500000000	0.086852272727273	0.125835227272727	0.282557386363636	0.113792613636364		1
000216:	0.468460227272727	0.041228977272727	0.229685227272727	0.225684090909091	0.034941477272727		1
000217:	0.443451136363636	0.027592613636364	0.141765909090909	0.364013068181818	0.023177272727273		1
000218:	0.751671590909091	0.003818750000000	0.187923295454545	0.049092613636364	0.007493750000000		1
000219:	0.572582954545454	0.021052840909091	0.101709659090909	0.286993181818182	0.017661363636364		1
000220:	0.478321590909091	0.014060227272727	0.345217045454545	0.150140909090909	0.012260227272727		1
000221:	0.722163636363636	0.010380113636364	0.170796022727273	0.085997159090909	0.010663068181818		1
000222:	0.358217613636364	0.012011931818182	0.521041477272727	0.094160795454545	0.014568181818182		1
000223:	0.320648295454545	0.076649431818182	0.201942045454545	0.274437500000000	0.126322727272727		1
000224:	0.087446590909091	0.474251136363636	0.068881818181818	0.058237500000000	0.311182954545455		1
000225:	0.122814772727273	0.272681818181818	0.051325000000000	0.073234659090909	0.479943750000000		1
000226:	0.142681250000000	0.120713636363636	0.175418181818182	0.247747159090909	0.313439772727273		1
000227:	0.094036363636364	0.299565340909091	0.048224431818182	0.127378977272727	0.430794886363636		1
000228:	0.053927272727273	0.692659090909091	0.028206250000000	0.171564204545455	0.053643181818182		1
000229:	0.419239772727273	0.373417045454545	0.029267045454545	0.115907954545455	0.062168181818182		1
000230:	0.038348295454545	0.057563068181818	0.057777272727273	0.822317613636364	0.023993750000000		1
000231:	0.137747159090909	0.185101136363636	0.042344886363636	0.224230113636364	0.410576704545455		1
000232:	0.193923295454545	0.247454545454545	0.270651704545455	0.231756818181818	0.056213636363636		1
000233:	0.078446022727273	0.295529545454545	0.042788068181818	0.145230681818182	0.438005681818182		1
000234:	0.042383522727273	0.591887500000000	0.022764772727273	0.086168181818182	0.256796022727273		1
000235:	0.037765909090909	0.759188636363636	0.043421590909091	0.040592045454545	0.119031818181818		1
000236:	0.026092045454545	0.302556250000000	0.166921590909091	0.456607954545455	0.047822159090909		1
000237:	0.076320454545455	0.566916477272727	0.034316477272727	0.061244886363636	0.261201704545455		1
000238:	0.110823295454545	0.086050000000000	0.692997159090909	0.065139772727273	0.044989772727273		1
000239:	0.071177272727273	0.493582954545455	0.098302272727273	0.162582386363636	0.174355113636364		1
000240:	0.031504545454545	0.087600000000000	0.040303977272727	0.748492613636364	0.092098863636364		1
000241:	0.052457386363636	0.150490909090909	0.360284090909091	0.131373295454545	0.305394318181818		1
000242:	0.033488068181818	0.202959090909091	0.046455113636364	0.073848295454545	0.643249431818182		1
000243:	0.023753977272727	0.598475568181818	0.039779545454545	0.279394318181818	0.058596590909091		1
000244:	0.225827272727273	0.182373295454545	0.068315909090909	0.438532954545455	0.084950568181818		1
000245:	0.158744886363636	0.275476704545455	0.037097727272727	0.333507954545455	0.195172727272727		1
000246:	0.000685795454545	0.416763068181818	0.575719886363636	0.003555681818182	0.003275568181818		1
000247:	0.130625568181818	0.263882954545455	0.056546022727273	0.226757954545455	0.322187500000000		1
000248:	0.258438068181818	0.171972159090909	0.037053977272727	0.491369318181818	0.041166477272727		1
000249:	0.034732954545455	0.631784090909091	0.029306250000000	0.203885227272727	0.100291477272727		1
000250:	0.059009090909091	0.535539772727273	0.043073295454545	0.067036363636364	0.295341477272727		1
000251:	0.070311363636364	0.335089204545455	0.077405113636364	0.152798863636364	0.364395454545455		1
000252:	0.093094318181818	0.292731818181818	0.227058522727273	0.325426136363636	0.061689204545455		1
000253:	0.044421022727273	0.696243181818182	0.067773863636364	0.139888068181818	0.051673863636364		1
000254:	0.069384659090909	0.590894886363636	0.062768750000000	0.231771590909091	0.045180113636364		1
000255:	0.125669886363636	0.679514204545455	0.062103409090909	0.085700000000000	0.047012500000000		1
000256:	0.407551136363636	0.196038068181818	0.045067045454545	0.152731250000000	0.198612500000000		1
000257:	0.125580113636364	0.075792045454545	0.463608522727273	0.306764772727273	0.028254545454545		1
000258:	0.662594886363636	0.053098295454545	0.049330113636364	0.107029545454545	0.127947159090909		1
000259:	0.020207386363636	0.017862500000000	0.915541477272727	0.022615340909091	0.023773295454545		1
000260:	0.049936363636364	0.320443750000000	0.055445454545455	0.419789772727273	0.154384659090909		1
000261:	0.064027840909091	0.447622159090909	0.196719886363636	0.217094318181818	0.074535795454545		1
000262:	0.051505681818182	0.185893181818182	0.528698295454545	0.181394886363636	0.052507954545455		1
000263:	0.468414204545455	0.067584659090909	0.107215909090909	0.178335227272727	0.178450000000000		1
000264:	0.070225568181818	0.051864772727273	0.713730113636364	0.137259659090909	0.026919886363636		1
000265:	0.680988068181818	0.089851704545455	0.069940909090909	0.121076704545455	0.038142613636364		1
000266:	0.000357386363636	0.974506250000000	0.000527272727273	0.024381250000000	0.000227840909091		1
000267:	0.071741477272727	0.768600000000000	0.030450000000000	0.075751704545455	0.053456818181818		1
000268:	0.437442613636364	0.104309659090909	0.249340340909091	0.140876136363636	0.068031250000000		1
000269:	0.087598295454545	0.580743750000000	0.060164772727273	0.044187500000000	0.227305681818182		1
000270:	0.046088636363636	0.027473863636364	0.866119886363636	0.038383522727273	0.021934090909091		1
000271:	0.037248863636364	0.694880681818182	0.106209659090909	0.115326136363636	0.046334659090909		1
000272:	0.056119886363636	0.412843181818182	0.251962500000000	0.196148295454545	0.082926136363636		1
000273:	0.078700568181818	0.427493750000000	0.339763636363636	0.085138636363636	0.068903409090909		1
000274:	0.100800000000000	0.525062500000000	0.081940340909091	0.237921022727273	0.054276136363636		1
000275:	0.238600568181818	0.200380681818182	0.088423863636364	0.116319886363636	0.356275000000000		1
000276:	0.878881818181818	0.004165909090909	0.110375568181818	0.002583522727273	0.003993181818182		1
000277:	0.041253977272727	0.770534659090909	0.092932386363636	0.042476704545455	0.052802272727273		1
000278:	0.392081250000000	0.121381818181818	0.048341477272727	0.154479545454545	0.283715909090909		1
000279:	0.085425000000000	0.704252272727273	0.020527840909091	0.045221022727273	0.144573863636364		1
000280:	0.099878977272727	0.183757386363636	0.261703409090909	0.343757954545455	0.110902272727273		1
000281:	0.043533522727273	0.369794886363636	0.470314204545455	0.063247159090909	0.053110227272727		1
000282:	0.117100000000000	0.221882386363636	0.155743181818182	0.183519886363636	0.321754545454545		1
000283:	0.030393181818182	0.028528409090909	0.867432954545455	0.062450568181818	0.011194886363636		1
000284:	0.056418750000000	0.654843181818182	0.101802840909091	0.138768181818182	0.048167045454545		1
000285:	0.092798863636364	0.543598295454545	0.034032954545455	0.086368181818182	0.243201704545455		1
000286:	0.975593750000000	0.000438068181818	0.000188068181818	0.023685227272727	0.000094886363636		1
000287:	0.059043750000000	0.537210227272727	0.175377272727273	0.077060227272727	0.151308522727273		1
000288:	0.021581818181818	0.102335795454545	0.076828409090909	0.485701136363636	0.313552840909091		1
000289:	0.577066477272727	0.029957954545455	0.131443750000000	0.207646022727273	0.053885795454545		1
000290:	0.144619886363636	0.025107954545455	0.186238068181818	0.589368750000000	0.054665340909091		1
000291:	0.792938068181818	0.015942045454545	0.059045454545455	0.038538068181818	0.093536363636364		1
000292:	0.641352840909091	0.030427272727273	0.060294318181818	0.216569318181818	0.051356250000000		1
000293:	0.850102272727273	0.008857954545455	0.034752840909091	0.069809090909091	0.036477840909091		1
000294:	0.658782386363636	0.017435227272727	0.158175000000000	0.055578409090909	0.110028977272727		1
000295:	0.490432954545455	0.013379545454545	0.049431250000000	0.061002272727273	0.385753977272727		1
000296:	0.476689204545455	0.017302272727273	0.353210795454545	0.067789204545455	0.085008522727273		1
000297:	0.008500568181818	0.694839772727273	0.282387500000000	0.012438636363636	0.001833522727273		1
000298:	0.079587500000000	0.333698295454545	0.071706250000000	0.038681818181818	0.476326136363636		1
000299:	0.668162500000000	0.103057954545455	0.099532954545455	0.073275568181818	0.055971022727273		1
000300:	0.517710227272727	0.142544886363636	0.147785227272727	0.133948295454545	0.058011363636364		1
000301:	0.822394318181818	0.028781250000000	0.041427840909091	0.051282954545455	0.056113636363636		1
000302:	0.048926136363636	0.010540909090909	0.883886931818182	0.038723295454545	0.017922727272727		1
000303:	0.031284090909091	0.012259659090909	0.918372727272727	0.027756818181818	0.010326704545455		1
000304:	0.777606818181818	0.019833522727273	0.033907386363636	0.123608522727273	0.045043750000000		1
000305:	0.086497159090909	0.026773863636364	0.133378409090909	0.709134090909091	0.044216477272727		1
000306:	0.057964772727273	0.030490909090909	0.781752840909091	0.073800568181818	0.055990909090909		1
000307:	0.086353409090909	0.017811363636364	0.060901136363636	0.814333522727273	0.020600568181818		1
000308:	0.869975000000000	0.018143750000000	0.039450568181818	0.053875568181818	0.018555113636364		1
000309:	0.686201704545455	0.080540340909091	0.113756250000000	0.070482954545455	0.049018750000000		1
000310:	0.053776704545455	0.010049431818182	0.893750000000000	0.017320454545455	0.025103409090909		1
000311:	0.437168750000000	0.101219318181818	0.166804545454545	0.214821022727273	0.079986363636364		1
000312:	0.116461931818182	0.700485795454545	0.052229545454545	0.041308522727273	0.089514204545455		1
000313:	0.155142045454545	0.471832386363636	0.084389772727273	0.074757954545455	0.213877840909091		1
000314:	0.131520454545455	0.185092045454545	0.110453409090909	0.117879545454545	0.455054545454545		1
000315:	0.324737500000000	0.321712500000000	0.042494318181818	0.064385795454545	0.246669886363636		1
000316:	0.685482954545454	0.069269886363636	0.056827272727273	0.093135795454545	0.095284090909091		1
000317:	0.090187500000000	0.053607386363636	0.045825000000000	0.174930681818182	0.635449431818182		1
000318:	0.426305113636364	0.030727840909091	0.227863068181818	0.286391477272727	0.028712500000000		1
000319:	0.064377840909091	0.009357386363636	0.781865909090909	0.135944886363636	0.008453977272727		1
000320:	0.360031818181818	0.051067613636364	0.258650000000000	0.240362500000000	0.089888068181818		1
000321:	0.803920454545455	0.016240340909091	0.056511363636364	0.091796022727273	0.031531818181818		1
000322:	0.090487500000000	0.017011363636364	0.103678409090909	0.763756250000000	0.025066477272727		1
000323:	0.318320454545455	0.319151704545455	0.088629545454545	0.169645454545455	0.104252840909091		1
000324:	0.322047159090909	0.026031250000000	0.161582386363636	0.459080113636364	0.031259090909091		1
000325:	0.042507954545455	0.029962500000000	0.808205681818182	0.105084659090909	0.014239204545455		1
000326:	0.006778409090909	0.000830113636364	0.832005681818182	0.017444886363636	0.142940909090909		1
000327:	0.449922159090909	0.032304545454545	0.086932386363636	0.347007954545455	0.083832954545455		1
000328:	0.077786363636364	0.025168750000000	0.041200000000000	0.842005113636364	0.013839772727273		1
000329:	0.574321590909091	0.066289772727273	0.089551704545455	0.218180681818182	0.051656250000000		1
000330:	0.075350568181818	0.028752272727273	0.133065909090909	0.744869886363636	0.017961363636364		1
000331:	0.111137500000000	0.083224431818182	0.051564772727273	0.733864204545455	0.020209090909091		1
000332:	0.048613068181818	0.011323295454545	0.899038636363636	0.032220454545455	0.008804545454545		1
000333:	0.034530113636364	0.006997159090909	0.877496590909091	0.076078409090909	0.004897727272727		1
000334:	0.055640340909091	0.016955113636364	0.875619886363636	0.038926136363636	0.012858522727273		1
000335:	0.664167613636364	0.047512500000000	0.065103977272727	0.168462500000000	0.054753409090909		1
000336:	0.051265340909091	0.010758522727273	0.880228977272727	0.045720454545455	0.012026704545455		1
000337:	0.405156250000000	0.107008522727273	0.163464772727273	0.301794886363636	0.022575568181818		1
000338:	0.740914772727273	0.011771590909091	0.110782954545455	0.093652272727273	0.042878409090909		1
000339:	0.326527840909091	0.024922159090909	0.093906250000000	0.524239204545455	0.030404545454545		1
000340:	0.232786363636364	0.011863636363636	0.666328977272727	0.071343750000000	0.017677272727273		1
000341:	0.852139772727273	0.013881818181818	0.040978409090909	0.065078409090909	0.027921590909091		1
000342:	0.565905113636364	0.019869318181818	0.071977840909091	0.312407954545455	0.029839772727273		1
000343:	0.742556250000000	0.031353409090909	0.103586363636364	0.102316477272727	0.020187500000000		1
000344:	0.063092045454545	0.058821590909091	0.016772727272727	0.850291477272727	0.011022159090909		1
000345:	0.085200568181818	0.009973863636364	0.027784659090909	0.867667613636364	0.009373295454545		1
000346:	0.484757954545455	0.013397727272727	0.029610795454545	0.458733522727273	0.013500000000000		1
000347:	0.517012500000000	0.017989772727273	0.038870454545455	0.405247727272727	0.020879545454545		1
000348:	0.262048863636364	0.010274431818182	0.280544886363636	0.412023295454545	0.035108522727273		1
000349:	0.198955681818182	0.016464772727273	0.129063068181818	0.602440909090909	0.053075568181818		1
000350:	0.292468181818182	0.012324431818182	0.090839772727273	0.561623295454545	0.042744318181818		1
000351:	0.188555113636364	0.016945454545455	0.030569318181818	0.727465909090909	0.036464204545455		1
000352:	0.671990909090909	0.022558522727273	0.154396590909091	0.097715340909091	0.053338636363636		1
000353:	0.351542613636364	0.011868181818182	0.480869886363636	0.130179545454545	0.025539772727273		1
000354:	0.190926704545455	0.006402840909091	0.722873295454545	0.060321590909091	0.019475568181818		1
000355:	0.410172727272727	0.031946022727273	0.137797727272727	0.393229545454545	0.026853977272727		1
000356:	0.134825568181818	0.345230113636364	0.321528409090909	0.098500568181818	0.099915340909091		1
000357:	0.090480113636364	0.372019886363636	0.043276704545455	0.115992613636364	0.378230681818182		1
000358:	0.102405113636364	0.085693181818182	0.094956818181818	0.360696022727273	0.356248863636364		1
000359:	0.121281818181818	0.441018181818182	0.054259090909091	0.260564772727273	0.122876136363636		1
000360:	0.703759090909091	0.062042613636364	0.092949431818182	0.074721590909091	0.066527272727273		1
000361:	0.054311363636364	0.320627272727273	0.073169318181818	0.101997159090909	0.449894886363636		1
000362:	0.116581818181818	0.074604545454545	0.192191477272727	0.578876136363636	0.037746022727273		1
000363:	0.632921022727273	0.047603409090909	0.052667045454545	0.049097727272727	0.217710795454545		1
000364:	0.172019318181818	0.471260795454545	0.043122727272727	0.173836363636364	0.139760795454545		1
000365:	0.184004545454545	0.142728977272727	0.057107386363636	0.412425000000000	0.203734090909091		1
000366:	0.147199431818182	0.365071022727273	0.048663636363636	0.088491477272727	0.350574431818182		1
000367:	0.354001704545455	0.311600568181818	0.046155681818182	0.074019886363636	0.214222159090909		1
000368:	0.184684659090909	0.349240909090909	0.053213636363636	0.057221022727273	0.355639772727273		1
000369:	0.358818181818182	0.146006818181818	0.132026704545455	0.182990340909091	0.180157954545455		1
000370:	0.326760227272727	0.090806250000000	0.434348295454545	0.100990340909091	0.047094886363636		1
000371:	0.688783522727273	0.037602840909091	0.036366477272727	0.185848863636364	0.051398295454545		1
000372:	0.606212500000000	0.059314772727273	0.027609090909091	0.041990909090909	0.264872727272727		1
000373:	0.355023295454545	0.184637500000000	0.051232386363636	0.159772159090909	0.249334659090909		1
000374:	0.373090340909091	0.039534090909091	0.109176704545455	0.077436363636364	0.400762500000000		1
000375:	0.110006818181818	0.029462500000000	0.660482386363636	0.173882954545455	0.026165340909091		1
000376:	0.414521022727273	0.173386931818182	0.139985795454545	0.074060795454545	0.198045454545455		1
000377:	0.041537500000000	0.023979545454545	0.865638636363636	0.047055681818182	0.021788636363636		1
000378:	0.062004545454545	0.435226136363636	0.085253977272727	0.034194318181818	0.383321022727273		1
000379:	0.106959090909091	0.397697159090909	0.024762500000000	0.028936363636364	0.441644886363636		1
000380:	0.122688636363636	0.164747159090909	0.176941477272727	0.058869318181818	0.476753409090909		1
000381:	0.080632954545455	0.636994886363636	0.046690340909091	0.037468181818182	0.198213636363636		1
000382:	0.285905113636364	0.134757954545455	0.090733522727273	0.087400000000000	0.401203409090909		1
000383:	0.457046590909091	0.209906250000000	0.091640340909091	0.109530113636364	0.131876704545455		1
000384:	0.432030113636364	0.194725568181818	0.039282954545455	0.077256250000000	0.256705113636364		1
000385:	0.374602840909091	0.117251136363636	0.033197727272727	0.305573863636364	0.169374431818182		1
000386:	0.082057954545455	0.810312500000000	0.032834090909091	0.039564772727273	0.035230681818182		1
000387:	0.408119886363636	0.123332954545455	0.129126136363636	0.076837500000000	0.262583522727273		1
000388:	0.152752272727273	0.437349431818182	0.071410795454545	0.238543750000000	0.099943750000000		1
000389:	0.518555681818182	0.080326704545455	0.019574431818182	0.131915909090909	0.249627272727273		1
000390:	0.268271590909091	0.071111931818182	0.142376136363636	0.495129545454545	0.023110795454545		1
