Estimated Clustering Probabilities for Samples
Sample	***Cluster  01***	***Cluster  02***	***Cluster  03***	***Cluster  04***	
000001:	0.757266477272727	0.075594318181818	0.150862500000000	0.016276704545455		1
000002:	0.916089772727273	0.041546590909091	0.037078409090909	0.005285227272727		1
000003:	0.863994318181818	0.066028409090909	0.055315340909091	0.014661931818182		1
000004:	0.936213068181818	0.023322159090909	0.032805681818182	0.007659090909091		1
000005:	0.887573295454545	0.044277840909091	0.063279545454545	0.004869318181818		1
000006:	0.871689204545455	0.033049431818182	0.079542613636364	0.015718750000000		1
000007:	0.845323863636364	0.115807386363636	0.029617613636364	0.009251136363636		1
000008:	0.929250000000000	0.028155681818182	0.034989772727273	0.007604545454545		1
000009:	0.917163068181818	0.028799431818182	0.043581818181818	0.010455681818182		1
000010:	0.872578409090909	0.038783522727273	0.075315909090909	0.013322159090909		1
000011:	0.659224431818182	0.169497727272727	0.116003977272727	0.055273863636364		1
000012:	0.226748863636364	0.031176136363636	0.547856250000000	0.194218750000000		1
000013:	0.183805681818182	0.027395454545455	0.299790340909091	0.489008522727273		1
000014:	0.682640340909091	0.036300000000000	0.099471590909091	0.181588068181818		1
000015:	0.726609659090909	0.025303977272727	0.200531250000000	0.047555113636364		1
000016:	0.849759659090909	0.022210227272727	0.068085227272727	0.059944886363636		1
000017:	0.361221022727273	0.055764772727273	0.542743181818182	0.040271022727273		1
000018:	0.103025568181818	0.022467045454545	0.483505113636364	0.391002272727273		1
000019:	0.481477840909091	0.033848863636364	0.297168181818182	0.187505113636364		1
000020:	0.487407386363636	0.035267613636364	0.420905113636364	0.056419886363636		1
000021:	0.063350568181818	0.067939204545455	0.826801704545455	0.041908522727273		1
000022:	0.294037500000000	0.022003977272727	0.619968181818182	0.063990340909091		1
000023:	0.276359090909091	0.125030681818182	0.407098295454545	0.191511931818182		1
000024:	0.455760795454545	0.039793181818182	0.249952272727273	0.254493750000000		1
000025:	0.208423863636364	0.025974431818182	0.256502840909091	0.509098863636364		1
000026:	0.134921022727273	0.061333522727273	0.701878977272727	0.101866477272727		1
000027:	0.000380113636364	0.000128409090909	0.340118750000000	0.659372727272727		1
000028:	0.668295454545455	0.000671590909091	0.330036363636364	0.000996590909091		1
000029:	0.263932386363636	0.054194886363636	0.577189772727273	0.104682954545455		1
000030:	0.447357386363636	0.117364772727273	0.230406818181818	0.204871022727273		1
000031:	0.074934659090909	0.027539204545455	0.692198295454545	0.205327840909091		1
000032:	0.116401704545455	0.050587500000000	0.758681250000000	0.074329545454545		1
000033:	0.206976704545455	0.096802840909091	0.618142613636364	0.078077840909091		1
000034:	0.703628409090909	0.035807954545455	0.133464204545455	0.127099431818182		1
000035:	0.133080113636364	0.085563068181818	0.526423863636364	0.254932954545455		1
000036:	0.282447159090909	0.100243750000000	0.557360795454545	0.059948295454545		1
000037:	0.143611363636364	0.017860795454545	0.764698863636364	0.073828977272727		1
000038:	0.330667613636364	0.208498295454545	0.130558522727273	0.330275568181818		1
000039:	0.168731818181818	0.023061363636364	0.599955113636364	0.208251704545455		1
000040:	0.619468750000000	0.031369318181818	0.131057386363636	0.218104545454545		1
000041:	0.214537500000000	0.041313068181818	0.663154545454545	0.080994886363636		1
000042:	0.109757386363636	0.031500000000000	0.501123863636364	0.357618750000000		1
000043:	0.713556818181818	0.036863636363636	0.197947159090909	0.051632386363636		1
000044:	0.316112500000000	0.038046590909091	0.572263068181818	0.073577840909091		1
000045:	0.082226136363636	0.017557386363636	0.787703409090909	0.112513068181818		1
000046:	0.181198863636364	0.177336931818182	0.502140340909091	0.139323863636364		1
000047:	0.418716477272727	0.088450568181818	0.374519318181818	0.118313636363636		1
000048:	0.872502840909091	0.038287500000000	0.054065909090909	0.035143750000000		1
000049:	0.667940340909091	0.025648863636364	0.222359090909091	0.084051704545455		1
000050:	0.482423295454545	0.035088636363636	0.381963636363636	0.100524431818182		1
000051:	0.895323295454545	0.030121022727273	0.043034090909091	0.031521590909091		1
000052:	0.894173295454545	0.023553977272727	0.047051136363636	0.035221590909091		1
000053:	0.414389204545455	0.037723295454545	0.452862500000000	0.095025000000000		1
000054:	0.233753977272727	0.055122727272727	0.229388636363636	0.481734659090909		1
000055:	0.825859659090909	0.027728977272727	0.113711931818182	0.032699431818182		1
000056:	0.555082386363636	0.044145454545455	0.351323295454545	0.049448863636364		1
000057:	0.428143181818182	0.060055113636364	0.467916477272727	0.043885227272727		1
000058:	0.381459090909091	0.049223863636364	0.404114204545455	0.165202840909091		1
000059:	0.161375000000000	0.038942613636364	0.744942613636364	0.054739772727273		1
000060:	0.681190909090909	0.029910795454545	0.259688068181818	0.029210227272727		1
000061:	0.582626136363636	0.034927272727273	0.333736363636364	0.048710227272727		1
000062:	0.867638636363636	0.027488636363636	0.062939772727273	0.041932954545455		1
000063:	0.881993750000000	0.027673863636364	0.043640340909091	0.046692045454545		1
000064:	0.865403409090909	0.076125568181818	0.032953977272727	0.025517045454545		1
000065:	0.772643750000000	0.057974431818182	0.130400568181818	0.038981250000000		1
000066:	0.368681250000000	0.020034090909091	0.575876704545455	0.035407954545455		1
000067:	0.888067613636364	0.049400568181818	0.036956818181818	0.025575000000000		1
000068:	0.032905681818182	0.000089204545455	0.000404545454545	0.966600568181818		1
000069:	0.261650568181818	0.033231818181818	0.680511931818182	0.024605681818182		1
000070:	0.520004545454545	0.096074431818182	0.239677840909091	0.144243181818182		1
000071:	0.126537500000000	0.042550000000000	0.783610227272727	0.047302272727273		1
000072:	0.730252840909091	0.036979545454545	0.200417045454545	0.032350568181818		1
000073:	0.744791477272727	0.034200568181818	0.173694886363636	0.047313068181818		1
000074:	0.156279545454545	0.034971590909091	0.537569318181818	0.271179545454545		1
000075:	0.449477840909091	0.052674431818182	0.348576704545455	0.149271022727273		1
000076:	0.134478409090909	0.502944886363636	0.260831250000000	0.101745454545455		1
000077:	0.277005681818182	0.253931250000000	0.281935227272727	0.187127840909091		1
000078:	0.701651704545455	0.048923295454545	0.216464772727273	0.032960227272727		1
000079:	0.212459090909091	0.077450000000000	0.539723863636364	0.170367045454545		1
000080:	0.167300568181818	0.082502272727273	0.465274431818182	0.284922727272727		1
000081:	0.676690909090909	0.034180681818182	0.267671590909091	0.021456818181818		1
000082:	0.644314204545455	0.054863636363636	0.277443181818182	0.023378977272727		1
000083:	0.405830681818182	0.069025000000000	0.484603409090909	0.040540909090909		1
000084:	0.500561363636364	0.125268181818182	0.075592613636364	0.298577840909091		1
000085:	0.346556818181818	0.064665909090909	0.521721022727273	0.067056250000000		1
000086:	0.535372159090909	0.051555113636364	0.245845454545455	0.167227272727273		1
000087:	0.241386931818182	0.022667045454545	0.706503977272727	0.029442045454545		1
000088:	0.136868750000000	0.027065909090909	0.796969318181818	0.039096022727273		1
000089:	0.146932386363636	0.064042613636364	0.752239772727273	0.036785227272727		1
000090:	0.198700568181818	0.041198295454545	0.592872727272727	0.167228409090909		1
000091:	0.111090909090909	0.214342045454545	0.340502272727273	0.334064772727273		1
000092:	0.333594318181818	0.036935227272727	0.551355113636364	0.078115340909091		1
000093:	0.325778409090909	0.098322159090909	0.443411931818182	0.132487500000000		1
000094:	0.259092045454545	0.062051136363636	0.567028977272727	0.111827840909091		1
000095:	0.793243181818182	0.041718181818182	0.131986931818182	0.033051704545455		1
000096:	0.866809659090909	0.020324431818182	0.071957386363636	0.040908522727273		1
000097:	0.134663068181818	0.024830681818182	0.804542613636364	0.035963636363636		1
000098:	0.225495454545455	0.041141477272727	0.704591477272727	0.028771590909091		1
000099:	0.470850000000000	0.060847159090909	0.390803409090909	0.077499431818182		1
000100:	0.869047159090909	0.020964772727273	0.078621022727273	0.031367045454545		1
000101:	0.183100568181818	0.017174431818182	0.777739772727273	0.021985227272727		1
000102:	0.396782954545455	0.040466477272727	0.497533522727273	0.065217045454545		1
000103:	0.402962500000000	0.095500000000000	0.215646022727273	0.285891477272727		1
000104:	0.864799431818182	0.024644886363636	0.071440340909091	0.039115340909091		1
000105:	0.165636931818182	0.019672159090909	0.765353977272727	0.049336931818182		1
000106:	0.161496590909091	0.033536931818182	0.762188068181818	0.042778409090909		1
000107:	0.602114204545455	0.021365340909091	0.334355113636364	0.042165340909091		1
000108:	0.638798295454545	0.027642045454545	0.218928409090909	0.114631250000000		1
000109:	0.227487500000000	0.060180113636364	0.605823295454545	0.106509090909091		1
000110:	0.114411363636364	0.092398295454545	0.083221590909091	0.709968750000000		1
000111:	0.685267613636364	0.069018750000000	0.208237500000000	0.037476136363636		1
000112:	0.167007386363636	0.038775000000000	0.714334659090909	0.079882954545455		1
000113:	0.605939772727273	0.040386363636364	0.318778977272727	0.034894886363636		1
000114:	0.184124431818182	0.243860227272727	0.474446022727273	0.097569318181818		1
000115:	0.396271022727273	0.084076704545455	0.358693750000000	0.160958522727273		1
000116:	0.785749431818182	0.037599431818182	0.122410795454545	0.054240340909091		1
000117:	0.301378409090909	0.072912500000000	0.586003409090909	0.039705681818182		1
000118:	0.828324431818182	0.051440340909091	0.088142613636364	0.032092613636364		1
000119:	0.217199431818182	0.022656818181818	0.701456250000000	0.058687500000000		1
000120:	0.807739204545455	0.033083522727273	0.121121022727273	0.038056250000000		1
000121:	0.335046022727273	0.061019318181818	0.384661363636364	0.219273295454545		1
000122:	0.262605113636364	0.015271590909091	0.695565909090909	0.026557386363636		1
000123:	0.660721022727273	0.080505681818182	0.153843750000000	0.104929545454545		1
000124:	0.175042045454545	0.173835227272727	0.526557954545455	0.124564772727273		1
000125:	0.786777840909091	0.108589772727273	0.067460227272727	0.037172159090909		1
000126:	0.127496590909091	0.777508522727273	0.055048863636364	0.039946022727273		1
000127:	0.595764772727273	0.032739204545455	0.294462500000000	0.077033522727273		1
000128:	0.763271022727273	0.023817613636364	0.160461363636364	0.052450000000000		1
000129:	0.098065340909091	0.036882954545455	0.805279545454545	0.059772159090909		1
000130:	0.750591477272727	0.055835795454545	0.106180681818182	0.087392045454545		1
000131:	0.338565909090909	0.037313636363636	0.570574431818182	0.053546022727273		1
000132:	0.806887500000000	0.019853977272727	0.136848295454545	0.036410227272727		1
000133:	0.286534090909091	0.224343181818182	0.276452840909091	0.212669886363636		1
000134:	0.411003977272727	0.053311363636364	0.289722727272727	0.245961931818182		1
000135:	0.117518750000000	0.027767045454545	0.707570454545455	0.147143750000000		1
000136:	0.632785795454545	0.058473863636364	0.261568750000000	0.047171590909091		1
000137:	0.149940909090909	0.053233522727273	0.580398863636364	0.216426704545455		1
000138:	0.499965340909091	0.118976136363636	0.295730681818182	0.085327840909091		1
000139:	0.495465340909091	0.060621022727273	0.368056250000000	0.075857386363636		1
000140:	0.114581250000000	0.032950568181818	0.277297727272727	0.575170454545455		1
000141:	0.811528409090909	0.068990909090909	0.070120454545455	0.049360227272727		1
000142:	0.223339772727273	0.020389772727273	0.686585227272727	0.069685227272727		1
000143:	0.079782386363636	0.008495454545455	0.400846590909091	0.510875568181818		1
000144:	0.560387500000000	0.030303409090909	0.377649431818182	0.031659659090909		1
000145:	0.740363636363636	0.043184659090909	0.119606250000000	0.096845454545455		1
000146:	0.481453409090909	0.030293181818182	0.399596022727273	0.088657386363636		1
000147:	0.712036363636364	0.034875568181818	0.223488068181818	0.029600000000000		1
000148:	0.763618750000000	0.036751704545455	0.122411931818182	0.077217613636364		1
000149:	0.498340340909091	0.040639772727273	0.405698295454545	0.055321590909091		1
000150:	0.126230681818182	0.018666477272727	0.670315340909091	0.184787500000000		1
000151:	0.726490909090909	0.043082386363636	0.172080113636364	0.058346590909091		1
000152:	0.560538068181818	0.061396590909091	0.215953409090909	0.162111931818182		1
000153:	0.249816477272727	0.023298295454545	0.676415909090909	0.050469318181818		1
000154:	0.899739204545455	0.020713636363636	0.052056818181818	0.027490340909091		1
000155:	0.540677840909091	0.028347159090909	0.301205681818182	0.129769318181818		1
000156:	0.381110795454545	0.028356818181818	0.545859090909091	0.044673295454545		1
000157:	0.890924431818182	0.049944318181818	0.039682386363636	0.019448863636364		1
000158:	0.508512500000000	0.314597159090909	0.152491477272727	0.024398863636364		1
000159:	0.300850000000000	0.285400000000000	0.206542045454545	0.207207954545455		1
000160:	0.159944318181818	0.811986363636364	0.016284090909091	0.011785227272727		1
000161:	0.653990340909091	0.279582954545455	0.034892045454545	0.031534659090909		1
000162:	0.141321022727273	0.332423295454545	0.389609659090909	0.136646022727273		1
000163:	0.910760795454545	0.032597727272727	0.050119886363636	0.006521590909091		1
000164:	0.916791477272727	0.051693181818182	0.018373863636364	0.013141477272727		1
000165:	0.904243181818182	0.054339204545455	0.025361931818182	0.016055681818182		1
000166:	0.921326704545455	0.032606250000000	0.034243750000000	0.011823295454545		1
000167:	0.790622159090909	0.096721590909091	0.086647727272727	0.026008522727273		1
000168:	0.607090340909091	0.028582386363636	0.304411931818182	0.059915340909091		1
000169:	0.304268181818182	0.042922727272727	0.605706250000000	0.047102840909091		1
000170:	0.873559090909091	0.020973295454545	0.075134090909091	0.030333522727273		1
000171:	0.824972727272727	0.020095454545455	0.109215909090909	0.045715909090909		1
000172:	0.604068750000000	0.083463068181818	0.223706818181818	0.088761363636364		1
000173:	0.600586363636364	0.017167613636364	0.364856250000000	0.017389772727273		1
000174:	0.190250568181818	0.015111363636364	0.748315340909091	0.046322727272727		1
000175:	0.800379545454545	0.015110795454545	0.083888636363636	0.100621022727273		1
000176:	0.416696590909091	0.053128977272727	0.492523863636364	0.037650568181818		1
000177:	0.330346022727273	0.016061931818182	0.541563636363636	0.112028409090909		1
000178:	0.562763636363636	0.011709659090909	0.377084090909091	0.048442613636364		1
000179:	0.838463636363636	0.015334090909091	0.113973863636364	0.032228409090909		1
000180:	0.773836363636364	0.021591477272727	0.128325568181818	0.076246590909091		1
000181:	0.862285795454545	0.042881818181818	0.059911931818182	0.034920454545455		1
000182:	0.325080681818182	0.052561363636364	0.453167045454545	0.169190909090909		1
000183:	0.887956250000000	0.014982386363636	0.069409090909091	0.027652272727273		1
000184:	0.627661931818182	0.027142613636364	0.243929545454545	0.101265909090909		1
000185:	0.230920454545455	0.074981818181818	0.386051136363636	0.308046590909091		1
000186:	0.669711363636364	0.065117045454545	0.145112500000000	0.120059090909091		1
000187:	0.758151704545455	0.030133522727273	0.110362500000000	0.101352272727273		1
000188:	0.763606250000000	0.063518750000000	0.113206250000000	0.059668750000000		1
000189:	0.720915909090909	0.021479545454545	0.233603977272727	0.024000568181818		1
000190:	0.646451704545455	0.058490340909091	0.238478977272727	0.056578977272727		1
000191:	0.455070454545455	0.019979545454545	0.497321022727273	0.027628977272727		1
000192:	0.193715909090909	0.068734090909091	0.655105113636364	0.082444886363636		1
000193:	0.371955113636364	0.032317045454545	0.532286363636364	0.063441477272727		1
000194:	0.574981818181818	0.027078977272727	0.211295454545455	0.186643750000000		1
000195:	0.214157954545455	0.015830681818182	0.751860227272727	0.018151136363636		1
000196:	0.720027272727273	0.214953977272727	0.051548863636364	0.013469886363636		1
000197:	0.754732954545455	0.054357954545455	0.178265340909091	0.012643750000000		1
000198:	0.331398295454545	0.172960795454545	0.422054545454545	0.073586363636364		1
000199:	0.880597727272727	0.066012500000000	0.033546022727273	0.019843750000000		1
000200:	0.843257954545454	0.088053977272727	0.046335795454545	0.022352272727273		1
000201:	0.891978409090909	0.055715340909091	0.034385795454545	0.017920454545455		1
000202:	0.431819318181818	0.039078977272727	0.426015909090909	0.103085795454545		1
000203:	0.846425568181818	0.026864204545455	0.077736931818182	0.048973295454545		1
000204:	0.847386931818182	0.059679545454545	0.057057386363636	0.035876136363636		1
000205:	0.760267613636364	0.034378409090909	0.113576704545455	0.091777272727273		1
000206:	0.555165340909091	0.031942045454545	0.088683522727273	0.324209090909091		1
000207:	0.250867613636364	0.079921590909091	0.625261931818182	0.043948863636364		1
000208:	0.803966477272727	0.019662500000000	0.120114204545455	0.056256818181818		1
000209:	0.857532386363636	0.044326136363636	0.075830113636364	0.022311363636364		1
000210:	0.798278409090909	0.028401136363636	0.145568750000000	0.027751704545455		1
000211:	0.859637500000000	0.040509090909091	0.069580113636364	0.030273295454545		1
000212:	0.817633522727273	0.117216477272727	0.045072159090909	0.020077840909091		1
000213:	0.898029545454545	0.046219886363636	0.035543181818182	0.020207386363636		1
000214:	0.783197727272727	0.105794318181818	0.083573863636364	0.027434090909091		1
000215:	0.545285795454545	0.169653409090909	0.185932954545455	0.099127840909091		1
000216:	0.870652840909091	0.071926136363636	0.036484090909091	0.020936931818182		1
000217:	0.785887500000000	0.143925000000000	0.034044886363636	0.036142613636364		1
000218:	0.905317045454545	0.050502272727273	0.027617045454545	0.016563636363636		1
000219:	0.881793750000000	0.084638636363636	0.022364772727273	0.011202840909091		1
000220:	0.904429545454545	0.061972727272727	0.023053409090909	0.010544318181818		1
000221:	0.908888068181818	0.051395454545455	0.025397727272727	0.014318750000000		1
000222:	0.912851136363636	0.056980681818182	0.018861363636364	0.011306818181818		1
000223:	0.655040340909091	0.099326704545455	0.108714204545455	0.136918750000000		1
000224:	0.076230681818182	0.076618181818182	0.624565909090909	0.222585227272727		1
000225:	0.070788068181818	0.059913636363636	0.776171590909091	0.093126704545455		1
000226:	0.125398863636364	0.292763068181818	0.488488068181818	0.093350000000000		1
000227:	0.081555681818182	0.136948863636364	0.651814204545455	0.129681250000000		1
000228:	0.048177840909091	0.338058522727273	0.048972159090909	0.564791477272727		1
000229:	0.194546590909091	0.188339204545455	0.351934090909091	0.265180113636364		1
000230:	0.076814204545455	0.837240909090909	0.026575000000000	0.059369886363636		1
000231:	0.096482954545455	0.197268750000000	0.592925568181818	0.113322727272727		1
000232:	0.419227272727273	0.282495454545455	0.064550568181818	0.233726704545455		1
000233:	0.054311931818182	0.143127840909091	0.650940909090909	0.151619318181818		1
000234:	0.028247727272727	0.080616477272727	0.461230681818182	0.429905113636364		1
000235:	0.065628977272727	0.034973863636364	0.134318750000000	0.765078409090909		1
000236:	0.095938636363636	0.381377272727273	0.051425568181818	0.471258522727273		1
000237:	0.051376704545455	0.058502840909091	0.455412500000000	0.434707954545455		1
000238:	0.627528409090909	0.080725568181818	0.087673863636364	0.204072159090909		1
000239:	0.144225000000000	0.223931818181818	0.286869886363636	0.344973295454545		1
000240:	0.033118750000000	0.805513068181818	0.085961931818182	0.075406250000000		1
000241:	0.147128977272727	0.116081250000000	0.568894318181818	0.167895454545455		1
000242:	0.046023295454545	0.063203977272727	0.705205681818182	0.185567045454545		1
000243:	0.034063068181818	0.506823863636364	0.088802840909091	0.370310227272727		1
000244:	0.221799431818182	0.427330113636364	0.176884659090909	0.173985795454545		1
000245:	0.071636363636364	0.420951136363636	0.373954545454545	0.133457954545455		1
000246:	0.071346590909091	0.147641477272727	0.364709659090909	0.416302272727273		1
000247:	0.117602272727273	0.240976136363636	0.285086363636364	0.356335227272727		1
000248:	0.062488636363636	0.686190340909091	0.129719318181818	0.121601704545455		1
000249:	0.049025000000000	0.272889772727273	0.191720454545455	0.486364772727273		1
000250:	0.051955113636364	0.062627272727273	0.672126704545455	0.213290909090909		1
000251:	0.067031818181818	0.240272159090909	0.520217045454546	0.172478977272727		1
000252:	0.145046590909091	0.425186363636364	0.077655681818182	0.352111363636364		1
000253:	0.071044886363636	0.177238068181818	0.060875568181818	0.690841477272727		1
000254:	0.115331818181818	0.466773863636364	0.066138068181818	0.351756250000000		1
000255:	0.154393750000000	0.261994886363636	0.080456250000000	0.503155113636364		1
000256:	0.222857954545455	0.210493750000000	0.447468750000000	0.119179545454545		1
000257:	0.540699431818182	0.271300568181818	0.041024431818182	0.146975568181818		1
000258:	0.458572159090909	0.082353409090909	0.405271022727273	0.053803409090909		1
000259:	0.587517045454545	0.089895454545455	0.071479545454545	0.251107954545455		1
000260:	0.066740340909091	0.509664204545455	0.182411931818182	0.241183522727273		1
000261:	0.147109090909091	0.282060795454545	0.078437500000000	0.492392613636364		1
000262:	0.223227840909091	0.296054545454545	0.073203977272727	0.407513636363636		1
000263:	0.628750000000000	0.093989772727273	0.199856818181818	0.077403409090909		1
000264:	0.632838636363636	0.170503409090909	0.063493181818182	0.133164772727273		1
000265:	0.783647159090909	0.081662500000000	0.041676136363636	0.093014204545455		1
000266:	0.194401136363636	0.116054545454545	0.273364772727273	0.416179545454545		1
000267:	0.075756250000000	0.280240909090909	0.248453977272727	0.395548863636364		1
000268:	0.757435227272727	0.085563636363636	0.059705113636364	0.097296022727273		1
000269:	0.118180113636364	0.040726136363636	0.303625568181818	0.537468181818182		1
000270:	0.798098863636364	0.069584090909091	0.052736363636364	0.079580681818182		1
000271:	0.045217045454545	0.150432386363636	0.042431818181818	0.761918750000000		1
000272:	0.137284659090909	0.254704545454545	0.082519886363636	0.525490909090909		1
000273:	0.177825568181818	0.089892613636364	0.231227840909091	0.501053977272727		1
000274:	0.108142613636364	0.249250000000000	0.101731818181818	0.540875568181818		1
000275:	0.159774431818182	0.122958522727273	0.569580113636364	0.147686931818182		1
000276:	0.430764204545455	0.157518750000000	0.051591477272727	0.360125568181818		1
000277:	0.062825000000000	0.074418181818182	0.079146022727273	0.783610795454545		1
000278:	0.244422159090909	0.134123863636364	0.514512500000000	0.106941477272727		1
000279:	0.075651136363636	0.047056250000000	0.319426704545455	0.557865909090909		1
000280:	0.183788068181818	0.437595454545455	0.226028977272727	0.152587500000000		1
000281:	0.090443181818182	0.048737500000000	0.032231250000000	0.828588068181818		1
000282:	0.196702272727273	0.184901704545455	0.397686363636364	0.220709659090909		1
000283:	0.594512500000000	0.283338636363636	0.038303409090909	0.083845454545455		1
000284:	0.107460227272727	0.208068181818182	0.079710227272727	0.604761363636364		1
000285:	0.087019318181818	0.121979545454545	0.373299431818182	0.417701704545455		1
000286:	0.118320454545455	0.094055113636364	0.170047727272727	0.617576704545455		1
000287:	0.090064772727273	0.076631818181818	0.269955681818182	0.563347727272727		1
000288:	0.218578977272727	0.247551704545455	0.202544318181818	0.331325000000000		1
000289:	0.829206250000000	0.084398295454545	0.056514204545455	0.029881250000000		1
000290:	0.570482954545455	0.345811363636364	0.050213636363636	0.033492045454545		1
000291:	0.827886931818182	0.023032386363636	0.129306250000000	0.019774431818182		1
000292:	0.784596590909091	0.134312500000000	0.050384090909091	0.030706818181818		1
000293:	0.890447159090909	0.043985227272727	0.055904545454545	0.009663068181818		1
000294:	0.853677840909091	0.030166477272727	0.097587500000000	0.018568181818182		1
000295:	0.448478977272727	0.036415340909091	0.499117613636364	0.015988068181818		1
000296:	0.870127272727273	0.033953977272727	0.075893181818182	0.020025568181818		1
000297:	0.708543750000000	0.081010795454545	0.171650568181818	0.038794886363636		1
000298:	0.110461363636364	0.037032954545455	0.661473295454545	0.191032386363636		1
000299:	0.626949431818182	0.094654545454545	0.194568750000000	0.083827272727273		1
000300:	0.646107954545455	0.109969886363636	0.089831250000000	0.154090909090909		1
000301:	0.745475000000000	0.075023863636364	0.146704545454545	0.032796590909091		1
000302:	0.864735795454545	0.091347727272727	0.024707386363636	0.019209090909091		1
000303:	0.731687500000000	0.131694886363636	0.050061363636364	0.086556250000000		1
000304:	0.767262500000000	0.133965340909091	0.075627272727273	0.023144886363636		1
000305:	0.451695454545455	0.458549431818182	0.055363636363636	0.034391477272727		1
000306:	0.544787500000000	0.202655681818182	0.084386931818182	0.168169886363636		1
000307:	0.356368750000000	0.595097159090909	0.023560795454545	0.024973295454545		1
000308:	0.896275000000000	0.056907954545455	0.022861931818182	0.023955113636364		1
000309:	0.826589772727273	0.043842613636364	0.047510227272727	0.082057386363636		1
000310:	0.839162500000000	0.049788636363636	0.073880681818182	0.037168181818182		1
000311:	0.537817045454545	0.235329545454545	0.099262500000000	0.127590909090909		1
000312:	0.165350568181818	0.058728977272727	0.306142613636364	0.469777840909091		1
000313:	0.191169886363636	0.073093181818182	0.232569886363636	0.503167045454545		1
000314:	0.153288636363636	0.086157954545455	0.545383522727273	0.215169886363636		1
000315:	0.201389204545455	0.064883522727273	0.395044886363636	0.338682386363636		1
000316:	0.551631250000000	0.106804545454545	0.255009659090909	0.086554545454545		1
000317:	0.168078409090909	0.114004545454545	0.665003409090909	0.052913636363636		1
000318:	0.746263636363636	0.179817613636364	0.049761363636364	0.024157386363636		1
000319:	0.885161363636364	0.046012500000000	0.037646022727273	0.031180113636364		1
000320:	0.729590340909091	0.114825000000000	0.077552840909091	0.078031818181818		1
000321:	0.895919318181818	0.061348295454545	0.023885227272727	0.018847159090909		1
000322:	0.611224431818182	0.331238636363636	0.029807954545455	0.027728977272727		1
000323:	0.362820454545455	0.097083522727273	0.137784659090909	0.402311363636364		1
000324:	0.753267045454545	0.187746022727273	0.027992613636364	0.030994318181818		1
000325:	0.507559090909091	0.181032954545455	0.040699431818182	0.270708522727273		1
000326:	0.367588636363636	0.463170454545455	0.065515340909091	0.103725568181818		1
000327:	0.640671590909091	0.268714772727273	0.059021590909091	0.031592045454545		1
000328:	0.131071022727273	0.823301136363636	0.022155681818182	0.023472159090909		1
000329:	0.651127272727273	0.184164772727273	0.067306250000000	0.097401704545455		1
000330:	0.248278977272727	0.655424431818182	0.030721590909091	0.065575000000000		1
000331:	0.176088636363636	0.737700000000000	0.014221022727273	0.071990340909091		1
000332:	0.863389204545455	0.061965340909091	0.042968750000000	0.031676704545455		1
000333:	0.815584659090909	0.059675000000000	0.037727272727273	0.087013068181818		1
000334:	0.820645454545455	0.074166477272727	0.041935227272727	0.063252840909091		1
000335:	0.726591477272727	0.119187500000000	0.119684090909091	0.034536931818182		1
000336:	0.775783522727273	0.169561363636364	0.027084090909091	0.027571022727273		1
000337:	0.497478977272727	0.352684090909091	0.033175568181818	0.116661363636364		1
000338:	0.875300000000000	0.066208522727273	0.040907954545455	0.017583522727273		1
000339:	0.808534090909091	0.145710795454545	0.025909090909091	0.019846022727273		1
000340:	0.893488068181818	0.071847727272727	0.019092045454545	0.015572159090909		1
000341:	0.909490340909091	0.045072159090909	0.028436931818182	0.017000568181818		1
000342:	0.781767045454545	0.163921022727273	0.037310227272727	0.017001704545455		1
000343:	0.866200568181818	0.081434659090909	0.029653409090909	0.022711363636364		1
000344:	0.146253409090909	0.804909090909091	0.028515909090909	0.020321590909091		1
000345:	0.214590340909091	0.756644886363636	0.015961931818182	0.012802840909091		1
000346:	0.716865340909091	0.207150000000000	0.059283522727273	0.016701136363636		1
000347:	0.764632386363636	0.197279545454545	0.020540340909091	0.017547727272727		1
000348:	0.668741477272727	0.264405681818182	0.051236931818182	0.015615909090909		1
000349:	0.678187500000000	0.212558522727273	0.067460227272727	0.041793750000000		1
000350:	0.604472727272727	0.329134659090909	0.042788068181818	0.023604545454545		1
000351:	0.406026136363636	0.529905113636364	0.048952272727273	0.015116477272727		1
000352:	0.901087500000000	0.037123863636364	0.041901704545455	0.019886931818182		1
000353:	0.931508522727273	0.026731818181818	0.027784659090909	0.013975000000000		1
000354:	0.922042613636364	0.037406250000000	0.025303977272727	0.015247159090909		1
000355:	0.428994318181818	0.000921022727273	0.000849431818182	0.569235227272727		1
000356:	0.262659090909091	0.076927840909091	0.098501136363636	0.561911931818182		1
000357:	0.083031818181818	0.132710227272727	0.617268181818182	0.166989772727273		1
000358:	0.219745454545455	0.101277272727273	0.588000568181818	0.090976704545455		1
000359:	0.216141477272727	0.227146590909091	0.162993750000000	0.393718181818182		1
000360:	0.677643181818182	0.077582386363636	0.194647727272727	0.050126704545455		1
000361:	0.090659659090909	0.096060795454545	0.515300000000000	0.297979545454545		1
000362:	0.400158522727273	0.448976136363636	0.049860795454545	0.101004545454545		1
000363:	0.289221022727273	0.044761363636364	0.634545454545455	0.031472159090909		1
000364:	0.177721022727273	0.242759659090909	0.276006250000000	0.303513068181818		1
000365:	0.303788636363636	0.244355681818182	0.377594886363636	0.074260795454545		1
000366:	0.161926136363636	0.054773295454545	0.363235795454545	0.420064772727273		1
000367:	0.130819318181818	0.082133522727273	0.551715340909091	0.235331818181818		1
000368:	0.150856818181818	0.040098295454545	0.643347727272727	0.165697159090909		1
000369:	0.425387500000000	0.115921590909091	0.318997159090909	0.139693750000000		1
000370:	0.750308522727273	0.085964204545455	0.064763636363636	0.098963636363636		1
000371:	0.491551136363636	0.296784659090909	0.174493750000000	0.037170454545455		1
000372:	0.283761363636364	0.057232954545455	0.634521590909091	0.024484090909091		1
000373:	0.314044886363636	0.181339204545455	0.268830113636364	0.235785795454545		1
000374:	0.351594318181818	0.054364204545455	0.552382954545454	0.041658522727273		1
000375:	0.644861363636364	0.265577840909091	0.041498863636364	0.048061931818182		1
000376:	0.309075568181818	0.051306250000000	0.536050568181818	0.103567613636364		1
000377:	0.764839204545455	0.128182954545455	0.035151704545455	0.071826136363636		1
000378:	0.078719318181818	0.033376136363636	0.632161931818182	0.255742613636364		1
000379:	0.055252840909091	0.019711931818182	0.694048295454545	0.230986931818182		1
000380:	0.161731818181818	0.051172159090909	0.606813068181818	0.180282954545455		1
000381:	0.059058522727273	0.040823863636364	0.410905113636364	0.489212500000000		1
000382:	0.192556818181818	0.063596590909091	0.659715340909091	0.084131250000000		1
000383:	0.347722159090909	0.090627840909091	0.331168181818182	0.230481818181818		1
000384:	0.254863636363636	0.091806250000000	0.516161363636364	0.137168750000000		1
000385:	0.103768750000000	0.425759659090909	0.412333522727273	0.058138068181818		1
000386:	0.108580113636364	0.043134659090909	0.202411363636364	0.645873863636364		1
000387:	0.299100000000000	0.070186931818182	0.560786363636364	0.069926704545455		1
000388:	0.244085795454545	0.176846022727273	0.099752840909091	0.479315340909091		1
000389:	0.215000000000000	0.197792045454545	0.533518750000000	0.053689204545455		1
000390:	0.394893750000000	0.519226136363636	0.032697159090909	0.053182954545455		1
000391:	0.155274431818182	0.094795454545455	0.658820454545455	0.091109659090909		1
000392:	0.068977840909091	0.141208522727273	0.422489772727273	0.367323863636364		1
000393:	0.225102840909091	0.067732954545455	0.542012500000000	0.165151704545455		1
000394:	0.125485227272727	0.032109659090909	0.797822159090909	0.044582954545455		1
000395:	0.310595454545455	0.044368750000000	0.601746022727273	0.043289772727273		1
000396:	0.190356818181818	0.192783522727273	0.546989204545455	0.069870454545455		1
000397:	0.123105681818182	0.048458522727273	0.797913068181818	0.030522727272727		1
000398:	0.287764204545455	0.153776136363636	0.390155113636364	0.168304545454545		1
000399:	0.051552840909091	0.033428977272727	0.057039204545455	0.857978977272727		1
000400:	0.212257386363636	0.090724431818182	0.436547159090909	0.260471022727273		1
000401:	0.117017045454545	0.053344886363636	0.649186363636364	0.180451704545455		1
000402:	0.187399431818182	0.052111931818182	0.690568750000000	0.069919886363636		1
000403:	0.378588068181818	0.106092613636364	0.236442613636364	0.278876704545455		1
000404:	0.178201136363636	0.203584659090909	0.381979545454545	0.236234659090909		1
000405:	0.146522727272727	0.024099431818182	0.752218750000000	0.077159090909091		1
000406:	0.545130113636364	0.053539772727273	0.360080681818182	0.041249431818182		1
000407:	0.460663068181818	0.042705681818182	0.450877272727273	0.045753977272727		1
000408:	0.137005113636364	0.240380681818182	0.203035227272727	0.419578977272727		1
000409:	0.803781250000000	0.066835227272727	0.048239772727273	0.081143750000000		1
000410:	0.810913068181818	0.057665909090909	0.056838068181818	0.074582954545455		1
000411:	0.753744318181818	0.061720454545455	0.059455113636364	0.125080113636364		1
000412:	0.083159090909091	0.051351136363636	0.241700568181818	0.623789204545455		1
000413:	0.323684659090909	0.094762500000000	0.473192613636364	0.108360227272727		1
000414:	0.134761931818182	0.036633522727273	0.267878409090909	0.560726136363636		1
000415:	0.070092045454545	0.203053409090909	0.039972159090909	0.686882386363636		1
000416:	0.038916477272727	0.045196590909091	0.219057954545455	0.696828977272727		1
000417:	0.195422159090909	0.091506250000000	0.117215909090909	0.595855681818182		1
000418:	0.150307386363636	0.051661931818182	0.200943181818182	0.597087500000000		1
000419:	0.037081250000000	0.048236931818182	0.073126136363636	0.841555681818182		1
000420:	0.577767045454545	0.291095454545455	0.070155113636364	0.060982386363636		1
000421:	0.226539772727273	0.031550000000000	0.329539204545455	0.412371022727273		1
000422:	0.218138636363636	0.120512500000000	0.261456818181818	0.399892045454545		1
000423:	0.404043181818182	0.459525568181818	0.050572159090909	0.085859090909091		1
000424:	0.039353977272727	0.039327272727273	0.256186363636364	0.665132386363636		1
000425:	0.073946022727273	0.049104545454545	0.148139204545455	0.728810227272727		1
000426:	0.060321022727273	0.502985795454545	0.051570454545455	0.385122727272727		1
000427:	0.217482386363636	0.104388636363636	0.500583522727273	0.177545454545455		1
000428:	0.356504545454545	0.063070454545455	0.387729545454545	0.192695454545455		1
000429:	0.506610795454545	0.104865340909091	0.238931818181818	0.149592045454545		1
000430:	0.096944318181818	0.249294886363636	0.449827840909091	0.203932954545455		1
000431:	0.131860227272727	0.064696022727273	0.690105681818182	0.113338068181818		1
000432:	0.193331250000000	0.140727840909091	0.377336931818182	0.288603977272727		1
000433:	0.223556250000000	0.264293750000000	0.148044886363636	0.364105113636364		1
000434:	0.132755113636364	0.145989772727273	0.585890909090909	0.135364204545455		1
000435:	0.320057386363636	0.195102272727273	0.327913068181818	0.156927272727273		1
000436:	0.083226704545455	0.323853409090909	0.102152272727273	0.490767613636364		1
000437:	0.065809659090909	0.162240340909091	0.350185227272727	0.421764772727273		1
000438:	0.120586363636364	0.082557386363636	0.252854545454545	0.544001704545455		1
000439:	0.038111931818182	0.030152272727273	0.097946022727273	0.833789772727273		1
000440:	0.047966477272727	0.032075568181818	0.318348295454545	0.601609659090909		1
000441:	0.033846590909091	0.021546022727273	0.069579545454545	0.875027840909091		1
000442:	0.042182386363636	0.026946022727273	0.055428977272727	0.875442613636364		1
000443:	0.740003409090909	0.072809090909091	0.078011363636364	0.109176136363636		1
000444:	0.037243181818182	0.317648863636364	0.342859659090909	0.302248295454545		1
000445:	0.211748863636364	0.060280113636364	0.296572727272727	0.431398295454545		1
000446:	0.350472727272727	0.176114204545455	0.260955681818182	0.212457386363636		1
000447:	0.128927840909091	0.049525568181818	0.399980681818182	0.421565909090909		1
000448:	0.340897159090909	0.066161931818182	0.152539204545455	0.440401704545455		1
000449:	0.202455681818182	0.085239772727273	0.618787500000000	0.093517045454545		1
000450:	0.778942613636364	0.043484090909091	0.098714204545455	0.078859090909091		1
000451:	0.734977272727273	0.040869886363636	0.140465340909091	0.083687500000000		1
000452:	0.101664204545455	0.668004545454545	0.074649431818182	0.155681818181818		1
000453:	0.050040340909091	0.039677272727273	0.390803409090909	0.519478977272727		1
000454:	0.547394318181818	0.091804545454545	0.053386363636364	0.307414772727273		1
000455:	0.761707954545455	0.072605681818182	0.139830113636364	0.025856250000000		1
000456:	0.923385795454545	0.041321590909091	0.025910227272727	0.009382386363636		1
000457:	0.889953977272727	0.062397727272727	0.032653409090909	0.014994886363636		1
000458:	0.779168181818182	0.097280113636364	0.081351136363636	0.042200568181818		1
000459:	0.901646590909091	0.056306250000000	0.030739772727273	0.011307386363636		1
000460:	0.679669886363636	0.001521022727273	0.001025568181818	0.317783522727273		1
000461:	0.803484659090909	0.059133522727273	0.120195454545455	0.017186363636364		1
000462:	0.751319886363636	0.148765909090909	0.071169318181818	0.028744886363636		1
000463:	0.662022727272727	0.269022159090909	0.044707954545455	0.024247159090909		1
000464:	0.589410795454545	0.253965909090909	0.047543750000000	0.109079545454545		1
000465:	0.828718181818182	0.094813636363636	0.049401704545455	0.027066477272727		1
000466:	0.908912500000000	0.039873295454545	0.037019318181818	0.014194886363636		1
000467:	0.893576704545455	0.055826136363636	0.031023295454545	0.019573863636364		1
000468:	0.922456818181818	0.030443181818182	0.035670454545455	0.011429545454545		1
000469:	0.150339772727273	0.067264204545455	0.572544886363636	0.209851136363636		1
000470:	0.116901704545455	0.095792045454545	0.556273295454545	0.231032954545455		1
000471:	0.161201704545455	0.037505113636364	0.671570454545454	0.129722727272727		1
000472:	0.260335795454545	0.513169886363636	0.053971022727273	0.172523295454545		1
000473:	0.505343750000000	0.365982954545455	0.064820454545455	0.063852840909091		1
000474:	0.192717045454545	0.042791477272727	0.389095454545455	0.375396022727273		1
