Estimated Clustering Probabilities for Samples
Sample	***Cluster  01***	***Cluster  02***	***Cluster  03***	***Cluster  04***	***Cluster  05***	***Cluster  06***	***Cluster  07***	
000001:	0.140785227272727	0.130532954545455	0.333698863636364	0.100618181818182	0.219882954545455	0.068542613636364	0.005939204545455		1
000002:	0.029696022727273	0.052875000000000	0.344851136363636	0.069603977272727	0.472141477272727	0.024351704545455	0.006480681818182		1
000003:	0.020521022727273	0.035576704545455	0.064063068181818	0.032427840909091	0.806133522727273	0.038164772727273	0.003113068181818		1
000004:	0.033896022727273	0.025250000000000	0.231852272727273	0.281796590909091	0.404839772727273	0.016327840909091	0.006037500000000		1
000005:	0.032964772727273	0.045590340909091	0.095697159090909	0.096005681818182	0.711946022727273	0.011559659090909	0.006236363636364		1
000006:	0.028825568181818	0.069883522727273	0.336156250000000	0.392200000000000	0.140042045454545	0.017819318181818	0.015073295454545		1
000007:	0.915940909090909	0.000936363636364	0.018834090909091	0.002635795454545	0.060444886363636	0.000666477272727	0.000541477272727		1
000008:	0.038747727272727	0.020258522727273	0.277777840909091	0.061828977272727	0.569974431818182	0.015621590909091	0.015790909090909		1
000009:	0.032756250000000	0.026011363636364	0.177927840909091	0.093936931818182	0.643931250000000	0.018549431818182	0.006886931818182		1
000010:	0.032393181818182	0.035711363636364	0.088306818181818	0.075344318181818	0.742885795454545	0.019103409090909	0.006255113636364		1
000011:	0.098653409090909	0.102323863636364	0.038905113636364	0.245935795454545	0.234895454545455	0.179605113636364	0.099681250000000		1
000012:	0.240007386363636	0.280878409090909	0.041518750000000	0.184125000000000	0.149100000000000	0.028539204545455	0.075831250000000		1
000013:	0.170626704545455	0.250585795454545	0.028082954545455	0.238338068181818	0.064321590909091	0.038831250000000	0.209213636363636		1
000014:	0.026959659090909	0.023495454545455	0.014786363636364	0.858025568181818	0.044089204545455	0.012871022727273	0.019772727272727		1
000015:	0.198454545454545	0.110328977272727	0.055621022727273	0.302564772727273	0.246096590909091	0.020321022727273	0.066613068181818		1
000016:	0.023240340909091	0.031942045454545	0.099700568181818	0.792662500000000	0.018386931818182	0.011188636363636	0.022878977272727		1
000017:	0.058057386363636	0.321071590909091	0.018336931818182	0.143613068181818	0.394184090909091	0.034390909090909	0.030346022727273		1
000018:	0.078244318181818	0.357052272727273	0.017395454545455	0.087388636363636	0.068445454545455	0.022866477272727	0.368607386363636		1
000019:	0.413950568181818	0.114614772727273	0.024777272727273	0.052297159090909	0.304960795454545	0.028438636363636	0.060960795454545		1
000020:	0.067105681818182	0.141627840909091	0.029911931818182	0.487622727272727	0.205132954545455	0.037664772727273	0.030934090909091		1
000021:	0.296735795454545	0.430375000000000	0.024609659090909	0.061632954545455	0.050278977272727	0.104015340909091	0.032352272727273		1
000022:	0.561690340909091	0.221418750000000	0.017749431818182	0.086403977272727	0.049078977272727	0.023742045454545	0.039916477272727		1
000023:	0.227517045454545	0.260018181818182	0.029061363636364	0.099980681818182	0.072558522727273	0.085838068181818	0.225026136363636		1
000024:	0.020047159090909	0.043773863636364	0.010334090909091	0.851773295454545	0.033599431818182	0.010587500000000	0.029884659090909		1
000025:	0.323146022727273	0.131940909090909	0.030888068181818	0.214166477272727	0.032203977272727	0.020886363636364	0.246768181818182		1
000026:	0.577744318181818	0.235865340909091	0.017673863636364	0.050822159090909	0.045197159090909	0.026256818181818	0.046440340909091		1
000027:	0.050708522727273	0.719699431818182	0.013440909090909	0.050014204545455	0.044060795454545	0.024457386363636	0.097618750000000		1
000028:	0.088819886363636	0.178272159090909	0.014870454545455	0.074273295454545	0.050572159090909	0.553140909090909	0.040051136363636		1
000029:	0.087939204545455	0.403349431818182	0.046041477272727	0.200411931818182	0.112025568181818	0.088121022727273	0.062111363636364		1
000030:	0.284997159090909	0.112060227272727	0.039311931818182	0.178700000000000	0.182994318181818	0.088494886363636	0.113441477272727		1
000031:	0.150869318181818	0.612393181818182	0.016876136363636	0.064711931818182	0.045459090909091	0.024734090909091	0.084956250000000		1
000032:	0.098782386363636	0.626014772727273	0.024910227272727	0.142581818181818	0.035427840909091	0.030606250000000	0.041676704545455		1
000033:	0.066033522727273	0.127260227272727	0.007201136363636	0.065861363636364	0.667481250000000	0.038903977272727	0.027258522727273		1
000034:	0.018486931818182	0.048683522727273	0.011681250000000	0.841793750000000	0.027215340909091	0.014379545454545	0.037759659090909		1
000035:	0.249725000000000	0.481506250000000	0.032243750000000	0.061338068181818	0.032065340909091	0.046437500000000	0.096684090909091		1
000036:	0.001455113636364	0.011898863636364	0.000439772727273	0.005086931818182	0.002102272727273	0.974426704545455	0.004590340909091		1
000037:	0.062367045454545	0.615949431818182	0.012169886363636	0.105849431818182	0.096703977272727	0.042153977272727	0.064806250000000		1
000038:	0.149302840909091	0.109402840909091	0.069240340909091	0.092353977272727	0.081857954545455	0.110785795454545	0.387056250000000		1
000039:	0.376642613636364	0.252399431818182	0.018814204545455	0.149252840909091	0.091351136363636	0.026847159090909	0.084692613636364		1
000040:	0.044105681818182	0.036924431818182	0.071402840909091	0.751844886363636	0.040894318181818	0.017754545454545	0.037073295454545		1
000041:	0.108148863636364	0.432681250000000	0.038729545454545	0.205530113636364	0.124802840909091	0.033297159090909	0.056810227272727		1
000042:	0.165342045454545	0.320859659090909	0.054834090909091	0.233898863636364	0.045061363636364	0.027827840909091	0.152176136363636		1
000043:	0.212870454545455	0.150525568181818	0.058799431818182	0.152259659090909	0.338126136363636	0.042497159090909	0.044921590909091		1
000044:	0.208888636363636	0.286573863636364	0.026680681818182	0.088599431818182	0.310517045454545	0.031478409090909	0.047261931818182		1
000045:	0.074642613636364	0.660642045454545	0.023646022727273	0.064096022727273	0.094268750000000	0.020753409090909	0.061951136363636		1
000046:	0.186505681818182	0.313119886363636	0.038586363636364	0.201695454545455	0.079701136363636	0.129038068181818	0.051353409090909		1
000047:	0.068112500000000	0.210539772727273	0.138606818181818	0.225132386363636	0.232186931818182	0.047224431818182	0.078197159090909		1
000048:	0.160260795454545	0.045105681818182	0.060275000000000	0.093102840909091	0.565447159090909	0.028273295454545	0.047535227272727		1
000049:	0.333325000000000	0.095171022727273	0.045212500000000	0.088888068181818	0.374450568181818	0.035660795454545	0.027292045454545		1
000050:	0.189303977272727	0.117288636363636	0.084343181818182	0.404393181818182	0.069679545454545	0.023691477272727	0.111300000000000		1
000051:	0.024907386363636	0.031530113636364	0.081952840909091	0.673511931818182	0.150642045454545	0.024567613636364	0.012888068181818		1
000052:	0.045704545454545	0.021831818181818	0.049276704545455	0.727870454545455	0.115790340909091	0.029876136363636	0.009650000000000		1
000053:	0.330509090909091	0.190118181818182	0.047645454545455	0.264443181818182	0.096269318181818	0.015311363636364	0.055703409090909		1
000054:	0.246203977272727	0.176066477272727	0.078819886363636	0.152790340909091	0.107319886363636	0.034981818181818	0.203817613636364		1
000055:	0.206680681818182	0.060076704545455	0.088751136363636	0.256423295454545	0.333318181818182	0.035322727272727	0.019427272727273		1
000056:	0.286722159090909	0.185767613636364	0.080130681818182	0.127000568181818	0.257598863636364	0.036444318181818	0.026335795454545		1
000057:	0.381791477272727	0.220465909090909	0.056936363636364	0.159373295454545	0.136546590909091	0.023177272727273	0.021709090909091		1
000058:	0.744763636363636	0.040401704545455	0.020668181818182	0.035955681818182	0.103064204545455	0.024528409090909	0.030618181818182		1
000059:	0.506650568181818	0.254755113636364	0.023476704545455	0.053539772727273	0.102643750000000	0.029240909090909	0.029693181818182		1
000060:	0.356867613636364	0.074922159090909	0.037628409090909	0.086776704545455	0.397084659090909	0.029163636363636	0.017556818181818		1
000061:	0.529476704545455	0.119281818181818	0.036139772727273	0.090676136363636	0.183682954545455	0.020047727272727	0.020694886363636		1
000062:	0.023806818181818	0.026777272727273	0.028092613636364	0.844609090909091	0.043953409090909	0.016717613636364	0.016043181818182		1
000063:	0.025997159090909	0.036175568181818	0.086063636363636	0.742976136363636	0.062542045454545	0.031029545454545	0.015215909090909		1
000064:	0.030127272727273	0.021740340909091	0.054113636363636	0.755856818181818	0.071241477272727	0.053642045454545	0.013278409090909		1
000065:	0.403795454545455	0.054990340909091	0.050767613636364	0.096055113636364	0.343379545454545	0.027214204545455	0.023797727272727		1
000066:	0.263398295454545	0.307819886363636	0.055092613636364	0.120672727272727	0.208596022727273	0.022360227272727	0.022060227272727		1
000067:	0.034096022727273	0.034798863636364	0.068590909090909	0.674127840909091	0.139919886363636	0.026587500000000	0.021878977272727		1
000068:	0.683997159090909	0.138756250000000	0.021928409090909	0.029110227272727	0.088335227272727	0.020296022727273	0.017576704545455		1
000069:	0.382986363636364	0.316063636363636	0.034287500000000	0.097608522727273	0.121763636363636	0.027049431818182	0.020240909090909		1
000070:	0.294185227272727	0.122847727272727	0.059072727272727	0.293250568181818	0.086205681818182	0.094406818181818	0.050031250000000		1
000071:	0.646539772727273	0.141352272727273	0.028872727272727	0.050463068181818	0.073747159090909	0.023716477272727	0.035308522727273		1
000072:	0.372051704545455	0.070352840909091	0.154638636363636	0.171779545454545	0.158949431818182	0.040559659090909	0.031668181818182		1
000073:	0.208483522727273	0.064635227272727	0.041562500000000	0.075167045454545	0.554570454545455	0.023676136363636	0.031905113636364		1
000074:	0.240573295454545	0.397385795454545	0.027992613636364	0.141551136363636	0.069689772727273	0.033377272727273	0.089430113636364		1
000075:	0.130327272727273	0.354885227272727	0.061917613636364	0.094502840909091	0.207568181818182	0.069820454545455	0.080978409090909		1
000076:	0.147696022727273	0.127278977272727	0.037783522727273	0.040766477272727	0.119556818181818	0.425102272727273	0.101815909090909		1
000077:	0.190259659090909	0.152273295454545	0.079950000000000	0.079814204545455	0.127310227272727	0.262571022727273	0.107821590909091		1
000078:	0.492769318181818	0.036535227272727	0.023308522727273	0.081617045454545	0.307377840909091	0.035244318181818	0.023147727272727		1
000079:	0.878069886363636	0.018839204545455	0.007025568181818	0.070294886363636	0.014677272727273	0.005775000000000	0.005318181818182		1
000080:	0.194296022727273	0.134590340909091	0.023101704545455	0.031817045454545	0.063605113636364	0.028823863636364	0.523765909090909		1
000081:	0.321485795454545	0.060960227272727	0.015964204545455	0.027910795454545	0.542288636363636	0.017727840909091	0.013662500000000		1
000082:	0.535323295454545	0.069226704545455	0.101122159090909	0.104121590909091	0.130619318181818	0.036019886363636	0.023567045454545		1
000083:	0.149626136363636	0.124194318181818	0.028084090909091	0.022621590909091	0.629855681818182	0.021506250000000	0.024111931818182		1
000084:	0.001476136363636	0.004248863636364	0.002244886363636	0.016747159090909	0.238739772727273	0.730977272727273	0.005565909090909		1
000085:	0.157549431818182	0.290642613636364	0.058464204545455	0.202761363636364	0.174987500000000	0.066792613636364	0.048802272727273		1
000086:	0.044603977272727	0.129570454545455	0.042332386363636	0.577753409090909	0.124213068181818	0.035208522727273	0.046318181818182		1
000087:	0.393634090909091	0.146092045454545	0.031981818181818	0.060627840909091	0.310707386363636	0.032210795454545	0.024746022727273		1
000088:	0.076390909090909	0.672878977272727	0.027517045454545	0.040320454545455	0.126276704545455	0.029923295454545	0.026692613636364		1
000089:	0.159293750000000	0.524920454545455	0.057299431818182	0.080435795454545	0.069994318181818	0.070757386363636	0.037298863636364		1
000090:	0.880289204545455	0.034517613636364	0.037302840909091	0.015297159090909	0.012096022727273	0.005187500000000	0.015309659090909		1
000091:	0.461200568181818	0.150407386363636	0.081273863636364	0.068112500000000	0.031551136363636	0.101107386363636	0.106347159090909		1
000092:	0.461474431818182	0.058302272727273	0.033605113636364	0.063298295454545	0.256575568181818	0.029531250000000	0.097213068181818		1
000093:	0.206885795454545	0.254972727272727	0.075964772727273	0.102697159090909	0.189848863636364	0.057146022727273	0.112484659090909		1
000094:	0.353488636363636	0.208217613636364	0.042092045454545	0.065393750000000	0.207057954545455	0.046900568181818	0.076849431818182		1
000095:	0.557369886363636	0.033597727272727	0.030886363636364	0.081941477272727	0.224611363636364	0.051940340909091	0.019652840909091		1
000096:	0.012934659090909	0.023952272727273	0.014523863636364	0.862935227272727	0.049188068181818	0.007566477272727	0.028899431818182		1
000097:	0.642940340909091	0.213295454545455	0.018478977272727	0.038070454545455	0.052021590909091	0.016140909090909	0.019052272727273		1
000098:	0.813950568181818	0.076106250000000	0.017134659090909	0.025406818181818	0.045390909090909	0.009307954545455	0.012702840909091		1
000099:	0.247164204545455	0.235267613636364	0.029315909090909	0.300036931818182	0.108628977272727	0.039507386363636	0.040078977272727		1
000100:	0.062188068181818	0.072275000000000	0.032240909090909	0.616446590909091	0.172217613636364	0.014732386363636	0.029899431818182		1
000101:	0.035472727272727	0.739027840909091	0.029545454545455	0.077710795454545	0.080223863636364	0.023113068181818	0.014906250000000		1
000102:	0.159694318181818	0.252500000000000	0.033993750000000	0.292553409090909	0.180667045454545	0.041171022727273	0.039420454545455		1
000103:	0.253186931818182	0.109313636363636	0.037531818181818	0.056236363636364	0.285338068181818	0.042738068181818	0.215655113636364		1
000104:	0.085590340909091	0.054804545454545	0.045239772727273	0.579901136363636	0.187348295454545	0.018285227272727	0.028830681818182		1
000105:	0.096378409090909	0.541330113636364	0.039075000000000	0.178756818181818	0.090703409090909	0.019227272727273	0.034528977272727		1
000106:	0.089094886363636	0.611536363636364	0.025306250000000	0.069005681818182	0.145821590909091	0.032815909090909	0.026419318181818		1
000107:	0.080222159090909	0.189660227272727	0.052748295454545	0.402315909090909	0.216227840909091	0.026326136363636	0.032499431818182		1
000108:	0.025245454545455	0.076905681818182	0.036790909090909	0.611821022727273	0.049561931818182	0.166892613636364	0.032782386363636		1
000109:	0.393626704545455	0.208698295454545	0.024191477272727	0.068792613636364	0.222605113636364	0.052257386363636	0.029828409090909		1
000110:	0.092440909090909	0.051861931818182	0.050436363636364	0.164153409090909	0.031355113636364	0.047354545454545	0.562397727272727		1
000111:	0.112414772727273	0.125652272727273	0.082967613636364	0.530602272727273	0.081113636363636	0.046969318181818	0.020280113636364		1
000112:	0.042485795454545	0.590007954545455	0.044497727272727	0.176648295454545	0.075120454545455	0.033513636363636	0.037726136363636		1
000113:	0.453559659090909	0.086375000000000	0.043070454545455	0.168898295454545	0.194419886363636	0.026118750000000	0.027557954545455		1
000114:	0.667960227272727	0.056185227272727	0.098269886363636	0.067163636363636	0.041738068181818	0.038489204545455	0.030193750000000		1
000115:	0.418678409090909	0.155128409090909	0.040330681818182	0.119551136363636	0.188486931818182	0.031754545454545	0.046069886363636		1
000116:	0.078449431818182	0.092084659090909	0.078153409090909	0.336871022727273	0.342930681818182	0.030044318181818	0.041466477272727		1
000117:	0.073065340909091	0.558781250000000	0.103017045454545	0.069905681818182	0.138215909090909	0.025296022727273	0.031718750000000		1
000118:	0.065609090909091	0.079968181818182	0.124588068181818	0.252360795454545	0.389462500000000	0.049469318181818	0.038542045454545		1
000119:	0.317313068181818	0.374905681818182	0.020566477272727	0.171549431818182	0.062454545454545	0.019642613636364	0.033568181818182		1
000120:	0.024678409090909	0.103783522727273	0.048682954545455	0.163671590909091	0.612177272727273	0.025700000000000	0.021306250000000		1
000121:	0.589796022727273	0.099161363636364	0.028163636363636	0.107301704545455	0.070598295454545	0.035797727272727	0.069181250000000		1
000122:	0.469882954545455	0.250874431818182	0.028376136363636	0.071018750000000	0.141457954545455	0.019182954545455	0.019206818181818		1
000123:	0.659494886363636	0.035098295454545	0.017294318181818	0.090806250000000	0.139311363636364	0.024481818181818	0.033513068181818		1
000124:	0.103534659090909	0.409005681818182	0.087861931818182	0.068164204545455	0.140168750000000	0.108319886363636	0.082944886363636		1
000125:	0.182585227272727	0.095898295454545	0.179176136363636	0.152634090909091	0.192828977272727	0.166113068181818	0.030764204545455		1
000126:	0.031735227272727	0.053558522727273	0.054711931818182	0.033776136363636	0.048307954545455	0.761090909090909	0.016819318181818		1
000127:	0.274088068181818	0.106208522727273	0.055322727272727	0.154028409090909	0.345293181818182	0.023797159090909	0.041261931818182		1
000128:	0.029971590909091	0.000743181818182	0.000466477272727	0.002546022727273	0.038190909090909	0.000497727272727	0.927584090909091		1
000129:	0.492740340909091	0.338132386363636	0.022878409090909	0.043698863636364	0.045486931818182	0.017084090909091	0.039978977272727		1
000130:	0.434919886363636	0.057840340909091	0.035356250000000	0.096048295454545	0.290079545454545	0.034969318181818	0.050786363636364		1
000131:	0.263447727272727	0.248440909090909	0.046901136363636	0.092507386363636	0.276157954545455	0.039037500000000	0.033507386363636		1
000132:	0.024375000000000	0.081478977272727	0.041448295454545	0.613763068181818	0.178932954545455	0.021993181818182	0.038008522727273		1
000133:	0.078669318181818	0.193440909090909	0.140932954545455	0.066887500000000	0.149027272727273	0.123620454545455	0.247421590909091		1
000134:	0.660731250000000	0.046399431818182	0.057507954545455	0.071832954545455	0.058813636363636	0.014210795454545	0.090503977272727		1
000135:	0.363672159090909	0.360693181818182	0.057969886363636	0.036068181818182	0.061649431818182	0.021176704545455	0.098770454545455		1
000136:	0.428428409090909	0.088942613636364	0.085323863636364	0.207510795454545	0.136665909090909	0.024388636363636	0.028739772727273		1
000137:	0.624644318181818	0.136007954545455	0.017551704545455	0.050493750000000	0.037367613636364	0.018308522727273	0.115626136363636		1
000138:	0.183907386363636	0.146478977272727	0.061189204545455	0.068757386363636	0.394452272727273	0.088689204545455	0.056525568181818		1
000139:	0.127406250000000	0.224235227272727	0.059452840909091	0.092788636363636	0.358459090909091	0.090436363636364	0.047221590909091		1
000140:	0.241803977272727	0.111231818181818	0.026707954545455	0.092903977272727	0.056376136363636	0.015772727272727	0.455203409090909		1
000141:	0.055505681818182	0.082894318181818	0.079824431818182	0.454263068181818	0.106878409090909	0.178905681818182	0.041728409090909		1
000142:	0.825634090909091	0.044986931818182	0.043443181818182	0.041710795454545	0.023422159090909	0.006126136363636	0.014676704545455		1
000143:	0.110542045454545	0.177614772727273	0.033525000000000	0.086765909090909	0.532469318181818	0.024151136363636	0.034931818181818		1
000144:	0.026228409090909	0.328220454545455	0.122878409090909	0.112197727272727	0.379719886363636	0.015832954545455	0.014922159090909		1
000145:	0.033712500000000	0.063177840909091	0.080261931818182	0.689274431818182	0.053440340909091	0.038471022727273	0.041661931818182		1
000146:	0.083527272727273	0.368411363636364	0.055630113636364	0.151470454545455	0.205771022727273	0.057922727272727	0.077267045454545		1
000147:	0.222784659090909	0.115724431818182	0.151656250000000	0.136084659090909	0.335447159090909	0.020386931818182	0.017915909090909		1
000148:	0.286039204545455	0.081068181818182	0.032634090909091	0.059248863636364	0.481838068181818	0.015616477272727	0.043555113636364		1
000149:	0.038599431818182	0.052139772727273	0.821930113636364	0.032958522727273	0.041077272727273	0.004968181818182	0.008326704545455		1
000150:	0.125758522727273	0.483971022727273	0.029676136363636	0.139169318181818	0.080841477272727	0.032794886363636	0.107788636363636		1
000151:	0.057248295454545	0.067076136363636	0.046426704545455	0.246965340909091	0.521081250000000	0.024848863636364	0.036353409090909		1
000152:	0.186539772727273	0.123747727272727	0.063602840909091	0.108726136363636	0.402647727272727	0.048578409090909	0.066157386363636		1
000153:	0.048902840909091	0.581886931818182	0.052930113636364	0.085892613636364	0.128835227272727	0.076497727272727	0.025054545454545		1
000154:	0.043231818181818	0.042871022727273	0.110256250000000	0.507213068181818	0.248269886363636	0.024733522727273	0.023424431818182		1
000155:	0.163001704545455	0.131734090909091	0.030353977272727	0.404468181818182	0.211859659090909	0.016827272727273	0.041755113636364		1
000156:	0.043275568181818	0.441410227272727	0.027238068181818	0.373202840909091	0.060610795454545	0.035033522727273	0.019228977272727		1
000157:	0.011793750000000	0.013289772727273	0.039611931818182	0.812690340909091	0.056702840909091	0.056743750000000	0.009167613636364		1
000158:	0.096044886363636	0.092656250000000	0.307130681818182	0.154731818181818	0.155864204545455	0.165611931818182	0.027960227272727		1
000159:	0.023330113636364	0.080095454545455	0.174655681818182	0.554886363636364	0.060055113636364	0.062882386363636	0.044094886363636		1
000160:	0.029888636363636	0.009636363636364	0.767850000000000	0.032956250000000	0.053110795454545	0.093556818181818	0.013001136363636		1
000161:	0.032342613636364	0.018634659090909	0.801958522727273	0.040984090909091	0.072015340909091	0.024503409090909	0.009561363636364		1
000162:	0.080661363636364	0.324903409090909	0.225664772727273	0.038165340909091	0.090519886363636	0.127825000000000	0.112260227272727		1
000163:	0.025089772727273	0.035093750000000	0.060366477272727	0.032938068181818	0.821000000000000	0.017467045454545	0.008044886363636		1
000164:	0.013447727272727	0.015631250000000	0.422794318181818	0.296506250000000	0.202107386363636	0.039773863636364	0.009739204545455		1
000165:	0.020228977272727	0.012541477272727	0.342036931818182	0.149170454545455	0.434553409090909	0.030238636363636	0.011230113636364		1
000166:	0.022813636363636	0.019179545454545	0.077522159090909	0.026961931818182	0.827844318181818	0.019980681818182	0.005697727272727		1
000167:	0.087702840909091	0.028443181818182	0.083367613636364	0.057296590909091	0.672716477272727	0.044861931818182	0.025611363636364		1
000168:	0.155360795454545	0.162418750000000	0.034207386363636	0.462594886363636	0.107147159090909	0.051941477272727	0.026329545454545		1
000169:	0.153638636363636	0.376055681818182	0.027970454545455	0.066168750000000	0.328485795454545	0.027638068181818	0.020042613636364		1
000170:	0.331234090909091	0.038688636363636	0.045252840909091	0.034867613636364	0.513994886363636	0.013485795454545	0.022476136363636		1
000171:	0.097939772727273	0.050736363636364	0.049087500000000	0.456357386363636	0.308176704545455	0.025452272727273	0.012250000000000		1
000172:	0.100821022727273	0.166404545454545	0.056455681818182	0.079753409090909	0.463635227272727	0.037532386363636	0.095397727272727		1
000173:	0.003746022727273	0.043498295454545	0.007338636363636	0.086245454545455	0.342630113636364	0.001618181818182	0.514923295454545		1
000174:	0.642653409090909	0.141681818181818	0.025311931818182	0.051308522727273	0.079786363636364	0.012993181818182	0.046264772727273		1
000175:	0.024307954545455	0.028822727272727	0.010978977272727	0.889260795454546	0.024147727272727	0.015210227272727	0.007271590909091		1
000176:	0.228640340909091	0.257413068181818	0.044623863636364	0.146807954545455	0.222463068181818	0.063355681818182	0.036696022727273		1
000177:	0.396365909090909	0.180635227272727	0.034545454545455	0.141786363636364	0.188123295454545	0.015479545454545	0.043064204545455		1
000178:	0.431609090909091	0.202825568181818	0.036086931818182	0.151731250000000	0.147378409090909	0.010415909090909	0.019952840909091		1
000179:	0.014939772727273	0.078467613636364	0.032757386363636	0.804231818181818	0.046828409090909	0.008888636363636	0.013886363636364		1
000180:	0.020610795454545	0.047454545454545	0.018179545454545	0.830848863636364	0.055355113636364	0.008852840909091	0.018698295454545		1
000181:	0.029742045454545	0.048066477272727	0.333128977272727	0.464926136363636	0.083479545454545	0.027647159090909	0.013009659090909		1
000182:	0.126660795454545	0.259821022727273	0.049400568181818	0.289398295454545	0.145748863636364	0.036375568181818	0.092594886363636		1
000183:	0.017697159090909	0.045406250000000	0.018539772727273	0.865417613636364	0.032966477272727	0.009398863636364	0.010573863636364		1
000184:	0.598077272727273	0.083093181818182	0.025481250000000	0.188644886363636	0.069700568181818	0.010814772727273	0.024188068181818		1
000185:	0.129575568181818	0.287972727272727	0.161242045454545	0.115865340909091	0.071544318181818	0.029153977272727	0.204646022727273		1
000186:	0.060351704545455	0.045611363636364	0.052313068181818	0.737423295454545	0.042021590909091	0.022704545454545	0.039574431818182		1
000187:	0.022185227272727	0.034461931818182	0.019422159090909	0.856490909090909	0.033037500000000	0.016664772727273	0.017737500000000		1
000188:	0.155981250000000	0.077635227272727	0.051663068181818	0.335951136363636	0.148679545454545	0.186575568181818	0.043514204545455		1
000189:	0.152588636363636	0.072237500000000	0.018395454545455	0.067409090909091	0.658343750000000	0.013281250000000	0.017744318181818		1
000190:	0.011585227272727	0.058644318181818	0.008379545454545	0.010573295454545	0.884470454545455	0.008290340909091	0.018056818181818		1
000191:	0.082466477272727	0.281816477272727	0.031918750000000	0.096312500000000	0.458040340909091	0.023942613636364	0.025502840909091		1
000192:	0.170084090909091	0.450248863636364	0.066946590909091	0.178440909090909	0.068090909090909	0.024541477272727	0.041647159090909		1
000193:	0.564200568181818	0.171417045454545	0.023248295454545	0.166221590909091	0.046901136363636	0.012842613636364	0.015168750000000		1
000194:	0.492880681818182	0.085703977272727	0.063849431818182	0.136422727272727	0.093319886363636	0.014765909090909	0.113057386363636		1
000195:	0.052007386363636	0.541128409090909	0.020968750000000	0.112592045454545	0.230696590909091	0.019799431818182	0.022807386363636		1
000196:	0.042435227272727	0.029277840909091	0.377805113636364	0.220338636363636	0.163035227272727	0.152831250000000	0.014276704545455		1
000197:	0.081033522727273	0.080037500000000	0.204060795454545	0.128856250000000	0.436752272727273	0.054661931818182	0.014597727272727		1
000198:	0.153161363636364	0.148307386363636	0.402198295454545	0.091811363636364	0.131034090909091	0.042792045454545	0.030695454545455		1
000199:	0.032308522727273	0.027667045454545	0.266301136363636	0.092548295454545	0.523779545454545	0.040063636363636	0.017331818181818		1
000200:	0.052376136363636	0.031897159090909	0.458931250000000	0.158730113636364	0.223230113636364	0.062260227272727	0.012575000000000		1
000201:	0.309121590909091	0.004106250000000	0.211377272727273	0.039893181818182	0.425002840909091	0.008334090909091	0.002164772727273		1
000202:	0.484554545454545	0.126417045454545	0.060025568181818	0.202938636363636	0.057208522727273	0.029502840909091	0.039352840909091		1
000203:	0.370564204545455	0.027388068181818	0.015626704545455	0.225629545454545	0.321209659090909	0.006200000000000	0.033381818181818		1
000204:	0.168024431818182	0.056661363636364	0.107911931818182	0.456117045454545	0.105586363636364	0.071763068181818	0.033935795454545		1
000205:	0.125880113636364	0.083517613636364	0.048236363636364	0.502614772727273	0.143464772727273	0.047434090909091	0.048852272727273		1
000206:	0.512476136363636	0.063142045454545	0.050854545454545	0.119294318181818	0.112018181818182	0.023243750000000	0.118971022727273		1
000207:	0.109007386363636	0.494023295454545	0.042221590909091	0.063196022727273	0.177197727272727	0.078691477272727	0.035662500000000		1
000208:	0.013649431818182	0.022642613636364	0.002560795454545	0.153975000000000	0.799515340909091	0.003869886363636	0.003786931818182		1
000209:	0.023601704545455	0.076132954545455	0.047054545454545	0.661934090909091	0.155944886363636	0.023847159090909	0.011484659090909		1
000210:	0.041235795454545	0.104387500000000	0.086453977272727	0.408280113636364	0.307156250000000	0.031012500000000	0.021473863636364		1
000211:	0.034635227272727	0.066962500000000	0.047496022727273	0.127776704545455	0.660086931818182	0.041077272727273	0.021965340909091		1
000212:	0.057894318181818	0.055450568181818	0.449242613636364	0.150043750000000	0.148038636363636	0.116965340909091	0.022364772727273		1
000213:	0.041728409090909	0.030556818181818	0.289784659090909	0.248875000000000	0.334990340909091	0.032985227272727	0.021079545454545		1
000214:	0.047702272727273	0.079210795454545	0.176347159090909	0.069667045454545	0.475009090909091	0.065000000000000	0.087063636363636		1
000215:	0.260831818181818	0.070700568181818	0.087551136363636	0.144433522727273	0.209540909090909	0.157213636363636	0.069728409090909		1
000216:	0.010644318181818	0.011160227272727	0.185645454545455	0.120443750000000	0.100548863636364	0.202020454545455	0.369536931818182		1
000217:	0.024386931818182	0.021680681818182	0.479725000000000	0.144848863636364	0.220765340909091	0.080065909090909	0.028527272727273		1
000218:	0.032276136363636	0.023020454545455	0.181188068181818	0.122685795454545	0.562743181818182	0.065149431818182	0.012936931818182		1
000219:	0.027703409090909	0.020609090909091	0.462681250000000	0.113576136363636	0.201599431818182	0.158543750000000	0.015286931818182		1
000220:	0.009431250000000	0.007953977272727	0.110288636363636	0.091513636363636	0.704825568181818	0.069489772727273	0.006497159090909		1
000221:	0.061689204545455	0.020832386363636	0.173692613636364	0.213065340909091	0.446056818181818	0.073319886363636	0.011343750000000		1
000222:	0.048535795454545	0.013911931818182	0.148251136363636	0.390736363636364	0.332428977272727	0.051744886363636	0.014390909090909		1
000223:	0.105803977272727	0.080327272727273	0.146944318181818	0.166666477272727	0.360328409090909	0.093532954545455	0.046396590909091		1
000224:	0.006063636363636	0.949613068181818	0.003207386363636	0.019601136363636	0.003052272727273	0.010776704545455	0.007685795454545		1
000225:	0.754734659090909	0.056306250000000	0.054103409090909	0.032492613636364	0.030034090909091	0.025207954545455	0.047121022727273		1
000226:	0.542825568181818	0.057042613636364	0.036313068181818	0.126661363636364	0.072372159090909	0.118628977272727	0.046156250000000		1
000227:	0.292462500000000	0.275226704545455	0.038703409090909	0.061765909090909	0.070496590909091	0.118068750000000	0.143276136363636		1
000228:	0.023619886363636	0.016444318181818	0.042251136363636	0.019415909090909	0.009667045454545	0.048376136363636	0.840225568181818		1
000229:	0.679064204545455	0.010564204545455	0.025465909090909	0.010775000000000	0.017887500000000	0.234742613636364	0.021500568181818		1
000230:	0.107610227272727	0.030543181818182	0.303510795454545	0.058185795454545	0.042755113636364	0.374546022727273	0.082848863636364		1
000231:	0.398608522727273	0.375263636363636	0.057916477272727	0.025334659090909	0.030128977272727	0.059159090909091	0.053588636363636		1
000232:	0.047606250000000	0.025573863636364	0.042403977272727	0.106706250000000	0.122346022727273	0.298186363636364	0.357177272727273		1
000233:	0.658205681818182	0.200103977272727	0.011163636363636	0.011457386363636	0.006527840909091	0.094227840909091	0.018313636363636		1
000234:	0.370884659090909	0.209078977272727	0.041025000000000	0.040745454545455	0.036124431818182	0.072332954545455	0.229808522727273		1
000235:	0.205221590909091	0.070539772727273	0.022085227272727	0.046687500000000	0.018376136363636	0.067384659090909	0.569705113636364		1
000236:	0.077045454545455	0.061757386363636	0.069255681818182	0.263613636363636	0.045160795454545	0.264019886363636	0.219147159090909		1
000237:	0.426912500000000	0.159015340909091	0.023028409090909	0.033759659090909	0.025039204545455	0.055479545454545	0.276765340909091		1
000238:	0.050884090909091	0.048609659090909	0.031616477272727	0.594688068181818	0.141051136363636	0.059540909090909	0.073609659090909		1
000239:	0.431994886363636	0.091732386363636	0.029964204545455	0.150936363636364	0.023296590909091	0.157856818181818	0.114218750000000		1
000240:	0.039249431818182	0.028112500000000	0.009560795454545	0.027922159090909	0.013773863636364	0.852291477272727	0.029089772727273		1
000241:	0.160506818181818	0.227590340909091	0.054568181818182	0.308959659090909	0.050571022727273	0.080543181818182	0.117260795454545		1
000242:	0.226352272727273	0.441330113636364	0.055855681818182	0.056911363636364	0.021206818181818	0.039797727272727	0.158546022727273		1
000243:	0.014610227272727	0.295903409090909	0.002251136363636	0.006470454545455	0.004315909090909	0.653794318181818	0.022654545454545		1
000244:	0.055953409090909	0.010175000000000	0.004937500000000	0.029525000000000	0.021114772727273	0.849624431818182	0.028669886363636		1
000245:	0.924219886363636	0.002609090909091	0.003009659090909	0.011100568181818	0.001006250000000	0.051505113636364	0.006549431818182		1
000246:	0.254532954545455	0.259747159090909	0.022482386363636	0.036110795454545	0.035615909090909	0.148933522727273	0.242577272727273		1
000247:	0.017643181818182	0.028677272727273	0.012195454545455	0.019177840909091	0.745584090909091	0.020343181818182	0.156378977272727		1
000248:	0.942548295454545	0.005174431818182	0.008972159090909	0.007380681818182	0.004382386363636	0.019881250000000	0.011660795454545		1
000249:	0.433335795454545	0.099157954545455	0.016589772727273	0.026692045454545	0.017942045454545	0.160341477272727	0.245940909090909		1
000250:	0.853802840909091	0.031956818181818	0.011753977272727	0.020473863636364	0.013698863636364	0.028419318181818	0.039894318181818		1
000251:	0.359616477272727	0.258257954545455	0.020232954545455	0.058739772727273	0.017337500000000	0.188596022727273	0.097219318181818		1
000252:	0.086301704545455	0.056221590909091	0.113719886363636	0.107539204545455	0.051463636363636	0.416478977272727	0.168275000000000		1
000253:	0.096013068181818	0.048952840909091	0.097098295454545	0.048411363636364	0.026688068181818	0.089318181818182	0.593518181818182		1
000254:	0.620919318181818	0.031306818181818	0.045693181818182	0.080286931818182	0.027221590909091	0.074865909090909	0.119706250000000		1
000255:	0.587670454545455	0.044540909090909	0.042177840909091	0.049833522727273	0.046072727272727	0.078557954545455	0.151146590909091		1
000256:	0.823247727272727	0.034378977272727	0.021643181818182	0.029434659090909	0.028018181818182	0.037048863636364	0.026228409090909		1
000257:	0.039517613636364	0.025785795454545	0.193417045454545	0.540755113636364	0.037121022727273	0.056957954545455	0.106445454545455		1
000258:	0.677278977272727	0.055834659090909	0.028484090909091	0.072757954545455	0.092300568181818	0.051530113636364	0.021813636363636		1
000259:	0.011148295454545	0.021746022727273	0.031402840909091	0.838096022727273	0.021383522727273	0.028925000000000	0.047298295454545		1
000260:	0.114823863636364	0.049590909090909	0.040718181818182	0.036597159090909	0.026650568181818	0.605281250000000	0.126338068181818		1
000261:	0.020626704545455	0.032763068181818	0.065213636363636	0.107536931818182	0.030230681818182	0.309664204545455	0.433964772727273		1
000262:	0.051541477272727	0.060837500000000	0.056440909090909	0.465851136363636	0.048713068181818	0.209816477272727	0.106799431818182		1
000263:	0.311790909090909	0.075913068181818	0.102315340909091	0.135881818181818	0.100969886363636	0.234211931818182	0.038917045454545		1
000264:	0.092968181818182	0.027855113636364	0.048286931818182	0.689655113636364	0.049254545454545	0.048997159090909	0.042982954545455		1
000265:	0.318755113636364	0.038364772727273	0.102593181818182	0.145786363636364	0.254756250000000	0.061639204545455	0.078105113636364		1
000266:	0.992297159090909	0.000757386363636	0.000450000000000	0.003890909090909	0.000653977272727	0.001084659090909	0.000865909090909		1
000267:	0.709884090909091	0.033433522727273	0.019201704545455	0.038867613636364	0.029166477272727	0.091513068181818	0.077933522727273		1
000268:	0.151555681818182	0.059392045454545	0.082125568181818	0.169272727272727	0.343332386363636	0.106017613636364	0.088303977272727		1
000269:	0.118023863636364	0.234387500000000	0.045107386363636	0.085173295454545	0.067379545454545	0.043667613636364	0.406260795454545		1
000270:	0.018468181818182	0.016962500000000	0.028875000000000	0.823376136363636	0.030957386363636	0.056977840909091	0.024382954545455		1
000271:	0.026401704545455	0.001028977272727	0.014464772727273	0.007408522727273	0.001532386363636	0.011253977272727	0.937909659090909		1
000272:	0.370279545454545	0.037838636363636	0.041040340909091	0.211775000000000	0.019760227272727	0.138667045454545	0.180639204545455		1
000273:	0.243326704545455	0.044505113636364	0.039472727272727	0.356930113636364	0.024272159090909	0.060786931818182	0.230706250000000		1
000274:	0.552358522727273	0.040645454545455	0.067342613636364	0.055045454545455	0.025252272727273	0.054830681818182	0.204525000000000		1
000275:	0.716997159090909	0.067445454545455	0.029719886363636	0.044236363636364	0.041295454545455	0.049162500000000	0.051143181818182		1
000276:	0.022825568181818	0.023067613636364	0.102898295454545	0.670918750000000	0.041242613636364	0.066657386363636	0.072389772727273		1
000277:	0.399248295454545	0.052411931818182	0.029240340909091	0.057312500000000	0.033036931818182	0.051952840909091	0.376797159090909		1
000278:	0.781494318181818	0.040709659090909	0.022517613636364	0.034472159090909	0.047308522727273	0.037725000000000	0.035772727272727		1
000279:	0.361134659090909	0.080166477272727	0.030121590909091	0.027215340909091	0.037409659090909	0.041398295454545	0.422553977272727		1
000280:	0.032797159090909	0.740685227272727	0.009581250000000	0.011772727272727	0.048311931818182	0.148877272727273	0.007974431818182		1
000281:	0.069406250000000	0.038127840909091	0.050084659090909	0.354150000000000	0.030142045454545	0.058930681818182	0.399158522727273		1
000282:	0.240660227272727	0.208394318181818	0.074655113636364	0.146999431818182	0.039594886363636	0.194253409090909	0.095442613636364		1
000283:	0.045652840909091	0.012409659090909	0.040102272727273	0.625882954545455	0.036367045454545	0.203646022727273	0.035939204545455		1
000284:	0.196896022727273	0.066042045454545	0.049293181818182	0.065134090909091	0.051630681818182	0.234510795454545	0.336493181818182		1
000285:	0.140396022727273	0.319806818181818	0.032073863636364	0.045204545454545	0.086681818181818	0.127543181818182	0.248293750000000		1
000286:	0.189724431818182	0.102348863636364	0.104315340909091	0.194344886363636	0.046117045454545	0.056004545454545	0.307144886363636		1
000287:	0.508022159090909	0.068086931818182	0.045773295454545	0.150695454545455	0.033082954545455	0.058088636363636	0.136250568181818		1
000288:	0.397669886363636	0.050361931818182	0.089526136363636	0.175350568181818	0.063943181818182	0.108877840909091	0.114270454545455		1
