Estimated Clustering Probabilities for Samples
Sample	***Cluster  01***	***Cluster  02***	***Cluster  03***	***Cluster  04***	***Cluster  05***	***Cluster  06***	***Cluster  07***	
000001:	0.131637500000000	0.109064204545455	0.055209090909091	0.067031818181818	0.085532386363636	0.544926704545455	0.006598295454545		1
000002:	0.339511931818182	0.263751136363636	0.032195454545455	0.127121022727273	0.194581818181818	0.038950000000000	0.003888636363636		1
000003:	0.172926136363636	0.069480681818182	0.023195454545455	0.058053409090909	0.118306818181818	0.544298863636364	0.013738636363636		1
000004:	0.025503409090909	0.158413636363636	0.026120454545455	0.512583522727273	0.114179545454545	0.140184659090909	0.023014772727273		1
000005:	0.062103977272727	0.734363068181818	0.027753977272727	0.040217045454545	0.024828409090909	0.107503409090909	0.003230113636364		1
000006:	0.038077272727273	0.183176136363636	0.047097159090909	0.525981250000000	0.129945454545455	0.056852272727273	0.018870454545455		1
000007:	0.101840340909091	0.361177272727273	0.022901136363636	0.064622727272727	0.310112500000000	0.126361363636364	0.012984659090909		1
000008:	0.119617045454545	0.500043750000000	0.022757386363636	0.062117613636364	0.116395454545455	0.149130113636364	0.029938636363636		1
000009:	0.034375000000000	0.426215909090909	0.019690340909091	0.443385227272727	0.043470454545455	0.029632954545455	0.003230113636364		1
000010:	0.226633522727273	0.440168750000000	0.062459659090909	0.118227272727273	0.063128977272727	0.082211931818182	0.007169886363636		1
000011:	0.692010227272727	0.040759090909091	0.069049431818182	0.078136931818182	0.035440909090909	0.050888636363636	0.033714772727273		1
000012:	0.037489772727273	0.305131818181818	0.209205113636364	0.180548295454545	0.036856818181818	0.086924431818182	0.143843750000000		1
000013:	0.039408522727273	0.094167613636364	0.193048295454545	0.285708522727273	0.028109659090909	0.079096590909091	0.280460795454545		1
000014:	0.018465340909091	0.019940909090909	0.033414772727273	0.854821590909091	0.015810795454545	0.024692045454545	0.032854545454545		1
000015:	0.025846022727273	0.419437500000000	0.072013636363636	0.105942045454545	0.027801704545455	0.314066477272727	0.034892613636364		1
000016:	0.005994886363636	0.008852272727273	0.017285795454545	0.588853409090909	0.008380113636364	0.047660795454545	0.322972727272727		1
000017:	0.428862500000000	0.284311931818182	0.122302840909091	0.076052840909091	0.025226136363636	0.033280113636364	0.029963636363636		1
000018:	0.022173295454545	0.144705681818182	0.342360795454545	0.099680681818182	0.088504545454545	0.050086363636364	0.252488636363636		1
000019:	0.027959090909091	0.208553409090909	0.081873295454545	0.044368750000000	0.022930681818182	0.571975000000000	0.042339772727273		1
000020:	0.113414772727273	0.120286931818182	0.180600000000000	0.447388636363636	0.034005113636364	0.060828977272727	0.043475568181818		1
000021:	0.348219318181818	0.030831818181818	0.389863068181818	0.048276704545455	0.038242613636364	0.082022727272727	0.062543750000000		1
000022:	0.025236931818182	0.275256250000000	0.262277272727273	0.102933522727273	0.027335227272727	0.246763068181818	0.060197727272727		1
000023:	0.307141477272727	0.088708522727273	0.189621590909091	0.112059090909091	0.046821022727273	0.121431818181818	0.134216477272727		1
000024:	0.011571022727273	0.010264204545455	0.042684659090909	0.848610227272727	0.035266477272727	0.015998863636364	0.035604545454545		1
000025:	0.029998295454545	0.058356250000000	0.144798863636364	0.233767045454545	0.028519318181818	0.152471022727273	0.352089204545455		1
000026:	0.097437500000000	0.150091477272727	0.339744318181818	0.060693181818182	0.033512500000000	0.209008522727273	0.109512500000000		1
000027:	0.027011931818182	0.044105681818182	0.579481818181818	0.118992045454545	0.017745454545455	0.105910795454545	0.106752272727273		1
000028:	0.790810227272727	0.016836931818182	0.065112500000000	0.026238636363636	0.064465340909091	0.014609659090909	0.021926704545455		1
000029:	0.043395454545455	0.067985795454545	0.340884659090909	0.409986363636364	0.025139772727273	0.066930681818182	0.045677272727273		1
000030:	0.552978409090909	0.030172159090909	0.032749431818182	0.028573863636364	0.021047727272727	0.257432954545455	0.077045454545455		1
000031:	0.010901704545455	0.104143181818182	0.666424431818182	0.072247159090909	0.024640909090909	0.036065909090909	0.085576704545455		1
000032:	0.041405113636364	0.060991477272727	0.654217613636364	0.072472159090909	0.038421590909091	0.062631250000000	0.069860795454545		1
000033:	0.242184659090909	0.061326136363636	0.233219886363636	0.081389772727273	0.054303409090909	0.262898295454545	0.064677840909091		1
000034:	0.000693181818182	0.002766477272727	0.152886931818182	0.002006818181818	0.836301136363636	0.001357386363636	0.003988068181818		1
000035:	0.085969886363636	0.068053409090909	0.356160795454545	0.051781818181818	0.079041477272727	0.066721022727273	0.292271590909091		1
000036:	0.073000568181818	0.127177840909091	0.366563636363636	0.190144318181818	0.141844318181818	0.053021590909091	0.048247727272727		1
000037:	0.035014772727273	0.071203977272727	0.529163068181818	0.199413068181818	0.034759659090909	0.072631250000000	0.057814204545455		1
000038:	0.332261931818182	0.066350000000000	0.088514772727273	0.126985795454545	0.082778409090909	0.114057954545455	0.189051136363636		1
000039:	0.027306250000000	0.085709090909091	0.246738636363636	0.101615340909091	0.031598295454545	0.377882954545455	0.129149431818182		1
000040:	0.016777272727273	0.012096590909091	0.045518181818182	0.839128409090909	0.012180681818182	0.041421022727273	0.032877840909091		1
000041:	0.043975568181818	0.150758522727273	0.390621022727273	0.256249431818182	0.042403977272727	0.054296022727273	0.061695454545455		1
000042:	0.062060227272727	0.077514204545455	0.335888636363636	0.172605113636364	0.046401704545455	0.123903977272727	0.181626136363636		1
000043:	0.183912500000000	0.093340909090909	0.272438636363636	0.157161363636364	0.052077840909091	0.198343750000000	0.042725000000000		1
000044:	0.064517045454545	0.229772727272727	0.381069886363636	0.137568750000000	0.035775568181818	0.090202272727273	0.061093750000000		1
000045:	0.017130681818182	0.104465909090909	0.700515909090909	0.032884659090909	0.022951136363636	0.060744318181818	0.061307386363636		1
000046:	0.059023295454545	0.074492045454545	0.318828977272727	0.082556250000000	0.123828977272727	0.248343181818182	0.092927272727273		1
000047:	0.331599431818182	0.105567613636364	0.194502840909091	0.126078409090909	0.117555113636364	0.064003977272727	0.060692613636364		1
000048:	0.420502840909091	0.174230113636364	0.040334090909091	0.084393750000000	0.043919886363636	0.216700568181818	0.019918750000000		1
000049:	0.176125000000000	0.212429545454545	0.078007386363636	0.095127272727273	0.052402840909091	0.343922159090909	0.041985795454545		1
000050:	0.013648295454545	0.071290909090909	0.235190909090909	0.151891477272727	0.174589772727273	0.342406250000000	0.010982386363636		1
000051:	0.021357954545455	0.089356818181818	0.022006818181818	0.814440340909091	0.023668181818182	0.020371590909091	0.008798295454545		1
000052:	0.024137500000000	0.034634659090909	0.027503977272727	0.867681818181818	0.018976704545455	0.021086363636364	0.005978977272727		1
000053:	0.051992045454545	0.183491477272727	0.178248863636364	0.220511363636364	0.045481250000000	0.270577272727273	0.049697727272727		1
000054:	0.173371022727273	0.094204545454545	0.217465909090909	0.084390340909091	0.080560227272727	0.108321590909091	0.241686363636364		1
000055:	0.024320454545455	0.565663068181818	0.053038636363636	0.135952840909091	0.050630681818182	0.152934090909091	0.017460227272727		1
000056:	0.027689772727273	0.485896022727273	0.098071022727273	0.099698863636364	0.050763068181818	0.204515909090909	0.033365340909091		1
000057:	0.032173295454545	0.248566477272727	0.218438068181818	0.202834090909091	0.110909090909091	0.143315909090909	0.043763068181818		1
000058:	0.037144886363636	0.135706250000000	0.035656250000000	0.030384659090909	0.046473863636364	0.643763636363636	0.070870454545455		1
000059:	0.026494318181818	0.188468750000000	0.270475000000000	0.041304545454545	0.028080681818182	0.392616477272727	0.052560227272727		1
000060:	0.033589204545455	0.627595454545455	0.036042613636364	0.069817045454545	0.025884090909091	0.187833522727273	0.019238068181818		1
000061:	0.046813636363636	0.388011363636364	0.063063636363636	0.070128977272727	0.041811363636364	0.370640340909091	0.019530681818182		1
000062:	0.013345454545455	0.020769318181818	0.022800568181818	0.882753409090909	0.017825568181818	0.029732954545455	0.012772727272727		1
000063:	0.017466477272727	0.056663068181818	0.027632386363636	0.788781818181818	0.069925000000000	0.022341477272727	0.017189772727273		1
000064:	0.023072727272727	0.048711363636364	0.019607386363636	0.746588636363636	0.121414204545455	0.029411363636364	0.011194318181818		1
000065:	0.049879545454545	0.356993750000000	0.033255681818182	0.104134090909091	0.040241477272727	0.395509659090909	0.019985795454545		1
000066:	0.016627272727273	0.646118181818182	0.198360227272727	0.070923295454545	0.013831818181818	0.033070454545455	0.021068750000000		1
000067:	0.036782954545455	0.031237500000000	0.023681818181818	0.790256818181818	0.046438068181818	0.054531818181818	0.017071022727273		1
000068:	0.010370454545455	0.138513636363636	0.074043750000000	0.019615340909091	0.007702840909091	0.734850568181818	0.014903409090909		1
000069:	0.068225000000000	0.315185227272727	0.209881250000000	0.076689204545455	0.029811363636364	0.278076136363636	0.022131818181818		1
000070:	0.059850000000000	0.358717045454545	0.076439204545455	0.262177840909091	0.058341477272727	0.057526704545455	0.126947727272727		1
000071:	0.099072727272727	0.244410227272727	0.123077272727273	0.038017613636364	0.039870454545455	0.408562500000000	0.046989204545455		1
000072:	0.024443181818182	0.457305681818182	0.054259659090909	0.200152272727273	0.062234659090909	0.176115340909091	0.025489204545455		1
000073:	0.079213068181818	0.497325568181818	0.084544318181818	0.074225000000000	0.073259659090909	0.144175568181818	0.047256818181818		1
000074:	0.044153409090909	0.070443181818182	0.295212500000000	0.172375568181818	0.032536931818182	0.197825568181818	0.187452840909091		1
000075:	0.138952272727273	0.204940909090909	0.155256250000000	0.085696022727273	0.085716477272727	0.236214772727273	0.093223295454545		1
000076:	0.103668181818182	0.087385795454545	0.149145454545455	0.051466477272727	0.333557386363636	0.089526704545455	0.185250000000000		1
000077:	0.222857386363636	0.073767613636364	0.167150568181818	0.101275000000000	0.152373295454545	0.209042613636364	0.073533522727273		1
000078:	0.367331250000000	0.302330681818182	0.065665340909091	0.060649431818182	0.037748295454545	0.146053977272727	0.020221022727273		1
000079:	0.047283522727273	0.074853977272727	0.094996590909091	0.094776136363636	0.031483522727273	0.607338636363636	0.049267613636364		1
000080:	0.132061363636364	0.048696590909091	0.176218181818182	0.027767045454545	0.033480113636364	0.479821590909091	0.101955113636364		1
000081:	0.071026136363636	0.627893750000000	0.089190909090909	0.044179545454545	0.045705681818182	0.100959090909091	0.021044886363636		1
000082:	0.052793750000000	0.354402272727273	0.048942045454545	0.064068750000000	0.061344318181818	0.396930681818182	0.021518181818182		1
000083:	0.037057954545455	0.625069318181818	0.068614772727273	0.027550568181818	0.032057954545455	0.170739204545455	0.038910227272727		1
000084:	0.064479545454545	0.017623295454545	0.027140340909091	0.819888068181818	0.021807386363636	0.024476704545455	0.024584659090909		1
000085:	0.083143750000000	0.242009090909091	0.324838636363636	0.137422159090909	0.098014204545455	0.057343181818182	0.057228977272727		1
000086:	0.053802272727273	0.071265340909091	0.173289204545455	0.444225568181818	0.059976136363636	0.135115340909091	0.062326136363636		1
000087:	0.050806250000000	0.542724431818182	0.253827840909091	0.034427272727273	0.020117045454545	0.079609659090909	0.018487500000000		1
000088:	0.040998863636364	0.081989772727273	0.700678409090909	0.053818181818182	0.029107954545455	0.058088636363636	0.035318181818182		1
000089:	0.058656818181818	0.098044318181818	0.540450000000000	0.055278977272727	0.080907954545455	0.127690340909091	0.038971590909091		1
000090:	0.050917045454545	0.156609659090909	0.292886363636364	0.148400000000000	0.053778977272727	0.114515340909091	0.182892613636364		1
000091:	0.066010227272727	0.049518750000000	0.104118181818182	0.058476704545455	0.115683522727273	0.342913636363636	0.263278977272727		1
000092:	0.035177840909091	0.436470454545455	0.051309090909091	0.050044886363636	0.036073863636364	0.353983522727273	0.036940340909091		1
000093:	0.039050568181818	0.375468750000000	0.204122159090909	0.081805681818182	0.067870454545455	0.137257954545455	0.094424431818182		1
000094:	0.039706250000000	0.100671590909091	0.092818750000000	0.038495454545455	0.027795454545455	0.627975568181818	0.072536931818182		1
000095:	0.242265340909091	0.376346590909091	0.036620454545455	0.081198863636364	0.125553977272727	0.088654545454545	0.049360227272727		1
000096:	0.017997159090909	0.017808522727273	0.027372727272727	0.873807954545455	0.012946022727273	0.033710795454545	0.016356818181818		1
000097:	0.047848295454545	0.168010227272727	0.325955113636364	0.054028977272727	0.023650568181818	0.330578409090909	0.049928409090909		1
000098:	0.038189204545455	0.280417613636364	0.116704545454545	0.022711363636364	0.012814204545455	0.513605681818182	0.015557386363636		1
000099:	0.068197727272727	0.143932954545455	0.194848295454545	0.415867045454545	0.051708522727273	0.095065340909091	0.030380113636364		1
000100:	0.039497727272727	0.162582954545455	0.038155113636364	0.623836931818182	0.017935795454545	0.106059659090909	0.011931818181818		1
000101:	0.027124431818182	0.052285227272727	0.716723863636364	0.106167045454545	0.025842613636364	0.050670454545455	0.021186363636364		1
000102:	0.037754545454545	0.168393181818182	0.257942613636364	0.135738636363636	0.063133522727273	0.293723295454545	0.043314204545455		1
000103:	0.089048295454545	0.275757386363636	0.097072727272727	0.067618750000000	0.058885227272727	0.237756250000000	0.173861363636364		1
000104:	0.107635227272727	0.133263068181818	0.046077840909091	0.637626704545455	0.021278409090909	0.041470454545455	0.012648295454545		1
000105:	0.033456250000000	0.096545454545455	0.384088636363636	0.297679545454545	0.030298863636364	0.117249431818182	0.040681818181818		1
000106:	0.101448295454545	0.146571590909091	0.518807386363636	0.048507954545455	0.022918181818182	0.122371022727273	0.039375568181818		1
000107:	0.036198863636364	0.303194886363636	0.131516477272727	0.349497159090909	0.027550568181818	0.127973863636364	0.024068181818182		1
000108:	0.040443181818182	0.046773863636364	0.073275000000000	0.626785795454545	0.025677840909091	0.121657954545455	0.065386363636364		1
000109:	0.051817613636364	0.215130681818182	0.494865340909091	0.098843750000000	0.029660227272727	0.059577272727273	0.050105113636364		1
000110:	0.176850568181818	0.027233522727273	0.038009659090909	0.056567613636364	0.046796590909091	0.042748295454545	0.611793750000000		1
000111:	0.042626136363636	0.631325000000000	0.080567613636364	0.014413068181818	0.203397159090909	0.012816477272727	0.014854545454545		1
000112:	0.072181250000000	0.037739772727273	0.481876704545455	0.099352840909091	0.040435795454545	0.113679545454545	0.154734090909091		1
000113:	0.112026136363636	0.400794318181818	0.074091477272727	0.082093181818182	0.024362500000000	0.107002840909091	0.199629545454545		1
000114:	0.107851704545455	0.090657954545455	0.254880113636364	0.038675568181818	0.189214772727273	0.214247159090909	0.104472727272727		1
000115:	0.077159090909091	0.447504545454545	0.140604545454545	0.057802272727273	0.034859090909091	0.164751136363636	0.077319318181818		1
000116:	0.028696590909091	0.130531250000000	0.052344886363636	0.254184659090909	0.039190340909091	0.463240340909091	0.031811931818182		1
000117:	0.073601704545455	0.125384090909091	0.472455681818182	0.091001136363636	0.075368750000000	0.115575568181818	0.046613068181818		1
000118:	0.076944886363636	0.174254545454545	0.095239772727273	0.304930113636364	0.078007386363636	0.238570454545455	0.032052840909091		1
000119:	0.050885795454545	0.360453977272727	0.314859659090909	0.132117045454545	0.024639772727273	0.061106250000000	0.055937500000000		1
000120:	0.177089204545455	0.154935227272727	0.056561931818182	0.477022727272727	0.030694886363636	0.048187500000000	0.055508522727273		1
000121:	0.128185227272727	0.261314204545455	0.150334090909091	0.138339772727273	0.072384090909091	0.126465340909091	0.122977272727273		1
000122:	0.028425000000000	0.225427840909091	0.179651136363636	0.121368181818182	0.020114772727273	0.402780113636364	0.022232954545455		1
000123:	0.038265340909091	0.125185227272727	0.035460227272727	0.039484659090909	0.044869886363636	0.659271022727273	0.057463636363636		1
000124:	0.457392045454545	0.071197159090909	0.228311363636364	0.038133522727273	0.066670454545455	0.064228409090909	0.074067045454545		1
000125:	0.343702840909091	0.144589204545455	0.052738068181818	0.143460795454545	0.178932386363636	0.095931250000000	0.040645454545455		1
000126:	0.114409659090909	0.012401136363636	0.012456818181818	0.018050568181818	0.472392613636364	0.006079545454545	0.364209659090909		1
000127:	0.057254545454545	0.290330681818182	0.181563068181818	0.225939204545455	0.054436363636364	0.131695454545455	0.058780681818182		1
000128:	0.368830681818182	0.144060227272727	0.076782386363636	0.084385227272727	0.023747727272727	0.278687500000000	0.023506250000000		1
000129:	0.020403409090909	0.082304545454545	0.417305113636364	0.031741477272727	0.028359659090909	0.374525568181818	0.045360227272727		1
000130:	0.172042613636364	0.194731250000000	0.040873863636364	0.056774431818182	0.026569318181818	0.472588636363636	0.036419886363636		1
000131:	0.019348295454545	0.954668181818182	0.000293750000000	0.000567613636364	0.000192045454545	0.024735795454545	0.000194318181818		1
000132:	0.026117613636364	0.062433522727273	0.051425000000000	0.739798295454545	0.053311931818182	0.043505681818182	0.023407954545455		1
000133:	0.332329545454545	0.052659090909091	0.155709090909091	0.079181250000000	0.100269318181818	0.146658522727273	0.133193181818182		1
000134:	0.056929545454545	0.102583522727273	0.113692045454545	0.098222159090909	0.054488068181818	0.473200568181818	0.100884090909091		1
000135:	0.044065340909091	0.126371590909091	0.500734090909091	0.034356818181818	0.053612500000000	0.087085227272727	0.153774431818182		1
000136:	0.107632386363636	0.247909659090909	0.098948295454545	0.095861363636364	0.052535795454545	0.363139772727273	0.033972727272727		1
000137:	0.078497159090909	0.171981818181818	0.203813636363636	0.073299431818182	0.048035795454545	0.261884659090909	0.162487500000000		1
000138:	0.137183522727273	0.289047159090909	0.132888636363636	0.068675000000000	0.132724431818182	0.164426704545455	0.075054545454545		1
000139:	0.091422159090909	0.510179545454545	0.160365340909091	0.054627272727273	0.031793181818182	0.046375568181818	0.105236931818182		1
000140:	0.010803409090909	0.031423863636364	0.078239772727273	0.031094886363636	0.019534090909091	0.096341477272727	0.732562500000000		1
000141:	0.485992045454545	0.052812500000000	0.043224431818182	0.298270454545455	0.055463068181818	0.031331250000000	0.032906250000000		1
000142:	0.027497159090909	0.381048295454545	0.213553409090909	0.090710795454545	0.027325000000000	0.210256250000000	0.049609090909091		1
000143:	0.131027840909091	0.464223295454545	0.115268750000000	0.040698863636364	0.021134090909091	0.179985795454545	0.047661363636364		1
000144:	0.159159090909091	0.203459090909091	0.215478977272727	0.226930113636364	0.053886931818182	0.089202840909091	0.051882954545455		1
000145:	0.014198863636364	0.094364204545455	0.081738068181818	0.715895454545455	0.029577272727273	0.024397727272727	0.039828409090909		1
000146:	0.044855113636364	0.160315909090909	0.081646022727273	0.199667045454545	0.028036931818182	0.110576704545455	0.374902272727273		1
000147:	0.054214204545455	0.463118750000000	0.109830113636364	0.103699431818182	0.060290909090909	0.184282954545455	0.024563636363636		1
000148:	0.091869886363636	0.262299431818182	0.047496022727273	0.035935227272727	0.021021022727273	0.506057386363636	0.035321022727273		1
000149:	0.002440340909091	0.001265340909091	0.003428977272727	0.001613068181818	0.000848863636364	0.001500568181818	0.988902840909091		1
000150:	0.043164772727273	0.088065909090909	0.459940909090909	0.087329545454545	0.052627272727273	0.196902840909091	0.071968750000000		1
000151:	0.586526136363636	0.039432386363636	0.059326136363636	0.234196590909091	0.024459659090909	0.022572727272727	0.033486363636364		1
000152:	0.005713636363636	0.004428977272727	0.354432954545455	0.302208522727273	0.011218750000000	0.315660227272727	0.006336931818182		1
000153:	0.047630113636364	0.184226704545455	0.476218750000000	0.163447727272727	0.031575000000000	0.042497727272727	0.054403977272727		1
000154:	0.029236931818182	0.519723295454545	0.045818750000000	0.300577840909091	0.031176704545455	0.041048295454545	0.032418181818182		1
000155:	0.015918750000000	0.070052840909091	0.068428409090909	0.320927840909091	0.343153977272727	0.112894886363636	0.068623295454545		1
000156:	0.079484659090909	0.091201704545455	0.352259090909091	0.367484659090909	0.048341477272727	0.039722727272727	0.021505681818182		1
000157:	0.019522159090909	0.062069318181818	0.013858522727273	0.815475568181818	0.053021022727273	0.024942613636364	0.011110795454545		1
000158:	0.078357386363636	0.092181250000000	0.052839772727273	0.141786931818182	0.568972727272727	0.041734659090909	0.024127272727273		1
000159:	0.083646590909091	0.039298295454545	0.128974431818182	0.436497159090909	0.214731818181818	0.052884090909091	0.043967613636364		1
000160:	0.007589772727273	0.015222727272727	0.002943181818182	0.008845454545455	0.958911363636364	0.004008522727273	0.002478977272727		1
000161:	0.019834090909091	0.040302272727273	0.008530681818182	0.023481818181818	0.794622159090909	0.102593750000000	0.010635227272727		1
000162:	0.087471590909091	0.115010227272727	0.268017045454545	0.033539772727273	0.300363068181818	0.055117045454545	0.140481250000000		1
000163:	0.029189204545455	0.821163068181818	0.015139204545455	0.058589204545455	0.041560227272727	0.027375000000000	0.006984090909091		1
000164:	0.026079545454545	0.085656250000000	0.011252840909091	0.647839772727273	0.169095454545455	0.048040340909091	0.012035795454545		1
000165:	0.127318181818182	0.632218750000000	0.012620454545455	0.065447727272727	0.104269318181818	0.041407954545455	0.016717613636364		1
000166:	0.026094318181818	0.832001136363636	0.012853977272727	0.023572159090909	0.047415340909091	0.048363636363636	0.009699431818182		1
000167:	0.312047159090909	0.339164204545455	0.046473863636364	0.063610795454545	0.143672727272727	0.072935227272727	0.022096022727273		1
000168:	0.091720454545455	0.112964204545455	0.132982954545455	0.400262500000000	0.069784659090909	0.157661363636364	0.034623863636364		1
000169:	0.110506250000000	0.277956818181818	0.192859090909091	0.055787500000000	0.025343750000000	0.310300000000000	0.027246590909091		1
000170:	0.038631818181818	0.261107386363636	0.031125568181818	0.024665909090909	0.026156818181818	0.594547159090909	0.023765340909091		1
000171:	0.000690909090909	0.000592613636364	0.001696590909091	0.000685795454545	0.000398295454545	0.000464204545455	0.995471590909091		1
000172:	0.036485227272727	0.586852272727273	0.095446590909091	0.070880113636364	0.072254545454545	0.057030113636364	0.081051136363636		1
000173:	0.002467045454545	0.004617045454545	0.014524431818182	0.015166477272727	0.652117613636364	0.309958522727273	0.001148863636364		1
000174:	0.017094318181818	0.412298863636364	0.126141477272727	0.035107954545455	0.014842045454545	0.327437500000000	0.067077840909091		1
000175:	0.017378977272727	0.027627840909091	0.031702840909091	0.867406818181818	0.017811363636364	0.025711931818182	0.012360227272727		1
000176:	0.277505681818182	0.143639204545455	0.207278977272727	0.126997727272727	0.045125000000000	0.169929545454545	0.029523863636364		1
000177:	0.059128409090909	0.151657386363636	0.310939772727273	0.117443181818182	0.021759659090909	0.298256818181818	0.040814772727273		1
000178:	0.035659090909091	0.259810795454545	0.125385795454545	0.243184659090909	0.013971590909091	0.310131818181818	0.011856250000000		1
000179:	0.020334659090909	0.033358522727273	0.045985795454545	0.845016477272727	0.013248863636364	0.025768750000000	0.016286931818182		1
000180:	0.005240909090909	0.026463068181818	0.042362500000000	0.903056818181818	0.006834659090909	0.008439772727273	0.007602272727273		1
000181:	0.053104545454545	0.049405113636364	0.039896590909091	0.747680681818182	0.064123295454545	0.028064772727273	0.017725000000000		1
000182:	0.108059659090909	0.201444318181818	0.221218750000000	0.185253977272727	0.066803977272727	0.096621022727273	0.120598295454545		1
000183:	0.019963068181818	0.022047159090909	0.047636363636364	0.865307386363636	0.013317613636364	0.023643181818182	0.008085227272727		1
000184:	0.040739772727273	0.083852840909091	0.070498863636364	0.130600568181818	0.028859659090909	0.480745454545455	0.164702840909091		1
000185:	0.100753977272727	0.127239204545455	0.307003977272727	0.115676704545455	0.058291477272727	0.191438636363636	0.099596022727273		1
000186:	0.136657386363636	0.020405681818182	0.053142045454545	0.574682386363636	0.014413068181818	0.153190340909091	0.047509090909091		1
000187:	0.008731818181818	0.011008522727273	0.014388068181818	0.884317045454545	0.007292613636364	0.064230681818182	0.010031250000000		1
000188:	0.152328409090909	0.074430113636364	0.069785795454545	0.427000568181818	0.181631818181818	0.048302272727273	0.046521022727273		1
000189:	0.037837500000000	0.733714772727273	0.041184090909091	0.043177272727273	0.017762500000000	0.118084659090909	0.008239204545455		1
000190:	0.001185227272727	0.916705113636364	0.021416477272727	0.008532954545455	0.003035227272727	0.002488636363636	0.046636363636364		1
000191:	0.049440909090909	0.496382954545455	0.249609659090909	0.066317045454545	0.023158522727273	0.095288068181818	0.019802840909091		1
000192:	0.124332386363636	0.087996022727273	0.405760795454545	0.091379545454545	0.081089204545455	0.167631250000000	0.041810795454545		1
000193:	0.104874431818182	0.253302840909091	0.289048863636364	0.159252840909091	0.049778977272727	0.077813068181818	0.065928977272727		1
000194:	0.033905681818182	0.271648295454545	0.129794886363636	0.066146022727273	0.033454545454545	0.391024431818182	0.074026136363636		1
000195:	0.138805681818182	0.136084659090909	0.466633522727273	0.084838068181818	0.022992613636364	0.128730681818182	0.021914772727273		1
000196:	0.736631818181818	0.070507954545455	0.015789204545455	0.037031818181818	0.115940909090909	0.017189204545455	0.006909090909091		1
000197:	0.001991477272727	0.003624431818182	0.002184659090909	0.686999431818182	0.295372159090909	0.004763068181818	0.005064772727273		1
000198:	0.041738068181818	0.243639772727273	0.264521590909091	0.099398295454545	0.247748295454545	0.063622159090909	0.039331818181818		1
000199:	0.053926136363636	0.429277272727273	0.068823295454545	0.111890909090909	0.251114772727273	0.060613636363636	0.024353977272727		1
000200:	0.257738068181818	0.101232954545455	0.028684659090909	0.035615340909091	0.260648295454545	0.297483522727273	0.018597159090909		1
000201:	0.060181250000000	0.106012500000000	0.034971590909091	0.695785795454545	0.046440340909091	0.045592613636364	0.011015909090909		1
000202:	0.042333522727273	0.547863636363636	0.052538636363636	0.229903409090909	0.034830681818182	0.041623295454545	0.050906818181818		1
000203:	0.083819318181818	0.244045454545455	0.093183522727273	0.142306250000000	0.077185795454545	0.312523863636364	0.046935795454545		1
000204:	0.052959090909091	0.356834659090909	0.044838636363636	0.363741477272727	0.058806250000000	0.090241477272727	0.032578409090909		1
000205:	0.031722159090909	0.298365340909091	0.079986363636364	0.278916477272727	0.108098863636364	0.142657954545455	0.060252840909091		1
000206:	0.089731818181818	0.097596590909091	0.047590909090909	0.121639772727273	0.020264772727273	0.497891477272727	0.125284659090909		1
000207:	0.219221022727273	0.067486931818182	0.425893750000000	0.039556818181818	0.054970454545455	0.159444886363636	0.033426136363636		1
000208:	0.170061931818182	0.291212500000000	0.121439204545455	0.258506250000000	0.020219318181818	0.106550568181818	0.032010227272727		1
000209:	0.112108522727273	0.079560227272727	0.060047727272727	0.508492045454545	0.082348295454545	0.130897159090909	0.026546022727273		1
000210:	0.012007386363636	0.048146022727273	0.593285227272727	0.240475568181818	0.024547727272727	0.067386931818182	0.014151136363636		1
000211:	0.109502840909091	0.587168181818182	0.096036363636364	0.063877840909091	0.029551136363636	0.093113636363636	0.020750000000000		1
000212:	0.132311931818182	0.118285227272727	0.036425000000000	0.154606250000000	0.328267045454545	0.213650568181818	0.016453977272727		1
000213:	0.012085227272727	0.069288068181818	0.009094318181818	0.752124431818182	0.098019318181818	0.014543750000000	0.044844886363636		1
000214:	0.432201136363636	0.134875568181818	0.052613636363636	0.081199431818182	0.210330113636364	0.058192045454545	0.030588068181818		1
000215:	0.161084659090909	0.141898295454545	0.055036931818182	0.077432386363636	0.173702840909091	0.297571022727273	0.093273863636364		1
000216:	0.052310795454545	0.075975000000000	0.022940340909091	0.560361363636364	0.228914772727273	0.040798863636364	0.018698863636364		1
000217:	0.160703977272727	0.160543181818182	0.019630681818182	0.163383522727273	0.398345454545455	0.038395454545455	0.058997727272727		1
000218:	0.187492045454545	0.352767613636364	0.020963068181818	0.230421590909091	0.155341477272727	0.037996590909091	0.015017613636364		1
000219:	0.055165340909091	0.042114772727273	0.006355681818182	0.036534659090909	0.688721590909091	0.162052272727273	0.009055681818182		1
000220:	0.065518181818182	0.131230681818182	0.013677272727273	0.398300000000000	0.288501136363636	0.059695454545455	0.043077272727273		1
000221:	0.108518750000000	0.307881818181818	0.023522159090909	0.170356818181818	0.226317045454545	0.142068750000000	0.021334659090909		1
000222:	0.034797727272727	0.087766477272727	0.014355681818182	0.485470454545455	0.262723295454545	0.099160795454545	0.015725568181818		1
000223:	0.124698863636364	0.147898295454545	0.125797159090909	0.322135795454545	0.142138068181818	0.068760795454545	0.068571022727273		1
000224:	0.032873295454545	0.046457386363636	0.116105681818182	0.060966477272727	0.041110795454545	0.536746590909091	0.165739772727273		1
000225:	0.020046022727273	0.057305113636364	0.299548295454545	0.036397727272727	0.048256250000000	0.434035227272727	0.104411363636364		1
000226:	0.046971022727273	0.158330681818182	0.074133522727273	0.075446590909091	0.130955113636364	0.468061363636364	0.046101704545455		1
000227:	0.034019886363636	0.037582954545455	0.327291477272727	0.049746590909091	0.085411363636364	0.358394318181818	0.107553409090909		1
000228:	0.013233522727273	0.019485227272727	0.074034659090909	0.017231818181818	0.258172159090909	0.025126136363636	0.592716477272727		1
000229:	0.010324431818182	0.023703977272727	0.009709659090909	0.025730113636364	0.012643750000000	0.899247727272727	0.018640340909091		1
000230:	0.058317045454545	0.018452272727273	0.022330681818182	0.059572159090909	0.724591477272727	0.049665909090909	0.067070454545455		1
000231:	0.051245454545455	0.099248295454545	0.180412500000000	0.035289204545455	0.119007954545455	0.405273295454545	0.109523295454545		1
000232:	0.668607386363636	0.002398295454545	0.003790909090909	0.020739204545455	0.012378409090909	0.003825568181818	0.288260227272727		1
000233:	0.033727840909091	0.022898295454545	0.288182954545455	0.033410795454545	0.113745454545455	0.423932954545455	0.084101704545455		1
000234:	0.025807954545455	0.042018181818182	0.266533522727273	0.024285227272727	0.062568181818182	0.161647727272727	0.417139204545455		1
000235:	0.010919318181818	0.028695454545455	0.059804545454545	0.053005113636364	0.077654545454545	0.049809090909091	0.720111931818182		1
000236:	0.137059090909091	0.036071022727273	0.065121022727273	0.160098295454545	0.175454545454545	0.154330113636364	0.271865909090909		1
000237:	0.034585795454545	0.040558522727273	0.162722159090909	0.039618750000000	0.046808522727273	0.228044886363636	0.447661363636364		1
000238:	0.031426704545455	0.026662500000000	0.029889772727273	0.599525568181818	0.041836363636364	0.181652272727273	0.089006818181818		1
000239:	0.004458522727273	0.000527840909091	0.807982386363636	0.002236931818182	0.011200568181818	0.161746590909091	0.011847159090909		1
000240:	0.695076704545455	0.024256818181818	0.044357954545455	0.024785227272727	0.110580113636364	0.050834090909091	0.050109090909091		1
000241:	0.003488068181818	0.000357954545455	0.826337500000000	0.004236363636364	0.010226136363636	0.001201136363636	0.154152840909091		1
000242:	0.044742045454545	0.032105681818182	0.471194886363636	0.049285227272727	0.067090909090909	0.136396590909091	0.199184659090909		1
000243:	0.002631250000000	0.368881250000000	0.004136363636364	0.397473863636364	0.134772159090909	0.039163068181818	0.052942045454545		1
000244:	0.334744886363636	0.078546590909091	0.051247159090909	0.065488068181818	0.120119886363636	0.191643750000000	0.158209659090909		1
000245:	0.039225000000000	0.021021590909091	0.015106250000000	0.012553409090909	0.056766477272727	0.771182954545454	0.084144318181818		1
000246:	0.024660795454545	0.037400568181818	0.228778977272727	0.041592613636364	0.060109090909091	0.174889204545455	0.432568750000000		1
000247:	0.474982954545455	0.021530113636364	0.211768181818182	0.024733522727273	0.052745454545455	0.053798295454545	0.160441477272727		1
000248:	0.037229545454545	0.061556818181818	0.019007954545455	0.035719886363636	0.084248863636364	0.721813068181818	0.040423863636364		1
000249:	0.311638636363636	0.002172727272727	0.036063068181818	0.006298863636364	0.467884090909091	0.026207954545455	0.149734659090909		1
000250:	0.017271590909091	0.023289204545455	0.109114204545455	0.035997159090909	0.035539772727273	0.543195454545455	0.235592613636364		1
000251:	0.020443750000000	0.002333522727273	0.004980113636364	0.015267613636364	0.015541477272727	0.928799431818182	0.012634090909091		1
000252:	0.122015340909091	0.023257954545455	0.070710795454545	0.132250000000000	0.262360227272727	0.131519318181818	0.257886363636364		1
000253:	0.062139772727273	0.028159659090909	0.059453977272727	0.053688636363636	0.129153409090909	0.066270454545455	0.601134090909091		1
000254:	0.029899431818182	0.047788636363636	0.032780681818182	0.075067613636364	0.178271590909091	0.341165340909091	0.295026704545455		1
000255:	0.029367045454545	0.025784659090909	0.019388068181818	0.068750000000000	0.038453977272727	0.411553409090909	0.406702840909091		1
000256:	0.009531818181818	0.013277272727273	0.026560795454545	0.058845454545455	0.024475000000000	0.437784090909091	0.429525568181818		1
000257:	0.025203409090909	0.206441477272727	0.022422727272727	0.482686931818182	0.182603977272727	0.018090909090909	0.062550568181818		1
000258:	0.138578409090909	0.135338068181818	0.072046022727273	0.062014204545455	0.067801704545455	0.471764204545455	0.052457386363636		1
000259:	0.023640909090909	0.009077272727273	0.017061931818182	0.881708522727273	0.025721022727273	0.015836931818182	0.026953409090909		1
000260:	0.459861931818182	0.518681818181818	0.000543181818182	0.000891477272727	0.004051136363636	0.000450000000000	0.015520454545455		1
000261:	0.044159659090909	0.027664204545455	0.125142045454545	0.162836931818182	0.229796590909091	0.087948295454545	0.322452272727273		1
000262:	0.096825568181818	0.026358522727273	0.056848295454545	0.219618750000000	0.314165909090909	0.074843181818182	0.211339772727273		1
000263:	0.165501136363636	0.125295454545455	0.108702272727273	0.206637500000000	0.172575000000000	0.175286931818182	0.046001704545455		1
000264:	0.025156250000000	0.022726136363636	0.027864772727273	0.635916477272727	0.059650568181818	0.179492045454545	0.049193750000000		1
000265:	0.049741477272727	0.150333522727273	0.029016477272727	0.095746022727273	0.189750568181818	0.347654545454545	0.137757386363636		1
000266:	0.026274431818182	0.043456250000000	0.045294318181818	0.046492045454545	0.043985795454545	0.667753409090909	0.126743750000000		1
000267:	0.072811931818182	0.015825568181818	0.061535795454545	0.022300000000000	0.039222159090909	0.548496590909091	0.239807954545455		1
000268:	0.152518750000000	0.040623863636364	0.030989204545455	0.438929545454545	0.079452272727273	0.185550568181818	0.071935795454545		1
000269:	0.012342613636364	0.030021022727273	0.672447159090909	0.023411363636364	0.028039204545455	0.011104545454545	0.222634090909091		1
000270:	0.041551136363636	0.025439772727273	0.053739204545455	0.766953409090909	0.057006818181818	0.028440340909091	0.026869318181818		1
000271:	0.029619318181818	0.021916477272727	0.042778409090909	0.067345454545455	0.070504545454545	0.172034090909091	0.595801704545455		1
000272:	0.093064772727273	0.040857954545455	0.068932954545455	0.108651704545455	0.140457954545455	0.152732954545455	0.395301704545455		1
000273:	0.015239204545455	0.012175568181818	0.029489204545455	0.288067613636364	0.032588636363636	0.291278409090909	0.331161363636364		1
000274:	0.080396590909091	0.023902840909091	0.034662500000000	0.059210227272727	0.087992613636364	0.425028977272727	0.288806250000000		1
000275:	0.015267045454545	0.198118750000000	0.037578409090909	0.039178977272727	0.045511931818182	0.618875568181818	0.045469318181818		1
000276:	0.069900568181818	0.035493750000000	0.023592045454545	0.539317613636364	0.048969318181818	0.063987500000000	0.218739204545455		1
000277:	0.037336363636364	0.024659659090909	0.070314772727273	0.055035795454545	0.073838636363636	0.264233522727273	0.474581250000000		1
000278:	0.269550000000000	0.037444886363636	0.055181250000000	0.039590340909091	0.059882386363636	0.476905681818182	0.061445454545455		1
000279:	0.017650000000000	0.026460227272727	0.047298863636364	0.018005681818182	0.024476704545455	0.412003977272727	0.454104545454545		1
000280:	0.318024431818182	0.031084090909091	0.049424431818182	0.104991477272727	0.263783522727273	0.146122159090909	0.086569886363636		1
000281:	0.039902272727273	0.026056250000000	0.188482386363636	0.154093750000000	0.033145454545455	0.087011363636364	0.471308522727273		1
000282:	0.053472159090909	0.037165340909091	0.162233522727273	0.209734659090909	0.201540340909091	0.150349431818182	0.185504545454545		1
000283:	0.028538636363636	0.012625568181818	0.011403977272727	0.759722727272727	0.094947159090909	0.062618750000000	0.030143181818182		1
000284:	0.043126136363636	0.021657386363636	0.024558522727273	0.056610227272727	0.107868750000000	0.340022159090909	0.406156818181818		1
000285:	0.039601704545455	0.032052272727273	0.082339204545455	0.024847159090909	0.125352272727273	0.133475568181818	0.562331818181818		1
000286:	0.033413636363636	0.046605113636364	0.103889772727273	0.274701704545455	0.071631250000000	0.200718750000000	0.269039772727273		1
000287:	0.003355113636364	0.158152840909091	0.008971590909091	0.028618750000000	0.019338636363636	0.758141477272727	0.023421590909091		1
000288:	0.040082954545455	0.055888636363636	0.053143181818182	0.166901136363636	0.174878977272727	0.367347159090909	0.141757954545455		1
