Estimated Clustering Probabilities for Samples
Sample	***Cluster  01***	***Cluster  02***	***Cluster  03***	***Cluster  04***	
000001:	0.015476136363636	0.154885227272727	0.088525000000000	0.741113636363636		1
000002:	0.005335795454545	0.044092613636364	0.060596022727273	0.889975568181818		1
000003:	0.020048863636364	0.039734090909091	0.061055113636364	0.879161931818182		1
000004:	0.005093181818182	0.033468750000000	0.026953977272727	0.934484090909091		1
000005:	0.004542045454545	0.039630681818182	0.027040909090909	0.928786363636364		1
000006:	0.026414204545455	0.046105681818182	0.035448863636364	0.892031250000000		1
000007:	0.008265909090909	0.029152840909091	0.107047727272727	0.855533522727273		1
000008:	0.009175568181818	0.029572727272727	0.044377840909091	0.916873863636364		1
000009:	0.008916477272727	0.040095454545455	0.033964204545455	0.917023863636364		1
000010:	0.009449431818182	0.096277272727273	0.030123863636364	0.864149431818182		1
000011:	0.122679545454545	0.172968181818182	0.091186931818182	0.613165340909091		1
000012:	0.184289772727273	0.506513068181818	0.027553409090909	0.281643750000000		1
000013:	0.428556250000000	0.376765909090909	0.023921590909091	0.170756250000000		1
000014:	0.153198863636364	0.105814204545455	0.036126704545455	0.704860227272727		1
000015:	0.031577272727273	0.116915909090909	0.019657386363636	0.831849431818182		1
000016:	0.062100000000000	0.069939772727273	0.036798295454545	0.831161931818182		1
000017:	0.032911363636364	0.476382386363636	0.047276704545455	0.443429545454545		1
000018:	0.266190909090909	0.598024431818182	0.016823863636364	0.118960795454545		1
000019:	0.172811931818182	0.304717613636364	0.027557386363636	0.494913068181818		1
000020:	0.047131818181818	0.377260795454545	0.023077840909091	0.552529545454545		1
000021:	0.044889772727273	0.758825568181818	0.103627272727273	0.092657386363636		1
000022:	0.054769886363636	0.643470454545455	0.020110795454545	0.281648863636364		1
000023:	0.243498295454545	0.389461363636364	0.073036363636364	0.294003977272727		1
000024:	0.260578409090909	0.243828409090909	0.022096590909091	0.473496590909091		1
000025:	0.426123863636364	0.298506818181818	0.028224431818182	0.247144886363636		1
000026:	0.061598863636364	0.770998295454545	0.027424431818182	0.139978409090909		1
000027:	0.107166477272727	0.784855113636364	0.017406250000000	0.090572159090909		1
000028:	0.048621590909091	0.364380113636364	0.195369886363636	0.391628409090909		1
000029:	0.124216477272727	0.526160227272727	0.030639772727273	0.318983522727273		1
000030:	0.177931250000000	0.227406250000000	0.072917045454545	0.521745454545455		1
000031:	0.134938068181818	0.781529545454545	0.017574431818182	0.065957954545455		1
000032:	0.062365909090909	0.799355681818182	0.034111931818182	0.104166477272727		1
000033:	0.059547159090909	0.615094318181818	0.064280681818182	0.261077840909091		1
000034:	0.085558522727273	0.215368750000000	0.026850000000000	0.672222727272727		1
000035:	0.191804545454545	0.594210227272727	0.091592613636364	0.122392613636364		1
000036:	0.052446590909091	0.536804545454545	0.068260227272727	0.342488636363636		1
000037:	0.067241477272727	0.763066477272727	0.014215340909091	0.155476704545455		1
000038:	0.397457954545455	0.157504545454545	0.126408522727273	0.318628977272727		1
000039:	0.184342613636364	0.589024431818182	0.025439204545455	0.201193750000000		1
000040:	0.191821022727273	0.120381250000000	0.034359659090909	0.653438068181818		1
000041:	0.080832954545455	0.639325568181818	0.029576136363636	0.250265340909091		1
000042:	0.307279545454545	0.547663636363636	0.027558522727273	0.117498295454545		1
000043:	0.052492045454545	0.246239204545455	0.036255681818182	0.665013068181818		1
000044:	0.059693750000000	0.540330681818182	0.036469886363636	0.363505681818182		1
000045:	0.075893750000000	0.826276704545455	0.014818181818182	0.083011363636364		1
000046:	0.104017613636364	0.560689772727273	0.140448295454545	0.194844318181818		1
000047:	0.126768181818182	0.332507954545455	0.068203977272727	0.472519886363636		1
000048:	0.033516477272727	0.054562500000000	0.024515340909091	0.887405681818182		1
000049:	0.059047159090909	0.170267045454545	0.027699431818182	0.742986363636364		1
000050:	0.112603409090909	0.342010795454545	0.042707954545455	0.502677840909091		1
000051:	0.040894886363636	0.048669886363636	0.057555113636364	0.852880113636364		1
000052:	0.020238636363636	0.057281818181818	0.025310795454545	0.897168750000000		1
000053:	0.072014204545455	0.382896590909091	0.032820454545455	0.512268750000000		1
000054:	0.407802840909091	0.281425000000000	0.048216477272727	0.262555681818182		1
000055:	0.027838068181818	0.093177840909091	0.024682386363636	0.854301704545455		1
000056:	0.047117613636364	0.310290340909091	0.032858522727273	0.609733522727273		1
000057:	0.030540909090909	0.475779545454545	0.054834090909091	0.438845454545455		1
000058:	0.169327272727273	0.360247727272727	0.049226136363636	0.421198863636364		1
000059:	0.058955681818182	0.718163068181818	0.036354545454545	0.186526704545455		1
000060:	0.022327272727273	0.222223295454545	0.035526136363636	0.719923295454545		1
000061:	0.036823863636364	0.296756250000000	0.028788068181818	0.637631818181818		1
000062:	0.044026136363636	0.056839772727273	0.025215340909091	0.873918750000000		1
000063:	0.047354545454545	0.055617045454545	0.034521022727273	0.862507386363636		1
000064:	0.019959090909091	0.034310795454545	0.133033522727273	0.812696590909091		1
000065:	0.032127840909091	0.121374431818182	0.050043181818182	0.796454545454545		1
000066:	0.027067613636364	0.559191477272727	0.026857954545455	0.386882954545455		1
000067:	0.026089204545455	0.040374431818182	0.038625568181818	0.894910795454545		1
000068:	0.046040340909091	0.710200000000000	0.029316477272727	0.214443181818182		1
000069:	0.021051704545455	0.646429545454545	0.029122159090909	0.303396590909091		1
000070:	0.157378977272727	0.254534659090909	0.063759090909091	0.524327272727273		1
000071:	0.048763636363636	0.709597727272727	0.048686363636364	0.192952272727273		1
000072:	0.030879545454545	0.173668181818182	0.052589204545455	0.742863068181818		1
000073:	0.046258522727273	0.150546590909091	0.035382954545455	0.767811931818182		1
000074:	0.271911363636364	0.530822159090909	0.023976704545455	0.173289772727273		1
000075:	0.137989204545455	0.259492613636364	0.040295454545455	0.562222727272727		1
000076:	0.114606818181818	0.252381250000000	0.471196022727273	0.161815909090909		1
000077:	0.179092045454545	0.275353977272727	0.214099431818182	0.331454545454545		1
000078:	0.029379545454545	0.137469318181818	0.054487500000000	0.778663636363636		1
000079:	0.143097727272727	0.520064772727273	0.069703409090909	0.267134090909091		1
000080:	0.247209659090909	0.489617613636364	0.069357386363636	0.193815340909091		1
000081:	0.015692045454545	0.253876704545455	0.042338068181818	0.688093181818182		1
000082:	0.022468181818182	0.209821590909091	0.046009659090909	0.721700568181818		1
000083:	0.044117613636364	0.476918181818182	0.052785795454545	0.426178409090909		1
000084:	0.282828977272727	0.074687500000000	0.107752840909091	0.534730681818182		1
000085:	0.049670454545455	0.483442045454545	0.070763068181818	0.396124431818182		1
000086:	0.087442045454545	0.242493181818182	0.050910227272727	0.619154545454545		1
000087:	0.030910795454545	0.630793750000000	0.025916477272727	0.312378977272727		1
000088:	0.040144318181818	0.807057386363636	0.025436363636364	0.127361931818182		1
000089:	0.037379545454545	0.746601704545454	0.065707386363636	0.150311363636364		1
000090:	0.169775000000000	0.591390340909091	0.033247727272727	0.205586931818182		1
000091:	0.356780113636364	0.309784090909091	0.214640340909091	0.118795454545455		1
000092:	0.064730113636364	0.458542613636364	0.052982954545455	0.423744318181818		1
000093:	0.108798295454545	0.458711363636364	0.071912500000000	0.360577840909091		1
000094:	0.095910795454545	0.542405113636364	0.061086931818182	0.300597159090909		1
000095:	0.029691477272727	0.113944886363636	0.044808522727273	0.811555113636364		1
000096:	0.000294886363636	0.967632954545455	0.029861931818182	0.002210227272727		1
000097:	0.037429545454545	0.813857954545455	0.023985795454545	0.124726704545455		1
000098:	0.027446022727273	0.668105681818182	0.035718750000000	0.268729545454545		1
000099:	0.052678977272727	0.331376704545455	0.041586363636364	0.574357954545455		1
000100:	0.040665340909091	0.070734659090909	0.017610795454545	0.870989204545455		1
000101:	0.022520454545455	0.762922727272727	0.020840909090909	0.193715909090909		1
000102:	0.056901704545455	0.512773863636364	0.033463636363636	0.396860795454545		1
000103:	0.276680113636364	0.266915340909091	0.080541477272727	0.375863068181818		1
000104:	0.035881250000000	0.110079545454545	0.017097727272727	0.836941477272727		1
000105:	0.065395454545455	0.723479545454545	0.022165909090909	0.188959090909091		1
000106:	0.033024431818182	0.732525000000000	0.029202272727273	0.205248295454545		1
000107:	0.037909090909091	0.262556250000000	0.021101136363636	0.678433522727273		1
000108:	0.094478409090909	0.211608522727273	0.021275000000000	0.672638068181818		1
000109:	0.090889772727273	0.564814772727273	0.060611931818182	0.283683522727273		1
000110:	0.734707954545455	0.073847727272727	0.066240909090909	0.125203409090909		1
000111:	0.038539204545455	0.182644886363636	0.064948863636364	0.713867045454545		1
000112:	0.091743750000000	0.650877272727273	0.038909659090909	0.218469318181818		1
000113:	0.031584090909091	0.246456818181818	0.029881818181818	0.692077272727273		1
000114:	0.085156250000000	0.449528977272727	0.223296022727273	0.242018750000000		1
000115:	0.080625568181818	0.411648863636364	0.053338068181818	0.454387500000000		1
000116:	0.059292045454545	0.118760227272727	0.028993181818182	0.792954545454545		1
000117:	0.027238636363636	0.622061363636364	0.065101704545455	0.285598295454545		1
000118:	0.026539772727273	0.072463636363636	0.049036931818182	0.851959659090909		1
000119:	0.052680681818182	0.669484659090909	0.020594318181818	0.257240340909091		1
000120:	0.036040909090909	0.111596590909091	0.024255113636364	0.828107386363636		1
000121:	0.182300568181818	0.393143181818182	0.060752840909091	0.363803409090909		1
000122:	0.026433522727273	0.705617045454545	0.012747727272727	0.255201704545455		1
000123:	0.118323863636364	0.149436363636364	0.056581250000000	0.675658522727273		1
000124:	0.100384659090909	0.488577272727273	0.162709659090909	0.248328409090909		1
000125:	0.045267045454545	0.081642045454545	0.178855113636364	0.694235795454546		1
000126:	0.041628409090909	0.053736363636364	0.709898863636364	0.194736363636364		1
000127:	0.091658522727273	0.256660795454545	0.035338068181818	0.616342613636364		1
000128:	0.034833522727273	0.104322727272727	0.024926136363636	0.835917613636364		1
000129:	0.046606818181818	0.820480681818182	0.027783522727273	0.105128977272727		1
000130:	0.098727272727273	0.069145454545455	0.064689772727273	0.767437500000000		1
000131:	0.041756250000000	0.544038068181818	0.038739204545455	0.375466477272727		1
000132:	0.032960227272727	0.126536931818182	0.018543750000000	0.821959090909091		1
000133:	0.253136363636364	0.256732954545455	0.189534659090909	0.300596022727273		1
000134:	0.153073295454545	0.325102840909091	0.063760227272727	0.458063636363636		1
000135:	0.086986931818182	0.749742613636364	0.032077272727273	0.131193181818182		1
000136:	0.054638068181818	0.211068181818182	0.044223295454545	0.690070454545455		1
000137:	0.189396590909091	0.605935227272727	0.040578977272727	0.164089204545455		1
000138:	0.095139772727273	0.255282386363636	0.115396590909091	0.534181250000000		1
000139:	0.068240909090909	0.394681250000000	0.067311931818182	0.469765909090909		1
000140:	0.514323863636364	0.306231250000000	0.027451136363636	0.151993750000000		1
000141:	0.059744318181818	0.071821590909091	0.069633522727273	0.798800568181818		1
000142:	0.046128977272727	0.679344886363636	0.015758522727273	0.258767613636364		1
000143:	0.043748863636364	0.390392045454545	0.023216477272727	0.542642613636364		1
000144:	0.028423295454545	0.364590340909091	0.021936931818182	0.585049431818182		1
000145:	0.083503409090909	0.091129545454545	0.045559659090909	0.779807386363636		1
000146:	0.121836931818182	0.399019318181818	0.035906818181818	0.443236931818182		1
000147:	0.026151136363636	0.193003409090909	0.045171590909091	0.735673863636364		1
000148:	0.048509090909091	0.122092613636364	0.022956818181818	0.806441477272727		1
000149:	0.047711363636364	0.472818750000000	0.046817045454545	0.432652840909091		1
000150:	0.139720454545455	0.702486363636364	0.024298295454545	0.133494886363636		1
000151:	0.050046590909091	0.122632386363636	0.037881250000000	0.789439772727273		1
000152:	0.163120454545455	0.177744886363636	0.045852272727273	0.613282386363636		1
000153:	0.053047159090909	0.659783522727273	0.020271022727273	0.266898295454545		1
000154:	0.024496590909091	0.066289772727273	0.021519318181818	0.887694318181818		1
000155:	0.092065340909091	0.288188068181818	0.028822159090909	0.590924431818182		1
000156:	0.036448863636364	0.520814772727273	0.021175568181818	0.421560795454545		1
000157:	0.025438068181818	0.033244318181818	0.057303977272727	0.884013636363636		1
000158:	0.038604545454545	0.142172727272727	0.273566477272727	0.545656250000000		1
000159:	0.138789204545455	0.263881818181818	0.268827272727273	0.328501704545455		1
000160:	0.014546590909091	0.017228409090909	0.773056818181818	0.195168181818182		1
000161:	0.161025000000000	0.000637500000000	0.005846590909091	0.832490909090909		1
000162:	0.121188636363636	0.377014204545455	0.337865909090909	0.163931250000000		1
000163:	0.008375568181818	0.045560227272727	0.035273295454545	0.910790909090909		1
000164:	0.015567613636364	0.014644886363636	0.051857386363636	0.917930113636364		1
000165:	0.014049431818182	0.017784659090909	0.054800568181818	0.913365340909091		1
000166:	0.009982386363636	0.033706250000000	0.038727840909091	0.917583522727273		1
000167:	0.045290340909091	0.068972727272727	0.082582954545455	0.803153977272727		1
000168:	0.055157386363636	0.254111931818182	0.031798863636364	0.658931818181818		1
000169:	0.028221022727273	0.544331250000000	0.044376136363636	0.383071590909091		1
000170:	0.030904545454545	0.071019318181818	0.028144318181818	0.869931818181818		1
000171:	0.054046590909091	0.106978409090909	0.030759090909091	0.808215909090909		1
000172:	0.084978977272727	0.248519318181818	0.059254545454545	0.607247159090909		1
000173:	0.016994886363636	0.339319886363636	0.024572727272727	0.619112500000000		1
000174:	0.040235795454545	0.692828977272727	0.013617613636364	0.253317613636364		1
000175:	0.080165909090909	0.085286931818182	0.017150568181818	0.817396590909091		1
000176:	0.028212500000000	0.452114204545455	0.056513068181818	0.463160227272727		1
000177:	0.046927272727273	0.510307386363636	0.013254545454545	0.429510795454545		1
000178:	0.052572727272727	0.310988636363636	0.014875000000000	0.621563636363636		1
000179:	0.032682386363636	0.132674431818182	0.020940340909091	0.813702840909091		1
000180:	0.073668181818182	0.113444886363636	0.013580681818182	0.799306250000000		1
000181:	0.037080681818182	0.068864772727273	0.063329545454545	0.830725000000000		1
000182:	0.161097727272727	0.441918750000000	0.051226136363636	0.345757386363636		1
000183:	0.033641477272727	0.078703977272727	0.014972159090909	0.872682386363636		1
000184:	0.100967045454545	0.225673295454545	0.025507954545455	0.647851704545455		1
000185:	0.200606818181818	0.478429545454545	0.058936931818182	0.262026704545455		1
000186:	0.138494318181818	0.127276704545455	0.058923295454545	0.675305681818182		1
000187:	0.119051136363636	0.106371590909091	0.026059090909091	0.748518181818182		1
000188:	0.067447727272727	0.101103977272727	0.069839772727273	0.761608522727273		1
000189:	0.021404545454545	0.195595454545455	0.021374431818182	0.761625568181818		1
000190:	0.054069318181818	0.213153409090909	0.058117045454545	0.674660227272727		1
000191:	0.018729545454545	0.461874431818182	0.024980113636364	0.494415909090909		1
000192:	0.025744886363636	0.700193750000000	0.057564204545455	0.216497159090909		1
000193:	0.063927840909091	0.551800568181818	0.027641477272727	0.356630113636364		1
000194:	0.139964204545455	0.201116477272727	0.027870454545455	0.631048863636364		1
000195:	0.020981818181818	0.726254545454545	0.015748295454545	0.237015340909091		1
000196:	0.022475568181818	0.046253977272727	0.202293750000000	0.728976704545454		1
000197:	0.018850000000000	0.152093750000000	0.063566477272727	0.765489772727273		1
000198:	0.061764772727273	0.460197159090909	0.146592613636364	0.331445454545455		1
000199:	0.019972159090909	0.028859659090909	0.066509659090909	0.884658522727273		1
000200:	0.025138636363636	0.045175000000000	0.127358522727273	0.802327840909091		1
000201:	0.032792045454545	0.031670454545455	0.052785227272727	0.882752272727273		1
000202:	0.097394886363636	0.428484090909091	0.047848295454545	0.426272727272727		1
000203:	0.040243750000000	0.079972159090909	0.019834659090909	0.859949431818182		1
000204:	0.030865909090909	0.067556250000000	0.039977272727273	0.861600568181818		1
000205:	0.073601136363636	0.125628409090909	0.031794886363636	0.768975568181818		1
000206:	0.271355113636364	0.089438068181818	0.027972159090909	0.611234659090909		1
000207:	0.038685227272727	0.635981250000000	0.090760795454545	0.234572727272727		1
000208:	0.045573863636364	0.150240909090909	0.023759090909091	0.780426136363636		1
000209:	0.036587500000000	0.075780681818182	0.045478977272727	0.842152840909091		1
000210:	0.898094886363636	0.001140909090909	0.095906250000000	0.004857954545455		1
000211:	0.030553409090909	0.095096590909091	0.057352272727273	0.816997727272727		1
000212:	0.019858522727273	0.061005113636364	0.199821022727273	0.719315340909091		1
000213:	0.023071590909091	0.032635227272727	0.054374431818182	0.889918750000000		1
000214:	0.021751136363636	0.091564204545455	0.112427272727273	0.774257386363636		1
000215:	0.101208522727273	0.155565340909091	0.192442613636364	0.550783522727273		1
000216:	0.032051704545455	0.037159090909091	0.086765909090909	0.844023295454545		1
000217:	0.045163068181818	0.033143181818182	0.180038636363636	0.741655113636364		1
000218:	0.018282386363636	0.032788068181818	0.069342613636364	0.879586931818182		1
000219:	0.016435795454545	0.019944318181818	0.124931818181818	0.838688068181818		1
000220:	0.014814204545455	0.019543750000000	0.076242613636364	0.889399431818182		1
000221:	0.017025568181818	0.020574431818182	0.057471022727273	0.904928977272727		1
000222:	0.019436363636364	0.019700568181818	0.060091477272727	0.900771590909091		1
000223:	0.105198295454545	0.160739204545455	0.102731250000000	0.631331250000000		1
000224:	0.212938068181818	0.611012500000000	0.065272159090909	0.110777272727273		1
000225:	0.133428409090909	0.711257386363636	0.052892045454545	0.102422159090909		1
000226:	0.120661363636364	0.487802272727273	0.235622159090909	0.155914204545455		1
000227:	0.169792045454545	0.613246590909091	0.132085227272727	0.084876136363636		1
000228:	0.653850568181818	0.062889204545455	0.226868181818182	0.056392045454545		1
000229:	0.300031250000000	0.332407386363636	0.173419886363636	0.194141477272727		1
000230:	0.085802272727273	0.039365340909091	0.783242613636364	0.091589772727273		1
000231:	0.140272159090909	0.525995454545455	0.184721590909091	0.149010795454545		1
000232:	0.245011363636364	0.067769318181818	0.282337500000000	0.404881818181818		1
000233:	0.170102272727273	0.613298863636364	0.162994318181818	0.053604545454545		1
000234:	0.415785227272727	0.470860227272727	0.071228977272727	0.042125568181818		1
000235:	0.793182386363636	0.121121022727273	0.029576136363636	0.056120454545455		1
000236:	0.568756250000000	0.067883522727273	0.257382386363636	0.105977840909091		1
000237:	0.468225568181818	0.410310227272727	0.051868181818182	0.069596022727273		1
000238:	0.167822159090909	0.073685795454545	0.071478409090909	0.687013636363636		1
000239:	0.390567613636364	0.313760227272727	0.172423863636364	0.123248295454545		1
000240:	0.086064204545455	0.103619318181818	0.767375568181818	0.042940909090909		1
000241:	0.140296022727273	0.568801704545455	0.105583522727273	0.185318750000000		1
000242:	0.131572727272727	0.767935227272727	0.045377840909091	0.055114204545455		1
000243:	0.401994318181818	0.122110795454545	0.435217613636364	0.040677272727273		1
000244:	0.260709090909091	0.142193181818182	0.357499431818182	0.239598295454545		1
000245:	0.182853409090909	0.323060795454545	0.396743750000000	0.097342045454545		1
000246:	0.323515909090909	0.518558522727273	0.098949431818182	0.058976136363636		1
000247:	0.407730681818182	0.272603977272727	0.166345454545455	0.153319886363636		1
000248:	0.125438636363636	0.133302272727273	0.647599431818182	0.093659659090909		1
000249:	0.538346590909091	0.182275568181818	0.234350000000000	0.045027840909091		1
000250:	0.313667613636364	0.566817045454545	0.058725568181818	0.060789772727273		1
000251:	0.275162500000000	0.451146590909091	0.207728409090909	0.065962500000000		1
000252:	0.400440909090909	0.047780113636364	0.371821590909091	0.179957386363636		1
000253:	0.732155681818182	0.061939204545455	0.145358522727273	0.060546590909091		1
000254:	0.498097159090909	0.079326136363636	0.302201704545455	0.120375000000000		1
000255:	0.649050568181818	0.071335795454545	0.133698863636364	0.145914772727273		1
000256:	0.156190909090909	0.396594318181818	0.190830113636364	0.256384659090909		1
000257:	0.187968750000000	0.036588068181818	0.250407954545455	0.525035227272727		1
000258:	0.070953409090909	0.290324431818182	0.094816477272727	0.543905681818182		1
000259:	0.210578409090909	0.123787500000000	0.073116477272727	0.592517613636364		1
000260:	0.284975000000000	0.194468181818182	0.442590909090909	0.077965909090909		1
000261:	0.564435795454545	0.112148863636364	0.185986363636364	0.137428977272727		1
000262:	0.440444318181818	0.086425568181818	0.224430681818182	0.248699431818182		1
000263:	0.069168750000000	0.211812500000000	0.137147727272727	0.581871022727273		1
000264:	0.194077840909091	0.069341477272727	0.174849431818182	0.561731250000000		1
000265:	0.111230113636364	0.036678409090909	0.087332954545455	0.764758522727273		1
000266:	0.475010227272727	0.214246590909091	0.100203977272727	0.210539204545455		1
000267:	0.523828977272727	0.195994886363636	0.190636363636364	0.089539772727273		1
000268:	0.147074431818182	0.100458522727273	0.110200000000000	0.642267045454545		1
000269:	0.389606250000000	0.453877840909091	0.047198863636364	0.109317045454545		1
000270:	0.076925000000000	0.048024431818182	0.075382386363636	0.799668181818182		1
000271:	0.754165909090909	0.050535227272727	0.137130681818182	0.058168181818182		1
000272:	0.499875000000000	0.087368181818182	0.293114204545455	0.119642613636364		1
000273:	0.513781250000000	0.233316477272727	0.072459659090909	0.180442613636364		1
000274:	0.601259659090909	0.102704545454545	0.198212500000000	0.097823295454545		1
000275:	0.144368750000000	0.528097727272727	0.122964204545455	0.204569318181818		1
000276:	0.333248295454545	0.058943750000000	0.158542045454545	0.449265909090909		1
000277:	0.793973295454545	0.079609659090909	0.065657386363636	0.060759659090909		1
000278:	0.139703977272727	0.452229545454545	0.164328409090909	0.243738068181818		1
000279:	0.622426136363636	0.238634090909091	0.051465340909091	0.087474431818182		1
000280:	0.265542613636364	0.129343181818182	0.373207386363636	0.231906818181818		1
000281:	0.828017613636364	0.040354545454545	0.042948295454545	0.088679545454545		1
000282:	0.002234659090909	0.021621590909091	0.001651704545455	0.974492045454545		1
000283:	0.104638068181818	0.038138636363636	0.220324431818182	0.636898863636364		1
000284:	0.692540909090909	0.061147727272727	0.134715340909091	0.111596022727273		1
000285:	0.357571022727273	0.395628977272727	0.119767613636364	0.127032386363636		1
000286:	0.688202272727273	0.129306818181818	0.066997159090909	0.115493750000000		1
000287:	0.540662500000000	0.273207954545455	0.082447159090909	0.103682386363636		1
000288:	0.382145454545455	0.186313636363636	0.221077272727273	0.210463636363636		1
000289:	0.026159659090909	0.044257954545455	0.095004545454545	0.834577840909091		1
000290:	0.044477840909091	0.045152272727273	0.317765909090909	0.592603977272727		1
000291:	0.022187500000000	0.106382954545455	0.026648295454545	0.844781250000000		1
000292:	0.054700000000000	0.051866477272727	0.126118750000000	0.767314772727273		1
000293:	0.011598863636364	0.070533522727273	0.043447727272727	0.874419886363636		1
000294:	0.017275000000000	0.092171590909091	0.032178409090909	0.858375000000000		1
000295:	0.014250000000000	0.434300000000000	0.051286931818182	0.500163068181818		1
000296:	0.014757386363636	0.051141477272727	0.029963068181818	0.904138068181818		1
000297:	0.038349431818182	0.149468750000000	0.118199431818182	0.693982386363636		1
000298:	0.174750568181818	0.642658522727273	0.043064772727273	0.139526136363636		1
000299:	0.101951136363636	0.132987500000000	0.079132954545455	0.685928409090909		1
000300:	0.165824431818182	0.090813636363636	0.110910795454545	0.632451136363636		1
000301:	0.035417613636364	0.109932954545455	0.070514204545455	0.784135227272727		1
000302:	0.045525568181818	0.043198295454545	0.187327840909091	0.723948295454545		1
000303:	0.107806250000000	0.053750568181818	0.169054545454545	0.669388636363636		1
000304:	0.029928977272727	0.063677840909091	0.126308522727273	0.780084659090909		1
000305:	0.038641477272727	0.045118181818182	0.546332386363636	0.369907954545455		1
000306:	0.141098863636364	0.126621590909091	0.271164772727273	0.461114772727273		1
000307:	0.029477840909091	0.020481250000000	0.660307386363636	0.289733522727273		1
000308:	0.025198863636364	0.022607954545455	0.054717613636364	0.897475568181818		1
000309:	0.093896590909091	0.045380681818182	0.045948295454545	0.814774431818182		1
000310:	0.041750568181818	0.087766477272727	0.046338068181818	0.824144886363636		1
000311:	0.108268181818182	0.099405681818182	0.231842045454545	0.560484090909091		1
000312:	0.448945454545455	0.271606250000000	0.061086931818182	0.218361363636364		1
000313:	0.523853977272727	0.222321590909091	0.062323863636364	0.191500568181818		1
000314:	0.165373295454545	0.570986363636364	0.092967613636364	0.170672727272727		1
000315:	0.371959659090909	0.284705113636364	0.054375000000000	0.288960227272727		1
000316:	0.095223863636364	0.185861931818182	0.121128409090909	0.597785795454545		1
000317:	0.051469318181818	0.668657954545455	0.121924431818182	0.157948295454545		1
000318:	0.037626704545455	0.051439772727273	0.115004545454545	0.795928977272727		1
000319:	0.040089772727273	0.036874431818182	0.070532386363636	0.852503409090909		1
000320:	0.083343750000000	0.073019886363636	0.096143181818182	0.747493181818182		1
000321:	0.029365909090909	0.027049431818182	0.080269318181818	0.863315340909091		1
000322:	0.038340909090909	0.034685227272727	0.415902272727273	0.511071590909091		1
000323:	0.385098295454545	0.198911363636364	0.121145454545455	0.294844886363636		1
000324:	0.038732386363636	0.057178409090909	0.265042045454545	0.639047159090909		1
000325:	0.265755681818182	0.049940909090909	0.178673863636364	0.505629545454545		1
000326:	0.162475000000000	0.061449431818182	0.393457386363636	0.382618181818182		1
000327:	0.031372159090909	0.075992045454545	0.270688636363636	0.621947159090909		1
000328:	0.032853409090909	0.016827840909091	0.795976136363636	0.154342613636364		1
000329:	0.080478409090909	0.068665340909091	0.191768181818182	0.659088068181818		1
000330:	0.077663068181818	0.023810227272727	0.637810227272727	0.260716477272727		1
000331:	0.112306818181818	0.014868750000000	0.676750568181818	0.196073863636364		1
000332:	0.000722159090909	0.874266477272727	0.000993181818182	0.124018181818182		1
000333:	0.097618181818182	0.040763636363636	0.072077272727273	0.789540909090909		1
000334:	0.089627272727273	0.033299431818182	0.072416477272727	0.804656818181818		1
000335:	0.057185795454545	0.080896590909091	0.123925000000000	0.737992613636364		1
000336:	0.040405681818182	0.024781250000000	0.193423295454545	0.741389772727273		1
000337:	0.171300000000000	0.039201704545455	0.304368750000000	0.485129545454545		1
000338:	0.015851136363636	0.038202840909091	0.058850568181818	0.887095454545455		1
000339:	0.027420454545455	0.041653409090909	0.226522727272727	0.704403409090909		1
000340:	0.021814204545455	0.019077840909091	0.075978977272727	0.883128977272727		1
000341:	0.022839772727273	0.035069886363636	0.060657954545455	0.881432386363636		1
000342:	0.023806250000000	0.031163636363636	0.180902840909091	0.764127272727273		1
000343:	0.027432386363636	0.026531818181818	0.086253977272727	0.859781818181818		1
000344:	0.027794318181818	0.030661931818182	0.793185795454545	0.148357954545455		1
000345:	0.012885795454545	0.019067613636364	0.768875568181818	0.199171022727273		1
000346:	0.026148295454545	0.046868750000000	0.224489204545455	0.702493750000000		1
000347:	0.018289204545455	0.028550000000000	0.229593750000000	0.723567045454545		1
000348:	0.023360795454545	0.044487500000000	0.221559659090909	0.710592045454545		1
000349:	0.041527272727273	0.068875000000000	0.340381818181818	0.549215909090909		1
000350:	0.023236363636364	0.046753409090909	0.305720454545455	0.624289772727273		1
000351:	0.021550568181818	0.046246022727273	0.563162500000000	0.369040909090909		1
000352:	0.020209090909091	0.053635795454545	0.041608522727273	0.884546590909091		1
000353:	0.015369318181818	0.027211931818182	0.055406818181818	0.902011931818182		1
000354:	0.016153977272727	0.025347727272727	0.042864772727273	0.915633522727273		1
000355:	0.023017613636364	0.025659090909091	0.133860227272727	0.817463068181818		1
000356:	0.499978977272727	0.111733522727273	0.082377840909091	0.305909659090909		1
000357:	0.233869886363636	0.545158522727273	0.111677272727273	0.109294318181818		1
000358:	0.064702840909091	0.579163636363636	0.132776136363636	0.223357386363636		1
000359:	0.406009659090909	0.145988068181818	0.247073863636364	0.200928409090909		1
000360:	0.046442045454545	0.150647727272727	0.075115340909091	0.727794886363636		1
000361:	0.278940909090909	0.548803409090909	0.087896022727273	0.084359659090909		1
000362:	0.117892613636364	0.056256818181818	0.479498295454545	0.346352272727273		1
000363:	0.038740340909091	0.496833522727273	0.054627840909091	0.409798295454545		1
000364:	0.393065909090909	0.243976136363636	0.180371590909091	0.182586363636364		1
000365:	0.074196590909091	0.365763068181818	0.298191477272727	0.261848863636364		1
000366:	0.301773295454545	0.443703409090909	0.055960227272727	0.198563068181818		1
000367:	0.224592613636364	0.498435795454545	0.063954545454545	0.213017045454545		1
000368:	0.148655681818182	0.654948863636364	0.050001704545455	0.146393750000000		1
000369:	0.150555681818182	0.400419886363636	0.132933522727273	0.316090909090909		1
000370:	0.103963636363636	0.055686363636364	0.086865909090909	0.753484090909091		1
000371:	0.036575000000000	0.112940340909091	0.236403409090909	0.614081250000000		1
000372:	0.042666477272727	0.568749431818182	0.059994318181818	0.328589772727273		1
000373:	0.211894886363636	0.314976704545455	0.142331818181818	0.330796590909091		1
000374:	0.044615909090909	0.386546590909091	0.061778977272727	0.507058522727273		1
000375:	0.055025000000000	0.068476704545455	0.203828409090909	0.672669886363636		1
000376:	0.101296590909091	0.518625000000000	0.057958522727273	0.322119886363636		1
000377:	0.076531818181818	0.039176704545455	0.141592045454545	0.742699431818182		1
000378:	0.281935227272727	0.593873295454545	0.033001704545455	0.091189772727273		1
000379:	0.181578409090909	0.719050568181818	0.022939772727273	0.076431250000000		1
000380:	0.140298863636364	0.601225568181818	0.049926704545455	0.208548863636364		1
000381:	0.332977272727273	0.544768750000000	0.041105113636364	0.081148863636364		1
000382:	0.084922727272727	0.619555681818182	0.061390340909091	0.234131250000000		1
000383:	0.150847159090909	0.321375568181818	0.117109659090909	0.410667613636364		1
000384:	0.141222727272727	0.514627840909091	0.088485795454545	0.255663636363636		1
000385:	0.060967045454545	0.375225000000000	0.418858522727273	0.144949431818182		1
000386:	0.620894318181818	0.234768750000000	0.040893181818182	0.103443750000000		1
000387:	0.076735795454545	0.553460795454545	0.072656818181818	0.297146590909091		1
000388:	0.492649431818182	0.102561363636364	0.147952272727273	0.256836931818182		1
000389:	0.069749431818182	0.485789772727273	0.208067613636364	0.236393181818182		1
000390:	0.080187500000000	0.032409090909091	0.444101704545455	0.443301704545455		1
000391:	0.097560227272727	0.585624431818182	0.112726704545455	0.204088636363636		1
000392:	0.277601136363636	0.499093181818182	0.141609090909091	0.081696590909091		1
000393:	0.175187500000000	0.552060227272727	0.053817613636364	0.218934659090909		1
000394:	0.035337500000000	0.758643750000000	0.029002840909091	0.177015909090909		1
000395:	0.049201704545455	0.503318181818182	0.049575000000000	0.397905113636364		1
000396:	0.092622727272727	0.484925000000000	0.191247159090909	0.231205113636364		1
000397:	0.039007954545455	0.730078409090909	0.048010795454545	0.182902840909091		1
000398:	0.196898863636364	0.312977272727273	0.141082954545455	0.349040909090909		1
000399:	0.856792045454545	0.050802272727273	0.031168181818182	0.061237500000000		1
000400:	0.279403977272727	0.408755113636364	0.075049431818182	0.236791477272727		1
000401:	0.182359090909091	0.635397727272727	0.039344886363636	0.142898295454545		1
000402:	0.075476704545455	0.558971590909091	0.041005113636364	0.324546590909091		1
000403:	0.240957386363636	0.258030113636364	0.082857954545455	0.418154545454545		1
000404:	0.272731818181818	0.295807954545455	0.174857386363636	0.256602840909091		1
000405:	0.073106818181818	0.685097159090909	0.026853977272727	0.214942045454545		1
000406:	0.034511931818182	0.272460227272727	0.040939204545455	0.652088636363636		1
000407:	0.058549431818182	0.403689772727273	0.050000568181818	0.487760227272727		1
000408:	0.503994318181818	0.178569318181818	0.178833522727273	0.138602840909091		1
000409:	0.096543750000000	0.044665909090909	0.061730681818182	0.797059659090909		1
000410:	0.098817045454545	0.045325000000000	0.064264204545455	0.791593750000000		1
000411:	0.116483522727273	0.069809090909091	0.093419318181818	0.720288068181818		1
000412:	0.601705681818182	0.264782954545455	0.049121022727273	0.084390340909091		1
000413:	0.128196590909091	0.486648863636364	0.093009090909091	0.292145454545455		1
000414:	0.505494886363636	0.337963068181818	0.034072159090909	0.122469886363636		1
000415:	0.764188068181818	0.044481250000000	0.132361363636364	0.058969318181818		1
000416:	0.589269318181818	0.319426136363636	0.047679545454545	0.043625000000000		1
000417:	0.583689204545455	0.094347727272727	0.088773295454545	0.233189772727273		1
000418:	0.613192613636364	0.195905113636364	0.036062500000000	0.154839772727273		1
000419:	0.876818750000000	0.050522159090909	0.038714204545455	0.033944886363636		1
000420:	0.064793181818182	0.064053409090909	0.327409090909091	0.543744318181818		1
000421:	0.433056250000000	0.337471590909091	0.030361363636364	0.199110795454545		1
000422:	0.405114204545455	0.268875568181818	0.113578977272727	0.212431250000000		1
000423:	0.097277840909091	0.054423295454545	0.566592613636364	0.281706250000000		1
000424:	0.726431250000000	0.202342045454545	0.028396590909091	0.042830113636364		1
000425:	0.662662500000000	0.200164204545455	0.050859090909091	0.086314204545455		1
000426:	0.362070454545455	0.066877840909091	0.509702840909091	0.061348863636364		1
000427:	0.149158522727273	0.538498295454545	0.106001704545455	0.206341477272727		1
000428:	0.236492613636364	0.338902272727273	0.049061363636364	0.375543750000000		1
000429:	0.131144886363636	0.265932386363636	0.135939772727273	0.466982954545455		1
000430:	0.167250000000000	0.478468181818182	0.244372159090909	0.109909659090909		1
000431:	0.096611931818182	0.689075000000000	0.056705681818182	0.157607386363636		1
000432:	0.325250568181818	0.356413636363636	0.104563636363636	0.213772159090909		1
000433:	0.415779545454545	0.098891477272727	0.188016477272727	0.297312500000000		1
000434:	0.124825000000000	0.578693750000000	0.148713636363636	0.147767613636364		1
000435:	0.145425000000000	0.352368750000000	0.178086363636364	0.324119886363636		1
000436:	0.579685227272727	0.094059659090909	0.242413068181818	0.083842045454545		1
000437:	0.428545454545455	0.379423295454545	0.128123863636364	0.063907386363636		1
000438:	0.408231818181818	0.391187500000000	0.066171590909091	0.134409090909091		1
000439:	0.792505681818182	0.128741477272727	0.028431250000000	0.050321590909091		1
000440:	0.580315340909091	0.374606250000000	0.014898295454545	0.030180113636364		1
000441:	0.851399431818182	0.091230113636364	0.022228409090909	0.035142045454545		1
000442:	0.870421590909091	0.050981818181818	0.025039204545455	0.053557386363636		1
000443:	0.120737500000000	0.081084090909091	0.059621590909091	0.738556818181818		1
000444:	0.382157954545455	0.349755681818182	0.219455681818182	0.048630681818182		1
000445:	0.457774431818182	0.295058522727273	0.052028409090909	0.195138636363636		1
000446:	0.227176704545455	0.236437500000000	0.187545454545455	0.348840340909091		1
000447:	0.389688068181818	0.405337500000000	0.065153409090909	0.139821022727273		1
000448:	0.363889772727273	0.215292613636364	0.071321590909091	0.349496022727273		1
000449:	0.090402840909091	0.605899431818182	0.099542613636364	0.204155113636364		1
000450:	0.088063636363636	0.130934659090909	0.039718750000000	0.741282954545455		1
000451:	0.109480113636364	0.119092045454545	0.046947727272727	0.724480113636364		1
000452:	0.173500000000000	0.084261931818182	0.594338068181818	0.147900000000000		1
000453:	0.390731818181818	0.509053409090909	0.045003977272727	0.055210795454545		1
000454:	0.310825000000000	0.072642045454545	0.111797727272727	0.504735227272727		1
000455:	0.020469318181818	0.111697727272727	0.085862500000000	0.781970454545455		1
000456:	0.009470454545455	0.029584090909091	0.069494886363636	0.891450568181818		1
000457:	0.012741477272727	0.026266477272727	0.066164772727273	0.894827272727273		1
000458:	0.047963636363636	0.087919886363636	0.089056250000000	0.775060227272727		1
000459:	0.011844318181818	0.036005113636364	0.051656250000000	0.900494318181818		1
000460:	0.018665909090909	0.043528409090909	0.027380681818182	0.910425000000000		1
000461:	0.020773863636364	0.085452272727273	0.051690909090909	0.842082954545455		1
000462:	0.024430681818182	0.066985227272727	0.135788636363636	0.772795454545455		1
000463:	0.023199431818182	0.059470454545455	0.352584659090909	0.564745454545455		1
000464:	0.263910227272727	0.044726136363636	0.144778409090909	0.546585227272727		1
000465:	0.036111363636364	0.051272159090909	0.120485227272727	0.792131250000000		1
000466:	0.015287500000000	0.039578977272727	0.046265340909091	0.898868181818182		1
000467:	0.016402272727273	0.026692045454545	0.043285227272727	0.913620454545455		1
000468:	0.012560795454545	0.041612500000000	0.044410227272727	0.901416477272727		1
000469:	0.193260227272727	0.579202272727273	0.064598863636364	0.162938636363636		1
000470:	0.150092045454545	0.610785795454545	0.093781818181818	0.145340340909091		1
000471:	0.110097159090909	0.697104545454545	0.033095454545455	0.159702840909091		1
000472:	0.211956250000000	0.062165909090909	0.436035795454545	0.289842045454545		1
000473:	0.063728977272727	0.083446022727273	0.414519318181818	0.438305681818182		1
000474:	0.243371022727273	0.477306250000000	0.053859659090909	0.225463068181818		1
