Estimated Clustering Probabilities for Samples
Sample	***Cluster  01***	***Cluster  02***	***Cluster  03***	***Cluster  04***	***Cluster  05***	***Cluster  06***	***Cluster  07***	
000001:	0.113450000000000	0.164342045454545	0.074405113636364	0.365602272727273	0.093147727272727	0.029000000000000	0.160052840909091		1
000002:	0.150724431818182	0.054106818181818	0.269111363636364	0.062724431818182	0.391965340909091	0.025668750000000	0.045698863636364		1
000003:	0.055925568181818	0.108959090909091	0.578351136363636	0.138934659090909	0.051694886363636	0.034232386363636	0.031902272727273		1
000004:	0.462534090909091	0.029578409090909	0.223103977272727	0.057176704545455	0.128569886363636	0.075811363636364	0.023225568181818		1
000005:	0.064023295454545	0.120589204545455	0.553337500000000	0.037419886363636	0.120525568181818	0.016545454545455	0.087559090909091		1
000006:	0.495327272727273	0.038881818181818	0.106526136363636	0.138685795454545	0.107094318181818	0.059314772727273	0.054169886363636		1
000007:	0.043753409090909	0.089567045454545	0.490726704545455	0.092770454545455	0.222413636363636	0.029276704545455	0.031492045454545		1
000008:	0.087086931818182	0.059504545454545	0.352819886363636	0.055164204545455	0.365584659090909	0.034791477272727	0.045048295454545		1
000009:	0.274359659090909	0.023878409090909	0.570629545454545	0.020951704545455	0.059333522727273	0.016248863636364	0.034598295454545		1
000010:	0.097355113636364	0.038646590909091	0.593938068181818	0.054542045454545	0.069660227272727	0.032138636363636	0.113719318181818		1
000011:	0.168463636363636	0.084851704545455	0.154875000000000	0.372270454545455	0.105114772727273	0.033712500000000	0.080711931818182		1
000012:	0.130110795454545	0.324665909090909	0.150265909090909	0.027026136363636	0.034694886363636	0.059740340909091	0.273496022727273		1
000013:	0.221497727272727	0.232650568181818	0.060982386363636	0.029971022727273	0.041823863636364	0.303656250000000	0.109418181818182		1
000014:	0.898639204545455	0.013851704545455	0.020166477272727	0.013518750000000	0.025662500000000	0.010190340909091	0.017971022727273		1
000015:	0.095631250000000	0.119082386363636	0.654976136363636	0.018472159090909	0.050160795454545	0.023689772727273	0.037987500000000		1
000016:	0.864931818181818	0.030006818181818	0.033651136363636	0.020152840909091	0.022971022727273	0.013158522727273	0.015127840909091		1
000017:	0.116438068181818	0.150088636363636	0.249787500000000	0.052114204545455	0.069225568181818	0.017631250000000	0.344714772727273		1
000018:	0.075439772727273	0.115049431818182	0.058189772727273	0.027686363636364	0.040160227272727	0.392289204545455	0.291185227272727		1
000019:	0.039197727272727	0.291755681818182	0.445415909090909	0.032392045454545	0.035387500000000	0.119877272727273	0.035973863636364		1
000020:	0.280785227272727	0.129308522727273	0.221103977272727	0.142360227272727	0.045942045454545	0.026378977272727	0.154121022727273		1
000021:	0.025660227272727	0.579122727272727	0.028121022727273	0.179203977272727	0.015479545454545	0.014831250000000	0.157581250000000		1
000022:	0.090304545454545	0.540670454545455	0.152881818181818	0.028368750000000	0.034205113636364	0.033543181818182	0.120026136363636		1
000023:	0.046208522727273	0.537992045454545	0.095853409090909	0.162235227272727	0.038750000000000	0.033580113636364	0.085380681818182		1
000024:	0.878364772727273	0.021376136363636	0.021335227272727	0.017450000000000	0.017910227272727	0.018367045454545	0.025196590909091		1
000025:	0.123911931818182	0.628365340909091	0.032164204545455	0.028040909090909	0.049050568181818	0.088188068181818	0.050278977272727		1
000026:	0.038159090909091	0.675863068181818	0.068434090909091	0.045789204545455	0.022343181818182	0.037904545454545	0.111506818181818		1
000027:	0.037044318181818	0.039788636363636	0.032068750000000	0.013607954545455	0.016568750000000	0.031754545454545	0.829167045454545		1
000028:	0.065410795454545	0.170393181818182	0.157738068181818	0.363448295454545	0.080939204545455	0.018319318181818	0.143751136363636		1
000029:	0.164090909090909	0.182369886363636	0.179173863636364	0.096601704545455	0.111039204545455	0.038772159090909	0.227952272727273		1
000030:	0.122772159090909	0.512321022727273	0.137900000000000	0.088132954545455	0.053151704545455	0.046468750000000	0.039253409090909		1
000031:	0.056358522727273	0.264123863636364	0.058478977272727	0.021223295454545	0.044057386363636	0.137228409090909	0.418529545454545		1
000032:	0.094535795454545	0.106353409090909	0.054656818181818	0.076247159090909	0.041941477272727	0.033685795454545	0.592579545454545		1
000033:	0.062865909090909	0.515217045454545	0.094477272727273	0.096214772727273	0.055019318181818	0.022035227272727	0.154170454545455		1
000034:	0.883494886363636	0.011390909090909	0.032040340909091	0.015697727272727	0.019406250000000	0.011687500000000	0.026282386363636		1
000035:	0.045531818181818	0.262742045454545	0.089955113636364	0.093946022727273	0.230204545454545	0.082344318181818	0.195276136363636		1
000036:	0.006888636363636	0.002382954545455	0.003180113636364	0.693265909090909	0.005580681818182	0.026035227272727	0.262666477272727		1
000037:	0.106756818181818	0.059777272727273	0.139957386363636	0.027176136363636	0.034919318181818	0.031668750000000	0.599744318181818		1
000038:	0.080894886363636	0.409836363636364	0.155513636363636	0.134503977272727	0.123946022727273	0.051146022727273	0.044159090909091		1
000039:	0.280623863636364	0.413760227272727	0.064647727272727	0.023081250000000	0.109207954545455	0.040880113636364	0.067798863636364		1
000040:	0.728778409090909	0.027135227272727	0.038395454545455	0.026271022727273	0.123447159090909	0.023812500000000	0.032160227272727		1
000041:	0.155348295454545	0.104243181818182	0.141528977272727	0.051113636363636	0.036000568181818	0.034002272727273	0.477763068181818		1
000042:	0.043448863636364	0.034299431818182	0.460078977272727	0.007106250000000	0.007379545454545	0.430528977272727	0.017157954545455		1
000043:	0.108818181818182	0.171648863636364	0.475267613636364	0.058997727272727	0.057698295454545	0.026226704545455	0.101342613636364		1
000044:	0.117967613636364	0.301930113636364	0.196265340909091	0.047969886363636	0.071192613636364	0.029426136363636	0.235248295454545		1
000045:	0.034196590909091	0.132854545454545	0.060760795454545	0.019204545454545	0.029772727272727	0.068947727272727	0.654263068181818		1
000046:	0.071134659090909	0.358552272727273	0.062148295454545	0.162330113636364	0.058780681818182	0.176833522727273	0.110220454545455		1
000047:	0.199987500000000	0.221464772727273	0.095208522727273	0.130631250000000	0.126045454545455	0.082055113636364	0.144607386363636		1
000048:	0.046227840909091	0.139684659090909	0.641044318181818	0.064064204545455	0.064944318181818	0.017880681818182	0.026153977272727		1
000049:	0.073975000000000	0.534271590909091	0.185723295454545	0.043731818181818	0.041841477272727	0.038541477272727	0.081915340909091		1
000050:	0.309926704545455	0.318686363636364	0.076059659090909	0.041312500000000	0.063843750000000	0.082099431818182	0.108071590909091		1
000051:	0.839977840909091	0.025224431818182	0.060552840909091	0.014597727272727	0.031313636363636	0.015067045454545	0.013266477272727		1
000052:	0.847430113636364	0.064785795454545	0.022646022727273	0.012815909090909	0.031694318181818	0.009101704545455	0.011526136363636		1
000053:	0.188080113636364	0.364071022727273	0.140719318181818	0.039738636363636	0.075875000000000	0.081104545454545	0.110411363636364		1
000054:	0.086710227272727	0.214234090909091	0.061537500000000	0.038043750000000	0.144861931818182	0.262723863636364	0.191888636363636		1
000055:	0.210423863636364	0.057635227272727	0.628822159090909	0.022153409090909	0.033677272727273	0.013582954545455	0.033705113636364		1
000056:	0.101038636363636	0.417681250000000	0.304865340909091	0.029315909090909	0.037051136363636	0.028198295454545	0.081849431818182		1
000057:	0.192228977272727	0.283970454545455	0.242317045454545	0.028839204545455	0.059892613636364	0.024661931818182	0.168089772727273		1
000058:	0.021544886363636	0.821964204545454	0.071290340909091	0.013355681818182	0.021575568181818	0.022348863636364	0.027920454545455		1
000059:	0.035742045454545	0.714347727272727	0.044985795454545	0.017218750000000	0.017922159090909	0.043855681818182	0.125927840909091		1
000060:	0.056692045454545	0.615451704545455	0.211543750000000	0.021274431818182	0.028056818181818	0.026370454545455	0.040610795454545		1
000061:	0.003421590909091	0.003321022727273	0.614489204545455	0.369138636363636	0.004368181818182	0.001853409090909	0.003407954545455		1
000062:	0.877734659090909	0.028789204545455	0.029033522727273	0.014425000000000	0.025686363636364	0.008489204545455	0.015842045454545		1
000063:	0.768341477272727	0.022435795454545	0.083626704545455	0.022260795454545	0.058999431818182	0.020818750000000	0.023517045454545		1
000064:	0.786666477272727	0.018920454545455	0.086631818181818	0.056933522727273	0.024675000000000	0.012218181818182	0.013954545454545		1
000065:	0.713594318181818	0.257177840909091	0.006069886363636	0.005776704545455	0.001674431818182	0.005148295454545	0.010558522727273		1
000066:	0.100644886363636	0.253719318181818	0.122823863636364	0.015878409090909	0.028552272727273	0.029313068181818	0.449068181818182		1
000067:	0.837092613636364	0.024668750000000	0.071138068181818	0.028707386363636	0.017468750000000	0.008157386363636	0.012767045454545		1
000068:	0.036439204545455	0.716535795454545	0.069070454545455	0.020880113636364	0.017845454545455	0.028024431818182	0.111204545454545		1
000069:	0.101355113636364	0.514505113636364	0.070794318181818	0.030685227272727	0.028280113636364	0.018470454545455	0.235909659090909		1
000070:	0.241316477272727	0.214965909090909	0.246584659090909	0.082120454545455	0.048039204545455	0.081901704545455	0.085071590909091		1
000071:	0.026334659090909	0.826785227272727	0.036344886363636	0.023744886363636	0.017528409090909	0.017332386363636	0.051929545454545		1
000072:	0.194463636363636	0.237704545454545	0.416439204545455	0.053756818181818	0.032832386363636	0.014765909090909	0.050037500000000		1
000073:	0.053350568181818	0.094038068181818	0.633875568181818	0.027424431818182	0.059801704545455	0.021114772727273	0.110394886363636		1
000074:	0.204482386363636	0.212625000000000	0.074791477272727	0.030230681818182	0.047242045454545	0.220359659090909	0.210268750000000		1
000075:	0.067926136363636	0.110473295454545	0.424255681818182	0.045772727272727	0.044206818181818	0.133565909090909	0.173799431818182		1
000076:	0.033253409090909	0.183267613636364	0.129372159090909	0.376997159090909	0.093864204545455	0.056054545454545	0.127190909090909		1
000077:	0.147857954545455	0.246173863636364	0.110632954545455	0.237731250000000	0.091960795454545	0.076378977272727	0.089264204545455		1
000078:	0.202128977272727	0.207190909090909	0.330405113636364	0.127247159090909	0.053318181818182	0.017692045454545	0.062017613636364		1
000079:	0.043100568181818	0.621416477272727	0.104055113636364	0.051819318181818	0.022531250000000	0.034947727272727	0.122129545454545		1
000080:	0.037773295454545	0.623529545454545	0.103683522727273	0.038347727272727	0.029585795454545	0.089942613636364	0.077137500000000		1
000081:	0.026484090909091	0.123094318181818	0.719250000000000	0.025596590909091	0.035885227272727	0.008747727272727	0.060942045454545		1
000082:	0.072041477272727	0.283234659090909	0.299824431818182	0.023565909090909	0.060532386363636	0.008498863636364	0.252302272727273		1
000083:	0.027122159090909	0.153662500000000	0.582525000000000	0.034999431818182	0.026790340909091	0.025851704545455	0.149048863636364		1
000084:	0.893427840909091	0.016190909090909	0.012751136363636	0.026480113636364	0.019521590909091	0.020698295454545	0.010930113636364		1
000085:	0.117817045454545	0.131590340909091	0.258450000000000	0.091883522727273	0.098981250000000	0.029981250000000	0.271296590909091		1
000086:	0.413306250000000	0.161777272727273	0.138953409090909	0.058438636363636	0.068046590909091	0.069959090909091	0.089518750000000		1
000087:	0.040856818181818	0.691888636363636	0.080089204545455	0.018247727272727	0.025768181818182	0.015256250000000	0.127893181818182		1
000088:	0.040080681818182	0.130139204545455	0.077057954545455	0.051383522727273	0.027940909090909	0.040479545454545	0.632918181818182		1
000089:	0.038397727272727	0.491275568181818	0.034453977272727	0.023664204545455	0.056073295454545	0.015661931818182	0.340473295454545		1
000090:	0.105672727272727	0.536696022727273	0.072342613636364	0.033190340909091	0.037127272727273	0.102636931818182	0.112334090909091		1
000091:	0.053952272727273	0.613649431818182	0.032558522727273	0.085535227272727	0.051311931818182	0.110226704545455	0.052765909090909		1
000092:	0.039972727272727	0.814963636363636	0.045534090909091	0.018103409090909	0.025362500000000	0.023057386363636	0.033006250000000		1
000093:	0.137305681818182	0.167360795454545	0.209605681818182	0.063398295454545	0.065380681818182	0.095302272727273	0.261646590909091		1
000094:	0.049406818181818	0.636863068181818	0.138070454545455	0.036134090909091	0.027373863636364	0.039021022727273	0.073130681818182		1
000095:	0.061218750000000	0.064284659090909	0.645677840909091	0.017855681818182	0.166741477272727	0.012529545454545	0.031692045454545		1
000096:	0.872798863636364	0.026009090909091	0.042015340909091	0.020856250000000	0.014731818181818	0.008977840909091	0.014610795454545		1
000097:	0.028135795454545	0.855321022727273	0.027555681818182	0.014809090909091	0.012320454545455	0.019175000000000	0.042682954545455		1
000098:	0.014475000000000	0.853383522727273	0.048832386363636	0.011860795454545	0.018224431818182	0.012452272727273	0.040771590909091		1
000099:	0.174568750000000	0.529735795454545	0.104039204545455	0.034670454545455	0.056874431818182	0.027788636363636	0.072322727272727		1
000100:	0.715721022727273	0.044459090909091	0.125435795454545	0.024576136363636	0.034471590909091	0.026969318181818	0.028367045454545		1
000101:	0.045202840909091	0.036351704545455	0.098917613636364	0.037659090909091	0.031556250000000	0.012718181818182	0.737594318181818		1
000102:	0.055054545454545	0.834590909090909	0.011905113636364	0.009680113636364	0.009791477272727	0.016723295454545	0.062254545454545		1
000103:	0.058228409090909	0.450615909090909	0.202284090909091	0.104276704545455	0.042099431818182	0.088109090909091	0.054386363636364		1
000104:	0.830905113636364	0.001120454545455	0.000780681818182	0.004623295454545	0.160917045454545	0.001103977272727	0.000549431818182		1
000105:	0.188103409090909	0.184910795454545	0.070323863636364	0.032635227272727	0.032238636363636	0.064109659090909	0.427678409090909		1
000106:	0.018242045454545	0.207800568181818	0.017657386363636	0.012584659090909	0.011329545454545	0.016122727272727	0.716263068181818		1
000107:	0.384865909090909	0.093997727272727	0.210879545454545	0.033507386363636	0.106216477272727	0.024956818181818	0.145576136363636		1
000108:	0.729025568181818	0.043371022727273	0.088861931818182	0.049842045454545	0.018141477272727	0.045215909090909	0.025542045454545		1
000109:	0.080056818181818	0.381541477272727	0.240815909090909	0.049465340909091	0.038063636363636	0.035975000000000	0.174081818181818		1
000110:	0.118776136363636	0.177042045454545	0.031073863636364	0.103830113636364	0.060226704545455	0.479114772727273	0.029936363636364		1
000111:	0.454828977272727	0.228457954545455	0.057445454545455	0.048053409090909	0.098036363636364	0.044761363636364	0.068416477272727		1
000112:	0.185208522727273	0.079127272727273	0.051498863636364	0.058021022727273	0.059996022727273	0.060464204545455	0.505684090909091		1
000113:	0.101686363636364	0.497147727272727	0.183770454545455	0.029862500000000	0.062390909090909	0.027788068181818	0.097353977272727		1
000114:	0.030036931818182	0.718245454545455	0.026606250000000	0.082052272727273	0.083863068181818	0.026933522727273	0.032262500000000		1
000115:	0.081475568181818	0.462124431818182	0.215396022727273	0.050659090909091	0.034815909090909	0.053130681818182	0.102398295454545		1
000116:	0.319704545454545	0.053043750000000	0.439319886363636	0.021653977272727	0.029584659090909	0.034677840909091	0.102015340909091		1
000117:	0.081134090909091	0.053196022727273	0.066654545454545	0.056460227272727	0.110339204545455	0.022537500000000	0.609678409090909		1
000118:	0.261727272727273	0.084462500000000	0.390824431818182	0.068166477272727	0.114310795454545	0.021363636363636	0.059144886363636		1
000119:	0.104672727272727	0.506943750000000	0.069772159090909	0.029390340909091	0.021697727272727	0.043508522727273	0.224014772727273		1
000120:	0.073896022727273	0.019886931818182	0.422667613636364	0.027969318181818	0.064660227272727	0.354466477272727	0.036453409090909		1
000121:	0.063046022727273	0.605635795454545	0.102376136363636	0.036664772727273	0.049006250000000	0.061503409090909	0.081767613636364		1
000122:	0.051567045454545	0.470588068181818	0.170382386363636	0.019260795454545	0.032744318181818	0.018789772727273	0.236667613636364		1
000123:	0.048584090909091	0.257117613636364	0.539638636363636	0.055206250000000	0.025856250000000	0.029793750000000	0.043803409090909		1
000124:	0.031428977272727	0.471250568181818	0.091666477272727	0.111053977272727	0.070886363636364	0.042540909090909	0.181172727272727		1
000125:	0.152704545454545	0.161001704545455	0.122023863636364	0.187151704545455	0.300469318181818	0.024571022727273	0.052077840909091		1
000126:	0.027980113636364	0.030452840909091	0.025770454545455	0.830209659090909	0.023887500000000	0.011443181818182	0.050256250000000		1
000127:	0.201506250000000	0.249781250000000	0.166248863636364	0.056981818181818	0.077581250000000	0.046696590909091	0.201203977272727		1
000128:	0.096719318181818	0.423546022727273	0.260051136363636	0.034888636363636	0.082927272727273	0.028676704545455	0.073190909090909		1
000129:	0.016097727272727	0.729088636363636	0.020249431818182	0.019871590909091	0.013288636363636	0.033556250000000	0.167847727272727		1
000130:	0.049256818181818	0.393844886363636	0.273155113636364	0.022081250000000	0.108305113636364	0.108214772727273	0.045142045454545		1
000131:	0.000288068181818	0.997110227272727	0.000678977272727	0.000484090909091	0.000276704545455	0.000524431818182	0.000637500000000		1
000132:	0.789015909090909	0.028817045454545	0.074543750000000	0.019645454545455	0.020839772727273	0.018832386363636	0.048305681818182		1
000133:	0.014805113636364	0.025466477272727	0.004881818181818	0.284810795454545	0.011440909090909	0.028723863636364	0.629871022727273		1
000134:	0.067364204545455	0.725276136363636	0.053682954545455	0.026569886363636	0.056487500000000	0.040006250000000	0.030613068181818		1
000135:	0.027009090909091	0.636505113636364	0.035543181818182	0.016318750000000	0.053886931818182	0.058338068181818	0.172398863636364		1
000136:	0.064146590909091	0.543097159090909	0.186046022727273	0.040136363636364	0.094910795454545	0.030678409090909	0.040984659090909		1
000137:	0.030596022727273	0.748127272727273	0.030616477272727	0.023475000000000	0.026498863636364	0.068740909090909	0.071945454545455		1
000138:	0.049109659090909	0.190205681818182	0.216167045454545	0.137863636363636	0.272686931818182	0.044347727272727	0.089619318181818		1
000139:	0.091501704545455	0.139164204545455	0.298425568181818	0.107165909090909	0.082210795454545	0.072415340909091	0.209116477272727		1
000140:	0.052617613636364	0.063649431818182	0.024754545454545	0.020614204545455	0.017506250000000	0.782651136363636	0.038206818181818		1
000141:	0.524872159090909	0.047286363636364	0.093351136363636	0.128190909090909	0.099575000000000	0.027356250000000	0.079368181818182		1
000142:	0.072469886363636	0.560103409090909	0.089509090909091	0.023968181818182	0.031521022727273	0.040894886363636	0.181533522727273		1
000143:	0.064161931818182	0.318573863636364	0.237265340909091	0.049716477272727	0.041740340909091	0.045361363636364	0.243180681818182		1
000144:	0.085101704545455	0.107466477272727	0.304549431818182	0.020603409090909	0.052685227272727	0.042346590909091	0.387247159090909		1
000145:	0.791744886363636	0.034183522727273	0.064986363636364	0.034595454545455	0.037559659090909	0.017300000000000	0.019630113636364		1
000146:	0.107269318181818	0.052672727272727	0.351142045454545	0.034716477272727	0.032868181818182	0.222330113636364	0.199001136363636		1
000147:	0.122102840909091	0.319685795454545	0.242828977272727	0.025847727272727	0.191690909090909	0.033584659090909	0.064259090909091		1
000148:	0.034742613636364	0.352545454545455	0.480395454545455	0.020741477272727	0.057178977272727	0.020550000000000	0.033846022727273		1
000149:	0.086715909090909	0.105010795454545	0.102077840909091	0.027012500000000	0.512747727272727	0.022669318181818	0.143765909090909		1
000150:	0.069497727272727	0.225370454545455	0.099393181818182	0.034866477272727	0.034098295454545	0.142740340909091	0.394033522727273		1
000151:	0.163343750000000	0.217323863636364	0.162593181818182	0.083659659090909	0.290284659090909	0.023222727272727	0.059572159090909		1
000152:	0.062934090909091	0.217312500000000	0.351196590909091	0.120352272727273	0.084990340909091	0.048400000000000	0.114814204545455		1
000153:	0.138401136363636	0.127431250000000	0.127409659090909	0.032235227272727	0.037927272727273	0.129280681818182	0.407314772727273		1
000154:	0.316152272727273	0.019930681818182	0.576996022727273	0.014103977272727	0.029351704545455	0.022840340909091	0.020625000000000		1
000155:	0.514244886363636	0.128576704545455	0.125202840909091	0.021165909090909	0.023439204545455	0.053097159090909	0.134273295454545		1
000156:	0.380735795454545	0.068329545454545	0.104837500000000	0.041564204545455	0.040702840909091	0.022551704545455	0.341278409090909		1
000157:	0.893945454545455	0.014459090909091	0.025070454545455	0.017151704545455	0.014603409090909	0.013513068181818	0.021256818181818		1
000158:	0.138741477272727	0.114013636363636	0.084606818181818	0.146326704545455	0.257905113636364	0.039097727272727	0.219308522727273		1
000159:	0.047173295454545	0.182891477272727	0.595598295454545	0.157906250000000	0.002946590909091	0.001299431818182	0.012184659090909		1
000160:	0.048277272727273	0.017437500000000	0.028703977272727	0.180487500000000	0.677829545454545	0.028201704545455	0.019062500000000		1
000161:	0.072518181818182	0.022848295454545	0.037789772727273	0.018639204545455	0.785997159090909	0.032939772727273	0.029267613636364		1
000162:	0.018451136363636	0.066277840909091	0.030968750000000	0.068572727272727	0.413517045454545	0.085477840909091	0.316734659090909		1
000163:	0.030483522727273	0.027564772727273	0.814885795454545	0.019206250000000	0.047074431818182	0.011664772727273	0.049120454545455		1
000164:	0.825484659090909	0.014886363636364	0.067230113636364	0.019293750000000	0.035355113636364	0.012006818181818	0.025743181818182		1
000165:	0.049332954545455	0.033071022727273	0.627275568181818	0.026911931818182	0.221871022727273	0.022313636363636	0.019223863636364		1
000166:	0.055700000000000	0.023213068181818	0.597819318181818	0.028868181818182	0.049369886363636	0.214333522727273	0.030696022727273		1
000167:	0.031256250000000	0.058332954545455	0.793203977272727	0.040082386363636	0.027010227272727	0.019955113636364	0.030159090909091		1
000168:	0.482935227272727	0.241030681818182	0.094134659090909	0.037166477272727	0.030000000000000	0.039459659090909	0.075273295454545		1
000169:	0.035933522727273	0.326857386363636	0.241703409090909	0.038497159090909	0.043262500000000	0.032289772727273	0.281456250000000		1
000170:	0.029176704545455	0.072472159090909	0.817598863636364	0.014197727272727	0.041272727272727	0.011161363636364	0.014120454545455		1
000171:	0.531535227272727	0.085289772727273	0.204901136363636	0.039781818181818	0.061724431818182	0.040310795454545	0.036456818181818		1
000172:	0.037593181818182	0.057021022727273	0.659232954545454	0.069298863636364	0.045134090909091	0.055841477272727	0.075878409090909		1
000173:	0.055581250000000	0.080770454545455	0.639375000000000	0.033980681818182	0.034027840909091	0.016373863636364	0.139890909090909		1
000174:	0.033411363636364	0.694527840909091	0.097063068181818	0.017055681818182	0.028767613636364	0.040830681818182	0.088343750000000		1
000175:	0.894689772727273	0.014931818181818	0.021156250000000	0.011830681818182	0.013630681818182	0.022605113636364	0.021155681818182		1
000176:	0.124664204545455	0.451419886363636	0.075567613636364	0.123330113636364	0.066549431818182	0.022725000000000	0.135743750000000		1
000177:	0.078285795454545	0.742296590909091	0.047955681818182	0.026694318181818	0.019167613636364	0.024533522727273	0.061066477272727		1
000178:	0.250164772727273	0.174896590909091	0.268494318181818	0.025729545454545	0.033822727272727	0.136540909090909	0.110351136363636		1
000179:	0.888360227272727	0.017715909090909	0.022713636363636	0.018252840909091	0.022122727272727	0.011271022727273	0.019563636363636		1
000180:	0.872963068181818	0.020078977272727	0.023248863636364	0.023304545454545	0.019536363636364	0.017660227272727	0.023207954545455		1
000181:	0.862318181818182	0.015567613636364	0.026298863636364	0.031539772727273	0.036528977272727	0.011065340909091	0.016681250000000		1
000182:	0.310603977272727	0.123044318181818	0.162642613636364	0.044404545454545	0.041812500000000	0.123983522727273	0.193508522727273		1
000183:	0.926423863636364	0.022928409090909	0.012581250000000	0.008193750000000	0.012543750000000	0.007459659090909	0.009869318181818		1
000184:	0.125076136363636	0.643290909090909	0.082465340909091	0.025660795454545	0.053649431818182	0.035274431818182	0.034582954545455		1
000185:	0.081827840909091	0.189553977272727	0.087773295454545	0.060819886363636	0.111402272727273	0.293479545454545	0.175143181818182		1
000186:	0.790472727272727	0.046116477272727	0.038718750000000	0.033684090909091	0.023894318181818	0.029839204545455	0.037274431818182		1
000187:	0.501425568181818	0.013948295454545	0.314924431818182	0.012019886363636	0.009912500000000	0.138377272727273	0.009392045454545		1
000188:	0.263163636363636	0.107814204545455	0.151370454545455	0.234563636363636	0.080003409090909	0.038347159090909	0.124737500000000		1
000189:	0.054085227272727	0.075510795454545	0.760155681818182	0.015818750000000	0.032426704545455	0.012059090909091	0.049943750000000		1
000190:	0.036515340909091	0.096433522727273	0.629703977272727	0.049523863636364	0.064817613636364	0.036490909090909	0.086514772727273		1
000191:	0.070639204545455	0.081855681818182	0.487018181818182	0.024718750000000	0.053652840909091	0.022822727272727	0.259292613636364		1
000192:	0.116531250000000	0.352103977272727	0.064821022727273	0.055176704545455	0.098957954545455	0.022909090909091	0.289500000000000		1
000193:	0.114869318181818	0.606544886363636	0.070697159090909	0.022852272727273	0.059771590909091	0.038635795454545	0.086628977272727		1
000194:	0.079854545454545	0.626345454545455	0.117101704545455	0.021082386363636	0.066890340909091	0.049460795454545	0.039264772727273		1
000195:	0.065430681818182	0.129341477272727	0.144661931818182	0.029635795454545	0.034461931818182	0.022106818181818	0.574361363636364		1
000196:	0.254488068181818	0.062561363636364	0.072393750000000	0.203088636363636	0.325876704545455	0.019675000000000	0.061916477272727		1
000197:	0.107427272727273	0.081151136363636	0.493587500000000	0.056986363636364	0.087843181818182	0.022183522727273	0.150821022727273		1
000198:	0.102944886363636	0.079890909090909	0.057113636363636	0.031872727272727	0.354907954545455	0.061239772727273	0.312030113636364		1
000199:	0.117861931818182	0.018686363636364	0.549754545454545	0.036059659090909	0.213915340909091	0.024842613636364	0.038879545454545		1
000200:	0.068631818181818	0.057533522727273	0.151035227272727	0.044515909090909	0.573219886363636	0.027271022727273	0.077792613636364		1
000201:	0.818103977272727	0.024502272727273	0.042444318181818	0.033606250000000	0.031054545454545	0.022806818181818	0.027481818181818		1
000202:	0.153744886363636	0.510818750000000	0.068653409090909	0.054232954545455	0.108397159090909	0.046678977272727	0.057473863636364		1
000203:	0.150835795454545	0.070751136363636	0.555432954545454	0.036242045454545	0.130093181818182	0.022497159090909	0.034147727272727		1
000204:	0.385801704545455	0.110332954545455	0.291021590909091	0.087667045454545	0.078755681818182	0.026581250000000	0.019839772727273		1
000205:	0.333449431818182	0.067209659090909	0.138556250000000	0.117644886363636	0.297651704545455	0.021009659090909	0.024478409090909		1
000206:	0.082502840909091	0.492389204545455	0.130240909090909	0.052661931818182	0.059916477272727	0.133298863636364	0.048989772727273		1
000207:	0.023309659090909	0.101380681818182	0.078617045454545	0.138955113636364	0.097190340909091	0.043564772727273	0.516982386363636		1
000208:	0.338830113636364	0.104156250000000	0.309449431818182	0.058731250000000	0.082889204545455	0.022785795454545	0.083157954545455		1
000209:	0.616661363636364	0.053008522727273	0.098102272727273	0.030778409090909	0.053855681818182	0.017462500000000	0.130131250000000		1
000210:	0.269053409090909	0.049051704545455	0.369706818181818	0.027515340909091	0.059872727272727	0.035094886363636	0.189705113636364		1
000211:	0.111390340909091	0.041561931818182	0.643889772727273	0.039247727272727	0.045092613636364	0.028394886363636	0.090422727272727		1
000212:	0.298843181818182	0.030240340909091	0.225876136363636	0.127178409090909	0.207386931818182	0.038240340909091	0.072234659090909		1
000213:	0.294727840909091	0.032632954545455	0.508977272727273	0.045239204545455	0.071496590909091	0.022314772727273	0.024611363636364		1
000214:	0.090320454545455	0.082926704545455	0.223103977272727	0.159035795454545	0.328009090909091	0.031183522727273	0.085420454545455		1
000215:	0.301309090909091	0.166282386363636	0.064532954545455	0.105401704545455	0.071467613636364	0.041897727272727	0.249108522727273		1
000216:	0.507706250000000	0.033930681818182	0.104454545454545	0.046107954545455	0.218917045454545	0.022706250000000	0.066177272727273		1
000217:	0.203482386363636	0.050089204545455	0.213061363636364	0.113338068181818	0.305523295454545	0.055186363636364	0.059319318181818		1
000218:	0.238118181818182	0.041830681818182	0.492953977272727	0.051019318181818	0.090670454545455	0.028219318181818	0.057188068181818		1
000219:	0.145409090909091	0.030737500000000	0.391559659090909	0.088089204545455	0.292946022727273	0.023713636363636	0.027544886363636		1
000220:	0.431978409090909	0.035399431818182	0.344047159090909	0.060608522727273	0.076975000000000	0.015593750000000	0.035397727272727		1
000221:	0.116504545454545	0.014000568181818	0.746776136363636	0.044982954545455	0.040247159090909	0.016552840909091	0.020935795454545		1
000222:	0.759793181818182	0.015994886363636	0.132948863636364	0.022882386363636	0.043921022727273	0.010232954545455	0.014226704545455		1
000223:	0.315657954545455	0.101748295454545	0.090651704545455	0.061134659090909	0.155012500000000	0.105287500000000	0.170507386363636		1
000224:	0.037351136363636	0.807660227272727	0.025564772727273	0.021575000000000	0.014948863636364	0.031002840909091	0.061897159090909		1
000225:	0.016235227272727	0.862764204545455	0.020791477272727	0.014944886363636	0.016374431818182	0.018467045454545	0.050422727272727		1
000226:	0.121084659090909	0.573497159090909	0.056089772727273	0.095094886363636	0.039020454545455	0.026078409090909	0.089134659090909		1
000227:	0.054021590909091	0.607168750000000	0.044719318181818	0.087044886363636	0.030784090909091	0.046186931818182	0.130074431818182		1
000228:	0.028588636363636	0.062398295454545	0.031112500000000	0.101502840909091	0.134939772727273	0.589153409090909	0.052304545454545		1
000229:	0.000736931818182	0.001878977272727	0.002437500000000	0.337305113636364	0.005345454545455	0.193742045454545	0.458553977272727		1
000230:	0.089428977272727	0.036773863636364	0.035106818181818	0.468162500000000	0.317214204545455	0.024173295454545	0.029140340909091		1
000231:	0.044812500000000	0.475062500000000	0.046571590909091	0.055936931818182	0.060506818181818	0.025284090909091	0.291825568181818		1
000232:	0.229746590909091	0.220801704545455	0.130574431818182	0.233403977272727	0.064249431818182	0.061973863636364	0.059250000000000		1
000233:	0.003692045454545	0.952024431818182	0.002293750000000	0.002102840909091	0.019421022727273	0.004726136363636	0.015739772727273		1
000234:	0.021093181818182	0.714451704545455	0.027257386363636	0.028076704545455	0.015477272727273	0.139713068181818	0.053930681818182		1
000235:	0.043246590909091	0.479549431818182	0.041471022727273	0.014952272727273	0.060355681818182	0.322917613636364	0.037507386363636		1
000236:	0.302088636363636	0.087726704545455	0.053832954545455	0.251693750000000	0.184869886363636	0.061525000000000	0.058263068181818		1
000237:	0.030112500000000	0.505302840909091	0.040876136363636	0.047176704545455	0.024021590909091	0.161740340909091	0.190769886363636		1
000238:	0.564134090909091	0.058117045454545	0.257345454545455	0.021308522727273	0.026414204545455	0.013777840909091	0.058902840909091		1
000239:	0.080544886363636	0.511611931818182	0.095901136363636	0.136615340909091	0.042445454545455	0.039856818181818	0.093024431818182		1
000240:	0.030565909090909	0.094402840909091	0.033913068181818	0.748008522727273	0.024365340909091	0.020797159090909	0.047947159090909		1
000241:	0.261586363636364	0.132081818181818	0.056773295454545	0.068884090909091	0.084911363636364	0.044839204545455	0.350923863636364		1
000242:	0.026826704545455	0.612370454545455	0.017967045454545	0.018775000000000	0.123034659090909	0.019863636363636	0.181162500000000		1
000243:	0.042588636363636	0.074682954545455	0.024847159090909	0.570663068181818	0.048651136363636	0.171956818181818	0.066610227272727		1
000244:	0.071394318181818	0.188401136363636	0.263783522727273	0.322572727272727	0.051801136363636	0.025986363636364	0.076060795454545		1
000245:	0.026369318181818	0.737794318181818	0.048365909090909	0.099905681818182	0.048996022727273	0.012609659090909	0.025959090909091		1
000246:	0.041598863636364	0.249802272727273	0.136544886363636	0.053120454545455	0.057421022727273	0.151665340909091	0.309847159090909		1
000247:	0.062277840909091	0.413232954545455	0.131459090909091	0.087447159090909	0.042788636363636	0.129021022727273	0.133773295454545		1
000248:	0.039142045454545	0.787352272727273	0.026665340909091	0.063873295454545	0.054943181818182	0.013493181818182	0.014530681818182		1
000249:	0.024280681818182	0.587201136363636	0.025414204545455	0.177064204545455	0.028241477272727	0.078765909090909	0.079032386363636		1
000250:	0.023072727272727	0.886012500000000	0.016979545454545	0.013418750000000	0.014126136363636	0.018760227272727	0.027630113636364		1
000251:	0.001902840909091	0.002432386363636	0.773497159090909	0.002871022727273	0.001440909090909	0.216256250000000	0.001599431818182		1
000252:	0.221248863636364	0.120144886363636	0.097859659090909	0.226728409090909	0.184213068181818	0.070338636363636	0.079466477272727		1
000253:	0.054503409090909	0.162503409090909	0.035067045454545	0.081230681818182	0.118617613636364	0.498621022727273	0.049456818181818		1
000254:	0.104567045454545	0.528766477272727	0.031407954545455	0.108861363636364	0.112360227272727	0.079379545454545	0.034657386363636		1
000255:	0.030436363636364	0.767207386363636	0.042196022727273	0.061053977272727	0.022918750000000	0.050843750000000	0.025343750000000		1
000256:	0.042503977272727	0.809109659090909	0.042718750000000	0.027507954545455	0.030678977272727	0.016959090909091	0.030521590909091		1
000257:	0.480813068181818	0.080125568181818	0.110104545454545	0.055996022727273	0.203873863636364	0.044100000000000	0.024986931818182		1
000258:	0.048389772727273	0.594945454545455	0.221929545454545	0.044612500000000	0.027481818181818	0.019880113636364	0.042760795454545		1
000259:	0.868819318181818	0.013821590909091	0.033213636363636	0.016068750000000	0.016745454545455	0.025138636363636	0.026192613636364		1
000260:	0.048385227272727	0.145028977272727	0.045468750000000	0.540956818181818	0.048778977272727	0.056204545454545	0.115176704545455		1
000261:	0.683419318181818	0.061915909090909	0.005673863636364	0.065511931818182	0.035136931818182	0.004021022727273	0.144321022727273		1
000262:	0.443300568181818	0.048509090909091	0.040142045454545	0.280780113636364	0.058031250000000	0.069794318181818	0.059442613636364		1
000263:	0.103155681818182	0.335959090909091	0.172535227272727	0.085606818181818	0.141226704545455	0.025294318181818	0.136222159090909		1
000264:	0.843393750000000	0.036715909090909	0.032567613636364	0.021463068181818	0.021665909090909	0.013242613636364	0.030951136363636		1
000265:	0.096489772727273	0.080851136363636	0.625542045454546	0.047734659090909	0.064826136363636	0.050503409090909	0.034052840909091		1
000266:	0.039382954545455	0.816897727272727	0.036911931818182	0.022900000000000	0.018875000000000	0.043011931818182	0.022020454545455		1
000267:	0.017468750000000	0.862967613636364	0.019890340909091	0.035008522727273	0.016436931818182	0.027339772727273	0.020888068181818		1
000268:	0.179216477272727	0.282924431818182	0.254000568181818	0.070674431818182	0.082872727272727	0.045240909090909	0.085070454545455		1
000269:	0.218740909090909	0.229978977272727	0.035528977272727	0.020231250000000	0.014082954545455	0.323757386363636	0.157679545454545		1
000270:	0.767953977272727	0.009854545454545	0.025665909090909	0.117701136363636	0.039000000000000	0.009456818181818	0.030367613636364		1
000271:	0.109603977272727	0.108294318181818	0.039421590909091	0.141446590909091	0.032896022727273	0.506530113636364	0.061807386363636		1
000272:	0.183663636363636	0.149801136363636	0.039924431818182	0.252060795454545	0.136271022727273	0.159811931818182	0.078467045454545		1
000273:	0.302981818181818	0.303355113636364	0.062532386363636	0.032494318181818	0.034026704545455	0.215425568181818	0.049184090909091		1
000274:	0.066684659090909	0.717915340909091	0.030364204545455	0.030816477272727	0.058320454545455	0.044062500000000	0.051836363636364		1
000275:	0.049733522727273	0.727535227272727	0.038739204545455	0.026561363636364	0.024047727272727	0.021339772727273	0.112043181818182		1
000276:	0.786911363636364	0.024129545454545	0.033288636363636	0.055688068181818	0.023861363636364	0.034757386363636	0.041363636363636		1
000277:	0.118749431818182	0.227882386363636	0.025055113636364	0.024328977272727	0.021451136363636	0.297898295454545	0.284634659090909		1
000278:	0.032496022727273	0.456694318181818	0.259535795454545	0.012978409090909	0.049577272727273	0.012466477272727	0.176251704545455		1
000279:	0.022388636363636	0.317710795454545	0.058975568181818	0.019134090909091	0.020944886363636	0.465338636363636	0.095507386363636		1
000280:	0.177829545454545	0.359196022727273	0.063165340909091	0.218883522727273	0.096117045454545	0.024289204545455	0.060519318181818		1
000281:	0.559878409090909	0.089882954545455	0.032586363636364	0.028503409090909	0.029875568181818	0.203896590909091	0.055376704545455		1
000282:	0.122935795454545	0.194103409090909	0.056474431818182	0.111889204545455	0.047503409090909	0.065287500000000	0.401806250000000		1
000283:	0.834784090909091	0.015122727272727	0.031137500000000	0.050640340909091	0.042875000000000	0.010363636363636	0.015076704545455		1
000284:	0.098687500000000	0.316701136363636	0.061589204545455	0.205761931818182	0.050245454545455	0.198443181818182	0.068571590909091		1
000285:	0.034490909090909	0.198963636363636	0.099695454545455	0.058202272727273	0.030140340909091	0.112110227272727	0.466397159090909		1
000286:	0.231707954545455	0.421617613636364	0.047446590909091	0.032525000000000	0.045512500000000	0.119568750000000	0.101621590909091		1
000287:	0.256735795454545	0.469937500000000	0.045064772727273	0.035896590909091	0.030292613636364	0.087301136363636	0.074771590909091		1
000288:	0.224883522727273	0.375856250000000	0.125454545454545	0.100367045454545	0.050339772727273	0.066406818181818	0.056692045454545		1
