Estimated Clustering Probabilities for Samples
Sample	***Cluster  01***	***Cluster  02***	***Cluster  03***	***Cluster  04***	***Cluster  05***	***Cluster  06***	***Cluster  07***	***Cluster  08***	
000001:	0.287850568181818	0.111231250000000	0.063485227272727	0.146656250000000	0.245213068181818	0.066855681818182	0.019372727272727	0.059335227272727		1
000002:	0.201206818181818	0.023978409090909	0.017484090909091	0.121218181818182	0.559765909090909	0.057097159090909	0.006096022727273	0.013153409090909		1
000003:	0.121874431818182	0.153796022727273	0.031648863636364	0.426451704545455	0.167701136363636	0.054146590909091	0.015196022727273	0.029185227272727		1
000004:	0.045236363636364	0.037256250000000	0.018685227272727	0.128657954545455	0.475438068181818	0.275788068181818	0.008783522727273	0.010154545454545		1
000005:	0.284740340909091	0.077089772727273	0.033082954545455	0.280484090909091	0.257850568181818	0.044486363636364	0.006710795454545	0.015555113636364		1
000006:	0.020942045454545	0.009864772727273	0.016628409090909	0.215213636363636	0.442205113636364	0.283821022727273	0.004733522727273	0.006591477272727		1
000007:	0.031957386363636	0.371975000000000	0.017542613636364	0.215576136363636	0.303619886363636	0.031646590909091	0.011281250000000	0.016401136363636		1
000008:	0.035414772727273	0.026471022727273	0.028172727272727	0.152078977272727	0.673674431818182	0.057382386363636	0.009998295454545	0.016807386363636		1
000009:	0.046552840909091	0.019093750000000	0.020706250000000	0.173670454545455	0.678609659090909	0.037911931818182	0.010730681818182	0.012724431818182		1
000010:	0.112827840909091	0.036020454545455	0.033514204545455	0.165552840909091	0.562442045454545	0.067561931818182	0.007350568181818	0.014730113636364		1
000011:	0.388055681818182	0.204352840909091	0.065242613636364	0.040835227272727	0.056394318181818	0.101878409090909	0.064023863636364	0.079217045454545		1
000012:	0.321459659090909	0.036768750000000	0.245163636363636	0.078300568181818	0.042139772727273	0.159476704545455	0.093717613636364	0.022973295454545		1
000013:	0.070396022727273	0.053917613636364	0.230107954545455	0.075705681818182	0.046323295454545	0.269297727272727	0.227127272727273	0.027124431818182		1
000014:	0.017938068181818	0.011107954545455	0.035502840909091	0.024603409090909	0.016284090909091	0.863423863636364	0.023080113636364	0.008059659090909		1
000015:	0.138761363636364	0.027548863636364	0.065094886363636	0.335695454545455	0.113338068181818	0.281772159090909	0.029438068181818	0.008351136363636		1
000016:	0.112689772727273	0.018067045454545	0.034333522727273	0.040345454545455	0.021561363636364	0.731757386363636	0.020522727272727	0.020722727272727		1
000017:	0.217181818181818	0.039247727272727	0.115093181818182	0.436503977272727	0.029558522727273	0.090524431818182	0.042643181818182	0.029247159090909		1
000018:	0.054978977272727	0.057813636363636	0.537351136363636	0.048552840909091	0.049594318181818	0.137309090909091	0.099518750000000	0.014881250000000		1
000019:	0.020396590909091	0.012644886363636	0.075102272727273	0.795833522727273	0.015978977272727	0.028307386363636	0.044377840909091	0.007358522727273		1
000020:	0.198290340909091	0.024353977272727	0.130351704545455	0.227992045454545	0.055736931818182	0.297425000000000	0.037519886363636	0.028330113636364		1
000021:	0.943953409090909	0.000760795454545	0.047656250000000	0.000753409090909	0.000421590909091	0.002131818181818	0.002389772727273	0.001932954545455		1
000022:	0.225904545454545	0.033321590909091	0.267335795454545	0.289311363636364	0.025050000000000	0.091183522727273	0.047227840909091	0.020665340909091		1
000023:	0.020303409090909	0.670666477272727	0.070493181818182	0.118430681818182	0.018425000000000	0.031903409090909	0.050296590909091	0.019481250000000		1
000024:	0.013002272727273	0.069277272727273	0.027838068181818	0.008067045454545	0.006939772727273	0.856994886363636	0.011318750000000	0.006561931818182		1
000025:	0.064715909090909	0.072362500000000	0.239271022727273	0.096153977272727	0.031747159090909	0.247290340909091	0.225869318181818	0.022589772727273		1
000026:	0.168915909090909	0.030361931818182	0.418813636363636	0.179411363636364	0.041989772727273	0.046013636363636	0.087318181818182	0.027175568181818		1
000027:	0.209768750000000	0.009856250000000	0.462722159090909	0.077102840909091	0.034542613636364	0.037764772727273	0.154152272727273	0.014090340909091		1
000028:	0.067594886363636	0.041461363636364	0.139045454545455	0.552167613636364	0.020780681818182	0.062898295454545	0.045099431818182	0.070952272727273		1
000029:	0.113010227272727	0.029382954545455	0.301444886363636	0.227519318181818	0.030333522727273	0.176778409090909	0.069181250000000	0.052349431818182		1
000030:	0.000782386363636	0.000948295454545	0.003689204545455	0.984040340909091	0.000821590909091	0.001005681818182	0.008057954545455	0.000654545454545		1
000031:	0.042960227272727	0.027006818181818	0.725652840909091	0.067618181818182	0.012518181818182	0.068512500000000	0.044960227272727	0.010771022727273		1
000032:	0.381372727272727	0.036827840909091	0.292169318181818	0.044994886363636	0.033365340909091	0.117562500000000	0.065243750000000	0.028463636363636		1
000033:	0.004387500000000	0.001141477272727	0.011317613636364	0.696915909090909	0.267612500000000	0.006183522727273	0.010305113636364	0.002136363636364		1
000034:	0.017232386363636	0.006424431818182	0.034282386363636	0.019628409090909	0.006146590909091	0.901078977272727	0.009849431818182	0.005357386363636		1
000035:	0.040252272727273	0.166618181818182	0.296708522727273	0.114425000000000	0.060013636363636	0.071439772727273	0.210326704545455	0.040215909090909		1
000036:	0.299394318181818	0.039882954545455	0.226706250000000	0.112486931818182	0.088275568181818	0.129246590909091	0.031633522727273	0.072373863636364		1
000037:	0.063611363636364	0.022555113636364	0.521701136363636	0.061677840909091	0.017573863636364	0.185647159090909	0.112823295454545	0.014410227272727		1
000038:	0.040468750000000	0.085300568181818	0.055234090909091	0.068039204545455	0.096169318181818	0.054186363636364	0.585799431818182	0.014802272727273		1
000039:	0.095321022727273	0.014177272727273	0.500261931818182	0.125732954545455	0.020767045454545	0.140640909090909	0.089658522727273	0.013440340909091		1
000040:	0.022098863636364	0.011954545454545	0.039369318181818	0.024996022727273	0.008853977272727	0.825051704545455	0.055788636363636	0.011886931818182		1
000041:	0.310569318181818	0.019065340909091	0.296826704545455	0.086736931818182	0.048538636363636	0.156725568181818	0.054548295454545	0.026989204545455		1
000042:	0.232050568181818	0.040182386363636	0.214710795454545	0.064693750000000	0.030774431818182	0.090664772727273	0.302811363636364	0.024111931818182		1
000043:	0.002568181818182	0.145634090909091	0.011634659090909	0.009740909090909	0.002006250000000	0.003451704545455	0.823098863636364	0.001865340909091		1
000044:	0.100954545454545	0.015880681818182	0.175794886363636	0.415581250000000	0.022605113636364	0.080023295454545	0.145319318181818	0.043840909090909		1
000045:	0.050827272727273	0.011455113636364	0.733126136363636	0.049662500000000	0.028303977272727	0.040627840909091	0.063490909090909	0.022506250000000		1
000046:	0.105292045454545	0.062885795454545	0.391728977272727	0.113776704545455	0.074039772727273	0.062885795454545	0.048281250000000	0.141109659090909		1
000047:	0.135615909090909	0.070922159090909	0.128822727272727	0.247553977272727	0.131827272727273	0.229175000000000	0.035507954545455	0.020575000000000		1
000048:	0.039937500000000	0.015846022727273	0.014887500000000	0.752282954545455	0.038527840909091	0.094005681818182	0.033905113636364	0.010607386363636		1
000049:	0.106464204545455	0.039025568181818	0.083699431818182	0.544075000000000	0.058384090909091	0.072182386363636	0.082208522727273	0.013960795454545		1
000050:	0.090000000000000	0.115277840909091	0.071427840909091	0.092277272727273	0.102969318181818	0.447280681818182	0.060043750000000	0.020723295454545		1
000051:	0.045706250000000	0.031432954545455	0.030713636363636	0.053392613636364	0.109499431818182	0.684703977272727	0.018715340909091	0.025835795454545		1
000052:	0.012004545454545	0.011935795454545	0.017773295454545	0.022652272727273	0.040917613636364	0.879444318181818	0.010571590909091	0.004700568181818		1
000053:	0.430250568181818	0.022115909090909	0.072546590909091	0.275757386363636	0.086564772727273	0.079193181818182	0.019927272727273	0.013644318181818		1
000054:	0.068918750000000	0.119769318181818	0.239163636363636	0.064003977272727	0.092661363636364	0.093747727272727	0.294939772727273	0.026795454545455		1
000055:	0.203301704545455	0.022176704545455	0.066048863636364	0.408556250000000	0.140726136363636	0.115439204545455	0.024995454545455	0.018755681818182		1
000056:	0.151577840909091	0.023227840909091	0.105805113636364	0.492007386363636	0.080823863636364	0.083975000000000	0.036795454545455	0.025787500000000		1
000057:	0.134097159090909	0.015279545454545	0.113307386363636	0.594177840909091	0.038476136363636	0.076332954545455	0.017406250000000	0.010922727272727		1
000058:	0.073892613636364	0.087503409090909	0.056223295454545	0.554530113636364	0.035636931818182	0.034670454545455	0.139615909090909	0.017927272727273		1
000059:	0.348573295454545	0.019515909090909	0.258636931818182	0.191416477272727	0.045457954545455	0.044965909090909	0.069285227272727	0.022148295454545		1
000060:	0.353264204545455	0.034081250000000	0.038780113636364	0.411771022727273	0.054707386363636	0.064798863636364	0.018075000000000	0.024522159090909		1
000061:	0.179631250000000	0.035611363636364	0.079152840909091	0.557904545454545	0.030730681818182	0.060468181818182	0.036114772727273	0.020386363636364		1
000062:	0.041020454545455	0.145307954545455	0.055461931818182	0.046990909090909	0.101764204545455	0.566388636363636	0.028966477272727	0.014099431818182		1
000063:	0.021918750000000	0.014403977272727	0.021584090909091	0.045273863636364	0.060424431818182	0.797362500000000	0.027367613636364	0.011664772727273		1
000064:	0.086252272727273	0.034778977272727	0.029504545454545	0.063425568181818	0.160183522727273	0.529692613636364	0.020950568181818	0.075211931818182		1
000065:	0.108050568181818	0.020579545454545	0.048988068181818	0.621528977272727	0.087619318181818	0.061346590909091	0.023086931818182	0.028800000000000		1
000066:	0.155808522727273	0.017977272727273	0.131140340909091	0.549213068181818	0.052241477272727	0.064664204545455	0.018469318181818	0.010485795454545		1
000067:	0.044052840909091	0.016019318181818	0.021435795454545	0.046433522727273	0.115844318181818	0.717061363636364	0.017329545454545	0.021823295454545		1
000068:	0.135786363636364	0.014668181818182	0.140847159090909	0.622041477272727	0.025598863636364	0.023622159090909	0.021676136363636	0.015759659090909		1
000069:	0.160671022727273	0.009297727272727	0.181136931818182	0.534537500000000	0.027478409090909	0.064547727272727	0.013187500000000	0.009143181818182		1
000070:	0.138958522727273	0.045115340909091	0.102047159090909	0.309694886363636	0.073827840909091	0.193326704545455	0.086888636363636	0.050140909090909		1
000071:	0.150840909090909	0.036944318181818	0.309137500000000	0.333830113636364	0.038641477272727	0.043990340909091	0.051330681818182	0.035284659090909		1
000072:	0.300513068181818	0.018842613636364	0.041043750000000	0.448966477272727	0.065507954545455	0.086311931818182	0.023281250000000	0.015532954545455		1
000073:	0.386395454545455	0.032310795454545	0.074797727272727	0.202761931818182	0.052591477272727	0.066119886363636	0.163259090909091	0.021763636363636		1
000074:	0.026466477272727	0.044185227272727	0.537016477272727	0.032414204545455	0.020715909090909	0.137244886363636	0.190858522727273	0.011098295454545		1
000075:	0.063331818181818	0.053429545454545	0.107566477272727	0.360825000000000	0.027168181818182	0.082461363636364	0.287270454545455	0.017947159090909		1
000076:	0.179101136363636	0.109556250000000	0.099602840909091	0.147175568181818	0.055577840909091	0.039535227272727	0.151194318181818	0.218256818181818		1
000077:	0.983495454545455	0.000993181818182	0.002136363636364	0.004330681818182	0.002757954545455	0.002086931818182	0.002815340909091	0.001384090909091		1
000078:	0.018891477272727	0.009647159090909	0.022133522727273	0.027836363636364	0.009856818181818	0.067917613636364	0.730806250000000	0.112910795454545		1
000079:	0.148031250000000	0.039812500000000	0.105517045454545	0.081533522727273	0.033001136363636	0.124621590909091	0.419303409090909	0.048179545454545		1
000080:	0.095026704545455	0.055550000000000	0.155162500000000	0.176564772727273	0.031571590909091	0.041409659090909	0.400325000000000	0.044389772727273		1
000081:	0.308277272727273	0.063867613636364	0.055388068181818	0.415203409090909	0.053310795454545	0.053048295454545	0.022739204545455	0.028165340909091		1
000082:	0.142361931818182	0.025496590909091	0.027902840909091	0.664626136363636	0.047372159090909	0.051378977272727	0.023341477272727	0.017519886363636		1
000083:	0.475189772727273	0.023269318181818	0.083653977272727	0.305894318181818	0.027919886363636	0.015467045454545	0.054647727272727	0.013957954545455		1
000084:	0.014629545454545	0.247544318181818	0.021464772727273	0.012836363636364	0.018681818181818	0.632775568181818	0.023344886363636	0.028722727272727		1
000085:	0.350564772727273	0.040297159090909	0.209324431818182	0.165806250000000	0.053471590909091	0.103894886363636	0.047638068181818	0.029002840909091		1
000086:	0.034768181818182	0.076960227272727	0.122984090909091	0.074542045454545	0.039263636363636	0.508730113636364	0.041086363636364	0.101665340909091		1
000087:	0.774277272727273	0.010150000000000	0.100681818181818	0.052390909090909	0.017668750000000	0.027463068181818	0.010752840909091	0.006615340909091		1
000088:	0.054321590909091	0.032363068181818	0.551142045454545	0.188840909090909	0.044297159090909	0.049230681818182	0.042559659090909	0.037244886363636		1
000089:	0.540284090909091	0.025614204545455	0.247903409090909	0.051464204545455	0.059215909090909	0.030481818181818	0.025003977272727	0.020032386363636		1
000090:	0.118318750000000	0.055055681818182	0.290621022727273	0.136298295454545	0.046610795454545	0.136782386363636	0.183670454545455	0.032642613636364		1
000091:	0.040627272727273	0.295968750000000	0.167582954545455	0.039671590909091	0.158821590909091	0.072455113636364	0.159552272727273	0.065320454545455		1
000092:	0.063366477272727	0.085801136363636	0.086102272727273	0.473053409090909	0.076627840909091	0.088963068181818	0.106376136363636	0.019709659090909		1
000093:	0.384684659090909	0.016619318181818	0.155380113636364	0.063970454545455	0.069147159090909	0.061867613636364	0.218919886363636	0.029410795454545		1
000094:	0.475092613636364	0.017897727272727	0.167340340909091	0.107679545454545	0.058025000000000	0.035694886363636	0.112542613636364	0.025727272727273		1
000095:	0.030510795454545	0.008434090909091	0.024442613636364	0.885620454545455	0.015405113636364	0.019678409090909	0.009372727272727	0.006535795454545		1
000096:	0.030845454545455	0.007394318181818	0.024808522727273	0.100339772727273	0.013153977272727	0.808573295454545	0.009567045454545	0.005317613636364		1
000097:	0.157589204545455	0.029848863636364	0.250601704545455	0.379302840909091	0.024965340909091	0.044290909090909	0.094604545454545	0.018796590909091		1
000098:	0.072954545454545	0.025496022727273	0.098894886363636	0.717043181818182	0.025046590909091	0.021863068181818	0.031767613636364	0.006934090909091		1
000099:	0.160086363636364	0.062734090909091	0.124414772727273	0.279355113636364	0.044992045454545	0.261251136363636	0.044756250000000	0.022410227272727		1
000100:	0.151336363636364	0.027269886363636	0.040315340909091	0.322844318181818	0.038613636363636	0.392083522727273	0.015407954545455	0.012128977272727		1
000101:	0.206039772727273	0.012585227272727	0.332109090909091	0.234254545454545	0.043488636363636	0.082868181818182	0.080126704545455	0.008527840909091		1
000102:	0.220305113636364	0.034719886363636	0.112388068181818	0.180341477272727	0.067353977272727	0.244583522727273	0.118273295454545	0.022034659090909		1
000103:	0.213573863636364	0.048951704545455	0.100600000000000	0.325844886363636	0.040483522727273	0.059560227272727	0.164028409090909	0.046957386363636		1
000104:	0.206527840909091	0.024813636363636	0.069993750000000	0.241342613636364	0.076269886363636	0.334384659090909	0.034951136363636	0.011716477272727		1
000105:	0.125794318181818	0.042924431818182	0.413773295454545	0.113593181818182	0.047983522727273	0.181144886363636	0.058782386363636	0.016003977272727		1
000106:	0.148038068181818	0.036940909090909	0.398460227272727	0.222690909090909	0.038739772727273	0.048792045454545	0.083099431818182	0.023238636363636		1
000107:	0.981615340909091	0.001028977272727	0.003160795454545	0.007024431818182	0.001305113636364	0.004444886363636	0.001086363636364	0.000334090909091		1
000108:	0.038650000000000	0.010392045454545	0.058136931818182	0.088920454545455	0.074818750000000	0.690618750000000	0.025550000000000	0.012913068181818		1
000109:	0.131363636363636	0.014365340909091	0.176323863636364	0.418497727272727	0.024067613636364	0.073810227272727	0.129347159090909	0.032224431818182		1
000110:	0.092098863636364	0.027009659090909	0.162004545454545	0.058180113636364	0.026824431818182	0.047379545454545	0.553227840909091	0.033275000000000		1
000111:	0.096082954545455	0.076879545454545	0.065622727272727	0.282689772727273	0.057765909090909	0.368900000000000	0.031797159090909	0.020261931818182		1
000112:	0.023423863636364	0.708764772727273	0.152854545454545	0.015382386363636	0.010119886363636	0.013444886363636	0.067163068181818	0.008846590909091		1
000113:	0.215584090909091	0.033317613636364	0.072758522727273	0.451425568181818	0.052471590909091	0.125118750000000	0.032819318181818	0.016504545454545		1
000114:	0.126111931818182	0.269019318181818	0.091719886363636	0.190525568181818	0.066734659090909	0.043921590909091	0.170027840909091	0.041939204545455		1
000115:	0.070456818181818	0.059193750000000	0.133515909090909	0.448109659090909	0.050357386363636	0.105327840909091	0.112811363636364	0.020227272727273		1
000116:	0.118600000000000	0.019832386363636	0.069361363636364	0.416706250000000	0.088794318181818	0.209259090909091	0.060734659090909	0.016711931818182		1
000117:	0.005703409090909	0.001753409090909	0.198207954545455	0.009713068181818	0.770861931818182	0.007488636363636	0.004450568181818	0.001821022727273		1
000118:	0.190202840909091	0.082337500000000	0.046557386363636	0.285214204545455	0.066203977272727	0.273022159090909	0.033961931818182	0.022500000000000		1
000119:	0.020460227272727	0.052938636363636	0.012704545454545	0.909789772727273	0.000982386363636	0.001073863636364	0.001628409090909	0.000422159090909		1
000120:	0.378320454545455	0.030864204545455	0.065973295454545	0.259069318181818	0.054406250000000	0.172721590909091	0.023711363636364	0.014933522727273		1
000121:	0.035015909090909	0.049878409090909	0.139331250000000	0.506240340909091	0.026498863636364	0.106980681818182	0.099227272727273	0.036827272727273		1
000122:	0.269643750000000	0.013091477272727	0.355882954545455	0.245637500000000	0.020653977272727	0.051177840909091	0.035870454545455	0.008042045454545		1
000123:	0.167369886363636	0.070436363636364	0.063118181818182	0.431252272727273	0.041393750000000	0.056705681818182	0.130628409090909	0.039095454545455		1
000124:	0.112344318181818	0.266608522727273	0.289696590909091	0.068876136363636	0.108563636363636	0.062257954545455	0.059143181818182	0.032509659090909		1
000125:	0.137894886363636	0.215715909090909	0.051873863636364	0.160350568181818	0.187810795454545	0.151856818181818	0.051301136363636	0.043196022727273		1
000126:	0.021701136363636	0.021923295454545	0.325816477272727	0.060701136363636	0.036035227272727	0.029738068181818	0.021451704545455	0.482632954545455		1
000127:	0.275993181818182	0.054740340909091	0.110363636363636	0.200538068181818	0.117402272727273	0.128047159090909	0.072011931818182	0.040903409090909		1
000128:	0.426463636363636	0.056040340909091	0.232316477272727	0.143763068181818	0.049507386363636	0.051940340909091	0.020117613636364	0.019851136363636		1
000129:	0.044310227272727	0.067836363636364	0.541982954545455	0.213077272727273	0.020661931818182	0.024980681818182	0.072843750000000	0.014306818181818		1
000130:	0.120222159090909	0.052217613636364	0.043121022727273	0.594854545454545	0.057725000000000	0.050825000000000	0.055514772727273	0.025519886363636		1
000131:	0.168262500000000	0.093921022727273	0.161107386363636	0.413750000000000	0.049134659090909	0.055708522727273	0.030577272727273	0.027538636363636		1
000132:	0.008144318181818	0.009297159090909	0.031496022727273	0.028742613636364	0.028018181818182	0.877388068181818	0.007911931818182	0.009001704545455		1
000133:	0.060644318181818	0.074653409090909	0.049181818181818	0.240809090909091	0.022324431818182	0.040119318181818	0.492236931818182	0.020030681818182		1
000134:	0.054467045454545	0.011504545454545	0.092815909090909	0.259900000000000	0.064325568181818	0.035213068181818	0.474898863636364	0.006875000000000		1
000135:	0.044004545454545	0.033241477272727	0.587650568181818	0.104143750000000	0.055603409090909	0.038413068181818	0.122773295454545	0.014169886363636		1
000136:	0.175343750000000	0.108376704545455	0.045728409090909	0.397677840909091	0.112798295454545	0.079601704545455	0.055175000000000	0.025298295454545		1
000137:	0.077613636363636	0.035731250000000	0.303752840909091	0.257978977272727	0.031331818181818	0.061934090909091	0.192698863636364	0.038958522727273		1
000138:	0.235156250000000	0.040121590909091	0.094015340909091	0.278184090909091	0.122735795454545	0.144673863636364	0.039522159090909	0.045590909090909		1
000139:	0.461732954545455	0.025585227272727	0.138010795454545	0.136045454545455	0.084644886363636	0.054246022727273	0.078790909090909	0.020943750000000		1
000140:	0.040259659090909	0.029445454545455	0.191381250000000	0.072925568181818	0.034809090909091	0.098794318181818	0.515613636363636	0.016771022727273		1
000141:	0.013097727272727	0.014943181818182	0.011432954545455	0.460673863636364	0.460137500000000	0.031098863636364	0.006465909090909	0.002150000000000		1
000142:	0.396227840909091	0.011747159090909	0.270959659090909	0.098088068181818	0.067630681818182	0.091860795454545	0.049623863636364	0.013861931818182		1
000143:	0.047664204545455	0.009451704545455	0.048135227272727	0.852615909090909	0.013040909090909	0.021068750000000	0.005714204545455	0.002309090909091		1
000144:	0.072020454545455	0.024546590909091	0.282587500000000	0.341227840909091	0.114436931818182	0.136009659090909	0.018152840909091	0.011018181818182		1
000145:	0.024325000000000	0.011200568181818	0.043545454545455	0.019909659090909	0.032215340909091	0.851346590909091	0.011455681818182	0.006001704545455		1
000146:	0.380726704545455	0.006050568181818	0.122271022727273	0.043464204545455	0.018386363636364	0.080519318181818	0.344514772727273	0.004067045454545		1
000147:	0.086014204545455	0.025343181818182	0.084659090909091	0.533369318181818	0.144587500000000	0.088749431818182	0.024726136363636	0.012551136363636		1
000148:	0.826305113636364	0.009464772727273	0.010661363636364	0.113873863636364	0.010881250000000	0.013002272727273	0.012756250000000	0.003055113636364		1
000149:	0.097206818181818	0.040252272727273	0.344010227272727	0.221388636363636	0.117881818181818	0.121444886363636	0.038915909090909	0.018899431818182		1
000150:	0.122022727272727	0.055546590909091	0.361889204545455	0.167742045454545	0.031182954545455	0.126567045454545	0.113770454545455	0.021278977272727		1
000151:	0.326090909090909	0.028168181818182	0.049180681818182	0.071069318181818	0.082693181818182	0.408076704545455	0.021692045454545	0.013028977272727		1
000152:	0.020516477272727	0.002728977272727	0.024256250000000	0.927438636363636	0.002477840909091	0.005372727272727	0.013813636363636	0.003395454545455		1
000153:	0.260119318181818	0.019688068181818	0.364321590909091	0.164505681818182	0.040221590909091	0.078413068181818	0.040540340909091	0.032190340909091		1
000154:	0.037456250000000	0.010259659090909	0.025065909090909	0.274414772727273	0.210560795454545	0.268840909090909	0.156823295454545	0.016578409090909		1
000155:	0.079021590909091	0.048055681818182	0.128066477272727	0.278610227272727	0.054049431818182	0.328069318181818	0.062510795454545	0.021616477272727		1
000156:	0.199952840909091	0.026816477272727	0.148103409090909	0.137957954545455	0.043535795454545	0.403917045454545	0.025726704545455	0.013989772727273		1
000157:	0.071971590909091	0.030459659090909	0.012431250000000	0.039401704545455	0.045928409090909	0.765108522727273	0.015081818181818	0.019617045454545		1
000158:	0.306007954545455	0.049918181818182	0.039478409090909	0.052257954545455	0.293405113636364	0.192580113636364	0.014359090909091	0.051993181818182		1
000159:	0.596885795454545	0.008088068181818	0.002006250000000	0.009740909090909	0.296512500000000	0.076585227272727	0.006525000000000	0.003656250000000		1
000160:	0.021571590909091	0.045966477272727	0.012286931818182	0.025064772727273	0.671154545454545	0.055157954545455	0.008878409090909	0.159919318181818		1
000161:	0.039406250000000	0.013454545454545	0.008067613636364	0.024847159090909	0.869431818181818	0.021434659090909	0.009624431818182	0.013733522727273		1
000162:	0.042955681818182	0.067330681818182	0.282117613636364	0.073646590909091	0.275331818181818	0.033816477272727	0.069250000000000	0.155551136363636		1
000163:	0.053113068181818	0.018822727272727	0.019284090909091	0.679138068181818	0.154037500000000	0.035016477272727	0.008093181818182	0.032494886363636		1
000164:	0.021900000000000	0.014606250000000	0.011552840909091	0.062226136363636	0.590686931818182	0.264726136363636	0.011293750000000	0.023007954545455		1
000165:	0.214040909090909	0.011278409090909	0.014811931818182	0.097394886363636	0.607034659090909	0.023834659090909	0.011865909090909	0.019738636363636		1
000166:	0.015823295454545	0.012692045454545	0.009981818181818	0.534373863636364	0.364422159090909	0.038005113636364	0.010292045454545	0.014409659090909		1
000167:	0.064651136363636	0.028266477272727	0.023488068181818	0.586009659090909	0.139160795454545	0.060007386363636	0.029838636363636	0.068577840909091		1
000168:	0.219806250000000	0.017725000000000	0.102922727272727	0.134741477272727	0.039566477272727	0.424384659090909	0.048824431818182	0.012028977272727		1
000169:	0.415085795454545	0.030526136363636	0.117582386363636	0.315170454545455	0.030596590909091	0.045786363636364	0.021109659090909	0.024142613636364		1
000170:	0.677253977272727	0.008128977272727	0.000947727272727	0.001651704545455	0.000819886363636	0.003739204545455	0.307271590909091	0.000186931818182		1
000171:	0.032834090909091	0.022336931818182	0.035593750000000	0.094347727272727	0.618058522727273	0.158278409090909	0.032309659090909	0.006240909090909		1
000172:	0.361471022727273	0.014715340909091	0.124486363636364	0.201826136363636	0.154681250000000	0.061876136363636	0.048995454545455	0.031948295454545		1
000173:	0.305781818181818	0.015673295454545	0.067226704545455	0.503681250000000	0.056834090909091	0.029761363636364	0.012003409090909	0.009038068181818		1
000174:	0.174201136363636	0.023619886363636	0.256500000000000	0.269359659090909	0.137113636363636	0.072243750000000	0.052600000000000	0.014361931818182		1
000175:	0.049923863636364	0.019085227272727	0.041035227272727	0.076044886363636	0.028689204545455	0.736676704545455	0.040125568181818	0.008419318181818		1
000176:	0.100647727272727	0.073029545454545	0.142946022727273	0.421136363636364	0.059185227272727	0.118708522727273	0.055937500000000	0.028409090909091		1
000177:	0.269321022727273	0.028827272727273	0.195086931818182	0.231594886363636	0.055273295454545	0.150801704545455	0.038464772727273	0.030630113636364		1
000178:	0.341195454545455	0.032147727272727	0.162066477272727	0.259862500000000	0.070665340909091	0.086461931818182	0.037592045454545	0.010008522727273		1
000179:	0.029515340909091	0.012309090909091	0.022955113636364	0.027339772727273	0.014501704545455	0.553728409090909	0.046156250000000	0.293494318181818		1
000180:	0.053241477272727	0.017284090909091	0.044042045454545	0.032898295454545	0.033631818181818	0.789327840909091	0.024349431818182	0.005225000000000		1
000181:	0.023671022727273	0.008684659090909	0.029176136363636	0.028143750000000	0.035581818181818	0.858076136363636	0.010060795454545	0.006605681818182		1
000182:	0.092740909090909	0.026527840909091	0.266799431818182	0.263039772727273	0.046686931818182	0.213773863636364	0.067778409090909	0.022652840909091		1
000183:	0.075314204545455	0.021044318181818	0.045332386363636	0.076052272727273	0.042173295454545	0.703596590909091	0.028450568181818	0.008036363636364		1
000184:	0.066531818181818	0.066044886363636	0.121393750000000	0.545856818181818	0.033003409090909	0.131234659090909	0.025762500000000	0.010172159090909		1
000185:	0.000891477272727	0.005514772727273	0.005553409090909	0.001973295454545	0.001207954545455	0.001096590909091	0.982775000000000	0.000987500000000		1
000186:	0.054897727272727	0.263055113636364	0.068936363636364	0.073321022727273	0.029255681818182	0.460847727272727	0.033052840909091	0.016633522727273		1
000187:	0.022041477272727	0.013231250000000	0.045815909090909	0.070405681818182	0.020556818181818	0.787816477272727	0.033157386363636	0.006975000000000		1
000188:	0.065039772727273	0.048613636363636	0.031267045454545	0.023572727272727	0.073562500000000	0.721815340909091	0.028408522727273	0.007720454545455		1
000189:	0.218165340909091	0.018614204545455	0.056090340909091	0.612413636363636	0.026352272727273	0.037864772727273	0.017077840909091	0.013421590909091		1
000190:	0.006579545454545	0.442972159090909	0.016954545454545	0.007581250000000	0.280375000000000	0.038196022727273	0.204955681818182	0.002385795454545		1
000191:	0.612728977272727	0.024332386363636	0.171350568181818	0.099852272727273	0.039570454545455	0.027580113636364	0.017223863636364	0.007361363636364		1
000192:	0.132721022727273	0.036467613636364	0.432977840909091	0.172173863636364	0.063119318181818	0.111853409090909	0.032027840909091	0.018659090909091		1
000193:	0.141082386363636	0.054256250000000	0.291674431818182	0.144495454545455	0.085890340909091	0.213080681818182	0.052041477272727	0.017478977272727		1
000194:	0.092157386363636	0.047192613636364	0.071468750000000	0.149158522727273	0.138537500000000	0.038435227272727	0.455712500000000	0.007337500000000		1
000195:	0.055303409090909	0.023626704545455	0.233300568181818	0.596456818181818	0.015329545454545	0.044580681818182	0.021746022727273	0.009656250000000		1
000196:	0.158779545454545	0.229739204545455	0.020226704545455	0.076103977272727	0.275844886363636	0.124723295454545	0.017258522727273	0.097323863636364		1
000197:	0.137440909090909	0.021871590909091	0.068507386363636	0.445235795454545	0.213611363636364	0.070936931818182	0.010842045454545	0.031553977272727		1
000198:	0.161852272727273	0.038141477272727	0.209048295454545	0.090562500000000	0.376330681818182	0.070276704545455	0.023639772727273	0.030148295454545		1
000199:	0.011427272727273	0.008137500000000	0.012697727272727	0.019233522727273	0.895346022727273	0.035360795454545	0.005061363636364	0.012735795454545		1
000200:	0.136688636363636	0.024167045454545	0.014698863636364	0.065521022727273	0.702406250000000	0.027212500000000	0.011915340909091	0.017390340909091		1
000201:	0.062702840909091	0.031177840909091	0.027725568181818	0.106246022727273	0.130088636363636	0.590909090909091	0.019108522727273	0.032041477272727		1
000202:	0.186811363636364	0.061144318181818	0.177877272727273	0.177501704545455	0.099675000000000	0.129746590909091	0.131976704545455	0.035267045454545		1
000203:	0.595940909090909	0.036315340909091	0.044251136363636	0.156502272727273	0.088648863636364	0.049909659090909	0.022626136363636	0.005805681818182		1
000204:	0.592007386363636	0.039286363636364	0.012828409090909	0.184256250000000	0.008703977272727	0.024217613636364	0.132990909090909	0.005709090909091		1
000205:	0.425749431818182	0.065955113636364	0.071467613636364	0.114899431818182	0.045168750000000	0.229330681818182	0.032700568181818	0.014728409090909		1
000206:	0.081983522727273	0.044452840909091	0.049712500000000	0.407990340909091	0.034985795454545	0.149706818181818	0.221207386363636	0.009960795454545		1
000207:	0.267676704545455	0.108453409090909	0.241148863636364	0.163338636363636	0.047826136363636	0.041569318181818	0.037399431818182	0.092587500000000		1
000208:	0.255071590909091	0.026247727272727	0.082338068181818	0.303589204545455	0.042339772727273	0.241942045454545	0.026265340909091	0.022206250000000		1
000209:	0.312436931818182	0.019619318181818	0.015972159090909	0.148324431818182	0.046181250000000	0.428463636363636	0.015328409090909	0.013673863636364		1
000210:	0.033269318181818	0.025384090909091	0.027913636363636	0.703328977272727	0.030025000000000	0.076327272727273	0.091986363636364	0.011765340909091		1
000211:	0.121722727272727	0.022459659090909	0.052150000000000	0.569621022727273	0.114923295454545	0.051938636363636	0.026290909090909	0.040893750000000		1
000212:	0.069889772727273	0.022332954545455	0.041910227272727	0.083642045454545	0.567667613636364	0.117986931818182	0.015165340909091	0.081405113636364		1
000213:	0.171776136363636	0.026942045454545	0.029205113636364	0.258948295454545	0.296773295454545	0.135436363636364	0.010848295454545	0.070070454545455		1
000214:	0.264466477272727	0.014196590909091	0.134205681818182	0.452688636363636	0.080043750000000	0.011109659090909	0.010622159090909	0.032667045454545		1
000215:	0.057686931818182	0.224463068181818	0.031960227272727	0.354140909090909	0.073884090909091	0.065268181818182	0.074696590909091	0.117900000000000		1
000216:	0.109603977272727	0.093277840909091	0.029476136363636	0.042477272727273	0.370243181818182	0.290235227272727	0.023909090909091	0.040777272727273		1
000217:	0.009496022727273	0.004296022727273	0.002210227272727	0.003797159090909	0.011535795454545	0.004547159090909	0.896684659090909	0.067432954545455		1
000218:	0.049723295454545	0.046642045454545	0.031602272727273	0.190164204545455	0.306924431818182	0.257444886363636	0.014844886363636	0.102653977272727		1
000219:	0.097124431818182	0.010860795454545	0.007727840909091	0.064971022727273	0.746091477272727	0.037497159090909	0.010671590909091	0.025055681818182		1
000220:	0.385765340909091	0.001657386363636	0.000898295454545	0.002307386363636	0.407714204545455	0.014884659090909	0.184682954545455	0.002089772727273		1
000221:	0.012175568181818	0.010468750000000	0.004286363636364	0.368538636363636	0.550680681818182	0.033296590909091	0.006083522727273	0.014469886363636		1
000222:	0.027190340909091	0.021412500000000	0.017853977272727	0.091051704545455	0.451556818181818	0.320163068181818	0.018572727272727	0.052198863636364		1
000223:	0.093746022727273	0.073130113636364	0.122144886363636	0.197576704545455	0.097080681818182	0.274003409090909	0.066850000000000	0.075468181818182		1
000224:	0.131859090909091	0.076642045454545	0.151871590909091	0.062238636363636	0.025436363636364	0.067472159090909	0.453767613636364	0.030712500000000		1
000225:	0.151031818181818	0.040757954545455	0.166669318181818	0.058146022727273	0.027699431818182	0.076633522727273	0.437502840909091	0.041559090909091		1
000226:	0.124508522727273	0.434694318181818	0.055426136363636	0.114102272727273	0.026248295454545	0.073931818181818	0.085988068181818	0.085100568181818		1
000227:	0.142289204545455	0.002855681818182	0.011534090909091	0.002267045454545	0.015432386363636	0.001616477272727	0.814232386363636	0.009772727272727		1
000228:	0.014901136363636	0.052685795454545	0.055718181818182	0.023700000000000	0.082755681818182	0.029601704545455	0.639848295454545	0.100789204545455		1
000229:	0.113403409090909	0.120192613636364	0.063292613636364	0.079334659090909	0.036147727272727	0.034617045454545	0.500823863636364	0.052188068181818		1
000230:	0.038683522727273	0.337945454545455	0.036951136363636	0.032500568181818	0.139732954545455	0.131218181818182	0.079579545454545	0.203388636363636		1
000231:	0.000341477272727	0.000613636363636	0.000376136363636	0.001190340909091	0.000441477272727	0.093843181818182	0.902356250000000	0.000837500000000		1
000232:	0.054053409090909	0.122250000000000	0.045583522727273	0.187023863636364	0.059414772727273	0.150928409090909	0.196772727272727	0.183973295454545		1
000233:	0.089368181818182	0.122299431818182	0.169240909090909	0.037888068181818	0.026145454545455	0.027871590909091	0.441352272727273	0.085834090909091		1
000234:	0.025748295454545	0.038275568181818	0.246722727272727	0.024046022727273	0.021272159090909	0.024651704545455	0.540279545454545	0.079003977272727		1
000235:	0.012154545454545	0.021676136363636	0.285189772727273	0.032170454545455	0.024825568181818	0.062161363636364	0.525086931818182	0.036735227272727		1
000236:	0.009542045454545	0.784389204545455	0.023198863636364	0.007822159090909	0.020435795454545	0.046411931818182	0.066711363636364	0.041488636363636		1
000237:	0.131061931818182	0.050805113636364	0.068545454545455	0.122334090909091	0.014241477272727	0.040140340909091	0.535256250000000	0.037615340909091		1
000238:	0.056552840909091	0.029343181818182	0.045791477272727	0.115788636363636	0.150469886363636	0.436227840909091	0.121075568181818	0.044750568181818		1
000239:	0.042656250000000	0.054781250000000	0.172315909090909	0.058261363636364	0.015814772727273	0.042126136363636	0.534762500000000	0.079281818181818		1
000240:	0.028721022727273	0.176863068181818	0.034950568181818	0.043155681818182	0.021318181818182	0.033610795454545	0.062700000000000	0.598680681818182		1
000241:	0.055116477272727	0.031923295454545	0.215803977272727	0.030311363636364	0.039880113636364	0.366972727272727	0.133306818181818	0.126685227272727		1
000242:	0.038898295454545	0.038490909090909	0.355210795454545	0.026443750000000	0.025670454545455	0.040889204545455	0.437844886363636	0.036551704545455		1
000243:	0.044938068181818	0.020218750000000	0.037356818181818	0.013384090909091	0.016105113636364	0.030588068181818	0.303439772727273	0.533969318181818		1
000244:	0.193227272727273	0.252522159090909	0.038865909090909	0.037393750000000	0.027082954545455	0.059439772727273	0.168509659090909	0.222958522727273		1
000245:	0.116450000000000	0.153235227272727	0.072135227272727	0.109499431818182	0.035669318181818	0.052696590909091	0.297131250000000	0.163182954545455		1
000246:	0.039395454545455	0.063258522727273	0.168413068181818	0.053836363636364	0.026240340909091	0.043476136363636	0.522864772727273	0.082515340909091		1
000247:	0.140464204545455	0.201017613636364	0.062900568181818	0.029453977272727	0.036669318181818	0.090713636363636	0.329545454545455	0.109235227272727		1
000248:	0.048759090909091	0.240496022727273	0.002123295454545	0.001572727272727	0.001714772727273	0.657653409090909	0.041548863636364	0.006131818181818		1
000249:	0.023410795454545	0.336473863636364	0.068462500000000	0.025919318181818	0.045444886363636	0.032051704545455	0.323063068181818	0.145173863636364		1
000250:	0.074311931818182	0.031616477272727	0.134061363636364	0.058401704545455	0.024987500000000	0.047945454545455	0.565609090909091	0.063066477272727		1
000251:	0.029544886363636	0.108114772727273	0.130009659090909	0.085512500000000	0.039371590909091	0.052292613636364	0.371718750000000	0.183435227272727		1
000252:	0.022323863636364	0.141828409090909	0.039593750000000	0.028815340909091	0.072040909090909	0.099375568181818	0.288922727272727	0.307099431818182		1
000253:	0.058065909090909	0.066734659090909	0.026351136363636	0.017239772727273	0.205923863636364	0.029662500000000	0.565661931818182	0.030360227272727		1
000254:	0.019798295454545	0.434492613636364	0.043622727272727	0.033192613636364	0.039690340909091	0.057512500000000	0.323318750000000	0.048372159090909		1
000255:	0.033531818181818	0.109992045454545	0.036909090909091	0.039964772727273	0.038690909090909	0.048353409090909	0.613280113636364	0.079277840909091		1
