Estimated Clustering Probabilities for Samples
Sample	***Cluster  01***	***Cluster  02***	***Cluster  03***	***Cluster  04***	
000001:	0.336434090909091	0.099699431818182	0.488002272727273	0.075864204545455		1
000002:	0.707349431818182	0.055377840909091	0.210480113636364	0.026792613636364		1
000003:	0.253006250000000	0.057553409090909	0.654394886363636	0.035045454545455		1
000004:	0.076497727272727	0.796939772727273	0.101054545454545	0.025507954545455		1
000005:	0.070939772727273	0.044983522727273	0.861991477272727	0.022085227272727		1
000006:	0.105902272727273	0.684622727272727	0.129510795454545	0.079964204545455		1
000007:	0.639498863636364	0.031228409090909	0.300979545454545	0.028293181818182		1
000008:	0.429394886363636	0.061393750000000	0.476456250000000	0.032755113636364		1
000009:	0.188236363636364	0.357185227272727	0.413738068181818	0.040840340909091		1
000010:	0.200401136363636	0.057229545454545	0.689799431818182	0.052569886363636		1
000011:	0.392519886363636	0.144673295454545	0.427802272727273	0.035004545454545		1
000012:	0.030481250000000	0.122689204545455	0.720132954545455	0.126696590909091		1
000013:	0.030247159090909	0.189732386363636	0.154456818181818	0.625563636363636		1
000014:	0.024103977272727	0.931491477272727	0.025239204545455	0.019165340909091		1
000015:	0.038597159090909	0.077058522727273	0.866208522727273	0.018135795454545		1
000016:	0.025197727272727	0.885314772727273	0.076742613636364	0.012744886363636		1
000017:	0.046351136363636	0.043703409090909	0.893652840909091	0.016292613636364		1
000018:	0.021680681818182	0.048076704545455	0.159857954545455	0.770384659090909		1
000019:	0.055069886363636	0.028260795454545	0.841203977272727	0.075465340909091		1
000020:	0.040883522727273	0.298098295454545	0.624820454545455	0.036197727272727		1
000021:	0.247551704545455	0.014439204545455	0.572981818181818	0.165027272727273		1
000022:	0.026521590909091	0.049221022727273	0.872168181818182	0.052089204545455		1
000023:	0.272884090909091	0.077000000000000	0.432558522727273	0.217557386363636		1
000024:	0.019143181818182	0.936477272727273	0.024253409090909	0.020126136363636		1
000025:	0.061496590909091	0.190271022727273	0.165315909090909	0.582916477272727		1
000026:	0.029334090909091	0.018906818181818	0.841313068181818	0.110446022727273		1
000027:	0.038590340909091	0.039461931818182	0.311256250000000	0.610691477272727		1
000028:	0.408776704545455	0.037064204545455	0.511152840909091	0.043006250000000		1
000029:	0.072021022727273	0.105020454545455	0.768860227272727	0.054098295454545		1
000030:	0.103681250000000	0.083713068181818	0.750789204545455	0.061816477272727		1
000031:	0.026232954545455	0.037741477272727	0.242261363636364	0.693764204545455		1
000032:	0.081976136363636	0.051359090909091	0.697767045454545	0.168897727272727		1
000033:	0.111135795454545	0.053267045454545	0.764694318181818	0.070902840909091		1
000034:	0.024442045454545	0.915742045454545	0.041911931818182	0.017903977272727		1
000035:	0.318234659090909	0.027213636363636	0.188287500000000	0.466264204545455		1
000036:	0.135931250000000	0.088180681818182	0.743018181818182	0.032869886363636		1
000037:	0.026132386363636	0.056244886363636	0.874739204545455	0.042883522727273		1
000038:	0.623692045454545	0.099430681818182	0.177267045454545	0.099610227272727		1
000039:	0.060226704545455	0.118791477272727	0.512675568181818	0.308306250000000		1
000040:	0.045135795454545	0.858573295454545	0.074659659090909	0.021631250000000		1
000041:	0.053935227272727	0.116914204545455	0.671081250000000	0.158069318181818		1
000042:	0.056034090909091	0.101072159090909	0.189308522727273	0.653585227272727		1
000043:	0.082072159090909	0.105756250000000	0.791132954545455	0.021038636363636		1
000044:	0.074602840909091	0.066072727272727	0.752880113636364	0.106444318181818		1
000045:	0.020017613636364	0.016601704545455	0.726786363636364	0.236594318181818		1
000046:	0.182050568181818	0.057987500000000	0.186519318181818	0.573442613636364		1
000047:	0.205367613636364	0.181893750000000	0.277312500000000	0.335426136363636		1
000048:	0.097238068181818	0.047292613636364	0.826512500000000	0.028956818181818		1
000049:	0.048202272727273	0.042226136363636	0.879992613636364	0.029578977272727		1
000050:	0.101046022727273	0.308471022727273	0.452597727272727	0.137885227272727		1
000051:	0.017972727272727	0.941410227272727	0.028809090909091	0.011807954545455		1
000052:	0.019935795454545	0.927361931818182	0.040971590909091	0.011730681818182		1
000053:	0.044114204545455	0.200993181818182	0.590516477272727	0.164376136363636		1
000054:	0.089705113636364	0.045139204545455	0.195823295454545	0.669332386363636		1
000055:	0.038512500000000	0.200951704545455	0.738672159090909	0.021863636363636		1
000056:	0.027301704545455	0.067537500000000	0.869741477272727	0.035419318181818		1
000057:	0.037947727272727	0.089551136363636	0.771435795454545	0.101065340909091		1
000058:	0.044707386363636	0.020952272727273	0.843406250000000	0.090934090909091		1
000059:	0.017956818181818	0.014353409090909	0.839617045454545	0.128072727272727		1
000060:	0.025809090909091	0.039963068181818	0.918674431818182	0.015553409090909		1
000061:	0.025655113636364	0.033069886363636	0.917639204545455	0.023635795454545		1
000062:	0.036125000000000	0.891447727272727	0.059092045454545	0.013335227272727		1
000063:	0.024909659090909	0.932956250000000	0.029543750000000	0.012590340909091		1
000064:	0.083160227272727	0.878300568181818	0.028906250000000	0.009632954545455		1
000065:	0.092777840909091	0.030407386363636	0.852322159090909	0.024492613636364		1
000066:	0.019294886363636	0.054169886363636	0.881550000000000	0.044985227272727		1
000067:	0.027596590909091	0.922217613636364	0.039897159090909	0.010288636363636		1
000068:	0.019404545454545	0.014160227272727	0.922578977272727	0.043856250000000		1
000069:	0.024372727272727	0.033175568181818	0.911379545454545	0.031072159090909		1
000070:	0.115527272727273	0.295530113636364	0.450166477272727	0.138776136363636		1
000071:	0.042072159090909	0.012406818181818	0.881727840909091	0.063793181818182		1
000072:	0.067150000000000	0.097994886363636	0.817791477272727	0.017063636363636		1
000073:	0.039189204545455	0.051631250000000	0.891665340909091	0.017514204545455		1
000074:	0.025862500000000	0.160698295454545	0.150903977272727	0.662535227272727		1
000075:	0.051661931818182	0.066961931818182	0.699572727272727	0.181803409090909		1
000076:	0.590700568181818	0.020138068181818	0.223658522727273	0.165502840909091		1
000077:	0.363662500000000	0.062920454545455	0.426319886363636	0.147097159090909		1
000078:	0.051710795454545	0.048035227272727	0.883182386363636	0.017071590909091		1
000079:	0.045897727272727	0.038610227272727	0.816502272727273	0.098989772727273		1
000080:	0.064923295454545	0.014825000000000	0.636105681818182	0.284146022727273		1
000081:	0.024468181818182	0.017705681818182	0.945005113636364	0.012821022727273		1
000082:	0.049724431818182	0.050716477272727	0.879684090909091	0.019875000000000		1
000083:	0.035778977272727	0.012403409090909	0.928779545454545	0.023038068181818		1
000084:	0.017144318181818	0.951063636363636	0.016571590909091	0.015220454545455		1
000085:	0.153911363636364	0.091198295454545	0.588461931818182	0.166428409090909		1
000086:	0.105003409090909	0.427217613636364	0.379577272727273	0.088201704545455		1
000087:	0.018357954545455	0.023831250000000	0.936160795454545	0.021650000000000		1
000088:	0.020161931818182	0.024288068181818	0.844761363636364	0.110788636363636		1
000089:	0.062818181818182	0.035910795454545	0.812772727272727	0.088498295454545		1
000090:	0.038161931818182	0.086444886363636	0.243292045454545	0.632101136363636		1
000091:	0.210622159090909	0.037726136363636	0.174230113636364	0.577421590909091		1
000092:	0.021129545454545	0.023981250000000	0.923415340909091	0.031473863636364		1
000093:	0.045265909090909	0.045619886363636	0.773194886363636	0.135919318181818		1
000094:	0.038638636363636	0.026107954545455	0.884373863636364	0.050879545454545		1
000095:	0.043847159090909	0.073995454545455	0.866772159090909	0.015385227272727		1
000096:	0.027617045454545	0.921492045454545	0.038302840909091	0.012588068181818		1
000097:	0.020453977272727	0.016030113636364	0.885611363636364	0.077904545454545		1
000098:	0.022439204545455	0.008673863636364	0.951748863636364	0.017138068181818		1
000099:	0.093438636363636	0.334609659090909	0.485702840909091	0.086248863636364		1
000100:	0.030776704545455	0.743185227272727	0.203631818181818	0.022406250000000		1
000101:	0.038008522727273	0.033125568181818	0.864278409090909	0.064587500000000		1
000102:	0.065944318181818	0.194800000000000	0.588067613636364	0.151188068181818		1
000103:	0.170581818181818	0.027113068181818	0.671306250000000	0.130998863636364		1
000104:	0.031456250000000	0.790121590909091	0.153542613636364	0.024879545454545		1
000105:	0.023284659090909	0.109726136363636	0.613419318181818	0.253569886363636		1
000106:	0.061248863636364	0.020678409090909	0.686365340909091	0.231707386363636		1
000107:	0.042411363636364	0.311032386363636	0.603488068181818	0.043068181818182		1
000108:	0.023935795454545	0.766396590909091	0.152403977272727	0.057263636363636		1
000109:	0.076391477272727	0.034394318181818	0.759260227272727	0.129953977272727		1
000110:	0.140922159090909	0.119949431818182	0.055469318181818	0.683659090909091		1
000111:	0.148222159090909	0.440320454545455	0.363620454545455	0.047836931818182		1
000112:	0.052594318181818	0.131906818181818	0.405721022727273	0.409777840909091		1
000113:	0.049052272727273	0.080626136363636	0.853022159090909	0.017299431818182		1
000114:	0.307966477272727	0.024655113636364	0.501107954545455	0.166270454545455		1
000115:	0.054111363636364	0.083231250000000	0.750397159090909	0.112260227272727		1
000116:	0.035460795454545	0.632998863636364	0.300017613636364	0.031522727272727		1
000117:	0.093262500000000	0.031128409090909	0.731508522727273	0.144100568181818		1
000118:	0.124607386363636	0.257068750000000	0.594921590909091	0.023402272727273		1
000119:	0.024360795454545	0.055171022727273	0.846626136363636	0.073842045454545		1
000120:	0.074565340909091	0.113335795454545	0.771476136363636	0.040622727272727		1
000121:	0.111019886363636	0.049202272727273	0.570704545454545	0.269073295454545		1
000122:	0.013168181818182	0.033376136363636	0.917604545454546	0.035851136363636		1
000123:	0.044034659090909	0.023607386363636	0.907252272727273	0.025105681818182		1
000124:	0.227013636363636	0.024030113636364	0.627429545454545	0.121526704545455		1
000125:	0.603439204545455	0.102185795454545	0.273443181818182	0.020931818181818		1
000126:	0.920332954545454	0.020439204545455	0.039346022727273	0.019881818181818		1
000127:	0.103350568181818	0.141966477272727	0.694148295454545	0.060534659090909		1
000128:	0.089373863636364	0.067727840909091	0.797833522727273	0.045064772727273		1
000129:	0.027593181818182	0.016911931818182	0.499599431818182	0.455895454545455		1
000130:	0.172171022727273	0.068755681818182	0.725479545454545	0.033593750000000		1
000131:	0.028784659090909	0.038564204545455	0.894087500000000	0.038563636363636		1
000132:	0.042486363636364	0.738780113636364	0.186605681818182	0.032127840909091		1
000133:	0.508911363636364	0.038665340909091	0.230188636363636	0.222234659090909		1
000134:	0.132173863636364	0.058475568181818	0.641627272727273	0.167723295454545		1
000135:	0.028446022727273	0.012858522727273	0.367428977272727	0.591266477272727		1
000136:	0.068568181818182	0.074099431818182	0.822735795454545	0.034596590909091		1
000137:	0.036236363636364	0.038150568181818	0.327384090909091	0.598228977272727		1
000138:	0.223593181818182	0.026850568181818	0.662775000000000	0.086781250000000		1
000139:	0.050960227272727	0.050264772727273	0.855740909090909	0.043034090909091		1
000140:	0.033696590909091	0.044980113636364	0.086177840909091	0.835145454545455		1
000141:	0.365719886363636	0.517231818181818	0.083625568181818	0.033422727272727		1
000142:	0.025485227272727	0.058853409090909	0.740594886363636	0.175066477272727		1
000143:	0.037229545454545	0.030340909090909	0.904404545454545	0.028025000000000		1
000144:	0.062506818181818	0.101997727272727	0.796047727272727	0.039447727272727		1
000145:	0.079521590909091	0.849552840909091	0.041570454545455	0.029355113636364		1
000146:	0.054083522727273	0.087076136363636	0.672844886363636	0.185995454545455		1
000147:	0.121167045454545	0.052476704545455	0.796001704545454	0.030354545454545		1
000148:	0.062442613636364	0.021606250000000	0.893399431818182	0.022551704545455		1
000149:	0.154801704545455	0.073607954545455	0.704563636363636	0.067026704545455		1
000150:	0.039846590909091	0.063173863636364	0.495514204545455	0.401465340909091		1
000151:	0.238276704545455	0.156663636363636	0.577986931818182	0.027072727272727		1
000152:	0.120995454545455	0.088400568181818	0.720207954545454	0.070396022727273		1
000153:	0.021707386363636	0.049039204545455	0.853642045454545	0.075611363636364		1
000154:	0.065996590909091	0.587659659090909	0.327009090909091	0.019334659090909		1
000155:	0.025263068181818	0.326822159090909	0.522455681818182	0.125459090909091		1
000156:	0.041022727272727	0.236684659090909	0.690060227272727	0.032232386363636		1
000157:	0.024264204545455	0.898008522727273	0.058224431818182	0.019502840909091		1
000158:	0.477442045454545	0.121315340909091	0.319466477272727	0.081776136363636		1
000159:	0.118698295454545	0.592361363636364	0.062719886363636	0.226220454545455		1
000160:	0.931501136363636	0.032934090909091	0.025255113636364	0.010309659090909		1
000161:	0.785146022727273	0.088601136363636	0.064916477272727	0.061336363636364		1
000162:	0.340961363636364	0.018657954545455	0.049282386363636	0.591098295454546		1
000163:	0.002348863636364	0.254204545454545	0.742426136363636	0.001020454545455		1
000164:	0.052302840909091	0.888388636363636	0.049714204545455	0.009594318181818		1
000165:	0.212348863636364	0.076950568181818	0.675856818181818	0.034843750000000		1
000166:	0.028855113636364	0.060245454545455	0.889002272727273	0.021897159090909		1
000167:	0.118280681818182	0.061367045454545	0.792955113636364	0.027397159090909		1
000168:	0.065410795454545	0.271776704545455	0.600495454545454	0.062317045454545		1
000169:	0.032164772727273	0.016231250000000	0.918386931818182	0.033217045454545		1
000170:	0.039043750000000	0.022332954545455	0.915383522727273	0.023239772727273		1
000171:	0.042636931818182	0.756897727272727	0.170433522727273	0.030031818181818		1
000172:	0.166655113636364	0.039959090909091	0.726151704545455	0.067234090909091		1
000173:	0.032535795454545	0.030834090909091	0.922650000000000	0.013980113636364		1
000174:	0.019044886363636	0.022219886363636	0.847081250000000	0.111653977272727		1
000175:	0.015904545454545	0.940239772727273	0.026540340909091	0.017315340909091		1
000176:	0.138906818181818	0.051960227272727	0.760901704545455	0.048231250000000		1
000177:	0.028424431818182	0.060465909090909	0.856495454545455	0.054614204545455		1
000178:	0.024484090909091	0.144439772727273	0.754346590909091	0.076729545454545		1
000179:	0.017254545454545	0.902076704545455	0.064010795454545	0.016657954545455		1
000180:	0.023984659090909	0.923811931818182	0.035692045454545	0.016511363636364		1
000181:	0.031997159090909	0.933017045454545	0.022180681818182	0.012805113636364		1
000182:	0.121657954545455	0.160730113636364	0.381730113636364	0.335881818181818		1
000183:	0.019109090909091	0.926571022727273	0.042930681818182	0.011389204545455		1
000184:	0.186102272727273	0.134868750000000	0.546485227272727	0.132543750000000		1
000185:	0.142309090909091	0.069489204545455	0.187534090909091	0.600667613636364		1
000186:	0.058284090909091	0.878441477272727	0.042155681818182	0.021118750000000		1
000187:	0.018464772727273	0.943031250000000	0.018725000000000	0.019778977272727		1
000188:	0.487615909090909	0.355388068181818	0.130680681818182	0.026315340909091		1
000189:	0.027346590909091	0.029599431818182	0.930961931818182	0.012092045454545		1
000190:	0.058155681818182	0.022050568181818	0.897033522727273	0.022760227272727		1
000191:	0.025521022727273	0.024933522727273	0.927602272727273	0.021943181818182		1
000192:	0.125484090909091	0.084747727272727	0.626448863636364	0.163319318181818		1
000193:	0.061556250000000	0.103707954545455	0.743070454545455	0.091665340909091		1
000194:	0.074627840909091	0.091478977272727	0.667824431818182	0.166068750000000		1
000195:	0.017968750000000	0.022930681818182	0.936843181818182	0.022257386363636		1
000196:	0.576800568181818	0.195452272727273	0.202162500000000	0.025584659090909		1
000197:	0.073425000000000	0.065348295454545	0.832678977272727	0.028547727272727		1
000198:	0.125371022727273	0.088790909090909	0.268537500000000	0.517300568181818		1
000199:	0.293705681818182	0.164205681818182	0.504193181818182	0.037895454545455		1
000200:	0.592093750000000	0.047536931818182	0.312552272727273	0.047817045454545		1
000201:	0.040489772727273	0.906497727272727	0.037411363636364	0.015601136363636		1
000202:	0.111110795454545	0.212617613636364	0.502251136363636	0.174020454545455		1
000203:	0.072043181818182	0.132008522727273	0.768415340909091	0.027532954545455		1
000204:	0.275977840909091	0.512436363636364	0.187605113636364	0.023980681818182		1
000205:	0.124003977272727	0.476505681818182	0.344548863636364	0.054941477272727		1
000206:	0.225705113636364	0.116650000000000	0.436575000000000	0.221069886363636		1
000207:	0.146571022727273	0.018922727272727	0.763180113636364	0.071326136363636		1
000208:	0.132242613636364	0.202902840909091	0.630434659090909	0.034419886363636		1
000209:	0.030309659090909	0.838267613636364	0.107277840909091	0.024144886363636		1
000210:	0.046328977272727	0.370304545454545	0.535388636363636	0.047977840909091		1
000211:	0.032221590909091	0.094168750000000	0.851689204545454	0.021920454545455		1
000212:	0.494728977272727	0.314040340909091	0.160864772727273	0.030365909090909		1
000213:	0.117127840909091	0.615484659090909	0.248081818181818	0.019305681818182		1
000214:	0.678857386363636	0.055853977272727	0.228463636363636	0.036825000000000		1
000215:	0.180277840909091	0.064113068181818	0.597097159090909	0.158511931818182		1
000216:	0.237632386363636	0.535191477272727	0.195150000000000	0.032026136363636		1
000217:	0.486242045454545	0.174643181818182	0.269781818181818	0.069332954545455		1
000218:	0.228461931818182	0.220380113636364	0.527329545454545	0.023828409090909		1
000219:	0.476296022727273	0.161225568181818	0.340306250000000	0.022172159090909		1
000220:	0.244653977272727	0.432092045454545	0.300773295454545	0.022480681818182		1
000221:	0.194380681818182	0.237519886363636	0.544669886363636	0.023429545454545		1
000222:	0.024467613636364	0.909939204545455	0.055132386363636	0.010460795454545		1
000223:	0.081326136363636	0.315958522727273	0.391778409090909	0.210936931818182		1
000224:	0.023296022727273	0.044225000000000	0.787688068181818	0.144790909090909		1
000225:	0.018094318181818	0.016858522727273	0.861407954545454	0.103639204545455		1
000226:	0.148055113636364	0.079131250000000	0.733261363636364	0.039552272727273		1
000227:	0.059503977272727	0.031695454545455	0.733793750000000	0.175006818181818		1
000228:	0.211880113636364	0.016383522727273	0.025738636363636	0.745997727272727		1
000229:	0.050476704545455	0.020080113636364	0.858389772727273	0.071053409090909		1
000230:	0.883250568181818	0.060845454545455	0.038797159090909	0.017106818181818		1
000231:	0.092462500000000	0.026978977272727	0.783379545454545	0.097178977272727		1
000232:	0.433876704545455	0.264937500000000	0.231421022727273	0.069764772727273		1
000233:	0.054096590909091	0.016679545454545	0.838777272727273	0.090446590909091		1
000234:	0.072075000000000	0.019906818181818	0.255935227272727	0.652082954545455		1
000235:	0.025719318181818	0.045921590909091	0.084390909090909	0.843968181818182		1
000236:	0.458836363636364	0.344103977272727	0.120318750000000	0.076740909090909		1
000237:	0.045801136363636	0.021032386363636	0.377547159090909	0.555619318181818		1
000238:	0.038059659090909	0.703917045454545	0.237315340909091	0.020707954545455		1
000239:	0.109109659090909	0.060951136363636	0.679736931818182	0.150202272727273		1
000240:	0.857308522727273	0.025627272727273	0.068610227272727	0.048453977272727		1
000241:	0.133054545454545	0.254703977272727	0.353228409090909	0.259013068181818		1
000242:	0.050729545454545	0.022698863636364	0.372807386363636	0.553764204545454		1
000243:	0.598862500000000	0.021087500000000	0.065620454545455	0.314429545454545		1
000244:	0.354899431818182	0.044376136363636	0.552410795454545	0.048313636363636		1
000245:	0.213577840909091	0.015859659090909	0.740948863636364	0.029613636363636		1
000246:	0.082885227272727	0.025662500000000	0.410955681818182	0.480496590909091		1
000247:	0.145331250000000	0.044470454545455	0.646066477272727	0.164131818181818		1
000248:	0.317684090909091	0.023826136363636	0.638757386363636	0.019732386363636		1
000249:	0.227567045454545	0.016817045454545	0.085360795454545	0.670255113636364		1
000250:	0.017475000000000	0.021763068181818	0.773546022727273	0.187215909090909		1
000251:	0.169838068181818	0.031146022727273	0.572165340909091	0.226850568181818		1
000252:	0.599054545454546	0.134098295454545	0.151276136363636	0.115571022727273		1
000253:	0.271692045454545	0.032175000000000	0.064582954545455	0.631550000000000		1
000254:	0.580611931818182	0.063593181818182	0.200773863636364	0.155021022727273		1
000255:	0.184155113636364	0.050706250000000	0.603448863636364	0.161689772727273		1
000256:	0.041229545454545	0.020379545454545	0.911882954545455	0.026507954545455		1
000257:	0.297365340909091	0.604463636363636	0.065772727272727	0.032398295454545		1
000258:	0.031262500000000	0.027221022727273	0.918301704545455	0.023214772727273		1
000259:	0.018556818181818	0.935361931818182	0.027826704545455	0.018254545454545		1
000260:	0.510907386363636	0.035472159090909	0.100068750000000	0.353551704545455		1
000261:	0.302115340909091	0.159264772727273	0.174468750000000	0.364151136363636		1
000262:	0.292171590909091	0.500602272727273	0.061343181818182	0.145882954545455		1
000263:	0.065389204545455	0.057454545454545	0.851215909090909	0.025940340909091		1
000264:	0.034109659090909	0.851563068181818	0.096693181818182	0.017634090909091		1
000265:	0.232902840909091	0.139503977272727	0.579487500000000	0.048105681818182		1
000266:	0.043184090909091	0.051659659090909	0.821051704545455	0.084104545454545		1
000267:	0.243864204545455	0.019701704545455	0.437512500000000	0.298921590909091		1
000268:	0.332462500000000	0.133141477272727	0.470422727272727	0.063973295454545		1
000269:	0.025311931818182	0.049865340909091	0.256167613636364	0.668655113636364		1
000270:	0.016301704545455	0.933921022727273	0.033808522727273	0.015968750000000		1
000271:	0.164976136363636	0.134762500000000	0.060870454545455	0.639390909090909		1
000272:	0.333734659090909	0.184773863636364	0.114446590909091	0.367044886363636		1
000273:	0.045500568181818	0.311410227272727	0.430724431818182	0.212364772727273		1
000274:	0.320907954545455	0.050276704545455	0.345132386363636	0.283682954545455		1
000275:	0.020698863636364	0.026705681818182	0.916622727272727	0.035972727272727		1
000276:	0.043968750000000	0.900096590909091	0.035954545454545	0.019980113636364		1
000277:	0.039611363636364	0.081760227272727	0.254634090909091	0.623994318181818		1
000278:	0.051434659090909	0.024046590909091	0.877832954545455	0.046685795454545		1
000279:	0.001227840909091	0.667106818181818	0.162890909090909	0.168774431818182		1
000280:	0.400809659090909	0.190000000000000	0.334187500000000	0.075002840909091		1
000281:	0.024798863636364	0.646405681818182	0.029667613636364	0.299127840909091		1
000282:	0.115805113636364	0.132234659090909	0.404987500000000	0.346972727272727		1
000283:	0.072798295454545	0.888827272727273	0.023285795454545	0.015088636363636		1
000284:	0.247185227272727	0.074919886363636	0.193342613636364	0.484552272727273		1
000285:	0.054146022727273	0.018418181818182	0.225584090909091	0.701851704545455		1
000286:	0.047989204545455	0.293227840909091	0.397525568181818	0.261257386363636		1
000287:	0.033515340909091	0.212464204545455	0.392225000000000	0.361795454545455		1
000288:	0.147618750000000	0.214306818181818	0.461043181818182	0.177031250000000		1
000289:	0.249185795454545	0.106701136363636	0.609615340909091	0.034497727272727		1
000290:	0.768593750000000	0.156480113636364	0.046226136363636	0.028700000000000		1
000291:	0.036739204545455	0.052268750000000	0.872670454545455	0.038321590909091		1
000292:	0.664906250000000	0.056649431818182	0.244680113636364	0.033764204545455		1
000293:	0.071859090909091	0.063631250000000	0.844756818181818	0.019752840909091		1
000294:	0.037807386363636	0.105556250000000	0.825860227272727	0.030776136363636		1
000295:	0.043059090909091	0.033672727272727	0.902648295454546	0.020619886363636		1
000296:	0.046553977272727	0.696807386363636	0.216073863636364	0.040564772727273		1
000297:	0.087343181818182	0.179747159090909	0.702429545454546	0.030480113636364		1
000298:	0.019901136363636	0.038936931818182	0.209609090909091	0.731552840909091		1
000299:	0.059756250000000	0.049681818181818	0.850997159090909	0.039564772727273		1
000300:	0.123841477272727	0.260155681818182	0.425627272727273	0.190375568181818		1
000301:	0.021982386363636	0.020695454545455	0.938452840909091	0.018869318181818		1
000302:	0.042069318181818	0.918870454545455	0.028007386363636	0.011052840909091		1
000303:	0.027190340909091	0.921543181818182	0.021853409090909	0.029413068181818		1
000304:	0.323078977272727	0.017404545454545	0.643802272727273	0.015714204545455		1
000305:	0.819371022727273	0.112682386363636	0.038647727272727	0.029298863636364		1
000306:	0.065434090909091	0.850669318181818	0.039025568181818	0.044871022727273		1
000307:	0.868176136363636	0.084337500000000	0.031609090909091	0.015877272727273		1
000308:	0.278245454545455	0.065021590909091	0.635156250000000	0.021576704545455		1
000309:	0.052797727272727	0.056480113636364	0.820927272727273	0.069794886363636		1
000310:	0.025860227272727	0.923482954545455	0.032485795454545	0.018171022727273		1
000311:	0.344626704545455	0.134609659090909	0.476684659090909	0.044078977272727		1
000312:	0.049778409090909	0.030813636363636	0.527926136363636	0.391481818181818		1
000313:	0.099498863636364	0.043465909090909	0.227157386363636	0.629877840909091		1
000314:	0.106534090909091	0.081618750000000	0.179040340909091	0.632806818181818		1
000315:	0.090110795454545	0.024581250000000	0.388835795454545	0.496472159090909		1
000316:	0.076660795454545	0.032654545454545	0.864351704545455	0.026332954545455		1
000317:	0.200447727272727	0.022837500000000	0.338353977272727	0.438360795454545		1
000318:	0.410107386363636	0.138770454545455	0.429193181818182	0.021928977272727		1
000319:	0.023565909090909	0.907272727272727	0.051892613636364	0.017268750000000		1
000320:	0.115015340909091	0.456061931818182	0.315119318181818	0.113803409090909		1
000321:	0.492260795454545	0.077071590909091	0.411171590909091	0.019496022727273		1
000322:	0.608044886363636	0.306088636363636	0.063722159090909	0.022144318181818		1
000323:	0.168530681818182	0.121867045454545	0.272923863636364	0.436678409090909		1
000324:	0.740348863636364	0.114064204545455	0.117000000000000	0.028586931818182		1
000325:	0.074328977272727	0.875013068181818	0.023927272727273	0.026730681818182		1
000326:	0.158033522727273	0.039797159090909	0.776686931818182	0.025482386363636		1
000327:	0.411653409090909	0.079819318181818	0.480215909090909	0.028311363636364		1
000328:	0.934662500000000	0.026817045454545	0.025426136363636	0.013094318181818		1
000329:	0.201881250000000	0.118233522727273	0.623401704545455	0.056483522727273		1
000330:	0.791772159090909	0.142046590909091	0.042328977272727	0.023852272727273		1
000331:	0.912011363636364	0.031325568181818	0.032464204545455	0.024198863636364		1
000332:	0.021033522727273	0.936518181818182	0.027425568181818	0.015022727272727		1
000333:	0.019581250000000	0.933636363636364	0.030963636363636	0.015818750000000		1
000334:	0.025561363636364	0.926809090909091	0.028532386363636	0.019097159090909		1
000335:	0.130689772727273	0.063958522727273	0.749298863636364	0.056052840909091		1
000336:	0.029904545454545	0.932801136363636	0.027272727272727	0.010021590909091		1
000337:	0.434300568181818	0.143750568181818	0.382905681818182	0.039043181818182		1
000338:	0.049046590909091	0.084411931818182	0.853210795454545	0.013330681818182		1
000339:	0.516203977272727	0.225395454545455	0.231387500000000	0.027013068181818		1
000340:	0.030545454545455	0.880722727272727	0.078946590909091	0.009785227272727		1
000341:	0.070556250000000	0.050189772727273	0.859830113636364	0.019423863636364		1
000342:	0.435325000000000	0.105576704545455	0.437632954545455	0.021465340909091		1
000343:	0.113613068181818	0.100277840909091	0.754665909090909	0.031443181818182		1
000344:	0.855967613636364	0.027981250000000	0.087323863636364	0.028727272727273		1
000345:	0.916229545454545	0.033052840909091	0.038422159090909	0.012295454545455		1
000346:	0.239421590909091	0.048084659090909	0.694799431818182	0.017694318181818		1
000347:	0.642335795454545	0.033900568181818	0.307500568181818	0.016263068181818		1
000348:	0.771431818181818	0.140050568181818	0.063813068181818	0.024704545454545		1
000349:	0.641759090909091	0.244257954545455	0.078538636363636	0.035444318181818		1
000350:	0.819723863636364	0.050307386363636	0.107967613636364	0.022001136363636		1
000351:	0.891195454545455	0.014990909090909	0.074770454545455	0.019043181818182		1
000352:	0.202961931818182	0.123511363636364	0.637663068181818	0.035863636363636		1
000353:	0.027523863636364	0.915735227272727	0.047713636363636	0.009027272727273		1
000354:	0.086577272727273	0.843607386363636	0.058287500000000	0.011527840909091		1
000355:	0.672328977272727	0.196367045454545	0.097447727272727	0.033856250000000		1
000356:	0.086184659090909	0.282376704545455	0.230121590909091	0.401317045454545		1
000357:	0.079553409090909	0.031232954545455	0.255361363636364	0.633852272727273		1
000358:	0.133348295454545	0.129801704545455	0.330004545454545	0.406845454545455		1
000359:	0.258330681818182	0.047333522727273	0.260886931818182	0.433448863636364		1
000360:	0.057956818181818	0.058777840909091	0.851874431818182	0.031390909090909		1
000361:	0.048175000000000	0.052917045454545	0.060469318181818	0.838438636363636		1
000362:	0.732145454545455	0.155322159090909	0.076899431818182	0.035632954545455		1
000363:	0.017251136363636	0.026338636363636	0.941044886363636	0.015365340909091		1
000364:	0.228335795454545	0.026338068181818	0.549723863636364	0.195602272727273		1
000365:	0.203817045454545	0.071433522727273	0.674989772727273	0.049759659090909		1
000366:	0.046727840909091	0.031988068181818	0.153434090909091	0.767850000000000		1
000367:	0.033901136363636	0.015256250000000	0.840455113636364	0.110387500000000		1
000368:	0.036092613636364	0.031742613636364	0.522052272727273	0.410112500000000		1
000369:	0.087921590909091	0.110232386363636	0.703911931818182	0.097934090909091		1
000370:	0.106296022727273	0.631326704545455	0.199313068181818	0.063064204545455		1
000371:	0.231827840909091	0.024638636363636	0.721946590909091	0.021586931818182		1
000372:	0.016800000000000	0.012164772727273	0.948118750000000	0.022916477272727		1
000373:	0.153924431818182	0.086588068181818	0.464602840909091	0.294884659090909		1
000374:	0.024572727272727	0.034548863636364	0.912958522727273	0.027919886363636		1
000375:	0.163247159090909	0.772739772727273	0.051175000000000	0.012838068181818		1
000376:	0.026015909090909	0.096809659090909	0.776022159090909	0.101152272727273		1
000377:	0.053059659090909	0.898838636363636	0.030257386363636	0.017844318181818		1
000378:	0.016972727272727	0.041815909090909	0.134699431818182	0.806511931818182		1
000379:	0.009771590909091	0.009455113636364	0.167042045454545	0.813731250000000		1
000380:	0.029864204545455	0.081198295454545	0.489452272727273	0.399485227272727		1
000381:	0.013986363636364	0.011603409090909	0.091254545454545	0.883155681818182		1
000382:	0.031669886363636	0.038268181818182	0.875404545454545	0.054657386363636		1
000383:	0.075910795454545	0.042998295454545	0.815091477272727	0.065999431818182		1
000384:	0.021088068181818	0.021092613636364	0.823695454545455	0.134123863636364		1
000385:	0.228572727272727	0.013864204545455	0.702329545454545	0.055233522727273		1
000386:	0.027930681818182	0.025847159090909	0.196624431818182	0.749597727272727		1
000387:	0.033725000000000	0.047126704545455	0.838657954545455	0.080490340909091		1
000388:	0.136772159090909	0.155132954545455	0.177882386363636	0.530212500000000		1
000389:	0.079532954545455	0.012804545454545	0.850534659090909	0.057127840909091		1
000390:	0.647019886363636	0.079731818181818	0.243088636363636	0.030159659090909		1
000391:	0.032351704545455	0.014403409090909	0.899807386363636	0.053437500000000		1
000392:	0.061123295454545	0.038115909090909	0.093460795454545	0.807300000000000		1
000393:	0.042185795454545	0.071328977272727	0.496939204545455	0.389546022727273		1
000394:	0.017547727272727	0.029375000000000	0.921532954545455	0.031544318181818		1
000395:	0.020307386363636	0.048638636363636	0.896010795454545	0.035043181818182		1
000396:	0.143550568181818	0.035820454545455	0.699907954545455	0.120721022727273		1
000397:	0.012967613636364	0.009460227272727	0.954696022727273	0.022876136363636		1
000398:	0.024930681818182	0.018921590909091	0.907489772727273	0.048657954545455		1
000399:	0.032849431818182	0.113010227272727	0.026794318181818	0.827346022727273		1
000400:	0.709227840909091	0.000979545454545	0.002263636363636	0.287528977272727		1
000401:	0.042888068181818	0.039600568181818	0.621844318181818	0.295667045454545		1
000402:	0.039984659090909	0.041722727272727	0.864548295454545	0.053744318181818		1
000403:	0.095813636363636	0.062052840909091	0.606056250000000	0.236077272727273		1
000404:	0.273343750000000	0.036632954545455	0.429060795454545	0.260962500000000		1
000405:	0.019354545454545	0.033422159090909	0.905487500000000	0.041735795454545		1
000406:	0.031239772727273	0.062128977272727	0.894884090909091	0.011747159090909		1
000407:	0.035783522727273	0.018142045454545	0.839158522727273	0.106915909090909		1
000408:	0.509300568181818	0.030414204545455	0.117277840909091	0.343007386363636		1
000409:	0.029766477272727	0.899157386363636	0.061122159090909	0.009953977272727		1
000410:	0.032649431818182	0.909574431818182	0.043913068181818	0.013863068181818		1
000411:	0.025429545454545	0.900345454545455	0.066769318181818	0.007455681818182		1
000412:	0.064543181818182	0.037727840909091	0.165386363636364	0.732342613636364		1
000413:	0.069318750000000	0.012384090909091	0.777201704545455	0.141095454545455		1
000414:	0.045737500000000	0.072850568181818	0.087593181818182	0.793818750000000		1
000415:	0.355599431818182	0.089284659090909	0.025842045454545	0.529273863636364		1
000416:	0.028782954545455	0.016226136363636	0.033640340909091	0.921350568181818		1
000417:	0.344209090909091	0.051040340909091	0.392482954545455	0.212267613636364		1
000418:	0.119580113636364	0.068861363636364	0.372120454545455	0.439438068181818		1
000419:	0.104571590909091	0.023473863636364	0.044325568181818	0.827628977272727		1
000420:	0.750660795454545	0.057537500000000	0.176256250000000	0.015545454545455		1
000421:	0.044626136363636	0.176689204545455	0.422720454545455	0.355964204545455		1
000422:	0.217812500000000	0.192302840909091	0.391405681818182	0.198478977272727		1
000423:	0.744633522727273	0.146252840909091	0.093240909090909	0.015872727272727		1
000424:	0.034357954545455	0.016555681818182	0.051103409090909	0.897982954545455		1
000425:	0.055329545454545	0.051623863636364	0.056302272727273	0.836744318181818		1
000426:	0.752794318181818	0.030296022727273	0.025131250000000	0.191778409090909		1
000427:	0.126713068181818	0.104114772727273	0.586596022727273	0.182576136363636		1
000428:	0.066784659090909	0.059415340909091	0.812023863636364	0.061776136363636		1
000429:	0.345020454545455	0.111417613636364	0.376267613636364	0.167294318181818		1
000430:	0.279938068181818	0.062065340909091	0.336201704545455	0.321794886363636		1
000431:	0.113802840909091	0.081131250000000	0.384852272727273	0.420213636363636		1
000432:	0.222302840909091	0.060392045454545	0.325071022727273	0.392234090909091		1
000433:	0.539119886363636	0.144585227272727	0.142034659090909	0.174260227272727		1
000434:	0.238612500000000	0.045149431818182	0.503631250000000	0.212606818181818		1
000435:	0.246168181818182	0.172773863636364	0.433890340909091	0.147167613636364		1
000436:	0.508459090909091	0.080590909090909	0.089635795454545	0.321314204545455		1
000437:	0.257442613636364	0.026960795454545	0.133602840909091	0.581993750000000		1
000438:	0.194251704545455	0.056335795454545	0.456772159090909	0.292640340909091		1
000439:	0.046828409090909	0.062415909090909	0.055000568181818	0.835755113636364		1
000440:	0.033975000000000	0.027790909090909	0.057767045454545	0.880467045454545		1
000441:	0.040449431818182	0.040304545454545	0.028467045454545	0.890778977272727		1
000442:	0.056754545454545	0.044660227272727	0.103774431818182	0.794810795454545		1
000443:	0.022643750000000	0.928209090909091	0.036053409090909	0.013093750000000		1
000444:	0.299544318181818	0.017532386363636	0.094849431818182	0.588073863636364		1
000445:	0.067025568181818	0.038715340909091	0.559651136363636	0.334607954545455		1
000446:	0.450051704545455	0.103519318181818	0.369043181818182	0.077385795454545		1
000447:	0.080786931818182	0.025616477272727	0.548315340909091	0.345281250000000		1
000448:	0.085384659090909	0.033257386363636	0.746177272727273	0.135180681818182		1
000449:	0.061990340909091	0.023651704545455	0.864328409090909	0.050029545454545		1
000450:	0.029786931818182	0.907752840909091	0.049263636363636	0.013196590909091		1
000451:	0.024691477272727	0.910531818181818	0.049590909090909	0.015185795454545		1
000452:	0.881873863636364	0.052594318181818	0.031660227272727	0.033871590909091		1
000453:	0.035116477272727	0.020786363636364	0.059459659090909	0.884637500000000		1
000454:	0.025891477272727	0.934521590909091	0.023474431818182	0.016112500000000		1
000455:	0.159836931818182	0.410230681818182	0.371685227272727	0.058247159090909		1
000456:	0.382357386363636	0.052636363636364	0.552813636363636	0.012192613636364		1
000457:	0.658405681818182	0.069221022727273	0.254982954545455	0.017390340909091		1
000458:	0.177779545454545	0.034350568181818	0.755089204545455	0.032780681818182		1
000459:	0.453671590909091	0.067893750000000	0.461515340909091	0.016919318181818		1
000460:	0.060184090909091	0.093777840909091	0.819181250000000	0.026856818181818		1
000461:	0.037344886363636	0.174593750000000	0.742553977272727	0.045507386363636		1
000462:	0.471381818181818	0.192315909090909	0.291914204545455	0.044388068181818		1
000463:	0.756245454545455	0.076972727272727	0.146253977272727	0.020527840909091		1
000464:	0.750790340909091	0.064427840909091	0.103222159090909	0.081559659090909		1
000465:	0.180055113636364	0.064806250000000	0.717911931818182	0.037226704545455		1
000466:	0.058623295454545	0.117695454545455	0.802439772727273	0.021241477272727		1
000467:	0.143886931818182	0.137495454545455	0.697383522727273	0.021234090909091		1
000468:	0.088332386363636	0.068639772727273	0.827399431818182	0.015628409090909		1
000469:	0.060159659090909	0.017105681818182	0.620501704545455	0.302232954545455		1
000470:	0.107669886363636	0.098967613636364	0.269543181818182	0.523819318181818		1
000471:	0.021717613636364	0.052994886363636	0.753002272727273	0.172285227272727		1
000472:	0.741895454545455	0.115616477272727	0.087845454545455	0.054642613636364		1
000473:	0.713035795454545	0.059584090909091	0.188152272727273	0.039227840909091		1
000474:	0.054197159090909	0.429023295454545	0.272954545454545	0.243825000000000		1
