Estimated Clustering Probabilities for Samples
Sample	***Cluster  01***	***Cluster  02***	***Cluster  03***	
000001:	0.889057386363636	0.077339204545455	0.033603409090909		1
000002:	0.920410795454545	0.066241477272727	0.013347727272727		1
000003:	0.908177272727273	0.061273863636364	0.030548863636364		1
000004:	0.947884659090909	0.036604545454545	0.015510795454545		1
000005:	0.956988636363636	0.027261363636364	0.015750000000000		1
000006:	0.866572159090909	0.062349431818182	0.071078409090909		1
000007:	0.862052840909091	0.124153977272727	0.013793181818182		1
000008:	0.936491477272727	0.045130113636364	0.018378409090909		1
000009:	0.942880681818182	0.041309659090909	0.015809659090909		1
000010:	0.934803409090909	0.035619318181818	0.029577272727273		1
000011:	0.544918181818182	0.163578977272727	0.291502840909091		1
000012:	0.298438068181818	0.034792613636364	0.666769318181818		1
000013:	0.097593181818182	0.028752840909091	0.873653977272727		1
000014:	0.632761363636364	0.058272727272727	0.308965909090909		1
000015:	0.833581250000000	0.026473295454545	0.139945454545455		1
000016:	0.885788636363636	0.025484090909091	0.088727272727273		1
000017:	0.724419886363636	0.050311363636364	0.225268750000000		1
000018:	0.110076136363636	0.018773295454545	0.871150568181818		1
000019:	0.452490909090909	0.030620454545455	0.516888636363636		1
000020:	0.704458522727273	0.026916477272727	0.268625000000000		1
000021:	0.118764204545455	0.090457386363636	0.790778409090909		1
000022:	0.460082386363636	0.021360227272727	0.518557386363636		1
000023:	0.254734090909091	0.082068750000000	0.663197159090909		1
000024:	0.472340909090909	0.041890340909091	0.485768750000000		1
000025:	0.160031250000000	0.030252840909091	0.809715909090909		1
000026:	0.132611931818182	0.026129545454545	0.841258522727273		1
000027:	0.065887500000000	0.016679545454545	0.917432954545455		1
000028:	0.520840909090909	0.176414772727273	0.302744318181818		1
000029:	0.387088636363636	0.045480113636364	0.567431250000000		1
000030:	0.410494318181818	0.105175568181818	0.484330113636364		1
000031:	0.042535227272727	0.019326704545455	0.938138068181818		1
000032:	0.167113068181818	0.040326704545455	0.792560227272727		1
000033:	0.290418181818182	0.075664204545455	0.633917613636364		1
000034:	0.684677840909091	0.041855113636364	0.273467045454545		1
000035:	0.088367613636364	0.088202840909091	0.823429545454545		1
000036:	0.511884659090909	0.088284659090909	0.399830681818182		1
000037:	0.218371022727273	0.018397159090909	0.763231818181818		1
000038:	0.217472727272727	0.310786931818182	0.471740340909091		1
000039:	0.197253977272727	0.023586363636364	0.779159659090909		1
000040:	0.592567613636364	0.066253409090909	0.341178977272727		1
000041:	0.296961931818182	0.031516477272727	0.671521590909091		1
000042:	0.074513068181818	0.036110795454545	0.889376136363636		1
000043:	0.738653977272727	0.040134659090909	0.221211363636364		1
000044:	0.532543750000000	0.036667613636364	0.430788636363636		1
000045:	0.087723295454545	0.015434090909091	0.896842613636364		1
000046:	0.128775568181818	0.125766477272727	0.745457954545454		1
000047:	0.412705681818182	0.093308522727273	0.493985795454545		1
000048:	0.907343750000000	0.032055113636364	0.060601136363636		1
000049:	0.833288636363636	0.021363068181818	0.145348295454545		1
000050:	0.497994886363636	0.035709659090909	0.466295454545455		1
000051:	0.838811931818182	0.108418181818182	0.052769886363636		1
000052:	0.910164204545455	0.032092613636364	0.057743181818182		1
000053:	0.489660795454545	0.043979545454545	0.466359659090909		1
000054:	0.174327840909091	0.070521590909091	0.755150568181818		1
000055:	0.932593750000000	0.025904545454545	0.041501704545455		1
000056:	0.709525000000000	0.058162500000000	0.232312500000000		1
000057:	0.605777272727273	0.048852840909091	0.345369886363636		1
000058:	0.365673863636364	0.036506818181818	0.597819318181818		1
000059:	0.151818181818182	0.025733522727273	0.822448295454545		1
000060:	0.903655681818182	0.022136363636364	0.074207954545455		1
000061:	0.809958522727273	0.032227272727273	0.157814204545455		1
000062:	0.871718181818182	0.054665340909091	0.073616477272727		1
000063:	0.866870454545455	0.071296590909091	0.061832954545455		1
000064:	0.779905113636364	0.184169318181818	0.035925568181818		1
000065:	0.863854545454545	0.051013636363636	0.085131818181818		1
000066:	0.686566477272727	0.026123863636364	0.287309659090909		1
000067:	0.871507386363636	0.090805681818182	0.037686931818182		1
000068:	0.469332954545455	0.528306250000000	0.002360795454545		1
000069:	0.506975568181818	0.022661363636364	0.470363068181818		1
000070:	0.551635227272727	0.061704545454545	0.386660227272727		1
000071:	0.296018181818182	0.035266477272727	0.668715340909091		1
000072:	0.904757954545454	0.039151704545455	0.056090340909091		1
000073:	0.850167045454545	0.042637500000000	0.107195454545455		1
000074:	0.116580113636364	0.029337500000000	0.854082386363636		1
000075:	0.444437500000000	0.049228977272727	0.506333522727273		1
000076:	0.158060227272727	0.484112500000000	0.357827272727273		1
000077:	0.476600568181818	0.195212500000000	0.328186931818182		1
000078:	0.868353409090909	0.042774431818182	0.088872159090909		1
000079:	0.255231250000000	0.055015909090909	0.689752840909091		1
000080:	0.116138068181818	0.055673863636364	0.828188068181818		1
000081:	0.876597159090909	0.034589772727273	0.088813068181818		1
000082:	0.888927840909091	0.037026136363636	0.074046022727273		1
000083:	0.702573295454545	0.046836931818182	0.250589772727273		1
000084:	0.437865340909091	0.264480681818182	0.297653977272727		1
000085:	0.517442613636364	0.070843750000000	0.411713636363636		1
000086:	0.680765340909091	0.052859090909091	0.266375568181818		1
000087:	0.792470454545455	0.017509659090909	0.190019886363636		1
000088:	0.150760227272727	0.030595454545455	0.818644318181818		1
000089:	0.146852840909091	0.055067045454545	0.798080113636364		1
000090:	0.126016477272727	0.024550000000000	0.849433522727273		1
000091:	0.084391477272727	0.221191477272727	0.694417045454545		1
000092:	0.498710227272727	0.047188068181818	0.454101704545455		1
000093:	0.384466477272727	0.111903977272727	0.503629545454545		1
000094:	0.335196590909091	0.056593181818182	0.608210227272727		1
000095:	0.889793181818182	0.056289204545455	0.053917613636364		1
000096:	0.865513636363636	0.038139204545455	0.096347159090909		1
000097:	0.207477272727273	0.026976136363636	0.765546590909091		1
000098:	0.512069886363636	0.023377840909091	0.464552272727273		1
000099:	0.586898295454545	0.053680681818182	0.359421022727273		1
000100:	0.897946590909091	0.025667613636364	0.076385795454545		1
000101:	0.523847727272727	0.017952272727273	0.458200000000000		1
000102:	0.540595454545455	0.038540340909091	0.420864204545455		1
000103:	0.425706818181818	0.059991477272727	0.514301704545455		1
000104:	0.887640340909091	0.030978409090909	0.081381250000000		1
000105:	0.175060795454545	0.022387500000000	0.802551704545455		1
000106:	0.243922727272727	0.031615909090909	0.724461363636364		1
000107:	0.732590340909091	0.024893181818182	0.242516477272727		1
000108:	0.760839204545455	0.026268750000000	0.212892045454545		1
000109:	0.361259090909091	0.037519886363636	0.601221022727273		1
000110:	0.086163068181818	0.158373295454545	0.755463636363636		1
000111:	0.814680113636364	0.056271022727273	0.129048863636364		1
000112:	0.186237500000000	0.037905681818182	0.775856818181818		1
000113:	0.859198295454545	0.025908522727273	0.114893181818182		1
000114:	0.212834090909091	0.199697159090909	0.587468750000000		1
000115:	0.519571022727273	0.058961931818182	0.421467045454545		1
000116:	0.852816477272727	0.048652840909091	0.098530681818182		1
000117:	0.426456818181818	0.099706250000000	0.473836931818182		1
000118:	0.896773295454545	0.053077840909091	0.050148863636364		1
000119:	0.345153977272727	0.024006818181818	0.630839204545455		1
000120:	0.866316477272727	0.035379545454545	0.098303977272727		1
000121:	0.287717613636364	0.046541477272727	0.665740909090909		1
000122:	0.576288636363636	0.016330113636364	0.407381250000000		1
000123:	0.730820454545455	0.088586363636364	0.180593181818182		1
000124:	0.228684090909091	0.133025000000000	0.638290909090909		1
000125:	0.704264772727273	0.212581818181818	0.083153409090909		1
000126:	0.103719886363636	0.845237500000000	0.051042613636364		1
000127:	0.702230681818182	0.044900000000000	0.252869318181818		1
000128:	0.854239772727273	0.023273863636364	0.122486363636364		1
000129:	0.119533522727273	0.022488636363636	0.857977840909091		1
000130:	0.750549431818182	0.071537500000000	0.177913068181818		1
000131:	0.545145454545455	0.029287500000000	0.425567045454545		1
000132:	0.845152272727273	0.029502272727273	0.125345454545455		1
000133:	0.265273295454545	0.271071590909091	0.463655113636364		1
000134:	0.433295454545455	0.046707954545455	0.519996590909091		1
000135:	0.075394318181818	0.018843181818182	0.905762500000000		1
000136:	0.781906818181818	0.051470454545455	0.166622727272727		1
000137:	0.130521022727273	0.025359090909091	0.844119886363636		1
000138:	0.589668750000000	0.120582954545455	0.289748295454545		1
000139:	0.649089772727273	0.044300000000000	0.306610227272727		1
000140:	0.094907954545455	0.026661363636364	0.878430681818182		1
000141:	0.820165340909091	0.089927272727273	0.089907386363636		1
000142:	0.399043750000000	0.017540909090909	0.583415340909091		1
000143:	0.790992613636364	0.021665909090909	0.187341477272727		1
000144:	0.770804545454545	0.018203409090909	0.210992045454545		1
000145:	0.755532954545455	0.073544318181818	0.170922727272727		1
000146:	0.570553409090909	0.035200000000000	0.394246590909091		1
000147:	0.879886363636364	0.024364772727273	0.095748863636364		1
000148:	0.879201136363636	0.039142613636364	0.081656250000000		1
000149:	0.592098863636364	0.044427272727273	0.363473863636364		1
000150:	0.101690340909091	0.019907954545455	0.878401704545455		1
000151:	0.804130681818182	0.043926136363636	0.151943181818182		1
000152:	0.608409090909091	0.071745454545455	0.319845454545455		1
000153:	0.404671590909091	0.024698295454545	0.570630113636364		1
000154:	0.931111931818182	0.024240340909091	0.044647727272727		1
000155:	0.544214772727273	0.033082386363636	0.422702840909091		1
000156:	0.681909090909091	0.030034659090909	0.288056250000000		1
000157:	0.000573295454545	0.168969318181818	0.830457386363636		1
000158:	0.415343750000000	0.487132386363636	0.097523863636364		1
000159:	0.229872159090909	0.399614772727273	0.370513068181818		1
000160:	0.096750568181818	0.889754545454545	0.013494886363636		1
000161:	0.431448863636364	0.521865340909091	0.046685795454545		1
000162:	0.136520454545455	0.320838636363636	0.542640909090909		1
000163:	0.950808522727273	0.035430681818182	0.013760795454545		1
000164:	0.884450000000000	0.098927272727273	0.016622727272727		1
000165:	0.861523295454545	0.110667613636364	0.027809090909091		1
000166:	0.942880113636364	0.044565340909091	0.012554545454545		1
000167:	0.870560795454545	0.085059659090909	0.044379545454545		1
000168:	0.750171022727273	0.039147159090909	0.210681818181818		1
000169:	0.667884659090909	0.029719886363636	0.302395454545455		1
000170:	0.930447159090909	0.064911931818182	0.004640909090909		1
000171:	0.867227272727273	0.034785795454545	0.097986931818182		1
000172:	0.712340340909091	0.052178409090909	0.235481250000000		1
000173:	0.874477840909091	0.015942045454545	0.109580113636364		1
000174:	0.338347727272727	0.022847727272727	0.638804545454545		1
000175:	0.811649431818182	0.017752272727273	0.170598295454545		1
000176:	0.670149431818182	0.033742045454545	0.296108522727273		1
000177:	0.585170454545455	0.011717045454545	0.403112500000000		1
000178:	0.780830681818182	0.010505681818182	0.208663636363636		1
000179:	0.875994886363636	0.011551136363636	0.112453977272727		1
000180:	0.750976704545455	0.017415909090909	0.231607386363636		1
000181:	0.853530113636364	0.070989772727273	0.075480113636364		1
000182:	0.356174431818182	0.030966477272727	0.612859090909091		1
000183:	0.916805681818182	0.015536931818182	0.067657386363636		1
000184:	0.702653409090909	0.029407954545455	0.267938636363636		1
000185:	0.165995454545455	0.034410795454545	0.799593750000000		1
000186:	0.712787500000000	0.098809659090909	0.188402840909091		1
000187:	0.714822727272727	0.049801704545455	0.235375568181818		1
000188:	0.675300000000000	0.194619886363636	0.130080113636364		1
000189:	0.922738068181818	0.018484090909091	0.058777840909091		1
000190:	0.777603977272727	0.061269318181818	0.161126704545455		1
000191:	0.797915340909091	0.018132386363636	0.183952272727273		1
000192:	0.238968181818182	0.059742613636364	0.701289204545455		1
000193:	0.438711363636364	0.033950568181818	0.527338068181818		1
000194:	0.522548295454546	0.029269886363636	0.448181818181818		1
000195:	0.533828409090909	0.015168181818182	0.451003409090909		1
000196:	0.678164772727273	0.298734659090909	0.023100568181818		1
000197:	0.922284090909091	0.041301704545455	0.036414204545455		1
000198:	0.328963636363636	0.155776136363636	0.515260227272727		1
000199:	0.831951704545455	0.142118750000000	0.025929545454545		1
000200:	0.704102272727273	0.250447727272727	0.045450000000000		1
000201:	0.887077272727273	0.084134659090909	0.028788068181818		1
000202:	0.514900568181818	0.046277272727273	0.438822159090909		1
000203:	0.899017613636364	0.025056818181818	0.075925568181818		1
000204:	0.857007954545455	0.070903409090909	0.072088636363636		1
000205:	0.812923863636364	0.077510795454545	0.109565340909091		1
000206:	0.567971022727273	0.040403977272727	0.391625000000000		1
000207:	0.415053977272727	0.060515909090909	0.524430113636364		1
000208:	0.866304545454545	0.030572159090909	0.103123295454545		1
000209:	0.823901704545455	0.086034090909091	0.090064204545455		1
000210:	0.875120454545455	0.031675000000000	0.093204545454545		1
000211:	0.900725568181818	0.048622727272727	0.050651704545455		1
000212:	0.734685795454545	0.224986931818182	0.040327272727273		1
000213:	0.912571022727273	0.060009090909091	0.027419886363636		1
000214:	0.818744318181818	0.116843181818182	0.064412500000000		1
000215:	0.588000000000000	0.225280681818182	0.186719318181818		1
000216:	0.821556250000000	0.136913068181818	0.041530681818182		1
000217:	0.668232386363636	0.290835227272727	0.040932386363636		1
000218:	0.895692045454546	0.085492045454545	0.018815909090909		1
000219:	0.772897159090909	0.211092045454545	0.016010795454545		1
000220:	0.885665340909091	0.099581250000000	0.014753409090909		1
000221:	0.894790909090909	0.083998295454545	0.021210795454545		1
000222:	0.851836363636364	0.127497159090909	0.020666477272727		1
000223:	0.749444886363636	0.120394318181818	0.130160795454545		1
000224:	0.053607954545455	0.070740340909091	0.875651704545454		1
000225:	0.071792045454545	0.057975568181818	0.870232386363636		1
000226:	0.221689772727273	0.331492613636364	0.446817613636364		1
000227:	0.047289204545455	0.140675568181818	0.812035227272727		1
000228:	0.033755113636364	0.407703409090909	0.558541477272727		1
000229:	0.160769886363636	0.190723295454545	0.648506818181818		1
000230:	0.045844318181818	0.894984090909091	0.059171590909091		1
000231:	0.107969318181818	0.167942613636364	0.724088068181818		1
000232:	0.309590340909091	0.459863068181818	0.230546590909091		1
000233:	0.042880113636364	0.126231818181818	0.830888068181818		1
000234:	0.021376704545455	0.068971590909091	0.909651704545455		1
000235:	0.033339204545455	0.052055113636364	0.914605681818182		1
000236:	0.050538068181818	0.509673295454545	0.439788636363636		1
000237:	0.033495454545455	0.057566477272727	0.908938068181818		1
000238:	0.530587500000000	0.146285227272727	0.323127272727273		1
000239:	0.089648295454545	0.204645454545455	0.705706250000000		1
000240:	0.028955113636364	0.818297727272727	0.152747159090909		1
000241:	0.097547159090909	0.132277272727273	0.770175568181818		1
000242:	0.037935795454545	0.067127840909091	0.894936363636364		1
000243:	0.028730681818182	0.572202272727273	0.399067045454545		1
000244:	0.299096022727273	0.348618181818182	0.352285795454545		1
000245:	0.103829545454545	0.386842045454545	0.509328409090909		1
000246:	0.029454545454545	0.091347159090909	0.879198295454545		1
000247:	0.090582386363636	0.162520454545455	0.746897159090909		1
000248:	0.113297727272727	0.697929545454545	0.188772727272727		1
000249:	0.035940340909091	0.239306818181818	0.724752840909091		1
000250:	0.027987500000000	0.061823863636364	0.910188636363636		1
000251:	0.052630681818182	0.228701704545455	0.718667613636364		1
000252:	0.106150568181818	0.533129545454545	0.360719886363636		1
000253:	0.040768750000000	0.285215340909091	0.674015909090909		1
000254:	0.062427840909091	0.597294886363636	0.340277272727273		1
000255:	0.088152840909091	0.387273295454545	0.524573863636364		1
000256:	0.210563068181818	0.236623295454545	0.552813636363636		1
000257:	0.384544318181818	0.498257954545455	0.117197727272727		1
000258:	0.738883522727273	0.075855113636364	0.185261363636364		1
000259:	0.594416477272727	0.127721590909091	0.277861931818182		1
000260:	0.049353977272727	0.428001136363636	0.522644886363636		1
000261:	0.123967613636364	0.357117045454545	0.518915340909091		1
000262:	0.192952272727273	0.471181818181818	0.335865909090909		1
000263:	0.692605113636364	0.121047727272727	0.186347159090909		1
000264:	0.377104545454545	0.431428977272727	0.191466477272727		1
000265:	0.723881818181818	0.183510795454545	0.092607386363636		1
000266:	0.127497727272727	0.135511931818182	0.736990340909091		1
000267:	0.073971022727273	0.254741477272727	0.671287500000000		1
000268:	0.645509090909091	0.144201136363636	0.210289772727273		1
000269:	0.073639772727273	0.039658522727273	0.886701704545454		1
000270:	0.743756250000000	0.134313068181818	0.121930681818182		1
000271:	0.036896590909091	0.300839204545455	0.662264204545455		1
000272:	0.072997727272727	0.402824431818182	0.524177840909091		1
000273:	0.135109659090909	0.147163068181818	0.717727272727273		1
000274:	0.062117045454545	0.356147727272727	0.581735227272727		1
000275:	0.127339772727273	0.179353977272727	0.693306250000000		1
000276:	0.323683522727273	0.372418181818182	0.303898295454545		1
000277:	0.060941477272727	0.110076704545455	0.828981818181818		1
000278:	0.198938068181818	0.200019886363636	0.601042045454545		1
000279:	0.029228409090909	0.046539204545455	0.924232386363636		1
000280:	0.124388068181818	0.580742045454545	0.294869886363636		1
000281:	0.086549431818182	0.097255113636364	0.816195454545455		1
000282:	0.100351704545455	0.169991477272727	0.729656818181818		1
000283:	0.404298295454545	0.520117045454545	0.075584659090909		1
000284:	0.081675000000000	0.319730113636364	0.598594886363636		1
000285:	0.048763068181818	0.094065340909091	0.857171590909091		1
000286:	0.080321590909091	0.131832954545455	0.787845454545455		1
000287:	0.071310795454545	0.095643181818182	0.833046022727273		1
000288:	0.176555681818182	0.266049431818182	0.557394886363636		1
000289:	0.833047727272727	0.107405681818182	0.059546590909091		1
000290:	0.431230113636364	0.517781818181818	0.050988068181818		1
000291:	0.941876704545455	0.021830681818182	0.036292613636364		1
000292:	0.724098863636364	0.208194318181818	0.067706818181818		1
000293:	0.938274431818182	0.036155113636364	0.025570454545455		1
000294:	0.933199431818182	0.031430681818182	0.035369886363636		1
000295:	0.876612500000000	0.031705681818182	0.091681818181818		1
000296:	0.922185795454545	0.037921590909091	0.039892613636364		1
000297:	0.859222727272727	0.082870454545455	0.057906818181818		1
000298:	0.106514772727273	0.033611931818182	0.859873295454545		1
000299:	0.732242045454545	0.089341477272727	0.178416477272727		1
000300:	0.680976704545455	0.151604545454545	0.167418750000000		1
000301:	0.872803977272727	0.064136363636364	0.063059659090909		1
000302:	0.673935227272727	0.264285227272727	0.061779545454545		1
000303:	0.605387500000000	0.260635795454545	0.133976704545455		1
000304:	0.792389772727273	0.162543750000000	0.045066477272727		1
000305:	0.204314772727273	0.737398863636364	0.058286363636364		1
000306:	0.439572159090909	0.400975000000000	0.159452840909091		1
000307:	0.139423863636364	0.841533522727273	0.019042613636364		1
000308:	0.909047159090909	0.065549431818182	0.025403409090909		1
000309:	0.816157954545455	0.060882386363636	0.122959659090909		1
000310:	0.838844318181818	0.080627272727273	0.080528409090909		1
000311:	0.511850568181818	0.335617045454545	0.152532386363636		1
000312:	0.107045454545455	0.057150000000000	0.835804545454545		1
000313:	0.138984090909091	0.062465909090909	0.798550000000000		1
000314:	0.101182954545455	0.086936931818182	0.811880113636364		1
000315:	0.164346590909091	0.063789772727273	0.771863636363636		1
000316:	0.692717045454545	0.115249431818182	0.192033522727273		1
000317:	0.223263068181818	0.122551136363636	0.654185795454545		1
000318:	0.779744318181818	0.181113068181818	0.039142613636364		1
000319:	0.865022727272727	0.075712500000000	0.059264772727273		1
000320:	0.708070454545455	0.184593181818182	0.107336363636364		1
000321:	0.814985795454545	0.153994886363636	0.031019318181818		1
000322:	0.287965340909091	0.669133522727273	0.042901136363636		1
000323:	0.332766477272727	0.175586931818182	0.491646590909091		1
000324:	0.571151136363636	0.384749431818182	0.044099431818182		1
000325:	0.324500568181818	0.420076136363636	0.255423295454545		1
000326:	0.186167045454545	0.716335795454546	0.097497159090909		1
000327:	0.524265909090909	0.402265909090909	0.073468181818182		1
000328:	0.079748863636364	0.897869886363636	0.022381250000000		1
000329:	0.659512500000000	0.261446022727273	0.079041477272727		1
000330:	0.121505113636364	0.845105113636364	0.033389772727273		1
000331:	0.088519886363636	0.877400568181818	0.034079545454545		1
000332:	0.858471590909091	0.091906818181818	0.049621590909091		1
000333:	0.729277840909091	0.192827840909091	0.077894318181818		1
000334:	0.751343750000000	0.148100568181818	0.100555681818182		1
000335:	0.772680113636364	0.161708522727273	0.065611363636364		1
000336:	0.624244886363636	0.344944886363636	0.030810227272727		1
000337:	0.291613068181818	0.635734659090909	0.072652272727273		1
000338:	0.904430681818182	0.070453409090909	0.025115909090909		1
000339:	0.547775568181818	0.414466477272727	0.037757954545455		1
000340:	0.838105113636364	0.135556250000000	0.026338636363636		1
000341:	0.890369318181818	0.083506250000000	0.026124431818182		1
000342:	0.690882386363636	0.285563068181818	0.023554545454545		1
000343:	0.835424431818182	0.133312500000000	0.031263068181818		1
000344:	0.071636931818182	0.902696022727273	0.025667045454545		1
000345:	0.097167045454545	0.889214772727273	0.013618181818182		1
000346:	0.731677840909091	0.236375568181818	0.031946590909091		1
000347:	0.618814772727273	0.354521022727273	0.026664204545455		1
000348:	0.575315340909091	0.386686931818182	0.037997727272727		1
000349:	0.462876136363636	0.463886363636364	0.073237500000000		1
000350:	0.618041477272727	0.339804545454545	0.042153977272727		1
000351:	0.289342045454545	0.669332386363636	0.041325568181818		1
000352:	0.879328977272727	0.086433522727273	0.034237500000000		1
000353:	0.899091477272727	0.077514204545455	0.023394318181818		1
000354:	0.907752272727273	0.068822727272727	0.023425000000000		1
000355:	0.602292045454545	0.366059659090909	0.031648295454545		1
000356:	0.265474431818182	0.126705681818182	0.607819886363636		1
000357:	0.064879545454545	0.100145454545455	0.834975000000000		1
000358:	0.199778409090909	0.159057386363636	0.641164204545455		1
000359:	0.132992613636364	0.357022727272727	0.509984659090909		1
000360:	0.829529545454545	0.076944886363636	0.093525568181818		1
000361:	0.058798295454545	0.077518750000000	0.863682954545455		1
000362:	0.226192045454545	0.674074431818182	0.099733522727273		1
000363:	0.664701704545455	0.051191477272727	0.284106818181818		1
000364:	0.162892613636364	0.221393750000000	0.615713636363636		1
000365:	0.324503409090909	0.283695454545455	0.391801136363636		1
000366:	0.071146022727273	0.058659090909091	0.870194886363636		1
000367:	0.186071022727273	0.069028409090909	0.744900568181818		1
000368:	0.124111363636364	0.042063636363636	0.833825000000000		1
000369:	0.453275568181818	0.127627272727273	0.419097159090909		1
000370:	0.646678977272727	0.172206250000000	0.181114772727273		1
000371:	0.700640340909091	0.220169318181818	0.079190340909091		1
000372:	0.514155113636364	0.068844318181818	0.417000568181818		1
000373:	0.265815909090909	0.229443750000000	0.504740340909091		1
000374:	0.704489772727273	0.065203409090909	0.230306818181818		1
000375:	0.513012500000000	0.426532386363636	0.060455113636364		1
000376:	0.401241477272727	0.066739204545455	0.532019318181818		1
000377:	0.479850000000000	0.467370454545455	0.052779545454545		1
000378:	0.049150000000000	0.036832386363636	0.914017613636364		1
000379:	0.039226136363636	0.018086363636364	0.942687500000000		1
000380:	0.177552272727273	0.054387500000000	0.768060227272727		1
000381:	0.038311931818182	0.030075000000000	0.931613068181818		1
000382:	0.305684659090909	0.064173863636364	0.630141477272727		1
000383:	0.390872159090909	0.108150000000000	0.500977840909091		1
000384:	0.214924431818182	0.113166477272727	0.671909090909091		1
000385:	0.241726704545455	0.416031818181818	0.342241477272727		1
000386:	0.044184090909091	0.049385227272727	0.906430681818182		1
000387:	0.500413636363636	0.056867613636364	0.442718750000000		1
000388:	0.155101136363636	0.296159659090909	0.548739204545455		1
000389:	0.371048295454545	0.211411363636364	0.417540340909091		1
000390:	0.308573863636364	0.631071590909091	0.060354545454545		1
000391:	0.187297159090909	0.085339772727273	0.727363068181818		1
000392:	0.045511363636364	0.138385795454545	0.816102840909091		1
000393:	0.292811931818182	0.056259090909091	0.650928977272727		1
000394:	0.256556818181818	0.044897727272727	0.698545454545455		1
000395:	0.673349431818182	0.038833522727273	0.287817045454545		1
000396:	0.310891477272727	0.201293181818182	0.487815340909091		1
000397:	0.504311363636364	0.050288636363636	0.445400000000000		1
000398:	0.304838068181818	0.156993181818182	0.538168750000000		1
000399:	0.033953977272727	0.048907954545455	0.917138068181818		1
000400:	0.181078409090909	0.071013068181818	0.747908522727273		1
000401:	0.114535795454545	0.054909090909091	0.830555113636364		1
000402:	0.320926704545455	0.045764204545455	0.633309090909091		1
000403:	0.362456250000000	0.140597159090909	0.496946590909091		1
000404:	0.196690340909091	0.221076704545455	0.582232954545455		1
000405:	0.260596022727273	0.026547727272727	0.712856250000000		1
000406:	0.133263068181818	0.006502840909091	0.860234090909091		1
000407:	0.771721590909091	0.046131250000000	0.182147159090909		1
000408:	0.091657386363636	0.229078409090909	0.679264204545455		1
000409:	0.725693750000000	0.138704545454545	0.135601704545455		1
000410:	0.802246022727273	0.093709659090909	0.104044318181818		1
000411:	0.716453409090909	0.102981250000000	0.180565340909091		1
000412:	0.064551136363636	0.053065909090909	0.882382954545455		1
000413:	0.321722727272727	0.122082954545455	0.556194318181818		1
000414:	0.068377840909091	0.043178409090909	0.888443750000000		1
000415:	0.031261931818182	0.552499431818182	0.416238636363636		1
000416:	0.024922727272727	0.036286931818182	0.938790340909091		1
000417:	0.191301136363636	0.165992613636364	0.642706250000000		1
000418:	0.112294318181818	0.067465340909091	0.820240340909091		1
000419:	0.025666477272727	0.074254545454545	0.900078977272727		1
000420:	0.364186363636364	0.524796590909091	0.111017045454545		1
000421:	0.182435227272727	0.040515909090909	0.777048863636364		1
000422:	0.204603409090909	0.174977272727273	0.620419318181818		1
000423:	0.133527840909091	0.767568750000000	0.098903409090909		1
000424:	0.024513068181818	0.031333522727273	0.944153409090909		1
000425:	0.053534090909091	0.059365340909091	0.887100568181818		1
000426:	0.030227272727273	0.730001136363636	0.239771590909091		1
000427:	0.174480681818182	0.106710227272727	0.718809090909091		1
000428:	0.310609090909091	0.054294886363636	0.635096022727273		1
000429:	0.486701136363636	0.177952272727273	0.335346590909091		1
000430:	0.090400568181818	0.278845454545455	0.630753977272727		1
000431:	0.142021022727273	0.075684090909091	0.782294886363636		1
000432:	0.164724431818182	0.127676704545455	0.707598863636364		1
000433:	0.202443750000000	0.360417613636364	0.437138636363636		1
000434:	0.157520454545455	0.152987500000000	0.689492045454545		1
000435:	0.456231818181818	0.164795454545455	0.378972727272727		1
000436:	0.064725568181818	0.434715909090909	0.500558522727273		1
000437:	0.054093750000000	0.157821022727273	0.788085227272727		1
000438:	0.105760795454545	0.106250568181818	0.787988636363636		1
000439:	0.034918750000000	0.049094886363636	0.915986363636364		1
000440:	0.042981818181818	0.028040909090909	0.928977272727273		1
000441:	0.026385227272727	0.041446022727273	0.932168750000000		1
000442:	0.037348863636364	0.058857954545455	0.903793181818182		1
000443:	0.724240340909091	0.070832386363636	0.204927272727273		1
000444:	0.032567613636364	0.256246590909091	0.711185795454545		1
000445:	0.138006818181818	0.046051704545455	0.815941477272727		1
000446:	0.268568181818182	0.305672159090909	0.425759659090909		1
000447:	0.126011931818182	0.051723863636364	0.822264204545455		1
000448:	0.280301136363636	0.083632954545455	0.636065909090909		1
000449:	0.380873295454545	0.090321022727273	0.528805681818182		1
000450:	0.764994886363636	0.052635227272727	0.182369886363636		1
000451:	0.721130681818182	0.075068750000000	0.203800568181818		1
000452:	0.063814204545455	0.790608522727273	0.145577272727273		1
000453:	0.031652840909091	0.032968750000000	0.935378409090909		1
000454:	0.398835227272727	0.308763636363636	0.292401136363636		1
000455:	0.854955113636364	0.093546590909091	0.051498295454545		1
000456:	0.916960795454545	0.067822159090909	0.015217045454545		1
000457:	0.834715909090909	0.141083522727273	0.024200568181818		1
000458:	0.774161363636364	0.160358522727273	0.065480113636364		1
000459:	0.913785795454545	0.066500568181818	0.019713636363636		1
000460:	0.942827840909091	0.035186363636364	0.021985795454545		1
000461:	0.896664204545455	0.055038636363636	0.048297159090909		1
000462:	0.709227272727273	0.245339204545455	0.045433522727273		1
000463:	0.466233522727273	0.498457386363636	0.035309090909091		1
000464:	0.373728409090909	0.533235795454545	0.093035795454545		1
000465:	0.821115909090909	0.123647727272727	0.055236363636364		1
000466:	0.938267613636364	0.038405113636364	0.023327272727273		1
000467:	0.908885227272727	0.062300000000000	0.028814772727273		1
000468:	0.922856250000000	0.050053409090909	0.027090340909091		1
000469:	0.156348295454545	0.066613636363636	0.777038068181818		1
000470:	0.106843750000000	0.098398295454545	0.794757954545455		1
000471:	0.173822727272727	0.033057954545455	0.793119318181818		1
000472:	0.129890909090909	0.750823295454545	0.119285795454545		1
000473:	0.388952840909091	0.529631250000000	0.081415909090909		1
000474:	0.207964772727273	0.050602272727273	0.741432954545455		1
000475:	0.258544886363636	0.053057954545455	0.688397159090909		1
000476:	0.765785795454546	0.084614204545455	0.149600000000000		1
000477:	0.084074431818182	0.025012500000000	0.890913068181818		1
000478:	0.136017613636364	0.049880681818182	0.814101704545454		1
000479:	0.478581250000000	0.162557954545455	0.358860795454545		1
000480:	0.423551704545455	0.072244886363636	0.504203409090909		1
000481:	0.760293181818182	0.045307386363636	0.194399431818182		1
000482:	0.155641477272727	0.598430681818182	0.245927840909091		1
000483:	0.213000568181818	0.323442613636364	0.463556818181818		1
000484:	0.847567045454545	0.062655113636364	0.089777840909091		1
000485:	0.054001704545455	0.098585227272727	0.847413068181818		1
000486:	0.488616477272727	0.048790909090909	0.462592613636364		1
000487:	0.133963636363636	0.780488068181818	0.085548295454545		1
000488:	0.339560795454545	0.064729545454545	0.595709659090909		1
000489:	0.062840909090909	0.154802840909091	0.782356250000000		1
000490:	0.201319318181818	0.048841477272727	0.749839204545454		1
000491:	0.615383522727273	0.260855113636364	0.123761363636364		1
000492:	0.109551704545455	0.054597159090909	0.835851136363636		1
000493:	0.418736931818182	0.358400568181818	0.222862500000000		1
000494:	0.806034090909091	0.081368181818182	0.112597727272727		1
000495:	0.741541477272727	0.069782954545455	0.188675568181818		1
000496:	0.867273295454545	0.092627272727273	0.040099431818182		1
000497:	0.492213636363636	0.190710227272727	0.317076136363636		1
000498:	0.682335795454545	0.085432954545455	0.232231250000000		1
000499:	0.863659090909091	0.102147727272727	0.034193181818182		1
000500:	0.882836363636364	0.051874431818182	0.065289204545455		1
000501:	0.702072159090909	0.206176136363636	0.091751704545455		1
000502:	0.903421590909091	0.068677272727273	0.027901136363636		1
000503:	0.907380681818182	0.067403409090909	0.025215909090909		1
000504:	0.067421590909091	0.917682954545455	0.014895454545455		1
000505:	0.681957386363636	0.184126136363636	0.133916477272727		1
000506:	0.623209090909091	0.258977272727273	0.117813636363636		1
000507:	0.822984659090909	0.091756250000000	0.085259090909091		1
000508:	0.880794886363636	0.071296022727273	0.047909090909091		1
000509:	0.914681250000000	0.064628977272727	0.020689772727273		1
000510:	0.866973863636364	0.109592613636364	0.023433522727273		1
000511:	0.948119886363636	0.038082954545455	0.013797159090909		1
000512:	0.543847727272727	0.413006818181818	0.043145454545455		1
000513:	0.541702840909091	0.354891477272727	0.103405681818182		1
000514:	0.529878409090909	0.442686363636364	0.027435227272727		1
000515:	0.903454545454545	0.075414772727273	0.021130681818182		1
000516:	0.932210227272727	0.045584659090909	0.022205113636364		1
000517:	0.911576704545455	0.068495454545455	0.019927840909091		1
000518:	0.392334090909091	0.560089772727273	0.047576136363636		1
000519:	0.256657386363636	0.633259659090909	0.110082954545455		1
000520:	0.095775568181818	0.816634090909091	0.087590340909091		1
000521:	0.170163068181818	0.803939204545455	0.025897727272727		1
000522:	0.357868181818182	0.402855113636364	0.239276704545455		1
000523:	0.111585795454545	0.678922159090909	0.209492045454545		1
000524:	0.576378977272727	0.313739204545455	0.109881818181818		1
000525:	0.326760795454545	0.598338636363636	0.074900568181818		1
000526:	0.448206818181818	0.449218181818182	0.102575000000000		1
000527:	0.229119318181818	0.711432954545455	0.059447727272727		1
000528:	0.055497727272727	0.855576136363636	0.088926136363636		1
000529:	0.169775568181818	0.691771590909091	0.138452840909091		1
000530:	0.051245454545455	0.852680113636364	0.096074431818182		1
000531:	0.274536931818182	0.667365340909091	0.058097727272727		1
000532:	0.055140340909091	0.920675568181818	0.024184090909091		1
000533:	0.399353409090909	0.569659659090909	0.030986931818182		1
000534:	0.280344886363636	0.673664772727273	0.045990340909091		1
000535:	0.066711363636364	0.898847159090909	0.034441477272727		1
000536:	0.341491477272727	0.579581818181818	0.078926704545455		1
000537:	0.175080113636364	0.376199431818182	0.448720454545455		1
000538:	0.112153409090909	0.782977840909091	0.104868750000000		1
000539:	0.144301704545455	0.557110227272727	0.298588068181818		1
000540:	0.000747159090909	0.289867045454545	0.709385795454545		1
000541:	0.610477272727273	0.331743750000000	0.057778977272727		1
000542:	0.351308522727273	0.377734659090909	0.270956818181818		1
000543:	0.175498863636364	0.751389772727273	0.073111363636364		1
000544:	0.292257386363636	0.685198295454545	0.022544318181818		1
000545:	0.665918181818182	0.306461931818182	0.027619886363636		1
000546:	0.620753409090909	0.307002840909091	0.072243750000000		1
000547:	0.144165340909091	0.809342613636364	0.046492045454545		1
000548:	0.402775568181818	0.555531250000000	0.041693181818182		1
000549:	0.208898295454545	0.759049431818182	0.032052272727273		1
000550:	0.429573863636364	0.454425000000000	0.116001136363636		1
000551:	0.125647727272727	0.752373295454545	0.121978977272727		1
000552:	0.076497159090909	0.849046022727273	0.074456818181818		1
000553:	0.315553409090909	0.624015909090909	0.060430681818182		1
000554:	0.101060795454545	0.853748863636364	0.045190340909091		1
000555:	0.150830113636364	0.806038068181818	0.043131818181818		1
000556:	0.087699431818182	0.851660227272727	0.060640340909091		1
000557:	0.173689772727273	0.787734659090909	0.038575568181818		1
000558:	0.040657386363636	0.907117045454545	0.052225568181818		1
000559:	0.044891477272727	0.932379545454545	0.022728977272727		1
000560:	0.045413636363636	0.894400000000000	0.060186363636364		1
000561:	0.171137500000000	0.529048295454545	0.299814204545455		1
000562:	0.700126704545455	0.267299431818182	0.032573863636364		1
000563:	0.116343750000000	0.553138068181818	0.330518181818182		1
000564:	0.211161363636364	0.628238636363636	0.160600000000000		1
000565:	0.111094886363636	0.848525568181818	0.040379545454545		1
000566:	0.073073863636364	0.910208522727273	0.016717613636364		1
000567:	0.063166477272727	0.923473295454545	0.013360227272727		1
000568:	0.078878409090909	0.900356818181818	0.020764772727273		1
000569:	0.692012500000000	0.281394886363636	0.026592613636364		1
000570:	0.854661363636364	0.123029545454545	0.022309090909091		1
000571:	0.066093750000000	0.915022727272727	0.018883522727273		1
000572:	0.669259090909091	0.312163068181818	0.018577840909091		1
000573:	0.738892613636364	0.240261363636364	0.020846022727273		1
000574:	0.254214204545455	0.715983522727273	0.029802272727273		1
000575:	0.839608522727273	0.110115909090909	0.050275568181818		1
000576:	0.174299431818182	0.778123863636364	0.047576704545455		1
000577:	0.165309659090909	0.568572727272727	0.266117613636364		1
000578:	0.166309090909091	0.779426136363636	0.054264772727273		1
000579:	0.155494318181818	0.808856818181818	0.035648863636364		1
000580:	0.215342045454545	0.273661363636364	0.510996590909091		1
000581:	0.181294886363636	0.759317045454545	0.059388068181818		1
000582:	0.364086363636364	0.582066477272727	0.053847159090909		1
000583:	0.370760227272727	0.251517045454545	0.377722727272727		1
000584:	0.198839204545455	0.762098863636364	0.039061931818182		1
000585:	0.061605113636364	0.925335227272727	0.013059659090909		1
000586:	0.232322727272727	0.744397159090909	0.023280113636364		1
000587:	0.466119886363636	0.498707386363636	0.035172727272727		1
000588:	0.461750000000000	0.467611363636364	0.070638636363636		1
000589:	0.668495454545455	0.265237500000000	0.066267045454545		1
000590:	0.493178977272727	0.453440340909091	0.053380681818182		1
000591:	0.336749431818182	0.650855113636364	0.012395454545455		1
000592:	0.176337500000000	0.797731818181818	0.025930681818182		1
000593:	0.346052840909091	0.627920454545455	0.026026704545455		1
000594:	0.633132954545455	0.010869886363636	0.355997159090909		1
000595:	0.243543181818182	0.461106818181818	0.295350000000000		1
000596:	0.256901136363636	0.640505681818182	0.102593181818182		1
000597:	0.303867045454545	0.614926136363636	0.081206818181818		1
000598:	0.180039204545455	0.770380681818182	0.049580113636364		1
000599:	0.081080681818182	0.842413068181818	0.076506250000000		1
000600:	0.086960795454545	0.812673863636364	0.100365340909091		1
000601:	0.043044318181818	0.930369886363636	0.026585795454545		1
000602:	0.436833522727273	0.430489204545455	0.132677272727273		1
000603:	0.229960795454545	0.739585795454546	0.030453409090909		1
000604:	0.496505681818182	0.428101136363636	0.075393181818182		1
