Estimated Clustering Probabilities for Samples
Sample	***Cluster  01***	***Cluster  02***	***Cluster  03***	
000001:	0.900748295454545	0.024659659090909	0.074592045454545		1
000002:	0.940112500000000	0.012212500000000	0.047675000000000		1
000003:	0.897557386363636	0.032718750000000	0.069723863636364		1
000004:	0.951470454545455	0.009763636363636	0.038765909090909		1
000005:	0.971790340909091	0.011103977272727	0.017105681818182		1
000006:	0.875207386363636	0.062243750000000	0.062548863636364		1
000007:	0.855945454545455	0.012318750000000	0.131735795454545		1
000008:	0.950602272727273	0.014661931818182	0.034735795454545		1
000009:	0.935395454545455	0.017864772727273	0.046739772727273		1
000010:	0.959578409090909	0.018860227272727	0.021561363636364		1
000011:	0.637901704545455	0.220015909090909	0.142082386363636		1
000012:	0.308669318181818	0.645545454545455	0.045785227272727		1
000013:	0.129286931818182	0.837315909090909	0.033397159090909		1
000014:	0.682897159090909	0.236149431818182	0.080953409090909		1
000015:	0.863023863636364	0.106957954545455	0.030018181818182		1
000016:	0.883914204545455	0.083131818181818	0.032953977272727		1
000017:	0.760006250000000	0.188538068181818	0.051455681818182		1
000018:	0.106982386363636	0.874284659090909	0.018732954545455		1
000019:	0.529007386363636	0.424902272727273	0.046090340909091		1
000020:	0.732660795454545	0.223987500000000	0.043351704545455		1
000021:	0.125629545454545	0.762556818181818	0.111813636363636		1
000022:	0.508997159090909	0.469166477272727	0.021836363636364		1
000023:	0.275647159090909	0.623564204545455	0.100788636363636		1
000024:	0.395239204545455	0.565855681818182	0.038905113636364		1
000025:	0.195728409090909	0.779093750000000	0.025177840909091		1
000026:	0.196600000000000	0.771897159090909	0.031502840909091		1
000027:	0.073232386363636	0.907827840909091	0.018939772727273		1
000028:	0.581459659090909	0.234056818181818	0.184483522727273		1
000029:	0.428372727272727	0.516556818181818	0.055070454545455		1
000030:	0.506680113636364	0.365061931818182	0.128257954545455		1
000031:	0.053072159090909	0.924027840909091	0.022900000000000		1
000032:	0.185177840909091	0.761920454545455	0.052901704545455		1
000033:	0.381255681818182	0.526975568181818	0.091768750000000		1
000034:	0.668422727272727	0.260632386363636	0.070944886363636		1
000035:	0.097420454545455	0.780743181818182	0.121836363636364		1
000036:	0.548588068181818	0.380609659090909	0.070802272727273		1
000037:	0.194868181818182	0.777764772727273	0.027367045454545		1
000038:	0.241102840909091	0.408057386363636	0.350839772727273		1
000039:	0.163477840909091	0.812214204545455	0.024307954545455		1
000040:	0.617012500000000	0.306749431818182	0.076238068181818		1
000041:	0.330731250000000	0.636871022727273	0.032397727272727		1
000042:	0.135841477272727	0.830840340909091	0.033318181818182		1
000043:	0.800647727272727	0.160959659090909	0.038392613636364		1
000044:	0.398896022727273	0.539937500000000	0.061166477272727		1
000045:	0.111847159090909	0.872702840909091	0.015450000000000		1
000046:	0.169822727272727	0.704832954545455	0.125344318181818		1
000047:	0.463459659090909	0.428576704545455	0.107963636363636		1
000048:	0.913045454545454	0.055595454545455	0.031359090909091		1
000049:	0.825283522727273	0.142989204545455	0.031727272727273		1
000050:	0.650605113636364	0.299777272727273	0.049617613636364		1
000051:	0.872096590909091	0.044678977272727	0.083224431818182		1
000052:	0.918387500000000	0.042110227272727	0.039502272727273		1
000053:	0.568739772727273	0.398313636363636	0.032946590909091		1
000054:	0.212983522727273	0.725392613636364	0.061623863636364		1
000055:	0.924642045454545	0.049363636363636	0.025994318181818		1
000056:	0.790003409090909	0.168951704545455	0.041044886363636		1
000057:	0.669074431818182	0.285835795454545	0.045089772727273		1
000058:	0.496703977272727	0.468048295454545	0.035247727272727		1
000059:	0.193559659090909	0.775025568181818	0.031414772727273		1
000060:	0.897102272727273	0.070028977272727	0.032868750000000		1
000061:	0.870079545454545	0.106969886363636	0.022950568181818		1
000062:	0.919521590909091	0.046613636363636	0.033864772727273		1
000063:	0.820203409090909	0.062292613636364	0.117503977272727		1
000064:	0.788606250000000	0.041818181818182	0.169575568181818		1
000065:	0.891335227272727	0.059934090909091	0.048730681818182		1
000066:	0.733527272727273	0.248410795454545	0.018061931818182		1
000067:	0.926303977272727	0.033071590909091	0.040624431818182		1
000068:	0.482263068181818	0.492938636363636	0.024798295454545		1
000069:	0.625839772727273	0.337059659090909	0.037100568181818		1
000070:	0.582015340909091	0.340896022727273	0.077088636363636		1
000071:	0.317152272727273	0.629646022727273	0.053201704545455		1
000072:	0.900673863636364	0.061922159090909	0.037403977272727		1
000073:	0.859302272727273	0.094957386363636	0.045740340909091		1
000074:	0.124817613636364	0.839570454545455	0.035611931818182		1
000075:	0.383509090909091	0.555668750000000	0.060822159090909		1
000076:	0.147232386363636	0.411442045454545	0.441325568181818		1
000077:	0.445153409090909	0.293989204545455	0.260857386363636		1
000078:	0.830155681818182	0.100319318181818	0.069525000000000		1
000079:	0.331636363636364	0.612126704545455	0.056236931818182		1
000080:	0.170851136363636	0.767060227272727	0.062088636363636		1
000081:	0.892664204545455	0.068325000000000	0.039010795454545		1
000082:	0.899748295454545	0.067631250000000	0.032620454545455		1
000083:	0.750003977272727	0.201526704545455	0.048469318181818		1
000084:	0.437477840909091	0.249169886363636	0.313352272727273		1
000085:	0.494272159090909	0.429293181818182	0.076434659090909		1
000086:	0.612118181818182	0.322007386363636	0.065874431818182		1
000087:	0.793310795454545	0.189767613636364	0.016921590909091		1
000088:	0.229519886363636	0.739989772727273	0.030490340909091		1
000089:	0.214097727272727	0.713562500000000	0.072339772727273		1
000090:	0.156927840909091	0.808263636363636	0.034808522727273		1
000091:	0.082638636363636	0.687080113636364	0.230281250000000		1
000092:	0.674376136363636	0.278652840909091	0.046971022727273		1
000093:	0.499347159090909	0.415589772727273	0.085063068181818		1
000094:	0.380882386363636	0.559918750000000	0.059198863636364		1
000095:	0.907591477272727	0.046726136363636	0.045682386363636		1
000096:	0.905518181818182	0.062601136363636	0.031880681818182		1
000097:	0.299819886363636	0.665862500000000	0.034317613636364		1
000098:	0.567437500000000	0.411838068181818	0.020724431818182		1
000099:	0.719946022727273	0.245029545454545	0.035024431818182		1
000100:	0.915924431818182	0.066107954545455	0.017967613636364		1
000101:	0.532072727272727	0.444592613636364	0.023334659090909		1
000102:	0.666836363636364	0.305327840909091	0.027835795454545		1
000103:	0.389571022727273	0.526536931818182	0.083892045454545		1
000104:	0.894411931818182	0.080268750000000	0.025319318181818		1
000105:	0.249040909090909	0.723344318181818	0.027614772727273		1
000106:	0.318872727272727	0.650156250000000	0.030971022727273		1
000107:	0.807489204545455	0.165126136363636	0.027384659090909		1
000108:	0.739778977272727	0.220184659090909	0.040036363636364		1
000109:	0.406294886363636	0.561137500000000	0.032567613636364		1
000110:	0.100661363636364	0.772938636363636	0.126400000000000		1
000111:	0.788942613636364	0.121864772727273	0.089192613636364		1
000112:	0.244276136363636	0.718765909090909	0.036957954545455		1
000113:	0.865886363636364	0.100098295454545	0.034015340909091		1
000114:	0.260414772727273	0.523160795454545	0.216424431818182		1
000115:	0.545428409090909	0.389668181818182	0.064903409090909		1
000116:	0.862556818181818	0.097875000000000	0.039568181818182		1
000117:	0.431096022727273	0.473440909090909	0.095463068181818		1
000118:	0.879841477272727	0.063958522727273	0.056200000000000		1
000119:	0.333638068181818	0.636513636363636	0.029848295454545		1
000120:	0.915631818181818	0.061896590909091	0.022471590909091		1
000121:	0.348784090909091	0.588632954545455	0.062582954545455		1
000122:	0.655733522727273	0.329372159090909	0.014894318181818		1
000123:	0.785269318181818	0.150108522727273	0.064622159090909		1
000124:	0.242667045454545	0.629231818181818	0.128101136363636		1
000125:	0.743034090909091	0.077978977272727	0.178986931818182		1
000126:	0.099582954545455	0.044718750000000	0.855698295454545		1
000127:	0.764593750000000	0.208776704545455	0.026629545454545		1
000128:	0.885561363636364	0.077845454545455	0.036593181818182		1
000129:	0.120100000000000	0.848043181818182	0.031856818181818		1
000130:	0.735321590909091	0.178458522727273	0.086219886363636		1
000131:	0.548148863636364	0.412755681818182	0.039095454545455		1
000132:	0.898523863636364	0.080303409090909	0.021172727272727		1
000133:	0.239820454545455	0.471346590909091	0.288832954545455		1
000134:	0.403980681818182	0.535199431818182	0.060819886363636		1
000135:	0.096749431818182	0.880955113636364	0.022295454545455		1
000136:	0.822238636363636	0.118984090909091	0.058777272727273		1
000137:	0.135580681818182	0.835721590909091	0.028697727272727		1
000138:	0.653331250000000	0.224121022727273	0.122547727272727		1
000139:	0.667556818181818	0.280231818181818	0.052211363636364		1
000140:	0.089756250000000	0.879207386363636	0.031036363636364		1
000141:	0.805038636363636	0.092958522727273	0.102002840909091		1
000142:	0.466028977272727	0.516586931818182	0.017384090909091		1
000143:	0.810199431818182	0.163218750000000	0.026581818181818		1
000144:	0.833575000000000	0.142423863636364	0.024001136363636		1
000145:	0.684912500000000	0.172706250000000	0.142381250000000		1
000146:	0.605321590909091	0.364152840909091	0.030525568181818		1
000147:	0.885975568181818	0.088747159090909	0.025277272727273		1
000148:	0.902367045454545	0.068317045454545	0.029315909090909		1
000149:	0.594207386363636	0.358710227272727	0.047082386363636		1
000150:	0.159566477272727	0.815688068181818	0.024745454545455		1
000151:	0.843347159090909	0.123217613636364	0.033435227272727		1
000152:	0.664590340909091	0.249465340909091	0.085944318181818		1
000153:	0.443625568181818	0.531575000000000	0.024799431818182		1
000154:	0.909576704545455	0.052259090909091	0.038164204545455		1
000155:	0.700181250000000	0.267661931818182	0.032156818181818		1
000156:	0.674901136363636	0.298994886363636	0.026103977272727		1
000157:	0.842146022727273	0.033424431818182	0.124429545454545		1
000158:	0.505248295454545	0.096960795454545	0.397790909090909		1
000159:	0.298620454545455	0.296268750000000	0.405110795454545		1
000160:	0.078117045454545	0.009067045454545	0.912815909090909		1
000161:	0.452877840909091	0.032036363636364	0.515085795454545		1
000162:	0.138260795454545	0.539514772727273	0.322224431818182		1
000163:	0.961889772727273	0.011469318181818	0.026640909090909		1
000164:	0.871874431818182	0.013037500000000	0.115088068181818		1
000165:	0.896448295454545	0.015952272727273	0.087599431818182		1
000166:	0.950557954545455	0.013185227272727	0.036256818181818		1
000167:	0.871882954545455	0.035073863636364	0.093043181818182		1
000168:	0.811385227272727	0.155117613636364	0.033497159090909		1
000169:	0.781793750000000	0.194703409090909	0.023502840909091		1
000170:	0.914132954545455	0.064569318181818	0.021297727272727		1
000171:	0.901919318181818	0.077835227272727	0.020245454545455		1
000172:	0.720346022727273	0.233757954545455	0.045896022727273		1
000173:	0.888034090909091	0.097531818181818	0.014434090909091		1
000174:	0.421980113636364	0.563144886363636	0.014875000000000		1
000175:	0.860543181818182	0.119858522727273	0.019598295454545		1
000176:	0.647526704545455	0.288209659090909	0.064263636363636		1
000177:	0.630492613636364	0.358684659090909	0.010822727272727		1
000178:	0.804329545454545	0.181747727272727	0.013922727272727		1
000179:	0.897979545454546	0.081961931818182	0.020058522727273		1
000180:	0.776009659090909	0.177921590909091	0.046068750000000		1
000181:	0.824310227272727	0.070039772727273	0.105650000000000		1
000182:	0.354985795454545	0.605738068181818	0.039276136363636		1
000183:	0.901142045454545	0.073535795454545	0.025322159090909		1
000184:	0.699811931818182	0.270583522727273	0.029604545454545		1
000185:	0.192210227272727	0.763342045454545	0.044447727272727		1
000186:	0.662664204545454	0.205783522727273	0.131552272727273		1
000187:	0.758074431818182	0.199865340909091	0.042060227272727		1
000188:	0.756889204545454	0.150834659090909	0.092276136363636		1
000189:	0.922065340909091	0.058268750000000	0.019665909090909		1
000190:	0.787128977272727	0.160917045454545	0.051953977272727		1
000191:	0.825750000000000	0.157337500000000	0.016912500000000		1
000192:	0.295935227272727	0.645735795454545	0.058328977272727		1
000193:	0.417114204545455	0.554192045454545	0.028693750000000		1
000194:	0.594861363636364	0.372554545454545	0.032584090909091		1
000195:	0.677419318181818	0.305768181818182	0.016812500000000		1
000196:	0.665246590909091	0.035245454545455	0.299507954545455		1
000197:	0.916290909090909	0.030408522727273	0.053300568181818		1
000198:	0.318041477272727	0.542906818181818	0.139051704545455		1
000199:	0.850889772727273	0.024188068181818	0.124922159090909		1
000200:	0.823509659090909	0.026278977272727	0.150211363636364		1
000201:	0.886015340909091	0.029479545454545	0.084505113636364		1
000202:	0.538290909090909	0.414223295454545	0.047485795454545		1
000203:	0.867379545454545	0.107149431818182	0.025471022727273		1
000204:	0.852265340909091	0.073885227272727	0.073849431818182		1
000205:	0.786846590909091	0.106293750000000	0.106859659090909		1
000206:	0.518776136363636	0.446368750000000	0.034855113636364		1
000207:	0.438931818181818	0.474901704545455	0.086166477272727		1
000208:	0.912806250000000	0.063042045454545	0.024151704545455		1
000209:	0.888314204545455	0.043140909090909	0.068544886363636		1
000210:	0.882062500000000	0.087286931818182	0.030650568181818		1
000211:	0.908086931818182	0.038035795454545	0.053877272727273		1
000212:	0.717686363636364	0.039848863636364	0.242464772727273		1
000213:	0.888979545454545	0.027338068181818	0.083682386363636		1
000214:	0.814559659090909	0.049526136363636	0.135914204545455		1
000215:	0.597288068181818	0.159889772727273	0.242822159090909		1
000216:	0.821581250000000	0.028060795454545	0.150357954545455		1
000217:	0.661395454545455	0.037089772727273	0.301514772727273		1
000218:	0.864496022727273	0.017477272727273	0.118026704545455		1
000219:	0.718122727272727	0.015717613636364	0.266159659090909		1
000220:	0.881279545454545	0.013281818181818	0.105438636363636		1
000221:	0.918937500000000	0.009622727272727	0.071439772727273		1
000222:	0.819548863636364	0.013618750000000	0.166832386363636		1
000223:	0.690874431818182	0.179637500000000	0.129488068181818		1
000224:	0.080118181818182	0.832476704545455	0.087405113636364		1
000225:	0.095826704545455	0.830616477272727	0.073556818181818		1
000226:	0.275361363636364	0.414107386363636	0.310531250000000		1
000227:	0.067646022727273	0.781327840909091	0.151026136363636		1
000228:	0.032284659090909	0.555242045454545	0.412473295454545		1
000229:	0.237661931818182	0.533289772727273	0.229048295454545		1
000230:	0.056747727272727	0.067376136363636	0.875876136363636		1
000231:	0.116699431818182	0.670514772727273	0.212785795454545		1
000232:	0.289334659090909	0.155435227272727	0.555230113636364		1
000233:	0.076076704545455	0.788732386363636	0.135190909090909		1
000234:	0.030496590909091	0.891263068181818	0.078240340909091		1
000235:	0.032698863636364	0.906302840909091	0.060998295454545		1
000236:	0.044034090909091	0.342165340909091	0.613800568181818		1
000237:	0.033926704545455	0.890161931818182	0.075911363636364		1
000238:	0.588727272727273	0.219556818181818	0.191715909090909		1
000239:	0.126040909090909	0.650265909090909	0.223693181818182		1
000240:	0.038862500000000	0.170102272727273	0.791035227272727		1
000241:	0.143142613636364	0.615291477272727	0.241565909090909		1
000242:	0.035448863636364	0.889478977272727	0.075072159090909		1
000243:	0.029935795454545	0.390984659090909	0.579079545454545		1
000244:	0.206461931818182	0.324100000000000	0.469438068181818		1
000245:	0.136037500000000	0.431138068181818	0.432824431818182		1
000246:	0.058784090909091	0.855051136363636	0.086164772727273		1
000247:	0.139017045454545	0.699656818181818	0.161326136363636		1
000248:	0.115109659090909	0.174361363636364	0.710528977272727		1
000249:	0.030609659090909	0.719664772727273	0.249725568181818		1
000250:	0.050490340909091	0.882930113636364	0.066579545454545		1
000251:	0.079211931818182	0.657242045454545	0.263546022727273		1
000252:	0.103552840909091	0.255685795454545	0.640761363636364		1
000253:	0.050129545454545	0.660211363636364	0.289659090909091		1
000254:	0.081002272727273	0.333340340909091	0.585657386363636		1
000255:	0.116394318181818	0.514286363636364	0.369319318181818		1
000256:	0.307750568181818	0.429507954545455	0.262741477272727		1
000257:	0.268260795454545	0.111526136363636	0.620213068181818		1
000258:	0.711083522727273	0.196560795454545	0.092355681818182		1
000259:	0.603233522727273	0.304519886363636	0.092246590909091		1
000260:	0.046569318181818	0.516685227272727	0.436745454545455		1
000261:	0.109806818181818	0.462997159090909	0.427196022727273		1
000262:	0.162244886363636	0.356052272727273	0.481702840909091		1
000263:	0.048306250000000	0.002205113636364	0.949488636363636		1
000264:	0.467317045454545	0.175117045454545	0.357565909090909		1
000265:	0.694222727272727	0.093385795454545	0.212391477272727		1
000266:	0.217285227272727	0.589257954545455	0.193456818181818		1
000267:	0.077452840909091	0.600213636363636	0.322333522727273		1
000268:	0.560206250000000	0.190089772727273	0.249703977272727		1
000269:	0.080341477272727	0.869584090909091	0.050074431818182		1
000270:	0.781894318181818	0.097197159090909	0.120908522727273		1
000271:	0.052031250000000	0.644994886363636	0.302973863636364		1
000272:	0.081764204545455	0.443231250000000	0.475004545454545		1
000273:	0.598670454545455	0.006132386363636	0.395197159090909		1
000274:	0.091747727272727	0.500732386363636	0.407519886363636		1
000275:	0.216555113636364	0.623217045454545	0.160227840909091		1
000276:	0.286248863636364	0.305262500000000	0.408488636363636		1
000277:	0.061512500000000	0.784341477272727	0.154146022727273		1
000278:	0.334323863636364	0.457207386363636	0.208468750000000		1
000279:	0.042857954545455	0.907575568181818	0.049566477272727		1
000280:	0.177389772727273	0.256314772727273	0.566295454545454		1
000281:	0.078672727272727	0.824968181818182	0.096359090909091		1
000282:	0.172289772727273	0.616388068181818	0.211322159090909		1
000283:	0.328457386363636	0.071714772727273	0.599827840909091		1
000284:	0.109747159090909	0.540432954545455	0.349819886363636		1
000285:	0.076899431818182	0.816179545454545	0.106921022727273		1
000286:	0.104242613636364	0.743127840909091	0.152629545454545		1
000287:	0.104025568181818	0.778476136363636	0.117498295454545		1
000288:	0.188919886363636	0.453293750000000	0.357786363636364		1
000289:	0.839014204545455	0.051580681818182	0.109405113636364		1
000290:	0.412668750000000	0.039748295454545	0.547582954545455		1
000291:	0.932438068181818	0.042992613636364	0.024569318181818		1
000292:	0.747883522727273	0.046211363636364	0.205905113636364		1
000293:	0.943823863636364	0.022332954545455	0.033843181818182		1
000294:	0.930834659090909	0.041789772727273	0.027375568181818		1
000295:	0.901821590909091	0.068289204545455	0.029889204545455		1
000296:	0.918496022727273	0.032732386363636	0.048771590909091		1
000297:	0.843679545454545	0.047977840909091	0.108342613636364		1
000298:	0.108940909090909	0.854737500000000	0.036321590909091		1
000299:	0.801869886363636	0.108578409090909	0.089551704545455		1
000300:	0.644591477272727	0.145077272727273	0.210331250000000		1
000301:	0.860404545454545	0.070646022727273	0.068949431818182		1
000302:	0.502989204545455	0.046703977272727	0.450306818181818		1
000303:	0.552111931818182	0.137724431818182	0.310163636363636		1
000304:	0.848985795454545	0.034328409090909	0.116685795454545		1
000305:	0.229941477272727	0.041315340909091	0.728743181818182		1
000306:	0.392195454545455	0.130873863636364	0.476930681818182		1
000307:	0.120238068181818	0.018856818181818	0.860905113636364		1
000308:	0.866604545454545	0.025834659090909	0.107560795454545		1
000309:	0.783496590909091	0.138047159090909	0.078456250000000		1
000310:	0.836666477272727	0.072760227272727	0.090573295454545		1
000311:	0.562942045454545	0.137434659090909	0.299623295454545		1
000312:	0.160585227272727	0.763840340909091	0.075574431818182		1
000313:	0.146217045454545	0.772969318181818	0.080813636363636		1
000314:	0.121005681818182	0.787883522727273	0.091110795454545		1
000315:	0.172867613636364	0.760392613636364	0.066739772727273		1
000316:	0.698276704545455	0.176827272727273	0.124896022727273		1
000317:	0.273638636363636	0.591972159090909	0.134389204545455		1
000318:	0.796922727272727	0.036936931818182	0.166140340909091		1
000319:	0.877933522727273	0.046173295454545	0.075893181818182		1
000320:	0.752436363636364	0.113143181818182	0.134420454545455		1
000321:	0.802987500000000	0.027570454545455	0.169442045454545		1
000322:	0.246176704545455	0.036348863636364	0.717474431818182		1
000323:	0.354500000000000	0.460451704545455	0.185048295454545		1
000324:	0.556740909090909	0.037829545454545	0.405429545454545		1
000325:	0.335020454545455	0.200567613636364	0.464411931818182		1
000326:	0.295640909090909	0.102552840909091	0.601806250000000		1
000327:	0.616724431818182	0.055777840909091	0.327497727272727		1
000328:	0.000464772727273	0.066988636363636	0.932546590909091		1
000329:	0.653299431818182	0.084195454545455	0.262505113636364		1
000330:	0.127258522727273	0.027189204545455	0.845552272727273		1
000331:	0.109785795454545	0.032567613636364	0.857646590909091		1
000332:	0.847853977272727	0.047626136363636	0.104519886363636		1
000333:	0.711126136363636	0.096586363636364	0.192287500000000		1
000334:	0.668735795454545	0.088548295454545	0.242715909090909		1
000335:	0.774805113636364	0.067859659090909	0.157335227272727		1
000336:	0.536067045454545	0.031481250000000	0.432451704545455		1
000337:	0.300031818181818	0.059000000000000	0.640968181818182		1
000338:	0.912989204545455	0.022036931818182	0.064973863636364		1
000339:	0.555425568181818	0.032724431818182	0.411850000000000		1
000340:	0.805315340909091	0.023027840909091	0.171656818181818		1
000341:	0.911350568181818	0.029769886363636	0.058879545454545		1
000342:	0.689651136363636	0.025450568181818	0.284898295454545		1
000343:	0.839327272727273	0.038440909090909	0.122231818181818		1
000344:	0.081759090909091	0.025596590909091	0.892644318181818		1
000345:	0.099954545454545	0.013867045454545	0.886178409090909		1
000346:	0.732350000000000	0.027377272727273	0.240272727272727		1
000347:	0.626573295454545	0.021028409090909	0.352398295454545		1
000348:	0.600118750000000	0.037139204545455	0.362742045454545		1
000349:	0.460363636363636	0.055059659090909	0.484576704545455		1
000350:	0.433470454545455	0.029213068181818	0.537316477272727		1
000351:	0.333571590909091	0.031956818181818	0.634471590909091		1
000352:	0.906412500000000	0.028688636363636	0.064898863636364		1
000353:	0.879376136363636	0.019961363636364	0.100662500000000		1
000354:	0.892263068181818	0.028967045454545	0.078769886363636		1
000355:	0.562022159090909	0.036673863636364	0.401303977272727		1
000356:	0.351997159090909	0.526498295454545	0.121504545454545		1
000357:	0.056778409090909	0.852155113636364	0.091066477272727		1
000358:	0.270226704545455	0.571850000000000	0.157923295454545		1
000359:	0.160234090909091	0.459915909090909	0.379850000000000		1
000360:	0.812943750000000	0.090413068181818	0.096643181818182		1
000361:	0.054825000000000	0.859689772727273	0.085485227272727		1
000362:	0.212493181818182	0.092461931818182	0.695044886363636		1
000363:	0.754107386363636	0.201419886363636	0.044472727272727		1
000364:	0.193864204545455	0.539790909090909	0.266344886363636		1
000365:	0.335975568181818	0.658088636363636	0.005935795454545		1
000366:	0.110167045454545	0.842328409090909	0.047504545454545		1
000367:	0.207486931818182	0.707307954545455	0.085205113636364		1
000368:	0.163623295454545	0.776063068181818	0.060313636363636		1
000369:	0.459891477272727	0.389492045454545	0.150616477272727		1
000370:	0.643490340909091	0.172905113636364	0.183604545454545		1
000371:	0.697000000000000	0.077425568181818	0.225574431818182		1
000372:	0.582713068181818	0.357438068181818	0.059848863636364		1
000373:	0.307483522727273	0.461393750000000	0.231122727272727		1
000374:	0.781244886363636	0.167643750000000	0.051111363636364		1
000375:	0.556792045454545	0.053258522727273	0.389949431818182		1
000376:	0.469325568181818	0.451331250000000	0.079343181818182		1
000377:	0.402902272727273	0.059971590909091	0.537126136363636		1
000378:	0.072171590909091	0.891576136363636	0.036252272727273		1
000379:	0.040068181818182	0.935976704545455	0.023955113636364		1
000380:	0.228401136363636	0.706150000000000	0.065448863636364		1
000381:	0.044755681818182	0.920359659090909	0.034884659090909		1
000382:	0.357271590909091	0.555077840909091	0.087650568181818		1
000383:	0.511817045454545	0.367598295454545	0.120584659090909		1
000384:	0.299268750000000	0.605781818181818	0.094949431818182		1
000385:	0.266857954545455	0.338334659090909	0.394807386363636		1
000386:	0.075213068181818	0.001393181818182	0.923393750000000		1
000387:	0.557567045454545	0.369646022727273	0.072786931818182		1
000388:	0.179309659090909	0.519984659090909	0.300705681818182		1
000389:	0.416580113636364	0.381489772727273	0.201930113636364		1
000390:	0.306778977272727	0.049735795454545	0.643485227272727		1
000391:	0.285455113636364	0.623101704545455	0.091443181818182		1
000392:	0.067989772727273	0.773602272727273	0.158407954545455		1
000393:	0.268001136363636	0.671050000000000	0.060948863636364		1
000394:	0.417788636363636	0.535509090909091	0.046702272727273		1
000395:	0.719214772727273	0.234355113636364	0.046430113636364		1
000396:	0.343822159090909	0.469036931818182	0.187140909090909		1
000397:	0.608346590909091	0.331900000000000	0.059753409090909		1
000398:	0.399933522727273	0.417321590909091	0.182744886363636		1
000399:	0.042758522727273	0.875136363636364	0.082105113636364		1
000400:	0.300986931818182	0.613109659090909	0.085903409090909		1
000401:	0.135091477272727	0.821297159090909	0.043611363636364		1
000402:	0.511312500000000	0.444186363636364	0.044501136363636		1
000403:	0.389890909090909	0.470463636363636	0.139645454545455		1
000404:	0.209657954545455	0.507557954545454	0.282784090909091		1
000405:	0.385856818181818	0.581970454545455	0.032172727272727		1
000406:	0.887102840909091	0.078903977272727	0.033993181818182		1
000407:	0.797301136363636	0.163953977272727	0.038744886363636		1
000408:	0.125036931818182	0.618013068181818	0.256950000000000		1
000409:	0.719041477272727	0.131538636363636	0.149419886363636		1
000410:	0.683155681818182	0.123364772727273	0.193479545454545		1
000411:	0.649215909090909	0.148769886363636	0.202014204545455		1
000412:	0.066920454545455	0.865412500000000	0.067667045454545		1
000413:	0.428886931818182	0.449456250000000	0.121656818181818		1
000414:	0.095728977272727	0.863893750000000	0.040377272727273		1
000415:	0.042256818181818	0.447961931818182	0.509781250000000		1
000416:	0.025040340909091	0.928011931818182	0.046947727272727		1
000417:	0.211278977272727	0.573011931818182	0.215709090909091		1
000418:	0.126273863636364	0.799388068181818	0.074338068181818		1
000419:	0.031203409090909	0.892468750000000	0.076327840909091		1
000420:	0.478998863636364	0.090431250000000	0.430569886363636		1
000421:	0.143561363636364	0.794098863636364	0.062339772727273		1
000422:	0.211419886363636	0.579451704545455	0.209128409090909		1
000423:	0.178778409090909	0.097372727272727	0.723848863636364		1
000424:	0.032126136363636	0.929682386363636	0.038191477272727		1
000425:	0.072586931818182	0.853645454545455	0.073767613636364		1
000426:	0.035857386363636	0.258414204545455	0.705728409090909		1
000427:	0.226609090909091	0.654816477272727	0.118574431818182		1
000428:	0.441778977272727	0.497227272727273	0.060993750000000		1
000429:	0.484697159090909	0.321058522727273	0.194244318181818		1
000430:	0.118395454545455	0.587165909090909	0.294438636363636		1
000431:	0.222834659090909	0.699332386363636	0.077832954545455		1
000432:	0.168292045454545	0.679497159090909	0.152210795454545		1
000433:	0.256048863636364	0.447430113636364	0.296521022727273		1
000434:	0.203818750000000	0.602088068181818	0.194093181818182		1
000435:	0.380856818181818	0.396169886363636	0.222973295454545		1
000436:	0.073637500000000	0.487152840909091	0.439209659090909		1
000437:	0.052909090909091	0.749937500000000	0.197153409090909		1
000438:	0.131052840909091	0.730806250000000	0.138140909090909		1
000439:	0.042918181818182	0.902315909090909	0.054765909090909		1
000440:	0.053148863636364	0.906090909090909	0.040760227272727		1
000441:	0.032193750000000	0.924568750000000	0.043237500000000		1
000442:	0.061450000000000	0.883773295454545	0.054776704545455		1
000443:	0.609753977272727	0.258932386363636	0.131313636363636		1
000444:	0.039594318181818	0.688738068181818	0.271667613636364		1
000445:	0.195490909090909	0.731935795454545	0.072573295454545		1
000446:	0.329203977272727	0.353935227272727	0.316860795454545		1
000447:	0.115562500000000	0.811872159090909	0.072565340909091		1
000448:	0.361523863636364	0.560553977272727	0.077922159090909		1
000449:	0.411311931818182	0.477764772727273	0.110923295454545		1
000450:	0.791797727272727	0.137822159090909	0.070380113636364		1
000451:	0.692771590909091	0.218077840909091	0.089150568181818		1
000452:	0.075328409090909	0.120561931818182	0.804109659090909		1
000453:	0.041246590909091	0.918702840909091	0.040050568181818		1
000454:	0.519723295454545	0.245246590909091	0.235030113636364		1
000455:	0.850695454545455	0.041969318181818	0.107335227272727		1
000456:	0.933464204545455	0.019727840909091	0.046807954545455		1
000457:	0.859675000000000	0.016672159090909	0.123652840909091		1
000458:	0.863428977272727	0.062842613636364	0.073728409090909		1
000459:	0.879375000000000	0.017613068181818	0.103011931818182		1
000460:	0.944118750000000	0.022645454545455	0.033235795454545		1
000461:	0.900300000000000	0.042096590909091	0.057603409090909		1
000462:	0.717592045454545	0.047655681818182	0.234752272727273		1
000463:	0.479135795454545	0.039180113636364	0.481684090909091		1
000464:	0.388653409090909	0.085297727272727	0.526048863636364		1
000465:	0.839378409090909	0.053790909090909	0.106830681818182		1
000466:	0.926000568181818	0.025067045454545	0.048932386363636		1
000467:	0.927765909090909	0.022396022727273	0.049838068181818		1
000468:	0.940692613636364	0.018425000000000	0.040882386363636		1
000469:	0.173291477272727	0.756823863636364	0.069884659090909		1
000470:	0.131544318181818	0.756297159090909	0.112158522727273		1
000471:	0.272196590909091	0.683480113636364	0.044323295454545		1
000472:	0.118864772727273	0.114686363636364	0.766448863636364		1
000473:	0.379397159090909	0.079511363636364	0.541091477272727		1
000474:	0.261274431818182	0.673253977272727	0.065471590909091		1
000475:	0.374620454545455	0.571496022727273	0.053883522727273		1
000476:	0.685286931818182	0.206458522727273	0.108254545454545		1
000477:	0.128650000000000	0.822792045454545	0.048557954545455		1
000478:	0.168963068181818	0.782339204545455	0.048697727272727		1
000479:	0.537343750000000	0.281727272727273	0.180928977272727		1
000480:	0.537401704545455	0.399769318181818	0.062828977272727		1
000481:	0.771775568181818	0.161704545454545	0.066519886363636		1
000482:	0.191769886363636	0.254416477272727	0.553813636363636		1
000483:	0.208941477272727	0.428005113636364	0.363053409090909		1
000484:	0.828882954545455	0.103570454545455	0.067546590909091		1
000485:	0.062347727272727	0.820664204545455	0.116988068181818		1
000486:	0.606896022727273	0.343210795454545	0.049893181818182		1
000487:	0.159222159090909	0.073665909090909	0.767111931818182		1
000488:	0.355666477272727	0.566438068181818	0.077895454545455		1
000489:	0.086257386363636	0.739006250000000	0.174736363636364		1
000490:	0.277556818181818	0.663464772727273	0.058978409090909		1
000491:	0.526835227272727	0.104406250000000	0.368758522727273		1
000492:	0.120968750000000	0.824957954545455	0.054073295454545		1
000493:	0.493557386363636	0.212349431818182	0.294093181818182		1
000494:	0.788384659090909	0.125542045454545	0.086073295454545		1
000495:	0.724745454545455	0.202712500000000	0.072542045454545		1
000496:	0.894019886363636	0.034665909090909	0.071314204545455		1
000497:	0.540802840909091	0.252709659090909	0.206487500000000		1
000498:	0.724811931818182	0.175464772727273	0.099723295454545		1
000499:	0.861143750000000	0.026657954545455	0.112198295454545		1
000500:	0.884569886363636	0.070271022727273	0.045159090909091		1
000501:	0.757115909090909	0.063431818181818	0.179452272727273		1
000502:	0.912636931818182	0.024093181818182	0.063269886363636		1
000503:	0.902460795454545	0.024745454545455	0.072793750000000		1
000504:	0.070452272727273	0.012160795454545	0.917386931818182		1
000505:	0.671459090909091	0.091964772727273	0.236576136363636		1
000506:	0.638289772727273	0.099568181818182	0.262142045454545		1
000507:	0.818201704545455	0.087255681818182	0.094542613636364		1
000508:	0.868875000000000	0.046527272727273	0.084597727272727		1
000509:	0.917062500000000	0.020697727272727	0.062239772727273		1
000510:	0.800797727272727	0.025782386363636	0.173419886363636		1
000511:	0.950430113636364	0.015174431818182	0.034395454545455		1
000512:	0.562485227272727	0.032923295454545	0.404591477272727		1
000513:	0.599772159090909	0.063978977272727	0.336248863636364		1
000514:	0.573249431818182	0.027775568181818	0.398975000000000		1
000515:	0.885385795454545	0.019924431818182	0.094689772727273		1
000516:	0.896953977272727	0.021906250000000	0.081139772727273		1
000517:	0.944800000000000	0.017780113636364	0.037419886363636		1
000518:	0.434236931818182	0.038092045454545	0.527671022727273		1
000519:	0.287665909090909	0.098156818181818	0.614177272727273		1
000520:	0.070671590909091	0.074211931818182	0.855116477272727		1
000521:	0.260154545454545	0.022559659090909	0.717285795454545		1
000522:	0.297615340909091	0.200879545454545	0.501505113636364		1
000523:	0.083455681818182	0.187109659090909	0.729434659090909		1
000524:	0.540144886363636	0.124294886363636	0.335560227272727		1
000525:	0.309744886363636	0.071141477272727	0.619113636363636		1
000526:	0.466098295454545	0.092247727272727	0.441653977272727		1
000527:	0.147925000000000	0.045782954545455	0.806292045454545		1
000528:	0.052623295454545	0.079221022727273	0.868155681818182		1
000529:	0.173723295454545	0.116936931818182	0.709339772727273		1
000530:	0.058396590909091	0.058932386363636	0.882671022727273		1
000531:	0.355884659090909	0.052436363636364	0.591678977272727		1
000532:	0.059405681818182	0.024807954545455	0.915786363636364		1
000533:	0.427943750000000	0.027312500000000	0.544743750000000		1
000534:	0.255496022727273	0.041604545454545	0.702899431818182		1
000535:	0.081228409090909	0.034482954545455	0.884288636363636		1
000536:	0.298794886363636	0.049999431818182	0.651205681818182		1
000537:	0.185239204545455	0.407310795454545	0.407450000000000		1
000538:	0.115694886363636	0.077639772727273	0.806665340909091		1
000539:	0.124289772727273	0.219091477272727	0.656618750000000		1
000540:	0.312227840909091	0.149830113636364	0.537942045454545		1
000541:	0.693924431818182	0.068360227272727	0.237715340909091		1
000542:	0.352451136363636	0.269815909090909	0.377732954545455		1
000543:	0.169525000000000	0.076371590909091	0.754103409090909		1
000544:	0.266349431818182	0.020210795454545	0.713439772727273		1
000545:	0.582572727272727	0.023503977272727	0.393923295454545		1
000546:	0.645755113636364	0.063356818181818	0.290888068181818		1
000547:	0.181186363636364	0.042897159090909	0.775916477272727		1
000548:	0.437621590909091	0.037378409090909	0.525000000000000		1
000549:	0.199563068181818	0.026215340909091	0.774221590909091		1
000550:	0.427511363636364	0.082175000000000	0.490313636363636		1
000551:	0.122901136363636	0.105690909090909	0.771407954545455		1
000552:	0.088280113636364	0.063631250000000	0.848088636363636		1
000553:	0.206427840909091	0.091925568181818	0.701646590909091		1
000554:	0.142364772727273	0.043459090909091	0.814176136363636		1
000555:	0.176989204545455	0.045076136363636	0.777934659090909		1
000556:	0.084381250000000	0.047130681818182	0.868488068181818		1
000557:	0.123930681818182	0.045136931818182	0.830932386363636		1
000558:	0.043257954545455	0.043565909090909	0.913176136363636		1
000559:	0.061744886363636	0.027665909090909	0.910589204545455		1
000560:	0.049621590909091	0.056509090909091	0.893869318181818		1
000561:	0.174828409090909	0.232719886363636	0.592451704545455		1
000562:	0.578226704545455	0.033750000000000	0.388023295454545		1
000563:	0.115415909090909	0.322405681818182	0.562178409090909		1
000564:	0.215682386363636	0.149763636363636	0.634553977272727		1
000565:	0.131372159090909	0.043264204545455	0.825363636363636		1
000566:	0.072567045454545	0.019043750000000	0.908389204545455		1
000567:	0.065057386363636	0.015932954545455	0.919009659090909		1
000568:	0.071671590909091	0.017147159090909	0.911181250000000		1
000569:	0.726771590909091	0.022506818181818	0.250721590909091		1
000570:	0.862395454545455	0.014811363636364	0.122793181818182		1
000571:	0.046043750000000	0.014761931818182	0.939194318181818		1
000572:	0.659654545454545	0.020575000000000	0.319770454545455		1
000573:	0.701865909090909	0.024088636363636	0.274045454545455		1
000574:	0.238218181818182	0.024356818181818	0.737425000000000		1
000575:	0.839489772727273	0.049946022727273	0.110564204545455		1
000576:	0.172698863636364	0.031390340909091	0.795910795454545		1
000577:	0.150050568181818	0.245225000000000	0.604724431818182		1
000578:	0.145925000000000	0.069746590909091	0.784328409090909		1
000579:	0.146400000000000	0.037564204545455	0.816035795454545		1
000580:	0.217677272727273	0.552742613636364	0.229580113636364		1
000581:	0.152938068181818	0.047360227272727	0.799701704545455		1
000582:	0.407206250000000	0.053700000000000	0.539093750000000		1
000583:	0.504673295454545	0.287793181818182	0.207533522727273		1
000584:	0.133842045454545	0.038933522727273	0.827224431818182		1
000585:	0.054810227272727	0.014191477272727	0.930998295454545		1
000586:	0.251509090909091	0.023665909090909	0.724825000000000		1
000587:	0.459988636363636	0.039992045454545	0.500019318181818		1
000588:	0.386535795454545	0.059397727272727	0.554066477272727		1
000589:	0.688500568181818	0.057528977272727	0.253970454545455		1
000590:	0.543213068181818	0.056063068181818	0.400723863636364		1
000591:	0.443373863636364	0.484119318181818	0.072506818181818		1
000592:	0.177927840909091	0.018443181818182	0.803628977272727		1
000593:	0.208519886363636	0.044200568181818	0.747279545454545		1
000594:	0.720610227272727	0.038982386363636	0.240407386363636		1
000595:	0.238820454545455	0.270932954545455	0.490246590909091		1
000596:	0.272587500000000	0.088243750000000	0.639168750000000		1
000597:	0.210618181818182	0.083702840909091	0.705678977272727		1
000598:	0.152527840909091	0.039905113636364	0.807567045454545		1
000599:	0.066325568181818	0.074206250000000	0.859468181818182		1
000600:	0.089342045454545	0.079083522727273	0.831574431818182		1
000601:	0.043360227272727	0.021484659090909	0.935155113636364		1
000602:	0.526611363636364	0.097773295454545	0.375615340909091		1
000603:	0.177005681818182	0.034568750000000	0.788425568181818		1
000604:	0.638598863636364	0.048114204545455	0.313286931818182		1
