Estimated Clustering Probabilities for Samples
Sample	***Cluster  01***	***Cluster  02***	***Cluster  03***	
000001:	0.889730681818182	0.057300568181818	0.052968750000000		1
000002:	0.943084090909091	0.016248295454545	0.040667613636364		1
000003:	0.897821590909091	0.041071590909091	0.061106818181818		1
000004:	0.956107954545454	0.018975568181818	0.024916477272727		1
000005:	0.963827272727273	0.020271022727273	0.015901704545455		1
000006:	0.929522727272727	0.035826136363636	0.034651136363636		1
000007:	0.908315340909091	0.032610795454545	0.059073863636364		1
000008:	0.959509090909091	0.018366477272727	0.022124431818182		1
000009:	0.952802272727273	0.022106250000000	0.025091477272727		1
000010:	0.946958522727273	0.033251704545455	0.019789772727273		1
000011:	0.539482954545455	0.289629545454545	0.170887500000000		1
000012:	0.197197159090909	0.759553409090909	0.043249431818182		1
000013:	0.090722727272727	0.881832386363636	0.027444886363636		1
000014:	0.684528409090909	0.248522159090909	0.066949431818182		1
000015:	0.787196590909091	0.193957954545455	0.018845454545455		1
000016:	0.816188068181818	0.148255681818182	0.035556250000000		1
000017:	0.568176704545455	0.376992045454545	0.054831250000000		1
000018:	0.074371022727273	0.906482954545455	0.019146022727273		1
000019:	0.367873863636364	0.609388068181818	0.022738068181818		1
000020:	0.591486931818182	0.376776136363636	0.031736931818182		1
000021:	0.087555681818182	0.808497727272727	0.103946590909091		1
000022:	0.382128409090909	0.594448863636364	0.023422727272727		1
000023:	0.212743181818182	0.706692613636364	0.080564204545455		1
000024:	0.358195454545455	0.608298863636364	0.033505681818182		1
000025:	0.131309659090909	0.853750000000000	0.014940340909091		1
000026:	0.137375000000000	0.839403977272727	0.023221022727273		1
000027:	0.090596590909091	0.896327840909091	0.013075568181818		1
000028:	0.488323295454545	0.318594318181818	0.193082386363636		1
000029:	0.276868181818182	0.676343181818182	0.046788636363636		1
000030:	0.387571590909091	0.532059090909091	0.080369318181818		1
000031:	0.045478977272727	0.935332954545455	0.019188068181818		1
000032:	0.107872159090909	0.852797727272727	0.039330113636364		1
000033:	0.287501704545455	0.647565340909091	0.064932954545455		1
000034:	0.554811363636364	0.396619886363636	0.048568750000000		1
000035:	0.082213636363636	0.828022727272727	0.089763636363636		1
000036:	0.408482386363636	0.529621590909091	0.061896022727273		1
000037:	0.174249431818182	0.808889204545455	0.016861363636364		1
000038:	0.255530681818182	0.542421590909091	0.202047727272727		1
000039:	0.124494886363636	0.854356250000000	0.021148863636364		1
000040:	0.526182386363636	0.424035227272727	0.049782386363636		1
000041:	0.233877840909091	0.738259659090909	0.027862500000000		1
000042:	0.088117613636364	0.882966477272727	0.028915909090909		1
000043:	0.650800568181818	0.315610227272727	0.033589204545455		1
000044:	0.365678409090909	0.596462500000000	0.037859090909091		1
000045:	0.079994318181818	0.906805113636364	0.013200568181818		1
000046:	0.180846022727273	0.710440340909091	0.108713636363636		1
000047:	0.535452272727273	0.399179545454545	0.065368181818182		1
000048:	0.857317045454545	0.109338636363636	0.033344318181818		1
000049:	0.688939204545455	0.283037500000000	0.028023295454545		1
000050:	0.488861363636364	0.464250000000000	0.046888636363636		1
000051:	0.895097727272727	0.071227840909091	0.033674431818182		1
000052:	0.902195454545455	0.058105113636364	0.039699431818182		1
000053:	0.503138636363636	0.468909090909091	0.027952272727273		1
000054:	0.145846022727273	0.812511931818182	0.041642045454545		1
000055:	0.906542613636364	0.069660795454545	0.023796590909091		1
000056:	0.671659090909091	0.294873295454545	0.033467613636364		1
000057:	0.555436931818182	0.414177272727273	0.030385795454545		1
000058:	0.317861931818182	0.643388636363636	0.038749431818182		1
000059:	0.170581818181818	0.802669318181818	0.026748863636364		1
000060:	0.831538636363636	0.145872159090909	0.022589204545455		1
000061:	0.727644886363636	0.246325000000000	0.026030113636364		1
000062:	0.859634659090909	0.103950568181818	0.036414772727273		1
000063:	0.855878977272727	0.076012500000000	0.068108522727273		1
000064:	0.842793750000000	0.047843750000000	0.109362500000000		1
000065:	0.867067613636364	0.094113068181818	0.038819318181818		1
000066:	0.570330113636364	0.409123295454545	0.020546590909091		1
000067:	0.916952272727273	0.047596590909091	0.035451136363636		1
000068:	0.328486931818182	0.643055681818182	0.028457386363636		1
000069:	0.506587500000000	0.476139772727273	0.017272727272727		1
000070:	0.457996022727273	0.474998863636364	0.067005113636364		1
000071:	0.228112500000000	0.732901704545455	0.038985795454545		1
000072:	0.862445454545455	0.097964204545455	0.039590340909091		1
000073:	0.821480681818182	0.153522727272727	0.024996590909091		1
000074:	0.113962500000000	0.859965340909091	0.026072159090909		1
000075:	0.363065909090909	0.596526704545455	0.040407386363636		1
000076:	0.161869886363636	0.407207954545455	0.430922159090909		1
000077:	0.406593181818182	0.368511363636364	0.224895454545455		1
000078:	0.841155681818182	0.121075000000000	0.037769318181818		1
000079:	0.247457954545455	0.704992045454545	0.047550000000000		1
000080:	0.151882386363636	0.799665909090909	0.048451704545455		1
000081:	0.846034090909091	0.126351704545455	0.027614204545455		1
000082:	0.849640340909091	0.113095454545455	0.037264204545455		1
000083:	0.627419318181818	0.317502840909091	0.055077840909091		1
000084:	0.470277840909091	0.292173863636364	0.237548295454545		1
000085:	0.492504545454545	0.440018750000000	0.067476704545455		1
000086:	0.539213068181818	0.406430681818182	0.054356250000000		1
000087:	0.591398295454545	0.394293181818182	0.014308522727273		1
000088:	0.154371022727273	0.820400568181818	0.025228409090909		1
000089:	0.185379545454545	0.758882386363636	0.055738068181818		1
000090:	0.110512500000000	0.867978977272727	0.021508522727273		1
000091:	0.077641477272727	0.709253977272727	0.213104545454545		1
000092:	0.377720454545455	0.578690340909091	0.043589204545455		1
000093:	0.411186363636364	0.506179545454545	0.082634090909091		1
000094:	0.243992613636364	0.701909090909091	0.054098295454545		1
000095:	0.871073863636364	0.089704545454545	0.039221590909091		1
000096:	0.877998295454545	0.094251704545455	0.027750000000000		1
000097:	0.186488068181818	0.794230681818182	0.019281250000000		1
000098:	0.372037500000000	0.597903977272727	0.030058522727273		1
000099:	0.510780681818182	0.439384659090909	0.049834659090909		1
000100:	0.836742045454545	0.139682954545455	0.023575000000000		1
000101:	0.388805113636364	0.592168750000000	0.019026136363636		1
000102:	0.456669318181818	0.499506818181818	0.043823863636364		1
000103:	0.338143750000000	0.592171022727273	0.069685227272727		1
000104:	0.850321022727273	0.126204545454545	0.023474431818182		1
000105:	0.177449431818182	0.804907386363636	0.017643181818182		1
000106:	0.240474431818182	0.726885795454545	0.032639772727273		1
000107:	0.670894318181818	0.305056818181818	0.024048863636364		1
000108:	0.624352272727273	0.337607386363636	0.038040340909091		1
000109:	0.334539204545455	0.637350000000000	0.028110795454545		1
000110:	0.093101136363636	0.744627272727273	0.162271590909091		1
000111:	0.745929545454545	0.170381818181818	0.083688636363636		1
000112:	0.146059659090909	0.816546590909091	0.037393750000000		1
000113:	0.798682954545455	0.172696022727273	0.028621022727273		1
000114:	0.227988068181818	0.602551704545455	0.169460227272727		1
000115:	0.446125568181818	0.492888068181818	0.060986363636364		1
000116:	0.797090909090909	0.167169318181818	0.035739772727273		1
000117:	0.371497159090909	0.553958522727273	0.074544318181818		1
000118:	0.864011363636364	0.083926136363636	0.052062500000000		1
000119:	0.229375000000000	0.747718181818182	0.022906818181818		1
000120:	0.857872159090909	0.119001704545455	0.023126136363636		1
000121:	0.299129545454545	0.669680681818182	0.031189772727273		1
000122:	0.413243181818182	0.572880113636364	0.013876704545455		1
000123:	0.597710227272727	0.293405681818182	0.108884090909091		1
000124:	0.214600000000000	0.657467045454545	0.127932954545455		1
000125:	0.797950568181818	0.082987500000000	0.119061931818182		1
000126:	0.140614204545455	0.057543750000000	0.801842045454545		1
000127:	0.660743750000000	0.298868750000000	0.040387500000000		1
000128:	0.830761931818182	0.136544318181818	0.032693750000000		1
000129:	0.084983522727273	0.893146022727273	0.021870454545455		1
000130:	0.741588068181818	0.184807386363636	0.073604545454545		1
000131:	0.403456818181818	0.558732954545455	0.037810227272727		1
000132:	0.862077272727273	0.114358522727273	0.023564204545455		1
000133:	0.328160227272727	0.454132954545455	0.217706818181818		1
000134:	0.401810795454545	0.559331250000000	0.038857954545455		1
000135:	0.086733522727273	0.895055681818182	0.018210795454545		1
000136:	0.739597727272727	0.209682954545455	0.050719318181818		1
000137:	0.126583522727273	0.851376136363636	0.022040340909091		1
000138:	0.590796590909091	0.323094886363636	0.086108522727273		1
000139:	0.570653409090909	0.383396590909091	0.045950000000000		1
000140:	0.098932386363636	0.878077272727273	0.022990340909091		1
000141:	0.771716477272727	0.135406250000000	0.092877272727273		1
000142:	0.294418750000000	0.689702272727273	0.015878977272727		1
000143:	0.688026704545455	0.292872159090909	0.019101136363636		1
000144:	0.702459659090909	0.276355113636364	0.021185227272727		1
000145:	0.717178977272727	0.207453977272727	0.075367045454545		1
000146:	0.454390909090909	0.518281250000000	0.027327840909091		1
000147:	0.820603409090909	0.143672727272727	0.035723863636364		1
000148:	0.804209659090909	0.165001136363636	0.030789204545455		1
000149:	0.491796590909091	0.479015340909091	0.029188068181818		1
000150:	0.097423863636364	0.884889772727273	0.017686363636364		1
000151:	0.763425568181818	0.197976704545455	0.038597727272727		1
000152:	0.510294318181818	0.414323863636364	0.075381818181818		1
000153:	0.287662500000000	0.696614772727273	0.015722727272727		1
000154:	0.904642613636364	0.072469318181818	0.022888068181818		1
000155:	0.599394318181818	0.374617613636364	0.025988068181818		1
000156:	0.532639772727273	0.441388636363636	0.025971590909091		1
000157:	0.916144318181818	0.034363636363636	0.049492045454545		1
000158:	0.655710227272727	0.096677840909091	0.247611931818182		1
000159:	0.314043181818182	0.340597727272727	0.345359090909091		1
000160:	0.191922159090909	0.012099431818182	0.795978409090909		1
000161:	0.582006250000000	0.029060795454545	0.388932954545455		1
000162:	0.188980113636364	0.535355113636364	0.275664772727273		1
000163:	0.960186363636364	0.017405681818182	0.022407954545455		1
000164:	0.922865909090909	0.015338068181818	0.061796022727273		1
000165:	0.927144318181818	0.022640340909091	0.050215340909091		1
000166:	0.941785795454545	0.026760227272727	0.031453977272727		1
000167:	0.871382954545455	0.047164204545455	0.081452840909091		1
000168:	0.693998295454545	0.277616477272727	0.028385227272727		1
000169:	0.623672727272727	0.348432954545455	0.027894318181818		1
000170:	0.873143750000000	0.108887500000000	0.017968750000000		1
000171:	0.833832386363636	0.142648863636364	0.023518750000000		1
000172:	0.627508522727273	0.328768181818182	0.043723295454545		1
000173:	0.800819886363636	0.184057954545455	0.015122159090909		1
000174:	0.334261931818182	0.652331250000000	0.013406818181818		1
000175:	0.763968750000000	0.203181818181818	0.032849431818182		1
000176:	0.564085795454545	0.388921590909091	0.046992613636364		1
000177:	0.492424431818182	0.494297727272727	0.013277840909091		1
000178:	0.664688636363636	0.323095454545455	0.012215909090909		1
000179:	0.802961363636364	0.176819886363636	0.020218750000000		1
000180:	0.748715909090909	0.223950000000000	0.027334090909091		1
000181:	0.851985795454545	0.096978409090909	0.051035795454545		1
000182:	0.323653409090909	0.636614204545455	0.039732386363636		1
000183:	0.859900000000000	0.121360795454545	0.018739204545455		1
000184:	0.545421022727273	0.419809659090909	0.034769318181818		1
000185:	0.194477272727273	0.778203409090909	0.027319318181818		1
000186:	0.634541477272727	0.268942613636364	0.096515909090909		1
000187:	0.702750568181818	0.253711363636364	0.043538068181818		1
000188:	0.734078409090909	0.172486363636364	0.093435227272727		1
000189:	0.887450568181818	0.094942045454545	0.017607386363636		1
000190:	0.725831818181818	0.230127840909091	0.044040340909091		1
000191:	0.708957954545455	0.275927272727273	0.015114772727273		1
000192:	0.257833522727273	0.690989772727273	0.051176704545455		1
000193:	0.365517045454545	0.605455681818182	0.029027272727273		1
000194:	0.534310795454545	0.439154545454545	0.026534659090909		1
000195:	0.411973295454545	0.574500568181818	0.013526136363636		1
000196:	0.785208522727273	0.024142613636364	0.190648863636364		1
000197:	0.905735795454545	0.059261931818182	0.035002272727273		1
000198:	0.431696022727273	0.443542045454545	0.124761931818182		1
000199:	0.915737500000000	0.029412500000000	0.054850000000000		1
000200:	0.888845454545454	0.039744318181818	0.071410227272727		1
000201:	0.866843750000000	0.040100000000000	0.093056250000000		1
000202:	0.395035795454545	0.572020454545455	0.032943750000000		1
000203:	0.875223863636364	0.098879545454545	0.025896590909091		1
000204:	0.857391477272727	0.090784659090909	0.051823863636364		1
000205:	0.763866477272727	0.176744886363636	0.059388636363636		1
000206:	0.448975568181818	0.517477840909091	0.033546590909091		1
000207:	0.325879545454545	0.599631818181818	0.074488636363636		1
000208:	0.809305681818182	0.162081818181818	0.028612500000000		1
000209:	0.870850000000000	0.073889204545455	0.055260795454545		1
000210:	0.826711931818182	0.145416477272727	0.027871590909091		1
000211:	0.904252840909091	0.068896590909091	0.026850568181818		1
000212:	0.820483522727273	0.054832386363636	0.124684090909091		1
000213:	0.922794318181818	0.027615340909091	0.049590340909091		1
000214:	0.867647159090909	0.065330113636364	0.067022727272727		1
000215:	0.571252840909091	0.249185795454545	0.179561363636364		1
000216:	0.883863068181818	0.026541477272727	0.089595454545455		1
000217:	0.809868750000000	0.040901704545455	0.149229545454545		1
000218:	0.918434659090909	0.022723295454545	0.058842045454545		1
000219:	0.908628409090909	0.013056818181818	0.078314772727273		1
000220:	0.911027840909091	0.013821590909091	0.075150568181818		1
000221:	0.944268181818182	0.014335795454545	0.041396022727273		1
000222:	0.924025000000000	0.017229545454545	0.058745454545455		1
000223:	0.754146022727273	0.152946590909091	0.092907386363636		1
000224:	0.056011931818182	0.879425568181818	0.064562500000000		1
000225:	0.066529545454545	0.892264204545455	0.041206250000000		1
000226:	0.169765909090909	0.522040909090909	0.308193181818182		1
000227:	0.057942613636364	0.809988636363636	0.132068750000000		1
000228:	0.042710227272727	0.394877272727273	0.562412500000000		1
000229:	0.142101136363636	0.696869886363636	0.161028977272727		1
000230:	0.049265340909091	0.048404545454545	0.902330113636364		1
000231:	0.092774431818182	0.744233522727273	0.162992045454545		1
000232:	0.402276136363636	0.186217045454545	0.411506818181818		1
000233:	0.046603977272727	0.820057954545454	0.133338068181818		1
000234:	0.034193181818182	0.894411363636364	0.071395454545455		1
000235:	0.030498295454545	0.927481250000000	0.042020454545455		1
000236:	0.062190909090909	0.383710795454545	0.554098295454545		1
000237:	0.026421022727273	0.923194886363636	0.050384090909091		1
000238:	0.697248863636364	0.203725000000000	0.099026136363636		1
000239:	0.098100000000000	0.675837500000000	0.226062500000000		1
000240:	0.029123863636364	0.118951704545455	0.851924431818182		1
000241:	0.112762500000000	0.765060795454545	0.122176704545455		1
000242:	0.037656818181818	0.913813636363636	0.048529545454545		1
000243:	0.023515909090909	0.355667613636364	0.620816477272727		1
000244:	0.328746022727273	0.293638636363636	0.377615340909091		1
000245:	0.067936931818182	0.506386363636364	0.425676704545455		1
000246:	0.037152840909091	0.879694886363636	0.083152272727273		1
000247:	0.064852840909091	0.801040340909091	0.134106818181818		1
000248:	0.057410227272727	0.174445454545455	0.768144318181818		1
000249:	0.028664772727273	0.679511931818182	0.291823295454545		1
000250:	0.029599431818182	0.915513636363636	0.054886931818182		1
000251:	0.048275568181818	0.696240340909091	0.255484090909091		1
000252:	0.091372159090909	0.342269318181818	0.566358522727273		1
000253:	0.047965909090909	0.630971022727273	0.321063068181818		1
000254:	0.086176136363636	0.311362500000000	0.602461363636364		1
000255:	0.118209659090909	0.500368181818182	0.381422159090909		1
000256:	0.202104545454545	0.545782386363636	0.252113068181818		1
000257:	0.377553977272727	0.116403977272727	0.506042045454545		1
000258:	0.680614204545455	0.237617045454545	0.081768750000000		1
000259:	0.525715340909091	0.402544318181818	0.071740340909091		1
000260:	0.044106818181818	0.445286363636364	0.510606818181818		1
000261:	0.156535227272727	0.544015909090909	0.299448863636364		1
000262:	0.179904545454545	0.354153409090909	0.465942045454545		1
000263:	0.705669886363636	0.190020454545455	0.104309659090909		1
000264:	0.518272159090909	0.222608522727273	0.259119318181818		1
000265:	0.781903977272727	0.104958522727273	0.113137500000000		1
000266:	0.125905681818182	0.723844318181818	0.150250000000000		1
000267:	0.050350568181818	0.596186363636364	0.353463068181818		1
000268:	0.652372159090909	0.252448863636364	0.095178977272727		1
000269:	0.073690909090909	0.887136931818182	0.039172159090909		1
000270:	0.818065909090909	0.103384659090909	0.078549431818182		1
000271:	0.040663068181818	0.521672727272727	0.437664204545455		1
000272:	0.076538068181818	0.449998295454545	0.473463636363636		1
000273:	0.140656818181818	0.750268750000000	0.109074431818182		1
000274:	0.079850000000000	0.537255113636364	0.382894886363636		1
000275:	0.168298295454545	0.660848295454545	0.170853409090909		1
000276:	0.505386931818182	0.226236931818182	0.268376136363636		1
000277:	0.055246022727273	0.819367045454545	0.125386931818182		1
000278:	0.297677272727273	0.574135795454545	0.128186931818182		1
000279:	0.031403977272727	0.922826704545455	0.045769318181818		1
000280:	0.145276136363636	0.315808522727273	0.538915340909091		1
000281:	0.088004545454545	0.842044318181818	0.069951136363636		1
000282:	0.133432386363636	0.708422159090909	0.158145454545455		1
000283:	0.594306250000000	0.096235227272727	0.309458522727273		1
000284:	0.082365909090909	0.545884090909091	0.371750000000000		1
000285:	0.062710795454545	0.858644318181818	0.078644886363636		1
000286:	0.068289772727273	0.835285795454546	0.096424431818182		1
000287:	0.068401704545455	0.836406818181818	0.095191477272727		1
000288:	0.124877272727273	0.617942045454545	0.257180681818182		1
000289:	0.860003977272727	0.064831250000000	0.075164772727273		1
000290:	0.564966477272727	0.049578409090909	0.385455113636364		1
000291:	0.921729545454545	0.056834659090909	0.021435795454545		1
000292:	0.811198863636364	0.065586363636364	0.123214772727273		1
000293:	0.941934090909091	0.034257386363636	0.023808522727273		1
000294:	0.905255681818182	0.072052272727273	0.022692045454545		1
000295:	0.799592613636364	0.177008522727273	0.023398863636364		1
000296:	0.906693750000000	0.063878409090909	0.029427840909091		1
000297:	0.847611931818182	0.090334090909091	0.062053977272727		1
000298:	0.126297159090909	0.836696022727273	0.037006818181818		1
000299:	0.738999431818182	0.186344318181818	0.074656250000000		1
000300:	0.652191477272727	0.214856818181818	0.132951704545455		1
000301:	0.859480681818182	0.089856818181818	0.050662500000000		1
000302:	0.756563068181818	0.047183522727273	0.196253409090909		1
000303:	0.664085795454545	0.105551704545455	0.230362500000000		1
000304:	0.872932954545454	0.047696022727273	0.079371022727273		1
000305:	0.390256818181818	0.051686931818182	0.558056250000000		1
000306:	0.427418181818182	0.202188636363636	0.370393181818182		1
000307:	0.290926136363636	0.029689772727273	0.679384090909091		1
000308:	0.921538068181818	0.021015340909091	0.057446590909091		1
000309:	0.762605113636364	0.185848863636364	0.051546022727273		1
000310:	0.833797159090909	0.112301704545455	0.053901136363636		1
000311:	0.538372159090909	0.199110227272727	0.262517613636364		1
000312:	0.155290909090909	0.796566477272727	0.048142613636364		1
000313:	0.121018750000000	0.834947159090909	0.044034090909091		1
000314:	0.124460227272727	0.797043750000000	0.078496022727273		1
000315:	0.181393750000000	0.775367613636364	0.043238636363636		1
000316:	0.588093181818182	0.306605681818182	0.105301136363636		1
000317:	0.217207954545455	0.659005113636364	0.123786931818182		1
000318:	0.833979545454545	0.045201704545455	0.120818750000000		1
000319:	0.860919318181818	0.052531250000000	0.086549431818182		1
000320:	0.777510795454545	0.108557386363636	0.113931818181818		1
000321:	0.906633522727273	0.033739204545455	0.059627272727273		1
000322:	0.529973295454545	0.028443750000000	0.441582954545455		1
000323:	0.396351136363636	0.479576704545455	0.124072159090909		1
000324:	0.686264772727273	0.037068181818182	0.276667045454545		1
000325:	0.481301136363636	0.195084659090909	0.323614204545455		1
000326:	0.260701136363636	0.090599431818182	0.648699431818182		1
000327:	0.703455113636364	0.052927840909091	0.243617045454545		1
000328:	0.100624431818182	0.023393181818182	0.875982386363636		1
000329:	0.737234659090909	0.091186363636364	0.171578977272727		1
000330:	0.209317613636364	0.036609659090909	0.754072727272727		1
000331:	0.145964772727273	0.024286363636364	0.829748863636364		1
000332:	0.838667045454545	0.066868181818182	0.094464772727273		1
000333:	0.784582954545455	0.071464204545455	0.143952840909091		1
000334:	0.842939772727273	0.088415909090909	0.068644318181818		1
000335:	0.807020454545455	0.101353977272727	0.091625568181818		1
000336:	0.741033522727273	0.036011363636364	0.222955113636364		1
000337:	0.392794318181818	0.077331818181818	0.529873863636364		1
000338:	0.910322727272727	0.032055681818182	0.057621590909091		1
000339:	0.797569886363636	0.036454545454545	0.165975568181818		1
000340:	0.910450568181818	0.020748863636364	0.068800568181818		1
000341:	0.920625568181818	0.036909090909091	0.042465340909091		1
000342:	0.820536931818182	0.019991477272727	0.159471590909091		1
000343:	0.870417613636364	0.039501704545455	0.090080681818182		1
000344:	0.128075568181818	0.025443181818182	0.846481250000000		1
000345:	0.179825000000000	0.000678409090909	0.819496590909091		1
000346:	0.804092613636364	0.042114204545455	0.153793181818182		1
000347:	0.765589772727273	0.021775568181818	0.212634659090909		1
000348:	0.721700568181818	0.033826704545455	0.244472727272727		1
000349:	0.694886931818182	0.090088068181818	0.215025000000000		1
000350:	0.676552272727273	0.037614772727273	0.285832954545455		1
000351:	0.452151704545455	0.033313636363636	0.514534659090909		1
000352:	0.886383522727273	0.045997159090909	0.067619318181818		1
000353:	0.936118750000000	0.024285227272727	0.039596022727273		1
000354:	0.908904545454545	0.040956250000000	0.050139204545455		1
000355:	0.808773863636364	0.049520454545455	0.141705681818182		1
000356:	0.337419886363636	0.566892045454545	0.095688068181818		1
000357:	0.065994318181818	0.835412500000000	0.098593181818182		1
000358:	0.201994318181818	0.688746590909091	0.109259090909091		1
000359:	0.144376136363636	0.470518750000000	0.385105113636364		1
000360:	0.767735795454545	0.169008522727273	0.063255681818182		1
000361:	0.060156818181818	0.862965340909091	0.076877840909091		1
000362:	0.290435227272727	0.111085227272727	0.598479545454545		1
000363:	0.508889204545454	0.450658522727273	0.040452272727273		1
000364:	0.162606818181818	0.619709659090909	0.217683522727273		1
000365:	0.412482386363636	0.352082386363636	0.235435227272727		1
000366:	0.141688636363636	0.809280681818182	0.049030681818182		1
000367:	0.124043750000000	0.823260795454545	0.052695454545455		1
000368:	0.128878977272727	0.835828409090909	0.035292613636364		1
000369:	0.429873863636364	0.478247727272727	0.091878409090909		1
000370:	0.752582386363636	0.154958522727273	0.092459090909091		1
000371:	0.736704545454545	0.100236931818182	0.163058522727273		1
000372:	0.446372159090909	0.508496590909091	0.045131250000000		1
000373:	0.345603977272727	0.468370454545455	0.186025568181818		1
000374:	0.684850000000000	0.265203977272727	0.049946022727273		1
000375:	0.654576704545455	0.092224431818182	0.253198863636364		1
000376:	0.299066477272727	0.639366477272727	0.061567045454545		1
000377:	0.705370454545455	0.068940909090909	0.225688636363636		1
000378:	0.057563636363636	0.908148863636364	0.034287500000000		1
000379:	0.039592613636364	0.946533522727273	0.013873863636364		1
000380:	0.146975000000000	0.812250000000000	0.040775000000000		1
000381:	0.039789204545455	0.934580113636364	0.025630681818182		1
000382:	0.232808522727273	0.720635795454545	0.046555681818182		1
000383:	0.307692613636364	0.598817613636364	0.093489772727273		1
000384:	0.255793181818182	0.666071022727273	0.078135795454545		1
000385:	0.174387500000000	0.422362500000000	0.403250000000000		1
000386:	0.063028977272727	0.891713068181818	0.045257954545455		1
000387:	0.306116477272727	0.647655681818182	0.046227840909091		1
000388:	0.210840909090909	0.537808522727273	0.251350568181818		1
000389:	0.304021590909091	0.516602272727273	0.179376136363636		1
000390:	0.380177272727273	0.072651704545455	0.547171022727273		1
000391:	0.217363636363636	0.718575568181818	0.064060795454545		1
000392:	0.051507386363636	0.810623295454545	0.137869318181818		1
000393:	0.202581818181818	0.759697727272727	0.037720454545455		1
000394:	0.227072727272727	0.736642045454545	0.036285227272727		1
000395:	0.514713068181818	0.444723295454545	0.040563636363636		1
000396:	0.327603977272727	0.505577272727273	0.166818750000000		1
000397:	0.346794886363636	0.621082386363636	0.032122727272727		1
000398:	0.304346590909091	0.567450000000000	0.128203409090909		1
000399:	0.045735795454545	0.893796590909091	0.060467613636364		1
000400:	0.192963636363636	0.732276136363636	0.074760227272727		1
000401:	0.104326704545455	0.856865909090909	0.038807386363636		1
000402:	0.269831250000000	0.693080681818182	0.037088068181818		1
000403:	0.362949431818182	0.521438068181818	0.115612500000000		1
000404:	0.190171022727273	0.588757386363636	0.221071590909091		1
000405:	0.154306818181818	0.824526704545455	0.021166477272727		1
000406:	0.810268750000000	0.156859659090909	0.032871590909091		1
000407:	0.682468750000000	0.278798295454545	0.038732954545455		1
000408:	0.109059090909091	0.646568750000000	0.244372159090909		1
000409:	0.737676136363636	0.172178977272727	0.090144886363636		1
000410:	0.744619318181818	0.122359659090909	0.133021022727273		1
000411:	0.692721590909091	0.190643750000000	0.116634659090909		1
000412:	0.059661363636364	0.881869886363636	0.058468750000000		1
000413:	0.312459659090909	0.603352840909091	0.084187500000000		1
000414:	0.069327840909091	0.890449431818182	0.040222727272727		1
000415:	0.041255681818182	0.352156818181818	0.606587500000000		1
000416:	0.027581818181818	0.932123863636364	0.040294318181818		1
000417:	0.175216477272727	0.654244886363636	0.170538636363636		1
000418:	0.103469886363636	0.838619318181818	0.057910795454545		1
000419:	0.028786363636364	0.898832386363636	0.072381250000000		1
000420:	0.352508522727273	0.118479545454545	0.529011931818182		1
000421:	0.132273295454545	0.828111931818182	0.039614772727273		1
000422:	0.164647727272727	0.644525000000000	0.190827272727273		1
000423:	0.250135795454545	0.101790340909091	0.648073863636364		1
000424:	0.025773295454545	0.931701704545455	0.042525000000000		1
000425:	0.069025568181818	0.866375568181818	0.064598863636364		1
000426:	0.041531818181818	0.164622727272727	0.793845454545455		1
000427:	0.204123863636364	0.702918750000000	0.092957386363636		1
000428:	0.251313636363636	0.679698863636364	0.068987500000000		1
000429:	0.575513068181818	0.332542613636364	0.091944318181818		1
000430:	0.105494318181818	0.630727840909091	0.263777840909091		1
000431:	0.123102840909091	0.813943181818182	0.062953977272727		1
000432:	0.153927840909091	0.730864204545455	0.115207954545455		1
000433:	0.193092045454545	0.445424431818182	0.361483522727273		1
000434:	0.180467613636364	0.637830113636364	0.181702272727273		1
000435:	0.366992045454545	0.440642045454545	0.192365909090909		1
000436:	0.052842045454545	0.472952840909091	0.474205113636364		1
000437:	0.058452840909091	0.759311363636364	0.182235795454545		1
000438:	0.083844886363636	0.797386363636364	0.118768750000000		1
000439:	0.034700568181818	0.913827272727273	0.051472159090909		1
000440:	0.035045454545455	0.933757954545455	0.031196590909091		1
000441:	0.021123295454545	0.923330113636364	0.055546590909091		1
000442:	0.048026136363636	0.888759659090909	0.063214204545455		1
000443:	0.641583522727273	0.265295454545455	0.093121022727273		1
000444:	0.032511931818182	0.675381818181818	0.292106250000000		1
000445:	0.156586363636364	0.784661363636364	0.058752272727273		1
000446:	0.301096022727273	0.420082386363636	0.278821590909091		1
000447:	0.097976704545455	0.852996022727273	0.049027272727273		1
000448:	0.200743750000000	0.714544886363636	0.084711363636364		1
000449:	0.321902840909091	0.593402272727273	0.084694886363636		1
000450:	0.709622727272727	0.238217613636364	0.052159659090909		1
000451:	0.699213636363636	0.233306250000000	0.067480113636364		1
000452:	0.112678977272727	0.146411931818182	0.740909090909091		1
000453:	0.033496022727273	0.933565909090909	0.032938068181818		1
000454:	0.502581818181818	0.312331818181818	0.185086363636364		1
000455:	0.867563636363636	0.066481250000000	0.065955113636364		1
000456:	0.927511363636364	0.024111931818182	0.048376704545455		1
000457:	0.908626704545455	0.020726704545455	0.070646590909091		1
000458:	0.846993181818182	0.081963068181818	0.071043750000000		1
000459:	0.922796022727273	0.026348295454545	0.050855681818182		1
000460:	0.945575000000000	0.030416477272727	0.024008522727273		1
000461:	0.879836363636364	0.068175568181818	0.051988068181818		1
000462:	0.768726704545455	0.045235227272727	0.186038068181818		1
000463:	0.642971022727273	0.044974431818182	0.312054545454545		1
000464:	0.554434659090909	0.076600568181818	0.368964772727273		1
000465:	0.862930681818182	0.050871590909091	0.086197727272727		1
000466:	0.944921590909091	0.025285795454545	0.029792613636364		1
000467:	0.927961363636364	0.031161363636364	0.040877272727273		1
000468:	0.950513636363636	0.023595454545455	0.025890909090909		1
000469:	0.153406250000000	0.784753977272727	0.061839772727273		1
000470:	0.108134090909091	0.802992613636364	0.088873295454545		1
000471:	0.148586363636364	0.825173295454545	0.026240340909091		1
000472:	0.193743750000000	0.142184659090909	0.664071590909091		1
000473:	0.477387500000000	0.088143750000000	0.434468750000000		1
000474:	0.217706818181818	0.740231818181818	0.042061363636364		1
000475:	0.179029545454545	0.783550568181818	0.037419886363636		1
000476:	0.682439772727273	0.261233522727273	0.056326704545455		1
000477:	0.082400000000000	0.892923863636364	0.024676136363636		1
000478:	0.166761363636364	0.797411363636364	0.035827272727273		1
000479:	0.529923295454545	0.334097159090909	0.135979545454545		1
000480:	0.369380113636364	0.581295454545455	0.049324431818182		1
000481:	0.588063636363636	0.367771590909091	0.044164772727273		1
000482:	0.189253409090909	0.243542613636364	0.567203977272727		1
000483:	0.202489772727273	0.464872159090909	0.332638068181818		1
000484:	0.857782954545455	0.098495454545455	0.043721590909091		1
000485:	0.057983522727273	0.831993181818182	0.110023295454545		1
000486:	0.396428977272727	0.552667613636364	0.050903409090909		1
000487:	0.245711931818182	0.101848863636364	0.652439204545455		1
000488:	0.280359090909091	0.655423863636364	0.064217045454545		1
000489:	0.072660227272727	0.759385227272727	0.167954545454545		1
000490:	0.197578977272727	0.760581250000000	0.041839772727273		1
000491:	0.646799431818182	0.133139204545455	0.220061363636364		1
000492:	0.091519318181818	0.857949431818182	0.050531250000000		1
000493:	0.434932386363636	0.262918750000000	0.302148863636364		1
000494:	0.775526136363636	0.133818181818182	0.090655681818182		1
000495:	0.686546022727273	0.265941477272727	0.047512500000000		1
000496:	0.898817045454545	0.048776704545455	0.052406250000000		1
000497:	0.409578977272727	0.435802272727273	0.154618750000000		1
000498:	0.743774431818182	0.196310795454545	0.059914772727273		1
000499:	0.883503409090909	0.039267045454545	0.077229545454545		1
000500:	0.847461363636364	0.113193181818182	0.039345454545455		1
000501:	0.772695454545455	0.107068750000000	0.120235795454545		1
000502:	0.928792613636364	0.033812500000000	0.037394886363636		1
000503:	0.928969886363636	0.030233522727273	0.040796590909091		1
000504:	0.091676704545455	0.014189772727273	0.894133522727273		1
000505:	0.729184659090909	0.103221590909091	0.167593750000000		1
000506:	0.671375000000000	0.108626704545455	0.219998295454545		1
000507:	0.773487500000000	0.109188068181818	0.117324431818182		1
000508:	0.915294886363636	0.047165909090909	0.037539204545455		1
000509:	0.930019886363636	0.026621590909091	0.043358522727273		1
000510:	0.911622727272727	0.030430113636364	0.057947159090909		1
000511:	0.956411931818182	0.023306250000000	0.020281818181818		1
000512:	0.773037500000000	0.034635795454545	0.192326704545455		1
000513:	0.734393750000000	0.092875000000000	0.172731250000000		1
000514:	0.743796590909091	0.030938636363636	0.225264772727273		1
000515:	0.931246590909091	0.027095454545455	0.041657954545455		1
000516:	0.933194886363636	0.022228977272727	0.044576136363636		1
000517:	0.933455681818182	0.021011931818182	0.045532386363636		1
000518:	0.712893750000000	0.031367045454545	0.255739204545455		1
000519:	0.356077840909091	0.108953409090909	0.534968750000000		1
000520:	0.105326136363636	0.065119318181818	0.829554545454545		1
000521:	0.454651704545455	0.017956250000000	0.527392045454545		1
000522:	0.475303409090909	0.162391477272727	0.362305113636364		1
000523:	0.104950568181818	0.205828409090909	0.689221022727273		1
000524:	0.703583522727273	0.085165340909091	0.211251136363636		1
000525:	0.425430681818182	0.067753409090909	0.506815909090909		1
000526:	0.507926704545455	0.142861931818182	0.349211363636364		1
000527:	0.246894886363636	0.058905113636364	0.694200000000000		1
000528:	0.066982954545455	0.067284659090909	0.865732386363636		1
000529:	0.202910227272727	0.148496590909091	0.648593181818182		1
000530:	0.079875568181818	0.089169886363636	0.830954545454546		1
000531:	0.383631250000000	0.050827272727273	0.565541477272727		1
000532:	0.085261931818182	0.020576704545455	0.894161363636364		1
000533:	0.555828409090909	0.024148295454545	0.420023295454545		1
000534:	0.416928409090909	0.058151704545455	0.524919886363636		1
000535:	0.120340909090909	0.022360227272727	0.857298863636364		1
000536:	0.488190340909091	0.056115340909091	0.455694318181818		1
000537:	0.232016477272727	0.416839204545455	0.351144318181818		1
000538:	0.127097159090909	0.090234659090909	0.782668181818182		1
000539:	0.164348863636364	0.288713068181818	0.546938068181818		1
000540:	0.357415340909091	0.081408522727273	0.561176136363636		1
000541:	0.765927840909091	0.048717045454545	0.185355113636364		1
000542:	0.397304545454545	0.289132954545455	0.313562500000000		1
000543:	0.271469318181818	0.087146590909091	0.641384090909091		1
000544:	0.481421022727273	0.019408522727273	0.499170454545455		1
000545:	0.875915340909091	0.020552272727273	0.103532386363636		1
000546:	0.747832386363636	0.045457954545455	0.206709659090909		1
000547:	0.241131250000000	0.032123295454545	0.726745454545455		1
000548:	0.636256818181818	0.032849431818182	0.330893750000000		1
000549:	0.367484659090909	0.026947727272727	0.605567613636364		1
000550:	0.539182954545455	0.118050000000000	0.342767045454545		1
000551:	0.249623295454545	0.108542613636364	0.641834090909091		1
000552:	0.099631250000000	0.054594886363636	0.845773863636364		1
000553:	0.399185795454545	0.063746590909091	0.537067613636364		1
000554:	0.148218750000000	0.047034090909091	0.804747159090909		1
000555:	0.217247727272727	0.041655681818182	0.741096590909091		1
000556:	0.136642045454545	0.049556250000000	0.813801704545455		1
000557:	0.214571022727273	0.038025000000000	0.747403977272727		1
000558:	0.051084659090909	0.040094886363636	0.908820454545455		1
000559:	0.001304545454545	0.308780681818182	0.689914772727273		1
000560:	0.046598295454545	0.058517613636364	0.894884090909091		1
000561:	0.230440340909091	0.170904545454545	0.598655113636364		1
000562:	0.821337500000000	0.030031818181818	0.148630681818182		1
000563:	0.173324431818182	0.305138068181818	0.521537500000000		1
000564:	0.257603409090909	0.165637500000000	0.576759090909091		1
000565:	0.247441477272727	0.029565340909091	0.722993181818182		1
000566:	0.104721022727273	0.013925000000000	0.881353977272727		1
000567:	0.099592045454545	0.015807954545455	0.884600000000000		1
000568:	0.094598295454545	0.013859090909091	0.891542613636364		1
000569:	0.751714204545455	0.028669318181818	0.219616477272727		1
000570:	0.915826704545455	0.017951704545455	0.066221590909091		1
000571:	0.091000000000000	0.012843181818182	0.896156818181818		1
000572:	0.845282954545455	0.016199431818182	0.138517613636364		1
000573:	0.814647727272727	0.021028409090909	0.164323863636364		1
000574:	0.424685795454545	0.018134659090909	0.557179545454545		1
000575:	0.893484659090909	0.036351704545455	0.070163636363636		1
000576:	0.293531250000000	0.048427272727273	0.658041477272727		1
000577:	0.194409090909091	0.166684090909091	0.638906818181818		1
000578:	0.175996590909091	0.067582954545455	0.756420454545455		1
000579:	0.253764204545455	0.037480113636364	0.708755681818182		1
000580:	0.324169318181818	0.437974431818182	0.237856250000000		1
000581:	0.227102840909091	0.064926136363636	0.707971022727273		1
000582:	0.603922727272727	0.031880113636364	0.364197159090909		1
000583:	0.454285795454545	0.381978409090909	0.163735795454545		1
000584:	0.202676704545455	0.034225568181818	0.763097727272727		1
000585:	0.107848863636364	0.013625568181818	0.878525568181818		1
000586:	0.385811931818182	0.022202272727273	0.591985795454545		1
000587:	0.642940340909091	0.030578977272727	0.326480681818182		1
000588:	0.654709659090909	0.056154545454545	0.289135795454545		1
000589:	0.799185795454545	0.039205113636364	0.161609090909091		1
000590:	0.602857386363636	0.062208522727273	0.334934090909091		1
000591:	0.494057954545455	0.013844886363636	0.492097159090909		1
000592:	0.276675568181818	0.015298863636364	0.708025568181818		1
000593:	0.337112500000000	0.048915340909091	0.613972159090909		1
000594:	0.827281250000000	0.044656250000000	0.128062500000000		1
000595:	0.325963636363636	0.274251704545455	0.399784659090909		1
000596:	0.363182954545455	0.122811363636364	0.514005681818182		1
000597:	0.303194318181818	0.087361931818182	0.609443750000000		1
000598:	0.355063068181818	0.041512500000000	0.603424431818182		1
000599:	0.108825568181818	0.074133522727273	0.817040909090909		1
000600:	0.128325000000000	0.054703409090909	0.816971590909091		1
000601:	0.063013636363636	0.020734090909091	0.916252272727273		1
000602:	0.605660795454545	0.061644886363636	0.332694318181818		1
000603:	0.356558522727273	0.028763636363636	0.614677840909091		1
000604:	0.729877272727273	0.040835227272727	0.229287500000000		1
