Estimated Clustering Probabilities for Samples
Sample	***Cluster  01***	***Cluster  02***	***Cluster  03***	
000001:	0.889356818181818	0.030600000000000	0.080043181818182		1
000002:	0.933357954545455	0.014151704545455	0.052490340909091		1
000003:	0.851428409090909	0.035551704545455	0.113019886363636		1
000004:	0.943889772727273	0.014311363636364	0.041798863636364		1
000005:	0.958455113636364	0.018407386363636	0.023137500000000		1
000006:	0.881946022727273	0.056586931818182	0.061467045454545		1
000007:	0.828672727272727	0.017291477272727	0.154035795454545		1
000008:	0.932707386363636	0.017844886363636	0.049447727272727		1
000009:	0.942355681818182	0.021298295454545	0.036346022727273		1
000010:	0.928850568181818	0.031808522727273	0.039340909090909		1
000011:	0.583773863636364	0.286597727272727	0.129628409090909		1
000012:	0.304197159090909	0.662416477272727	0.033386363636364		1
000013:	0.126785795454545	0.850411931818182	0.022802272727273		1
000014:	0.696111363636364	0.244331818181818	0.059556818181818		1
000015:	0.860302272727273	0.118861363636364	0.020836363636364		1
000016:	0.853916477272727	0.095014772727273	0.051068750000000		1
000017:	0.723344886363636	0.233260227272727	0.043394886363636		1
000018:	0.097503409090909	0.880317613636364	0.022178977272727		1
000019:	0.457968750000000	0.504543181818182	0.037488068181818		1
000020:	0.695900568181818	0.271431250000000	0.032668181818182		1
000021:	0.111503977272727	0.804122159090909	0.084373863636364		1
000022:	0.510436931818182	0.469807954545455	0.019755113636364		1
000023:	0.173636363636364	0.743534659090909	0.082828977272727		1
000024:	0.511178409090909	0.449075000000000	0.039746590909091		1
000025:	0.174565909090909	0.795594318181818	0.029839772727273		1
000026:	0.164161931818182	0.812891477272727	0.022946590909091		1
000027:	0.065428977272727	0.922124431818182	0.012446590909091		1
000028:	0.605844318181818	0.258662500000000	0.135493181818182		1
000029:	0.375447727272727	0.586806250000000	0.037746022727273		1
000030:	0.381574431818182	0.510559659090909	0.107865909090909		1
000031:	0.051681250000000	0.931857386363636	0.016461363636364		1
000032:	0.137996590909091	0.827628977272727	0.034374431818182		1
000033:	0.337580681818182	0.581411363636364	0.081007954545455		1
000034:	0.654148863636364	0.300113068181818	0.045738068181818		1
000035:	0.071681818181818	0.856551704545455	0.071766477272727		1
000036:	0.519794318181818	0.412214772727273	0.067990909090909		1
000037:	0.220197727272727	0.757969318181818	0.021832954545455		1
000038:	0.219641477272727	0.557799431818182	0.222559090909091		1
000039:	0.132627840909091	0.845222727272727	0.022149431818182		1
000040:	0.559406250000000	0.363850568181818	0.076743181818182		1
000041:	0.247637500000000	0.725351704545455	0.027010795454545		1
000042:	0.103335227272727	0.869462500000000	0.027202272727273		1
000043:	0.795192045454545	0.173145454545455	0.031662500000000		1
000044:	0.447673295454545	0.519542045454545	0.032784659090909		1
000045:	0.094048863636364	0.886594318181818	0.019356818181818		1
000046:	0.144902840909091	0.742523863636364	0.112573295454545		1
000047:	0.522276704545454	0.379135795454545	0.098587500000000		1
000048:	0.893769886363636	0.063350568181818	0.042879545454545		1
000049:	0.825321590909091	0.146679545454545	0.027998863636364		1
000050:	0.584278409090909	0.351185227272727	0.064536363636364		1
000051:	0.846294318181818	0.071707954545455	0.081997727272727		1
000052:	0.906539772727273	0.052975000000000	0.040485227272727		1
000053:	0.524423295454545	0.435903409090909	0.039673295454545		1
000054:	0.138943750000000	0.818829545454545	0.042226704545455		1
000055:	0.911843750000000	0.061513636363636	0.026642613636364		1
000056:	0.776039772727273	0.191466477272727	0.032493750000000		1
000057:	0.607921590909091	0.342838068181818	0.049240340909091		1
000058:	0.387367613636364	0.567321022727273	0.045311363636364		1
000059:	0.161228977272727	0.805087500000000	0.033683522727273		1
000060:	0.907267613636364	0.069492613636364	0.023239772727273		1
000061:	0.822313636363636	0.154703977272727	0.022982386363636		1
000062:	0.914168181818182	0.055026704545455	0.030805113636364		1
000063:	0.838143750000000	0.079614204545455	0.082242045454545		1
000064:	0.755956818181818	0.044442045454545	0.199601136363636		1
000065:	0.851598863636364	0.078310795454545	0.070090340909091		1
000066:	0.617711931818182	0.349946590909091	0.032341477272727		1
000067:	0.902134659090909	0.044473295454545	0.053392045454545		1
000068:	0.388060795454545	0.581092613636364	0.030846590909091		1
000069:	0.625376704545455	0.343395454545455	0.031227840909091		1
000070:	0.544565340909091	0.393817613636364	0.061617045454545		1
000071:	0.314970454545455	0.650482954545455	0.034546590909091		1
000072:	0.908463636363636	0.058456818181818	0.033079545454545		1
000073:	0.871079545454545	0.099662500000000	0.029257954545455		1
000074:	0.101441477272727	0.859684090909091	0.038874431818182		1
000075:	0.384025000000000	0.566077840909091	0.049897159090909		1
000076:	0.167484659090909	0.398796590909091	0.433718750000000		1
000077:	0.389661931818182	0.337722159090909	0.272615909090909		1
000078:	0.863794318181818	0.078316477272727	0.057889204545455		1
000079:	0.315606818181818	0.622862500000000	0.061530681818182		1
000080:	0.174465909090909	0.773797159090909	0.051736931818182		1
000081:	0.904439204545455	0.074011931818182	0.021548863636364		1
000082:	0.895126136363636	0.071328409090909	0.033545454545455		1
000083:	0.718902272727273	0.229746022727273	0.051351704545455		1
000084:	0.379606250000000	0.267333522727273	0.353060227272727		1
000085:	0.489074431818182	0.443522159090909	0.067403409090909		1
000086:	0.583278409090909	0.353364772727273	0.063356818181818		1
000087:	0.767160227272727	0.214026136363636	0.018813636363636		1
000088:	0.218787500000000	0.751513068181818	0.029699431818182		1
000089:	0.209572159090909	0.719094318181818	0.071333522727273		1
000090:	0.124268181818182	0.847987500000000	0.027744318181818		1
000091:	0.073194886363636	0.740784659090909	0.186020454545455		1
000092:	0.641780113636364	0.309086931818182	0.049132954545455		1
000093:	0.432027840909091	0.471260795454545	0.096711363636364		1
000094:	0.314790340909091	0.625804545454545	0.059405113636364		1
000095:	0.903757386363636	0.054344886363636	0.041897727272727		1
000096:	0.878753977272727	0.085340909090909	0.035905113636364		1
000097:	0.251803977272727	0.726051136363636	0.022144886363636		1
000098:	0.542501704545455	0.431757386363636	0.025740909090909		1
000099:	0.655811931818182	0.288917045454545	0.055271022727273		1
000100:	0.865105113636364	0.110071022727273	0.024823863636364		1
000101:	0.510985795454545	0.468455113636364	0.020559090909091		1
000102:	0.552054545454545	0.420044886363636	0.027900568181818		1
000103:	0.383118181818182	0.548373863636364	0.068507954545455		1
000104:	0.869401136363636	0.093431818181818	0.037167045454545		1
000105:	0.264719318181818	0.719261363636364	0.016019318181818		1
000106:	0.283023863636364	0.683134090909091	0.033842045454545		1
000107:	0.776158522727273	0.198423295454545	0.025418181818182		1
000108:	0.678999431818182	0.260625568181818	0.060375000000000		1
000109:	0.379442045454545	0.578298295454545	0.042259659090909		1
000110:	0.081994318181818	0.783326704545454	0.134678977272727		1
000111:	0.806261363636364	0.123552272727273	0.070186363636364		1
000112:	0.175771022727273	0.793304545454545	0.030924431818182		1
000113:	0.867010227272727	0.111239772727273	0.021750000000000		1
000114:	0.261889772727273	0.564217045454545	0.173893181818182		1
000115:	0.535297727272727	0.412284090909091	0.052418181818182		1
000116:	0.863218750000000	0.107485795454545	0.029295454545455		1
000117:	0.473191477272727	0.447497159090909	0.079311363636364		1
000118:	0.848367613636364	0.073742613636364	0.077889772727273		1
000119:	0.294358522727273	0.681893750000000	0.023747727272727		1
000120:	0.896995454545455	0.073398295454545	0.029606250000000		1
000121:	0.332351136363636	0.625141477272727	0.042507386363636		1
000122:	0.614849431818182	0.370992045454545	0.014158522727273		1
000123:	0.725334659090909	0.187902272727273	0.086763068181818		1
000124:	0.230864204545455	0.632792613636364	0.136343181818182		1
000125:	0.598061931818182	0.122336931818182	0.279601136363636		1
000126:	0.123559090909091	0.054691477272727	0.821749431818182		1
000127:	0.726573863636364	0.224043181818182	0.049382954545455		1
000128:	0.888403409090909	0.086973295454545	0.024623295454545		1
000129:	0.100455113636364	0.870528409090909	0.029016477272727		1
000130:	0.765777840909091	0.175338068181818	0.058884090909091		1
000131:	0.508282954545455	0.461152272727273	0.030564772727273		1
000132:	0.863634659090909	0.107785227272727	0.028580113636364		1
000133:	0.284493181818182	0.413794886363636	0.301711931818182		1
000134:	0.413078409090909	0.536511363636364	0.050410227272727		1
000135:	0.118956250000000	0.861639772727273	0.019403977272727		1
000136:	0.807800568181818	0.143981250000000	0.048218181818182		1
000137:	0.137118181818182	0.835425568181818	0.027456250000000		1
000138:	0.658858522727273	0.265992613636364	0.075148863636364		1
000139:	0.626830681818182	0.333359090909091	0.039810227272727		1
000140:	0.099019318181818	0.874505113636364	0.026475568181818		1
000141:	0.749327840909091	0.105704545454545	0.144967613636364		1
000142:	0.399459659090909	0.582281250000000	0.018259090909091		1
000143:	0.771531818181818	0.208053409090909	0.020414772727273		1
000144:	0.792549431818182	0.173494318181818	0.033956250000000		1
000145:	0.781937500000000	0.158565340909091	0.059497159090909		1
000146:	0.563110795454545	0.389455113636364	0.047434090909091		1
000147:	0.839598295454545	0.116740340909091	0.043661363636364		1
000148:	0.889361363636364	0.085177272727273	0.025461363636364		1
000149:	0.583280681818182	0.370317045454545	0.046402272727273		1
000150:	0.136151704545455	0.842568750000000	0.021279545454545		1
000151:	0.768996590909091	0.168382386363636	0.062621022727273		1
000152:	0.588926704545455	0.329255113636364	0.081818181818182		1
000153:	0.394026704545455	0.581789772727273	0.024183522727273		1
000154:	0.906494318181818	0.054887500000000	0.038618181818182		1
000155:	0.616489204545455	0.352824431818182	0.030686363636364		1
000156:	0.648714204545455	0.310748863636364	0.040536931818182		1
000157:	0.899805113636364	0.030061363636364	0.070133522727273		1
000158:	0.530537500000000	0.071749431818182	0.397713068181818		1
000159:	0.256906818181818	0.357938636363636	0.385154545454545		1
000160:	0.079990340909091	0.010962500000000	0.909047159090909		1
000161:	0.410375000000000	0.030114772727273	0.559510227272727		1
000162:	0.150381250000000	0.554400568181818	0.295218181818182		1
000163:	0.951538636363636	0.014009090909091	0.034452272727273		1
000164:	0.846169886363636	0.013154545454545	0.140675568181818		1
000165:	0.905900000000000	0.016582954545455	0.077517045454545		1
000166:	0.951672159090909	0.012558522727273	0.035769318181818		1
000167:	0.859595454545454	0.043697727272727	0.096706818181818		1
000168:	0.760027840909091	0.213623295454545	0.026348863636364		1
000169:	0.699364204545455	0.277410227272727	0.023225568181818		1
000170:	0.867716477272727	0.098771590909091	0.033511931818182		1
000171:	0.870741477272727	0.094259659090909	0.034998863636364		1
000172:	0.685972159090909	0.256414772727273	0.057613068181818		1
000173:	0.859918181818182	0.125047727272727	0.015034090909091		1
000174:	0.438782954545455	0.542243181818182	0.018973863636364		1
000175:	0.743911931818182	0.230435795454545	0.025652272727273		1
000176:	0.684787500000000	0.259377840909091	0.055834659090909		1
000177:	0.640051136363636	0.345373863636364	0.014575000000000		1
000178:	0.768074431818182	0.215215340909091	0.016710227272727		1
000179:	0.840810795454545	0.127045454545455	0.032143750000000		1
000180:	0.778381818181818	0.187862500000000	0.033755681818182		1
000181:	0.829383522727273	0.084798863636364	0.085817613636364		1
000182:	0.299135795454545	0.658068750000000	0.042795454545455		1
000183:	0.873551704545454	0.099637500000000	0.026810795454545		1
000184:	0.669531818181818	0.300766477272727	0.029701704545455		1
000185:	0.215055113636364	0.746433522727273	0.038511363636364		1
000186:	0.586489204545455	0.284572159090909	0.128938636363636		1
000187:	0.751467613636364	0.182660795454545	0.065871590909091		1
000188:	0.674823295454545	0.182032954545455	0.143143750000000		1
000189:	0.923581818181818	0.056694886363636	0.019723295454545		1
000190:	0.799452272727273	0.161562500000000	0.038985227272727		1
000191:	0.764740340909091	0.217963636363636	0.017296022727273		1
000192:	0.282144318181818	0.656267613636364	0.061588068181818		1
000193:	0.394396590909091	0.562281250000000	0.043322159090909		1
000194:	0.555167045454545	0.401881250000000	0.042951704545455		1
000195:	0.561710795454545	0.418332386363636	0.019956818181818		1
000196:	0.682238068181818	0.030915340909091	0.286846590909091		1
000197:	0.907887500000000	0.041266477272727	0.050846022727273		1
000198:	0.279580681818182	0.570814772727273	0.149604545454545		1
000199:	0.846546590909091	0.024892045454545	0.128561363636364		1
000200:	0.758239204545455	0.029436363636364	0.212324431818182		1
000201:	0.871255113636364	0.021778977272727	0.106965909090909		1
000202:	0.431401136363636	0.530146590909091	0.038452272727273		1
000203:	0.874040909090909	0.097572159090909	0.028386931818182		1
000204:	0.847958522727273	0.076984090909091	0.075057386363636		1
000205:	0.769242613636364	0.145919318181818	0.084838068181818		1
000206:	0.547374431818182	0.422078409090909	0.030547159090909		1
000207:	0.427098863636364	0.495810795454545	0.077090340909091		1
000208:	0.882534659090909	0.093487500000000	0.023977840909091		1
000209:	0.876960795454545	0.072447159090909	0.050592045454545		1
000210:	0.851663068181818	0.107738636363636	0.040598295454545		1
000211:	0.908468181818182	0.045279545454545	0.046252272727273		1
000212:	0.672603409090909	0.053499431818182	0.273897159090909		1
000213:	0.898755113636364	0.026606250000000	0.074638636363636		1
000214:	0.779443750000000	0.056642045454545	0.163914204545455		1
000215:	0.578521022727273	0.193821590909091	0.227657386363636		1
000216:	0.840089772727273	0.027789204545455	0.132121022727273		1
000217:	0.688847159090909	0.057271022727273	0.253881818181818		1
000218:	0.890050568181818	0.017501136363636	0.092448295454545		1
000219:	0.837091477272727	0.016668181818182	0.146240340909091		1
000220:	0.885873863636364	0.013501704545455	0.100624431818182		1
000221:	0.897971590909091	0.014126136363636	0.087902272727273		1
000222:	0.820169886363636	0.016826704545455	0.163003409090909		1
000223:	0.768226136363636	0.112977840909091	0.118796022727273		1
000224:	0.064925568181818	0.850442045454545	0.084632386363636		1
000225:	0.076118181818182	0.866260227272727	0.057621590909091		1
000226:	0.180663636363636	0.464813636363636	0.354522727272727		1
000227:	0.057273295454545	0.821214204545455	0.121512500000000		1
000228:	0.036405681818182	0.610034090909091	0.353560227272727		1
000229:	0.168903977272727	0.681578977272727	0.149517045454545		1
000230:	0.041277840909091	0.050175000000000	0.908547159090909		1
000231:	0.088778977272727	0.731996590909091	0.179224431818182		1
000232:	0.342698295454545	0.234886931818182	0.422414772727273		1
000233:	0.037182954545455	0.863530113636364	0.099286931818182		1
000234:	0.041576136363636	0.890833522727273	0.067590340909091		1
000235:	0.029678977272727	0.929924431818182	0.040396590909091		1
000236:	0.041180681818182	0.344164772727273	0.614654545454545		1
000237:	0.025484659090909	0.923689772727273	0.050825568181818		1
000238:	0.723310227272727	0.175943750000000	0.100746022727273		1
000239:	0.101932386363636	0.700338068181818	0.197729545454545		1
000240:	0.031775000000000	0.165882954545455	0.802342045454545		1
000241:	0.124791477272727	0.711168181818182	0.164040340909091		1
000242:	0.043055113636364	0.898585227272727	0.058359659090909		1
000243:	0.022282954545455	0.419205113636364	0.558511931818182		1
000244:	0.277336363636364	0.349855113636364	0.372808522727273		1
000245:	0.145163068181818	0.448087500000000	0.406749431818182		1
000246:	0.042908522727273	0.878325568181818	0.078765909090909		1
000247:	0.095996590909091	0.773668181818182	0.130335227272727		1
000248:	0.175123863636364	0.163389772727273	0.661486363636364		1
000249:	0.028735795454545	0.755889772727273	0.215374431818182		1
000250:	0.038813636363636	0.893901136363636	0.067285227272727		1
000251:	0.050216477272727	0.705010227272727	0.244773295454545		1
000252:	0.103607954545455	0.323335795454545	0.573056250000000		1
000253:	0.039807954545455	0.661482386363636	0.298709659090909		1
000254:	0.071655681818182	0.328218750000000	0.600125568181818		1
000255:	0.109615909090909	0.456792045454545	0.433592045454545		1
000256:	0.320690340909091	0.449246590909091	0.230063068181818		1
000257:	0.259706818181818	0.109668181818182	0.630625000000000		1
000258:	0.781928977272727	0.138781250000000	0.079289772727273		1
000259:	0.458400568181818	0.426499431818182	0.115100000000000		1
000260:	0.050743181818182	0.558200000000000	0.391056818181818		1
000261:	0.097996022727273	0.524014204545455	0.377989772727273		1
000262:	0.215137500000000	0.384824431818182	0.400038068181818		1
000263:	0.685605681818182	0.205811931818182	0.108582386363636		1
000264:	0.499807954545455	0.127982954545455	0.372209090909091		1
000265:	0.692496022727273	0.092411931818182	0.215092045454545		1
000266:	0.169132386363636	0.631650568181818	0.199217045454545		1
000267:	0.056439772727273	0.677915909090909	0.265644318181818		1
000268:	0.694317613636364	0.175126136363636	0.130556250000000		1
000269:	0.064322159090909	0.895763068181818	0.039914772727273		1
000270:	0.790456250000000	0.077953977272727	0.131589772727273		1
000271:	0.040534090909091	0.648680681818182	0.310785227272727		1
000272:	0.062813068181818	0.560257386363636	0.376929545454545		1
000273:	0.174853409090909	0.734113068181818	0.091033522727273		1
000274:	0.084027840909091	0.515900568181818	0.400071590909091		1
000275:	0.262848295454545	0.610403409090909	0.126748295454545		1
000276:	0.361788636363636	0.295137500000000	0.343073863636364		1
000277:	0.061264772727273	0.822572159090909	0.116163068181818		1
000278:	0.330046590909091	0.496961363636364	0.172992045454545		1
000279:	0.034384090909091	0.918474431818182	0.047141477272727		1
000280:	0.161857386363636	0.386702840909091	0.451439772727273		1
000281:	0.068658522727273	0.842598863636364	0.088742613636364		1
000282:	0.116403409090909	0.708622727272727	0.174973863636364		1
000283:	0.479950568181818	0.082969318181818	0.437080113636364		1
000284:	0.063830113636364	0.606820454545455	0.329349431818182		1
000285:	0.049543750000000	0.884405681818182	0.066050568181818		1
000286:	0.064553977272727	0.819967613636364	0.115478409090909		1
000287:	0.091169318181818	0.795523295454545	0.113307386363636		1
000288:	0.154918181818182	0.558593750000000	0.286488068181818		1
000289:	0.814590909090909	0.082563068181818	0.102846022727273		1
000290:	0.351695454545455	0.047276136363636	0.601028409090909		1
000291:	0.922201704545455	0.051228977272727	0.026569318181818		1
000292:	0.777438636363636	0.042819886363636	0.179741477272727		1
000293:	0.910719886363636	0.034246590909091	0.055033522727273		1
000294:	0.924938068181818	0.047731818181818	0.027330113636364		1
000295:	0.875219886363636	0.090463068181818	0.034317045454545		1
000296:	0.900098863636364	0.045067045454545	0.054834090909091		1
000297:	0.804746590909091	0.075793181818182	0.119460227272727		1
000298:	0.094059659090909	0.872688068181818	0.033252272727273		1
000299:	0.752843181818182	0.167249431818182	0.079907386363636		1
000300:	0.650709659090909	0.161903977272727	0.187386363636364		1
000301:	0.866975568181818	0.061390909090909	0.071633522727273		1
000302:	0.677677272727273	0.065926704545455	0.256396022727273		1
000303:	0.521121590909091	0.148200000000000	0.330678409090909		1
000304:	0.796230681818182	0.047773863636364	0.155995454545455		1
000305:	0.249265340909091	0.030740909090909	0.719993750000000		1
000306:	0.337710795454545	0.195834659090909	0.466454545454545		1
000307:	0.138359090909091	0.019292045454545	0.842348863636364		1
000308:	0.881233522727273	0.022196022727273	0.096570454545455		1
000309:	0.767664772727273	0.158031250000000	0.074303977272727		1
000310:	0.892838068181818	0.062546590909091	0.044615340909091		1
000311:	0.626893181818182	0.134878977272727	0.238227840909091		1
000312:	0.159719886363636	0.773894886363636	0.066385227272727		1
000313:	0.182126136363636	0.746466477272727	0.071407386363636		1
000314:	0.113381818181818	0.798519318181818	0.088098863636364		1
000315:	0.161226704545455	0.763225568181818	0.075547727272727		1
000316:	0.660125000000000	0.230900000000000	0.108975000000000		1
000317:	0.178716477272727	0.678523295454545	0.142760227272727		1
000318:	0.787201704545455	0.040534090909091	0.172264204545455		1
000319:	0.876721590909091	0.039170454545455	0.084107954545455		1
000320:	0.668072727272727	0.100062500000000	0.231864772727273		1
000321:	0.823868181818182	0.032150000000000	0.143981818181818		1
000322:	0.341770454545455	0.033777272727273	0.624452272727273		1
000323:	0.379111363636364	0.472767613636364	0.148121022727273		1
000324:	0.484407386363636	0.067206818181818	0.448385795454545		1
000325:	0.256354545454545	0.179221590909091	0.564423863636364		1
000326:	0.241277272727273	0.108350000000000	0.650372727272727		1
000327:	0.625877272727273	0.040277272727273	0.333845454545455		1
000328:	0.076623295454545	0.024557386363636	0.898819318181818		1
000329:	0.595582954545455	0.100995454545455	0.303421590909091		1
000330:	0.310576136363636	0.673448295454545	0.015975568181818		1
000331:	0.071478977272727	0.033168750000000	0.895352272727273		1
000332:	0.830375568181818	0.062243750000000	0.107380681818182		1
000333:	0.770113068181818	0.068897159090909	0.160989772727273		1
000334:	0.739313636363636	0.098889204545455	0.161797159090909		1
000335:	0.805894318181818	0.065668750000000	0.128436931818182		1
000336:	0.555240909090909	0.034803977272727	0.409955113636364		1
000337:	0.161705113636364	0.000019886363636	0.838275000000000		1
000338:	0.899094318181818	0.026502840909091	0.074402840909091		1
000339:	0.545921590909091	0.025282954545455	0.428795454545455		1
000340:	0.836868181818182	0.021744318181818	0.141387500000000		1
000341:	0.918343750000000	0.024999431818182	0.056656818181818		1
000342:	0.697494886363636	0.028469886363636	0.274035227272727		1
000343:	0.854892613636364	0.036011931818182	0.109095454545455		1
000344:	0.084327272727273	0.023896590909091	0.891776136363636		1
000345:	0.093417613636364	0.013209659090909	0.893372727272727		1
000346:	0.661809090909091	0.021132954545455	0.317057954545455		1
000347:	0.660228409090909	0.023292613636364	0.316478977272727		1
000348:	0.632523295454545	0.027614204545455	0.339862500000000		1
000349:	0.356126704545455	0.082399431818182	0.561473863636364		1
000350:	0.433402272727273	0.039138636363636	0.527459090909091		1
000351:	0.330251136363636	0.043038636363636	0.626710227272727		1
000352:	0.884493181818182	0.035810227272727	0.079696590909091		1
000353:	0.914230113636364	0.023360227272727	0.062409659090909		1
000354:	0.907979545454545	0.021630113636364	0.070390340909091		1
000355:	0.641809659090909	0.032515340909091	0.325675000000000		1
000356:	0.300453977272727	0.563870454545455	0.135675568181818		1
000357:	0.066663068181818	0.846356818181818	0.086980113636364		1
000358:	0.234827272727273	0.591397159090909	0.173775568181818		1
000359:	0.142362500000000	0.519626704545455	0.338010795454545		1
000360:	0.832166477272727	0.091816477272727	0.076017045454545		1
000361:	0.051238068181818	0.867151704545455	0.081610227272727		1
000362:	0.211667045454545	0.097432954545455	0.690900000000000		1
000363:	0.739878977272727	0.216533522727273	0.043587500000000		1
000364:	0.137300568181818	0.633813068181818	0.228886363636364		1
000365:	0.439167613636364	0.255242045454545	0.305590340909091		1
000366:	0.077252272727273	0.864482386363636	0.058265340909091		1
000367:	0.226869318181818	0.708852840909091	0.064277840909091		1
000368:	0.127107386363636	0.828017613636364	0.044875000000000		1
000369:	0.452092613636364	0.424857954545455	0.123049431818182		1
000370:	0.686556818181818	0.158368181818182	0.155075000000000		1
000371:	0.704757954545455	0.094909659090909	0.200332386363636		1
000372:	0.604093750000000	0.341048863636364	0.054857386363636		1
000373:	0.232835227272727	0.526809659090909	0.240355113636364		1
000374:	0.711151704545455	0.238029545454545	0.050818750000000		1
000375:	0.570658522727273	0.071460227272727	0.357881250000000		1
000376:	0.405342613636364	0.525637500000000	0.069019886363636		1
000377:	0.535017045454545	0.102462500000000	0.362520454545455		1
000378:	0.064298863636364	0.903115340909091	0.032585795454545		1
000379:	0.040176136363636	0.939056818181818	0.020767045454545		1
000380:	0.209507386363636	0.740826704545455	0.049665909090909		1
000381:	0.035746022727273	0.931947727272727	0.032306250000000		1
000382:	0.318180113636364	0.626110227272727	0.055709659090909		1
000383:	0.429189772727273	0.463809659090909	0.107000568181818		1
000384:	0.343997159090909	0.566269318181818	0.089733522727273		1
000385:	0.219913068181818	0.380918181818182	0.399168750000000		1
000386:	0.061505681818182	0.895349431818182	0.043144886363636		1
000387:	0.494956818181818	0.440830113636364	0.064213068181818		1
000388:	0.169961363636364	0.527881250000000	0.302157386363636		1
000389:	0.385419886363636	0.421317613636364	0.193262500000000		1
000390:	0.281475568181818	0.059513068181818	0.659011363636364		1
000391:	0.180499431818182	0.732500000000000	0.087000568181818		1
000392:	0.056072159090909	0.808356250000000	0.135571590909091		1
000393:	0.255601704545455	0.684844318181818	0.059553977272727		1
000394:	0.333076136363636	0.619398863636364	0.047525000000000		1
000395:	0.690132386363636	0.266318750000000	0.043548863636364		1
000396:	0.335421022727273	0.465434659090909	0.199144318181818		1
000397:	0.516086931818182	0.428064772727273	0.055848295454545		1
000398:	0.403905113636364	0.441214772727273	0.154880113636364		1
000399:	0.041513068181818	0.894229545454545	0.064257386363636		1
000400:	0.191723863636364	0.729186931818182	0.079089204545455		1
000401:	0.117047727272727	0.843076136363636	0.039876136363636		1
000402:	0.367781818181818	0.584948295454545	0.047269886363636		1
000403:	0.432917613636364	0.452845454545455	0.114236931818182		1
000404:	0.172179545454545	0.589220454545455	0.238600000000000		1
000405:	0.304746022727273	0.667455681818182	0.027798295454545		1
000406:	0.838880113636364	0.129026136363636	0.032093750000000		1
000407:	0.765559659090909	0.197217613636364	0.037222727272727		1
000408:	0.098333522727273	0.720472727272727	0.181193750000000		1
000409:	0.753268181818182	0.144582386363636	0.102149431818182		1
000410:	0.751238068181818	0.140699431818182	0.108062500000000		1
000411:	0.674863068181818	0.168796590909091	0.156340340909091		1
000412:	0.071425568181818	0.851868181818182	0.076706250000000		1
000413:	0.433671022727273	0.470359090909091	0.095969886363636		1
000414:	0.067388636363636	0.883746590909091	0.048864772727273		1
000415:	0.039125000000000	0.507877840909091	0.452997159090909		1
000416:	0.028469318181818	0.927556250000000	0.043974431818182		1
000417:	0.194053409090909	0.626084659090909	0.179861931818182		1
000418:	0.125400568181818	0.808431250000000	0.066168181818182		1
000419:	0.028744318181818	0.913923863636364	0.057331818181818		1
000420:	0.329834659090909	0.101422727272727	0.568742613636364		1
000421:	0.128030681818182	0.830810795454546	0.041158522727273		1
000422:	0.189496590909091	0.642067045454545	0.168436363636364		1
000423:	0.214371590909091	0.096766477272727	0.688861931818182		1
000424:	0.028723863636364	0.939479545454545	0.031796590909091		1
000425:	0.068665909090909	0.869425568181818	0.061908522727273		1
000426:	0.036857954545455	0.206423863636364	0.756718181818182		1
000427:	0.199902272727273	0.707244318181818	0.092853409090909		1
000428:	0.365260227272727	0.586255113636364	0.048484659090909		1
000429:	0.498082386363636	0.318285227272727	0.183632386363636		1
000430:	0.119510795454545	0.613130681818182	0.267358522727273		1
000431:	0.138598295454545	0.802875568181818	0.058526136363636		1
000432:	0.144565909090909	0.746402272727273	0.109031818181818		1
000433:	0.199039204545455	0.418111931818182	0.382848863636364		1
000434:	0.155261931818182	0.687140909090909	0.157597159090909		1
000435:	0.390450568181818	0.432135795454545	0.177413636363636		1
000436:	0.050074431818182	0.489566477272727	0.460359090909091		1
000437:	0.045443750000000	0.783703977272727	0.170852272727273		1
000438:	0.097392613636364	0.799201704545455	0.103405681818182		1
000439:	0.040246022727273	0.923415909090909	0.036338068181818		1
000440:	0.032739204545455	0.938000000000000	0.029260795454545		1
000441:	0.029281250000000	0.939438068181818	0.031280681818182		1
000442:	0.062301704545455	0.891267045454545	0.046431250000000		1
000443:	0.620123863636364	0.255580681818182	0.124295454545455		1
000444:	0.037947159090909	0.706481250000000	0.255571590909091		1
000445:	0.137739204545455	0.815278409090909	0.046982386363636		1
000446:	0.310758522727273	0.339696022727273	0.349545454545455		1
000447:	0.076671022727273	0.879094318181818	0.044234659090909		1
000448:	0.237108522727273	0.686957386363636	0.075934090909091		1
000449:	0.407101136363636	0.508871590909091	0.084027272727273		1
000450:	0.692053409090909	0.218721590909091	0.089225000000000		1
000451:	0.684242613636364	0.220348863636364	0.095408522727273		1
000452:	0.071991477272727	0.122370454545455	0.805638068181818		1
000453:	0.030554545454545	0.941344318181818	0.028101136363636		1
000454:	0.409562500000000	0.300842613636364	0.289594886363636		1
000455:	0.839290909090909	0.050468181818182	0.110240909090909		1
000456:	0.922951704545454	0.018261931818182	0.058786363636364		1
000457:	0.855619886363636	0.023498295454545	0.120881818181818		1
000458:	0.799750000000000	0.071913068181818	0.128336931818182		1
000459:	0.904654545454545	0.027479545454545	0.067865909090909		1
000460:	0.931363068181818	0.027766477272727	0.040870454545455		1
000461:	0.902695454545455	0.050450568181818	0.046853977272727		1
000462:	0.750931250000000	0.038803977272727	0.210264772727273		1
000463:	0.433352272727273	0.041423863636364	0.525223863636364		1
000464:	0.442476704545455	0.069002272727273	0.488521022727273		1
000465:	0.835263068181818	0.044935227272727	0.119801704545455		1
000466:	0.888748295454545	0.033885795454545	0.077365909090909		1
000467:	0.928130113636364	0.025665909090909	0.046203977272727		1
000468:	0.936375000000000	0.025427272727273	0.038197727272727		1
000469:	0.157104545454545	0.784028409090909	0.058867045454545		1
000470:	0.111415340909091	0.800551704545455	0.088032954545455		1
000471:	0.267086363636364	0.689709659090909	0.043203977272727		1
000472:	0.147961363636364	0.146123295454545	0.705915340909091		1
000473:	0.312397159090909	0.106501704545455	0.581101136363636		1
000474:	0.226724431818182	0.711205113636364	0.062070454545455		1
000475:	0.297385227272727	0.643811363636364	0.058803409090909		1
000476:	0.631233522727273	0.238913068181818	0.129853409090909		1
000477:	0.113359659090909	0.862702840909091	0.023937500000000		1
000478:	0.184015909090909	0.771870454545455	0.044113636363636		1
000479:	0.587029545454545	0.244417045454545	0.168553409090909		1
000480:	0.513086931818182	0.422555113636364	0.064357954545455		1
000481:	0.756355113636364	0.196360795454545	0.047284090909091		1
000482:	0.155021022727273	0.271617613636364	0.573361363636364		1
000483:	0.205367045454545	0.474028977272727	0.320603977272727		1
000484:	0.852788068181818	0.079882386363636	0.067329545454545		1
000485:	0.044875000000000	0.858230681818182	0.096894318181818		1
000486:	0.505449431818182	0.441280113636364	0.053270454545455		1
000487:	0.162075000000000	0.097543750000000	0.740381250000000		1
000488:	0.346180113636364	0.584919886363636	0.068900000000000		1
000489:	0.065337500000000	0.764328977272727	0.170333522727273		1
000490:	0.178734659090909	0.771428409090909	0.049836931818182		1
000491:	0.600220454545455	0.134414204545455	0.265365340909091		1
000492:	0.106368181818182	0.841805113636364	0.051826704545455		1
000493:	0.502097159090909	0.213555113636364	0.284347727272727		1
000494:	0.725439204545455	0.106025568181818	0.168535227272727		1
000495:	0.718266477272727	0.219390340909091	0.062343181818182		1
000496:	0.867855113636364	0.026877272727273	0.105267613636364		1
000497:	0.486533522727273	0.336638068181818	0.176828409090909		1
000498:	0.727984090909091	0.185322159090909	0.086693750000000		1
000499:	0.777365909090909	0.048046022727273	0.174588068181818		1
000500:	0.860347727272727	0.089864204545455	0.049788068181818		1
000501:	0.638094318181818	0.078482386363636	0.283423295454545		1
000502:	0.878098295454545	0.021603977272727	0.100297727272727		1
000503:	0.900145454545455	0.026298863636364	0.073555681818182		1
000504:	0.070548863636364	0.017118181818182	0.912332954545455		1
000505:	0.678776136363636	0.126486931818182	0.194736931818182		1
000506:	0.640678977272727	0.093017613636364	0.266303409090909		1
000507:	0.834530113636364	0.090825000000000	0.074644886363636		1
000508:	0.885635227272727	0.038290909090909	0.076073863636364		1
000509:	0.908245454545455	0.022107386363636	0.069647159090909		1
000510:	0.762810227272727	0.028878977272727	0.208310795454545		1
000511:	0.947959659090909	0.020213636363636	0.031826704545455		1
000512:	0.566038068181818	0.042213068181818	0.391748863636364		1
000513:	0.623943750000000	0.083933522727273	0.292122727272727		1
000514:	0.491335227272727	0.027949431818182	0.480715340909091		1
000515:	0.879426704545455	0.020855681818182	0.099717613636364		1
000516:	0.929056250000000	0.023549431818182	0.047394318181818		1
000517:	0.929067045454545	0.025062500000000	0.045870454545455		1
000518:	0.369815909090909	0.050452272727273	0.579731818181818		1
000519:	0.262930113636364	0.118282954545455	0.618786931818182		1
000520:	0.059420454545455	0.075640909090909	0.864938636363636		1
000521:	0.162206250000000	0.021675000000000	0.816118750000000		1
000522:	0.316578409090909	0.169521022727273	0.513900568181818		1
000523:	0.090696590909091	0.185057386363636	0.724246022727273		1
000524:	0.548858522727273	0.079151704545455	0.371989772727273		1
000525:	0.332255681818182	0.053167045454545	0.614577272727273		1
000526:	0.464647727272727	0.114880681818182	0.420471590909091		1
000527:	0.203572727272727	0.054993750000000	0.741433522727273		1
000528:	0.049824431818182	0.068816477272727	0.881359090909091		1
000529:	0.206664204545455	0.110791477272727	0.682544318181818		1
000530:	0.053077840909091	0.071613636363636	0.875308522727273		1
000531:	0.264655113636364	0.048707954545455	0.686636931818182		1
000532:	0.062773863636364	0.017579545454545	0.919646590909091		1
000533:	0.441505113636364	0.023842045454545	0.534652840909091		1
000534:	0.234425000000000	0.044782386363636	0.720792613636364		1
000535:	0.069228409090909	0.029184090909091	0.901587500000000		1
000536:	0.295700000000000	0.049339772727273	0.654960227272727		1
000537:	0.152338068181818	0.430546022727273	0.417115909090909		1
000538:	0.102391477272727	0.103900568181818	0.793707954545455		1
000539:	0.115335795454545	0.203271590909091	0.681392613636364		1
000540:	0.302876136363636	0.138773863636364	0.558350000000000		1
000541:	0.707025000000000	0.044485227272727	0.248489772727273		1
000542:	0.337084659090909	0.293959659090909	0.368955681818182		1
000543:	0.170906818181818	0.053403977272727	0.775689204545455		1
000544:	0.234359659090909	0.016047727272727	0.749592613636364		1
000545:	0.655973295454545	0.027657954545455	0.316368750000000		1
000546:	0.673893750000000	0.044114204545455	0.281992045454545		1
000547:	0.197605113636364	0.051897727272727	0.750497159090909		1
000548:	0.415724431818182	0.034078409090909	0.550197159090909		1
000549:	0.192399431818182	0.030307386363636	0.777293181818182		1
000550:	0.392826704545455	0.087664204545455	0.519509090909091		1
000551:	0.136253977272727	0.098435795454545	0.765310227272727		1
000552:	0.063268750000000	0.055426136363636	0.881305113636364		1
000553:	0.272982386363636	0.056457954545455	0.670559659090909		1
000554:	0.141114772727273	0.039057386363636	0.819827840909091		1
000555:	0.153844886363636	0.032041477272727	0.814113636363636		1
000556:	0.090013636363636	0.053757386363636	0.856228977272727		1
000557:	0.211103409090909	0.039791477272727	0.749105113636364		1
000558:	0.036819318181818	0.040404545454545	0.922776136363636		1
000559:	0.046736363636364	0.025492613636364	0.927771022727273		1
000560:	0.048744886363636	0.049706818181818	0.901548295454545		1
000561:	0.176778977272727	0.224220454545455	0.599000568181818		1
000562:	0.737321590909091	0.023918750000000	0.238759659090909		1
000563:	0.136824431818182	0.236068181818182	0.627107386363636		1
000564:	0.180711931818182	0.169156818181818	0.650131250000000		1
000565:	0.131472727272727	0.044195454545455	0.824331818181818		1
000566:	0.081025568181818	0.013516477272727	0.905457954545455		1
000567:	0.062218750000000	0.014678977272727	0.923102272727273		1
000568:	0.072274431818182	0.013866477272727	0.913859090909091		1
000569:	0.685552840909091	0.022997159090909	0.291450000000000		1
000570:	0.877730681818182	0.021496022727273	0.100773295454545		1
000571:	0.066849431818182	0.015312500000000	0.917838068181818		1
000572:	0.673202840909091	0.015557386363636	0.311239772727273		1
000573:	0.736465909090909	0.023130681818182	0.240403409090909		1
000574:	0.256567045454545	0.024201136363636	0.719231818181818		1
000575:	0.838067045454545	0.059989204545455	0.101943750000000		1
000576:	0.157660227272727	0.037009090909091	0.805330681818182		1
000577:	0.161574431818182	0.263637500000000	0.574788068181818		1
000578:	0.139914772727273	0.050863068181818	0.809222159090909		1
000579:	0.170315909090909	0.036485795454545	0.793198295454545		1
000580:	0.189089204545455	0.525669886363636	0.285240909090909		1
000581:	0.157625000000000	0.054497159090909	0.787877840909091		1
000582:	0.344228409090909	0.036465340909091	0.619306250000000		1
000583:	0.496282386363636	0.315836931818182	0.187880681818182		1
000584:	0.144346022727273	0.028060227272727	0.827593750000000		1
000585:	0.049846022727273	0.014986363636364	0.935167613636364		1
000586:	0.236538636363636	0.020495454545455	0.742965909090909		1
000587:	0.558710227272727	0.037058522727273	0.404231250000000		1
000588:	0.392167045454545	0.069594318181818	0.538238636363636		1
000589:	0.677814204545454	0.062212500000000	0.259973295454545		1
000590:	0.507397159090909	0.050051704545455	0.442551136363636		1
000591:	0.299538636363636	0.014210795454545	0.686250568181818		1
000592:	0.156689204545455	0.018835795454545	0.824475000000000		1
000593:	0.218426704545455	0.028689772727273	0.752883522727273		1
000594:	0.705260795454545	0.045013068181818	0.249726136363636		1
000595:	0.291753409090909	0.239000568181818	0.469246022727273		1
000596:	0.268082386363636	0.091074431818182	0.640843181818182		1
000597:	0.215286363636364	0.082479545454545	0.702234090909091		1
000598:	0.218436931818182	0.040815340909091	0.740747727272727		1
000599:	0.073885227272727	0.074842045454545	0.851272727272727		1
000600:	0.082000000000000	0.082977272727273	0.835022727272727		1
000601:	0.036586363636364	0.022165909090909	0.941247727272727		1
000602:	0.407265340909091	0.087865909090909	0.504868750000000		1
000603:	0.179941477272727	0.026021022727273	0.794037500000000		1
000604:	0.635963068181818	0.049748863636364	0.314288068181818		1
