Estimated Clustering Probabilities for Samples
Sample	***Cluster  01***	***Cluster  02***	***Cluster  03***	***Cluster  04***	
000001:	0.092745454545455	0.043623863636364	0.162250000000000	0.701380681818182		1
000002:	0.058230681818182	0.015960227272727	0.106770454545455	0.819038636363636		1
000003:	0.039895454545455	0.028800568181818	0.142774431818182	0.788529545454545		1
000004:	0.426428409090909	0.014756250000000	0.072770454545455	0.486044886363636		1
000005:	0.046166477272727	0.015892045454545	0.032315909090909	0.905625568181818		1
000006:	0.482168750000000	0.058563068181818	0.097147727272727	0.362120454545455		1
000007:	0.038502272727273	0.016751136363636	0.227039772727273	0.717706818181818		1
000008:	0.078877272727273	0.018717045454545	0.104898295454545	0.797507386363636		1
000009:	0.138891477272727	0.024059090909091	0.071179545454545	0.765869886363636		1
000010:	0.055236931818182	0.021689204545455	0.053023295454545	0.870050568181818		1
000011:	0.193702840909091	0.200848295454545	0.189788068181818	0.415660795454545		1
000012:	0.165297159090909	0.537019318181818	0.026565909090909	0.271117613636364		1
000013:	0.200809659090909	0.685669318181818	0.023542045454545	0.089978977272727		1
000014:	0.893936363636364	0.048162500000000	0.020465340909091	0.037435795454545		1
000015:	0.154667045454545	0.103674431818182	0.031134090909091	0.710524431818182		1
000016:	0.903189772727273	0.032019886363636	0.012588068181818	0.052202272727273		1
000017:	0.096874431818182	0.129055113636364	0.021902840909091	0.752167613636364		1
000018:	0.065727272727273	0.834290340909091	0.017526704545455	0.082455681818182		1
000019:	0.043822727272727	0.284303409090909	0.021794318181818	0.650079545454545		1
000020:	0.298805113636364	0.179193750000000	0.053834659090909	0.468166477272727		1
000021:	0.025740340909091	0.718650568181818	0.093156250000000	0.162452840909091		1
000022:	0.061853977272727	0.329589204545455	0.024055681818182	0.584501136363636		1
000023:	0.081275568181818	0.581022727272727	0.074588068181818	0.263113636363636		1
000024:	0.876628977272727	0.072679545454545	0.015121022727273	0.035570454545455		1
000025:	0.159364772727273	0.673465340909091	0.026144318181818	0.141025568181818		1
000026:	0.036807386363636	0.656989772727273	0.023128977272727	0.283073863636364		1
000027:	0.091450568181818	0.821730681818182	0.013949431818182	0.072869318181818		1
000028:	0.051045454545455	0.178814772727273	0.188277840909091	0.581861931818182		1
000029:	0.142544318181818	0.422557954545455	0.054008522727273	0.380889204545455		1
000030:	0.145944318181818	0.344118750000000	0.068526136363636	0.441410795454545		1
000031:	0.034775000000000	0.904036931818182	0.020319886363636	0.040868181818182		1
000032:	0.068701704545455	0.717527272727273	0.038027840909091	0.175743181818182		1
000033:	0.054680681818182	0.462025000000000	0.096347727272727	0.386946590909091		1
000034:	0.897697727272727	0.057214772727273	0.016696590909091	0.028390909090909		1
000035:	0.031970454545455	0.791081818181818	0.095576136363636	0.081371590909091		1
000036:	0.095506250000000	0.250350568181818	0.068487500000000	0.585655681818182		1
000037:	0.114808522727273	0.622708522727273	0.017465909090909	0.245017045454545		1
000038:	0.136689772727273	0.370640909090909	0.305563636363636	0.187105681818182		1
000039:	0.118097727272727	0.699947727272727	0.031976136363636	0.149978409090909		1
000040:	0.843819318181818	0.083953977272727	0.017630681818182	0.054596022727273		1
000041:	0.191987500000000	0.574521022727273	0.035566477272727	0.197925000000000		1
000042:	0.002401136363636	0.669239772727273	0.326873295454545	0.001485795454545		1
000043:	0.112676136363636	0.142596022727273	0.029977840909091	0.714750000000000		1
000044:	0.087007954545455	0.342336363636364	0.030513068181818	0.540142613636364		1
000045:	0.030800000000000	0.803284659090909	0.016250000000000	0.149665340909091		1
000046:	0.059504545454545	0.704584659090909	0.120062500000000	0.115848295454545		1
000047:	0.170059090909091	0.437205113636364	0.117814772727273	0.274921022727273		1
000048:	0.040764772727273	0.056951704545455	0.037572159090909	0.864711363636364		1
000049:	0.052688068181818	0.097794886363636	0.030125000000000	0.819392045454545		1
000050:	0.344627840909091	0.250926704545455	0.073603409090909	0.330842045454545		1
000051:	0.856093181818182	0.022029545454545	0.019992613636364	0.101884659090909		1
000052:	0.861660227272727	0.020305681818182	0.022300568181818	0.095733522727273		1
000053:	0.182940909090909	0.282621590909091	0.053534090909091	0.480903409090909		1
000054:	0.079176704545455	0.746455113636364	0.052280681818182	0.122087500000000		1
000055:	0.181069886363636	0.054243750000000	0.039684090909091	0.725002272727273		1
000056:	0.111835227272727	0.152681250000000	0.045351136363636	0.690132386363636		1
000057:	0.118585795454545	0.276177272727273	0.053344886363636	0.551892045454545		1
000058:	0.022026704545455	0.232401704545455	0.033288068181818	0.712283522727273		1
000059:	0.019576704545455	0.606582386363636	0.026110227272727	0.347730681818182		1
000060:	0.054871590909091	0.066417045454545	0.022165340909091	0.856546022727273		1
000061:	0.047503409090909	0.075107386363636	0.025050568181818	0.852338636363636		1
000062:	0.882501136363636	0.023327840909091	0.023853977272727	0.070317045454545		1
000063:	0.872460795454545	0.023163636363636	0.033236931818182	0.071138636363636		1
000064:	0.798332386363636	0.014760227272727	0.108678977272727	0.078228409090909		1
000065:	0.047378977272727	0.053161363636364	0.052942613636364	0.846517045454545		1
000066:	0.020809659090909	0.317592045454545	0.651090340909091	0.010507954545455		1
000067:	0.832772727272727	0.022740340909091	0.035093750000000	0.109393181818182		1
000068:	0.026632954545455	0.334800000000000	0.026692613636364	0.611874431818182		1
000069:	0.053849431818182	0.237325568181818	0.022564772727273	0.686260227272727		1
000070:	0.326252272727273	0.256476136363636	0.076464204545455	0.340807386363636		1
000071:	0.030764204545455	0.462503977272727	0.043510795454545	0.463221022727273		1
000072:	0.106235795454545	0.065225000000000	0.051284090909091	0.777255113636364		1
000073:	0.069322727272727	0.083846590909091	0.033710795454545	0.813119886363636		1
000074:	0.158440909090909	0.729842045454545	0.034826704545455	0.076890340909091		1
000075:	0.059359090909091	0.426360795454545	0.046013636363636	0.468266477272727		1
000076:	0.023786931818182	0.351702840909091	0.445014772727273	0.179495454545455		1
000077:	0.078259090909091	0.259931250000000	0.306230113636364	0.355579545454545		1
000078:	0.071611931818182	0.079848295454545	0.082479545454545	0.766060227272727		1
000079:	0.048698295454545	0.513579545454545	0.057277272727273	0.380444886363636		1
000080:	0.015670454545455	0.712905113636364	0.049774431818182	0.221650000000000		1
000081:	0.026248295454545	0.044965909090909	0.033141477272727	0.895644318181818		1
000082:	0.045301136363636	0.038261931818182	0.038927272727273	0.877509659090909		1
000083:	0.018988636363636	0.126670454545455	0.042961363636364	0.811379545454545		1
000084:	0.921861931818182	0.029735795454545	0.025006250000000	0.023396022727273		1
000085:	0.090946022727273	0.329772159090909	0.062942045454545	0.516339772727273		1
000086:	0.415001136363636	0.237259659090909	0.061976136363636	0.285763068181818		1
000087:	0.032790909090909	0.097825000000000	0.016567613636364	0.852816477272727		1
000088:	0.034314204545455	0.698571022727273	0.035609090909091	0.231505681818182		1
000089:	0.054169886363636	0.681099431818182	0.063946590909091	0.200784090909091		1
000090:	0.108864204545455	0.751490909090909	0.040242613636364	0.099402272727273		1
000091:	0.035593750000000	0.724444318181818	0.176005113636364	0.063956818181818		1
000092:	0.043356250000000	0.200463636363636	0.037474431818182	0.718705681818182		1
000093:	0.076649431818182	0.405631818181818	0.098585795454545	0.419132954545455		1
000094:	0.042136363636364	0.509743750000000	0.050247727272727	0.397872159090909		1
000095:	0.085273863636364	0.053026136363636	0.041022727272727	0.820677272727273		1
000096:	0.896260227272727	0.024817045454545	0.015334659090909	0.063588068181818		1
000097:	0.028267613636364	0.490101136363636	0.018230681818182	0.463400568181818		1
000098:	0.012393181818182	0.170696022727273	0.017163068181818	0.799747727272727		1
000099:	0.360771022727273	0.226998863636364	0.045705681818182	0.366524431818182		1
000100:	0.640451704545455	0.057556818181818	0.025102272727273	0.276889204545455		1
000101:	0.064030681818182	0.369568181818182	0.022418750000000	0.543982386363636		1
000102:	0.178598863636364	0.294368750000000	0.053588636363636	0.473443750000000		1
000103:	0.046485227272727	0.418763636363636	0.086726704545455	0.448024431818182		1
000104:	0.573223295454545	0.053079545454545	0.027662500000000	0.346034659090909		1
000105:	0.152237500000000	0.617469318181818	0.020911363636364	0.209381818181818		1
000106:	0.039935227272727	0.495619318181818	0.032002840909091	0.432442613636364		1
000107:	0.379894886363636	0.165242045454545	0.023319886363636	0.431543181818182		1
000108:	0.753917613636364	0.131543750000000	0.023334659090909	0.091203977272727		1
000109:	0.057753977272727	0.457251136363636	0.041681818181818	0.443313068181818		1
000110:	0.122085795454545	0.710974431818182	0.111381250000000	0.055558522727273		1
000111:	0.394048863636364	0.138363636363636	0.108427840909091	0.359159659090909		1
000112:	0.123205113636364	0.685072727272727	0.045841477272727	0.145880681818182		1
000113:	0.083890909090909	0.084760795454545	0.034721022727273	0.796627272727273		1
000114:	0.038733522727273	0.514509659090909	0.236654545454545	0.210102272727273		1
000115:	0.090181818181818	0.346288636363636	0.055923863636364	0.507605681818182		1
000116:	0.334570454545455	0.082520454545455	0.051442045454545	0.531467045454545		1
000117:	0.076677272727273	0.439513636363636	0.080045454545455	0.403763636363636		1
000118:	0.187253977272727	0.062364772727273	0.092627840909091	0.657753409090909		1
000119:	0.144674431818182	0.494479545454545	0.024320454545455	0.336525568181818		1
000120:	0.106519318181818	0.050725568181818	0.021028977272727	0.821726136363636		1
000121:	0.398890340909091	0.006053977272727	0.001398863636364	0.593656818181818		1
000122:	0.051872159090909	0.148578409090909	0.015636363636364	0.783913068181818		1
000123:	0.033322159090909	0.094543750000000	0.066371022727273	0.805763068181818		1
000124:	0.027495454545455	0.538872159090909	0.156516477272727	0.277115909090909		1
000125:	0.133623863636364	0.064596590909091	0.327339204545455	0.474440340909091		1
000126:	0.030967045454545	0.046338068181818	0.863427272727273	0.059267613636364		1
000127:	0.152704545454545	0.204978409090909	0.052739204545455	0.589577840909091		1
000128:	0.047934659090909	0.076169318181818	0.044001704545455	0.831894318181818		1
000129:	0.020848295454545	0.790832386363636	0.022237500000000	0.166081818181818		1
000130:	0.071648863636364	0.131206818181818	0.078415340909091	0.718728977272727		1
000131:	0.052929545454545	0.328872727272727	0.029563636363636	0.588634090909091		1
000132:	0.591105681818182	0.066282954545455	0.025880113636364	0.316731250000000		1
000133:	0.048669318181818	0.362282386363636	0.322331250000000	0.266717045454545		1
000134:	0.074200568181818	0.420715340909091	0.062853977272727	0.442230113636364		1
000135:	0.017086931818182	0.840363636363636	0.020811931818182	0.121737500000000		1
000136:	0.072911363636364	0.117100000000000	0.050923295454545	0.759065340909091		1
000137:	0.044523295454545	0.811271590909091	0.020839772727273	0.123365340909091		1
000138:	0.040725000000000	0.216493750000000	0.090314204545455	0.652467045454545		1
000139:	0.055532386363636	0.268525000000000	0.062780681818182	0.613161931818182		1
000140:	0.063660227272727	0.830552840909091	0.025480113636364	0.080306818181818		1
000141:	0.628073863636364	0.053371590909091	0.157455113636364	0.161099431818182		1
000142:	0.060288636363636	0.439107386363636	0.021567613636364	0.479036363636364		1
000143:	0.043652840909091	0.099125568181818	0.026843181818182	0.830378409090909		1
000144:	0.177869886363636	0.164989204545455	0.024119886363636	0.633021022727273		1
000145:	0.828168750000000	0.053645454545455	0.020752272727273	0.097433522727273		1
000146:	0.100048863636364	0.360618750000000	0.033178409090909	0.506153977272727		1
000147:	0.070811363636364	0.072060795454545	0.044100568181818	0.813027272727273		1
000148:	0.025803977272727	0.054043181818182	0.035382386363636	0.884770454545455		1
000149:	0.084420454545455	0.334883522727273	0.078145454545455	0.502550568181818		1
000150:	0.061206250000000	0.783126136363636	0.019394886363636	0.136272727272727		1
000151:	0.225332386363636	0.128547727272727	0.081288068181818	0.564831818181818		1
000152:	0.103198295454545	0.274398295454545	0.056877272727273	0.565526136363636		1
000153:	0.101200568181818	0.467909090909091	0.022246022727273	0.408644318181818		1
000154:	0.520286363636364	0.046651704545455	0.025709659090909	0.407352272727273		1
000155:	0.337926136363636	0.198505113636364	0.035848295454545	0.427720454545455		1
000156:	0.363766477272727	0.197262500000000	0.029168181818182	0.409802840909091		1
000157:	0.900911931818182	0.010145454545455	0.036069886363636	0.052872727272727		1
000158:	0.136659090909091	0.076126704545455	0.462108522727273	0.325105681818182		1
000159:	0.548889772727273	0.160373863636364	0.197190340909091	0.093546022727273		1
000160:	0.042174431818182	0.013182954545455	0.887042045454545	0.057600568181818		1
000161:	0.145746022727273	0.032825568181818	0.625773863636364	0.195654545454545		1
000162:	0.018782954545455	0.517468750000000	0.317766477272727	0.145981818181818		1
000163:	0.035150568181818	0.012834090909091	0.042469886363636	0.909545454545455		1
000164:	0.754435227272727	0.008656818181818	0.091710227272727	0.145197727272727		1
000165:	0.064872159090909	0.020069318181818	0.101191477272727	0.813867045454545		1
000166:	0.040348295454545	0.011899431818182	0.042771590909091	0.904980681818182		1
000167:	0.049971590909091	0.040250000000000	0.105402272727273	0.804376136363636		1
000168:	0.277854545454545	0.149527840909091	0.033677840909091	0.538939772727273		1
000169:	0.030826704545455	0.071129545454545	0.019439772727273	0.878603977272727		1
000170:	0.018744318181818	0.037096590909091	0.023132954545455	0.921026136363636		1
000171:	0.630894318181818	0.074605681818182	0.034844318181818	0.259655681818182		1
000172:	0.051346022727273	0.184572727272727	0.067183522727273	0.696897727272727		1
000173:	0.028564772727273	0.051398863636364	0.033640340909091	0.886396022727273		1
000174:	0.033525568181818	0.379800568181818	0.018713068181818	0.567960795454545		1
000175:	0.927060227272727	0.027183522727273	0.006664772727273	0.039091477272727		1
000176:	0.092505113636364	0.275004545454545	0.077577840909091	0.554912500000000		1
000177:	0.098028409090909	0.192586931818182	0.018523863636364	0.690860795454545		1
000178:	0.142665340909091	0.179587500000000	0.013929545454545	0.663817613636364		1
000179:	0.870431250000000	0.038213636363636	0.008984090909091	0.082371022727273		1
000180:	0.914181250000000	0.032225000000000	0.007572727272727	0.046021022727273		1
000181:	0.439502840909091	0.002167613636364	0.555271590909091	0.003057954545455		1
000182:	0.164259090909091	0.524927272727273	0.028668750000000	0.282144886363636		1
000183:	0.856384659090909	0.030014772727273	0.016740909090909	0.096859659090909		1
000184:	0.135273295454545	0.279234659090909	0.037879545454545	0.547612500000000		1
000185:	0.074389204545455	0.707999431818182	0.045720454545455	0.171890909090909		1
000186:	0.779961931818182	0.119717045454545	0.032593181818182	0.067727840909091		1
000187:	0.866658522727273	0.053003977272727	0.015848863636364	0.064488636363636		1
000188:	0.322098863636364	0.104247159090909	0.153754545454545	0.419899431818182		1
000189:	0.035552272727273	0.035576136363636	0.014460795454545	0.914410795454545		1
000190:	0.029229545454545	0.095760227272727	0.031306818181818	0.843703409090909		1
000191:	0.037028409090909	0.107022159090909	0.020523295454545	0.835426136363636		1
000192:	0.095581250000000	0.589927840909091	0.070801136363636	0.243689772727273		1
000193:	0.156482954545455	0.522990340909091	0.045071590909091	0.275455113636364		1
000194:	0.089381250000000	0.340307386363636	0.047699431818182	0.522611931818182		1
000195:	0.046146590909091	0.267851704545455	0.016089772727273	0.669911931818182		1
000196:	0.215769318181818	0.019951704545455	0.389532954545455	0.374746022727273		1
000197:	0.069901136363636	0.034281818181818	0.058216477272727	0.837600568181818		1
000198:	0.090957954545455	0.497243181818182	0.171304545454545	0.240494318181818		1
000199:	0.093966477272727	0.028286363636364	0.210640340909091	0.667106818181818		1
000200:	0.063939772727273	0.041744886363636	0.249317045454545	0.644998295454545		1
000201:	0.878718181818182	0.010015340909091	0.037715909090909	0.073550568181818		1
000202:	0.172796022727273	0.418011363636364	0.070339772727273	0.338852840909091		1
000203:	0.093945454545455	0.072213636363636	0.030353409090909	0.803487500000000		1
000204:	0.271271590909091	0.062579545454545	0.094260795454545	0.571888068181818		1
000205:	0.485665340909091	0.112978409090909	0.076410227272727	0.324946022727273		1
000206:	0.142464772727273	0.343832954545455	0.068484090909091	0.445218181818182		1
000207:	0.020818181818182	0.371397159090909	0.059166477272727	0.548618181818182		1
000208:	0.241843181818182	0.098942613636364	0.032701704545455	0.626512500000000		1
000209:	0.610411363636364	0.072239204545455	0.068907954545455	0.248441477272727		1
000210:	0.262122159090909	0.114664204545455	0.046147159090909	0.577066477272727		1
000211:	0.069648295454545	0.035522159090909	0.051553409090909	0.843276136363636		1
000212:	0.226871590909091	0.046818750000000	0.303261931818182	0.423047727272727		1
000213:	0.413228409090909	0.029255681818182	0.090746022727273	0.466769886363636		1
000214:	0.056653977272727	0.047025000000000	0.171234659090909	0.725086363636364		1
000215:	0.083028977272727	0.177044886363636	0.239854545454545	0.500071590909091		1
000216:	0.437490909090909	0.035228977272727	0.192964204545455	0.334315909090909		1
000217:	0.146240340909091	0.038930113636364	0.431802840909091	0.383026704545455		1
000218:	0.171501136363636	0.020130113636364	0.165617613636364	0.642751136363636		1
000219:	0.015285227272727	0.001868750000000	0.911989204545455	0.070856818181818		1
000220:	0.282609090909091	0.020385795454545	0.195734090909091	0.501271022727273		1
000221:	0.138735795454545	0.016782954545455	0.113169886363636	0.731311363636364		1
000222:	0.754772159090909	0.012702840909091	0.101913068181818	0.130611931818182		1
000223:	0.333389204545455	0.193051704545455	0.148727272727273	0.324831818181818		1
000224:	0.071385227272727	0.780691477272727	0.066407954545455	0.081515340909091		1
000225:	0.039095454545455	0.802150568181818	0.056955113636364	0.101798863636364		1
000226:	0.155178409090909	0.391697727272727	0.259306250000000	0.193817613636364		1
000227:	0.037043181818182	0.786128977272727	0.114257954545455	0.062569886363636		1
000228:	0.029223863636364	0.587965340909091	0.358582954545455	0.024227840909091		1
000229:	0.034693181818182	0.492153409090909	0.157271590909091	0.315881818181818		1
000230:	0.065013636363636	0.047472727272727	0.856514204545455	0.030999431818182		1
000231:	0.029659090909091	0.632562500000000	0.187376136363636	0.150402272727273		1
000232:	0.261428409090909	0.163267045454545	0.432776136363636	0.142528409090909		1
000233:	0.031960795454545	0.791069318181818	0.114398863636364	0.062571022727273		1
000234:	0.019488068181818	0.877887500000000	0.063775000000000	0.038849431818182		1
000235:	0.055313636363636	0.883660227272727	0.035560795454545	0.025465340909091		1
000236:	0.246964772727273	0.323894318181818	0.395983522727273	0.033157386363636		1
000237:	0.026473295454545	0.880419318181818	0.048073863636364	0.045033522727273		1
000238:	0.777321590909091	0.089092613636364	0.058408522727273	0.075177272727273		1
000239:	0.090807386363636	0.609512500000000	0.179860227272727	0.119819886363636		1
000240:	0.026770454545455	0.172452840909091	0.773457386363636	0.027319318181818		1
000241:	0.323723863636364	0.495414772727273	0.115183522727273	0.065677840909091		1
000242:	0.030133522727273	0.880012500000000	0.062103409090909	0.027750568181818		1
000243:	0.032515909090909	0.403552272727273	0.534997727272727	0.028934090909091		1
000244:	0.074518181818182	0.262550568181818	0.367056818181818	0.295874431818182		1
000245:	0.023051136363636	0.302409090909091	0.319732386363636	0.354807386363636		1
000246:	0.039200000000000	0.821930113636364	0.080144318181818	0.058725568181818		1
000247:	0.040976704545455	0.659229545454545	0.181207386363636	0.118586363636364		1
000248:	0.039165909090909	0.119663068181818	0.539649431818182	0.301521590909091		1
000249:	0.023928409090909	0.761594318181818	0.186301136363636	0.028176136363636		1
000250:	0.039793181818182	0.850170454545455	0.059876136363636	0.050160227272727		1
000251:	0.036920454545455	0.677207386363636	0.225072159090909	0.060800000000000		1
000252:	0.182844886363636	0.228478409090909	0.549363068181818	0.039313636363636		1
000253:	0.049308522727273	0.658501704545455	0.263527840909091	0.028661931818182		1
000254:	0.071150000000000	0.360517613636364	0.513079545454545	0.055252840909091		1
000255:	0.066028977272727	0.510560795454545	0.308432386363636	0.114977840909091		1
000256:	0.036169318181818	0.263126136363636	0.193003409090909	0.507701136363636		1
000257:	0.610597727272727	0.058113636363636	0.268144886363636	0.063143750000000		1
000258:	0.036676136363636	0.090696590909091	0.067221022727273	0.805406250000000		1
000259:	0.899733522727273	0.047507386363636	0.029475000000000	0.023284090909091		1
000260:	0.047358522727273	0.483585795454545	0.428733522727273	0.040322159090909		1
000261:	0.173870454545455	0.447165340909091	0.301930113636364	0.077034090909091		1
000262:	0.407592045454545	0.196396590909091	0.350864772727273	0.045146590909091		1
000263:	0.086642613636364	0.087022159090909	0.111269318181818	0.715065909090909		1
000264:	0.839596590909091	0.032368750000000	0.094265909090909	0.033768750000000		1
000265:	0.111064204545455	0.061368750000000	0.144314772727273	0.683252272727273		1
000266:	0.115306250000000	0.454485795454545	0.167414204545455	0.262793750000000		1
000267:	0.024896590909091	0.690966477272727	0.224186363636364	0.059950568181818		1
000268:	0.125261931818182	0.132679545454545	0.221975000000000	0.520083522727273		1
000269:	0.043078409090909	0.855303977272727	0.039256250000000	0.062361363636364		1
000270:	0.869785795454545	0.030642045454545	0.043738636363636	0.055833522727273		1
000271:	0.126526136363636	0.646302840909091	0.203438068181818	0.023732954545455		1
000272:	0.143196022727273	0.445673863636364	0.354011931818182	0.057118181818182		1
000273:	0.404808522727273	0.418844318181818	0.092108522727273	0.084238636363636		1
000274:	0.070526136363636	0.514393750000000	0.357118181818182	0.057961931818182		1
000275:	0.075623863636364	0.529586931818182	0.137633522727273	0.257155681818182		1
000276:	0.848217613636364	0.054303409090909	0.076896590909091	0.020582386363636		1
000277:	0.066944318181818	0.806811363636364	0.091720454545455	0.034523863636364		1
000278:	0.043474431818182	0.312355681818182	0.155859659090909	0.488310227272727		1
000279:	0.016741477272727	0.902448295454545	0.044426704545455	0.036383522727273		1
000280:	0.172377272727273	0.310430113636364	0.409518750000000	0.107673863636364		1
000281:	0.465646022727273	0.448326704545455	0.050823295454545	0.035203977272727		1
000282:	0.118535227272727	0.623030113636364	0.171591477272727	0.086843181818182		1
000283:	0.882728409090909	0.022227272727273	0.071427272727273	0.023617045454545		1
000284:	0.087161363636364	0.565968750000000	0.278132386363636	0.068737500000000		1
000285:	0.033967045454545	0.828092613636364	0.079462500000000	0.058477840909091		1
000286:	0.235394886363636	0.638335227272727	0.093332954545455	0.032936931818182		1
000287:	0.175734090909091	0.706984659090909	0.074091477272727	0.043189772727273		1
000288:	0.260382954545455	0.378651136363636	0.234296590909091	0.126669318181818		1
000289:	0.132804545454545	0.043125568181818	0.118490340909091	0.705579545454545		1
000290:	0.211296590909091	0.039836931818182	0.638248295454545	0.110618181818182		1
000291:	0.071766477272727	0.035679545454545	0.039854545454545	0.852699431818182		1
000292:	0.044812500000000	0.058278409090909	0.312431818181818	0.584477272727273		1
000293:	0.051212500000000	0.024432386363636	0.043944886363636	0.880410227272727		1
000294:	0.124367613636364	0.041531250000000	0.038119886363636	0.795981250000000		1
000295:	0.039532954545455	0.056901704545455	0.034357386363636	0.869207954545455		1
000296:	0.450726704545455	0.060325000000000	0.051299431818182	0.437648863636364		1
000297:	0.213173295454545	0.050415909090909	0.102100568181818	0.634310227272727		1
000298:	0.071600000000000	0.811628409090909	0.038527840909091	0.078243750000000		1
000299:	0.066632386363636	0.109842613636364	0.071623295454545	0.751901704545455		1
000300:	0.253407386363636	0.141446022727273	0.172915340909091	0.432231250000000		1
000301:	0.036232954545455	0.046598295454545	0.054600568181818	0.862568181818182		1
000302:	0.865689772727273	0.021740909090909	0.076488068181818	0.036081250000000		1
000303:	0.890897727272727	0.023315909090909	0.049371022727273	0.036415340909091		1
000304:	0.024113068181818	0.027759090909091	0.137132386363636	0.810995454545455		1
000305:	0.212150000000000	0.050034090909091	0.659603409090909	0.078212500000000		1
000306:	0.770475568181818	0.060003409090909	0.101346022727273	0.068175000000000		1
000307:	0.075871590909091	0.018176136363636	0.847327272727273	0.058625000000000		1
000308:	0.075314772727273	0.020776704545455	0.113398863636364	0.790509659090909		1
000309:	0.081300000000000	0.141671022727273	0.082147727272727	0.694881250000000		1
000310:	0.895210795454545	0.026657954545455	0.021007954545455	0.057123295454545		1
000311:	0.152142613636364	0.113339204545455	0.269694318181818	0.464823863636364		1
000312:	0.041070454545455	0.751719886363636	0.078456250000000	0.128753409090909		1
000313:	0.048416477272727	0.792332954545454	0.061247159090909	0.098003409090909		1
000314:	0.071493181818182	0.783834659090909	0.080739772727273	0.063932386363636		1
000315:	0.027880113636364	0.759846022727273	0.067956250000000	0.144317613636364		1
000316:	0.061501136363636	0.089002840909091	0.088559090909091	0.760936931818182		1
000317:	0.029060795454545	0.611228409090909	0.136656250000000	0.223054545454545		1
000318:	0.145505681818182	0.039156250000000	0.250588068181818	0.564750000000000		1
000319:	0.879992613636364	0.016557386363636	0.041601136363636	0.061848863636364		1
000320:	0.390831818181818	0.107262500000000	0.222570454545455	0.279335227272727		1
000321:	0.089689204545455	0.033474431818182	0.227872727272727	0.648963636363636		1
000322:	0.199070454545455	0.026626704545455	0.656842045454545	0.117460795454545		1
000323:	0.109132954545455	0.456350000000000	0.174552840909091	0.259964204545455		1
000324:	0.191998863636364	0.031003977272727	0.491591477272727	0.285405681818182		1
000325:	0.806176704545455	0.024047727272727	0.136042045454545	0.033733522727273		1
000326:	0.073321022727273	0.074470454545455	0.570591477272727	0.281617045454545		1
000327:	0.072835795454545	0.051552840909091	0.337032954545455	0.538578409090909		1
000328:	0.043068750000000	0.019734090909091	0.884786363636364	0.052410795454545		1
000329:	0.100735795454545	0.087775000000000	0.308917613636364	0.502571590909091		1
000330:	0.122131250000000	0.032580113636364	0.789864204545455	0.055424431818182		1
000331:	0.041847727272727	0.029394886363636	0.866294318181818	0.062463068181818		1
000332:	0.881457954545455	0.016142613636364	0.044168750000000	0.058230681818182		1
000333:	0.898853409090909	0.020975000000000	0.036313068181818	0.043858522727273		1
000334:	0.901666477272727	0.016335795454545	0.043071590909091	0.038926136363636		1
000335:	0.053017613636364	0.093217045454545	0.166406818181818	0.687358522727273		1
000336:	0.873739204545455	0.012934659090909	0.077641477272727	0.035684659090909		1
000337:	0.162723863636364	0.070713068181818	0.571064204545455	0.195498863636364		1
000338:	0.128382386363636	0.020698863636364	0.072415909090909	0.778502840909091		1
000339:	0.135884659090909	0.026828409090909	0.551321590909091	0.285965340909091		1
000340:	0.821222159090909	0.010308522727273	0.088319886363636	0.080149431818182		1
000341:	0.040381250000000	0.023798295454545	0.081421590909091	0.854398863636364		1
000342:	0.080553977272727	0.021602840909091	0.344726136363636	0.553117045454545		1
000343:	0.123414772727273	0.032668750000000	0.115325000000000	0.728591477272727		1
000344:	0.020061931818182	0.024190909090909	0.882928409090909	0.072818750000000		1
000345:	0.042569318181818	0.016188636363636	0.886159659090909	0.055082386363636		1
000346:	0.046193750000000	0.017571022727273	0.286124431818182	0.650110795454545		1
000347:	0.038126136363636	0.015089204545455	0.343919886363636	0.602864772727273		1
000348:	0.196182954545455	0.023435227272727	0.440459090909091	0.339922727272727		1
000349:	0.194478977272727	0.059503977272727	0.602124431818182	0.143892613636364		1
000350:	0.060709659090909	0.019690909090909	0.544922159090909	0.374677272727273		1
000351:	0.027841477272727	0.028198863636364	0.736741477272727	0.207218181818182		1
000352:	0.127033522727273	0.037501136363636	0.135607386363636	0.699857954545455		1
000353:	0.812902840909091	0.013535795454545	0.044626136363636	0.128935227272727		1
000354:	0.647757954545455	0.015477272727273	0.105645454545455	0.231119318181818		1
000355:	0.216061931818182	0.037070454545455	0.433908522727273	0.312959090909091		1
000356:	0.283175000000000	0.459036931818182	0.127775568181818	0.130012500000000		1
000357:	0.035587500000000	0.816784090909091	0.094282386363636	0.053346022727273		1
000358:	0.076777840909091	0.556694318181818	0.171872159090909	0.194655681818182		1
000359:	0.073599431818182	0.487830113636364	0.319748295454545	0.118822159090909		1
000360:	0.083340340909091	0.096354545454545	0.080215909090909	0.740089204545455		1
000361:	0.060238636363636	0.810729545454545	0.089060795454545	0.039971022727273		1
000362:	0.187015340909091	0.071457386363636	0.623607386363636	0.117919886363636		1
000363:	0.025144886363636	0.078202840909091	0.034807386363636	0.861844886363636		1
000364:	0.037550568181818	0.555716477272727	0.191392613636364	0.215340340909091		1
000365:	0.066150000000000	0.227764772727273	0.307389772727273	0.398695454545455		1
000366:	0.026629545454545	0.848357954545455	0.059006250000000	0.066006250000000		1
000367:	0.026624431818182	0.585069318181818	0.064028977272727	0.324277272727273		1
000368:	0.045593181818182	0.714834659090909	0.054571022727273	0.185001136363636		1
000369:	0.141998863636364	0.302057954545455	0.134025568181818	0.421917613636364		1
000370:	0.519128409090909	0.114635795454545	0.103230681818182	0.263005113636364		1
000371:	0.035177272727273	0.049477840909091	0.130201136363636	0.785143750000000		1
000372:	0.023419318181818	0.182379545454545	0.035106250000000	0.759094886363636		1
000373:	0.092983522727273	0.422903977272727	0.218654545454545	0.265457954545455		1
000374:	0.053697727272727	0.133657954545455	0.057310795454545	0.755333522727273		1
000375:	0.697264204545455	0.030996022727273	0.182897727272727	0.088842045454545		1
000376:	0.111297727272727	0.264449431818182	0.063507386363636	0.560745454545455		1
000377:	0.852859659090909	0.024271022727273	0.077480681818182	0.045388636363636		1
000378:	0.062251704545455	0.867694886363636	0.029165340909091	0.040888068181818		1
000379:	0.014285227272727	0.911442613636364	0.022302840909091	0.051969318181818		1
000380:	0.102599431818182	0.674571590909091	0.059750000000000	0.163078977272727		1
000381:	0.017968181818182	0.907894886363636	0.034277840909091	0.039859090909091		1
000382:	0.092496022727273	0.457950000000000	0.064570454545455	0.384983522727273		1
000383:	0.090205681818182	0.321215909090909	0.089742613636364	0.498835795454545		1
000384:	0.040754545454545	0.401660227272727	0.078446590909091	0.479138636363636		1
000385:	0.025177272727273	0.190838636363636	0.372222159090909	0.411761931818182		1
000386:	0.030977840909091	0.859296590909091	0.053832386363636	0.055893181818182		1
000387:	0.069643750000000	0.271270454545455	0.071282386363636	0.587803409090909		1
000388:	0.085088068181818	0.526615909090909	0.281362500000000	0.106933522727273		1
000389:	0.021749431818182	0.252909659090909	0.128634659090909	0.596706250000000		1
000390:	0.198470454545455	0.065498295454545	0.563290340909091	0.172740909090909		1
000391:	0.020394886363636	0.470300568181818	0.077973295454545	0.431331250000000		1
000392:	0.044669318181818	0.821539204545455	0.104126136363636	0.029665340909091		1
000393:	0.080583522727273	0.644352272727273	0.064818750000000	0.210245454545455		1
000394:	0.067577272727273	0.447439204545455	0.044507386363636	0.440476136363636		1
000395:	0.062688636363636	0.104085227272727	0.036185227272727	0.797040909090909		1
000396:	0.034002840909091	0.279171590909091	0.194580113636364	0.492245454545455		1
000397:	0.015061931818182	0.150167613636364	0.036424431818182	0.798346022727273		1
000398:	0.043144318181818	0.297427840909091	0.120974431818182	0.538453409090909		1
000399:	0.131421022727273	0.808999431818182	0.038647159090909	0.020932386363636		1
000400:	0.041781818181818	0.585629545454545	0.063406250000000	0.309182386363636		1
000401:	0.041832954545455	0.774203409090909	0.046523863636364	0.137439772727273		1
000402:	0.068875000000000	0.380111363636364	0.042402272727273	0.508611363636364		1
000403:	0.094754545454545	0.447544318181818	0.136492045454545	0.321209090909091		1
000404:	0.047444318181818	0.514810227272727	0.211779545454545	0.225965909090909		1
000405:	0.054114204545455	0.407275000000000	0.029557386363636	0.509053409090909		1
000406:	0.071151136363636	0.064897727272727	0.040807954545455	0.823143181818182		1
000407:	0.025190909090909	0.096628977272727	0.026100568181818	0.852079545454545		1
000408:	0.034027272727273	0.617915909090909	0.260988636363636	0.087068181818182		1
000409:	0.890017045454545	0.038585227272727	0.025972159090909	0.045425568181818		1
000410:	0.889321590909091	0.034084659090909	0.031107386363636	0.045486363636364		1
000411:	0.895919318181818	0.041842045454545	0.030965340909091	0.031273295454545		1
000412:	0.042064204545455	0.851669318181818	0.051336931818182	0.054929545454545		1
000413:	0.027887500000000	0.315121022727273	0.104216477272727	0.552775000000000		1
000414:	0.098192613636364	0.783849431818182	0.041194318181818	0.076763636363636		1
000415:	0.134486931818182	0.480963636363636	0.361702840909091	0.022846590909091		1
000416:	0.022081250000000	0.918361931818182	0.036701136363636	0.022855681818182		1
000417:	0.063152272727273	0.524817045454545	0.151260227272727	0.260770454545455		1
000418:	0.051955113636364	0.774106250000000	0.065828977272727	0.108109659090909		1
000419:	0.023582954545455	0.899142613636364	0.045723863636364	0.031550568181818		1
000420:	0.115920454545455	0.078445454545455	0.541192045454545	0.264442045454545		1
000421:	0.154060227272727	0.701563636363636	0.054011363636364	0.090364772727273		1
000422:	0.257688636363636	0.526994886363636	0.109661931818182	0.105654545454545		1
000423:	0.193457954545455	0.067289204545455	0.660186363636364	0.079066477272727		1
000424:	0.025025000000000	0.921811363636364	0.029738636363636	0.023425000000000		1
000425:	0.072645454545455	0.804615909090909	0.074528977272727	0.048209659090909		1
000426:	0.045199431818182	0.245200568181818	0.690168750000000	0.019431250000000		1
000427:	0.134171022727273	0.645460795454545	0.075274431818182	0.145093750000000		1
000428:	0.105189204545455	0.494225000000000	0.051466477272727	0.349119318181818		1
000429:	0.112655113636364	0.255201136363636	0.221566477272727	0.410577272727273		1
000430:	0.074827272727273	0.585600000000000	0.249725568181818	0.089847159090909		1
000431:	0.061332954545455	0.737956818181818	0.072857954545455	0.127852272727273		1
000432:	0.092637500000000	0.636394886363636	0.154231818181818	0.116735795454545		1
000433:	0.156692045454545	0.361690340909091	0.353312500000000	0.128305113636364		1
000434:	0.056017613636364	0.607523863636364	0.176952840909091	0.159505681818182		1
000435:	0.275303409090909	0.338173295454545	0.165669886363636	0.220853409090909		1
000436:	0.086920454545455	0.442794318181818	0.423865340909091	0.046419886363636		1
000437:	0.049611363636364	0.734722159090909	0.170789204545455	0.044877272727273		1
000438:	0.091504545454545	0.688194886363636	0.127665340909091	0.092635227272727		1
000439:	0.059534659090909	0.869063068181818	0.041570454545455	0.029831818181818		1
000440:	0.051467045454545	0.880831818181818	0.031800000000000	0.035901136363636		1
000441:	0.045277840909091	0.904284090909091	0.034348863636364	0.016089204545455		1
000442:	0.042951136363636	0.870496022727273	0.043663068181818	0.042889772727273		1
000443:	0.894913636363636	0.046214204545455	0.023498295454545	0.035373863636364		1
000444:	0.016107386363636	0.651089204545454	0.292676704545455	0.040126704545455		1
000445:	0.048286363636364	0.681334659090909	0.058713636363636	0.211665340909091		1
000446:	0.164349431818182	0.242517613636364	0.369504545454545	0.223628409090909		1
000447:	0.031562500000000	0.820721022727273	0.040803409090909	0.106913068181818		1
000448:	0.061183522727273	0.519607386363636	0.074044886363636	0.345164204545455		1
000449:	0.043502272727273	0.387033522727273	0.068577840909091	0.500886363636364		1
000450:	0.863851704545455	0.051315340909091	0.032006818181818	0.052826136363636		1
000451:	0.896489204545455	0.037890909090909	0.019805113636364	0.045814772727273		1
000452:	0.095661363636364	0.146751704545455	0.708172727272727	0.049414204545455		1
000453:	0.019176136363636	0.896889204545455	0.042650568181818	0.041284090909091		1
000454:	0.911099431818182	0.038247727272727	0.031835227272727	0.018817613636364		1
000455:	0.366151136363636	0.069896590909091	0.155444318181818	0.408507954545455		1
000456:	0.042024431818182	0.013483522727273	0.116913068181818	0.827578977272727		1
000457:	0.001332954545455	0.785190340909091	0.211283522727273	0.002193181818182		1
000458:	0.040311931818182	0.052924431818182	0.151591477272727	0.755172159090909		1
000459:	0.074162500000000	0.021632954545455	0.135479545454545	0.768725000000000		1
000460:	0.052164772727273	0.024323863636364	0.046839204545455	0.876672159090909		1
000461:	0.149367045454545	0.044923863636364	0.071809659090909	0.733899431818182		1
000462:	0.203400000000000	0.050237500000000	0.344578409090909	0.401784090909091		1
000463:	0.108342045454545	0.029606250000000	0.577548863636364	0.284502840909091		1
000464:	0.066204545454545	0.052811363636364	0.661290340909091	0.219693750000000		1
000465:	0.053922159090909	0.037005113636364	0.166164772727273	0.742907954545455		1
000466:	0.078518750000000	0.023823295454545	0.049669318181818	0.847988636363636		1
000467:	0.072628409090909	0.020878409090909	0.114212500000000	0.792280681818182		1
000468:	0.064865909090909	0.019806250000000	0.059051704545455	0.856276136363636		1
000469:	0.021962500000000	0.670809659090909	0.058672727272727	0.248555113636364		1
000470:	0.095607954545455	0.730634659090909	0.087539772727273	0.086217613636364		1
000471:	0.089588636363636	0.583811363636364	0.036102272727273	0.290497727272727		1
000472:	0.130969318181818	0.098742613636364	0.706351136363636	0.063936931818182		1
000473:	0.051540909090909	0.081401704545455	0.660253409090909	0.206803977272727		1
000474:	0.423886931818182	0.450427272727273	0.038784659090909	0.086901136363636		1
