Estimated Clustering Probabilities for Samples
Sample	***Cluster  01***	***Cluster  02***	***Cluster  03***	***Cluster  04***	
000001:	0.214255681818182	0.157417045454545	0.621582386363636	0.006744886363636		1
000002:	0.039998863636364	0.063049431818182	0.888474431818182	0.008477272727273		1
000003:	0.043921590909091	0.077120454545455	0.861222159090909	0.017735795454545		1
000004:	0.050082954545455	0.022344318181818	0.918857954545454	0.008714772727273		1
000005:	0.054350568181818	0.028400568181818	0.911356818181818	0.005892045454545		1
000006:	0.077806250000000	0.040723295454545	0.856659659090909	0.024810795454545		1
000007:	0.029502272727273	0.130986931818182	0.828342613636364	0.011168181818182		1
000008:	0.041310227272727	0.036169886363636	0.913878977272727	0.008640909090909		1
000009:	0.050432954545455	0.042320454545455	0.897784659090909	0.009461931818182		1
000010:	0.074413636363636	0.048707954545455	0.869905681818182	0.006972727272727		1
000011:	0.160620454545455	0.078910795454545	0.665457386363636	0.095011363636364		1
000012:	0.509707954545455	0.024003409090909	0.246063068181818	0.220225568181818		1
000013:	0.320742045454545	0.035886363636364	0.165300000000000	0.478071590909091		1
000014:	0.097772159090909	0.035644318181818	0.718474431818182	0.148109090909091		1
000015:	0.199777840909091	0.021048863636364	0.738428977272727	0.040744318181818		1
000016:	0.071169886363636	0.030399431818182	0.843596590909091	0.054834090909091		1
000017:	0.589509659090909	0.059859090909091	0.317137500000000	0.033493750000000		1
000018:	0.584092613636364	0.025212500000000	0.108463068181818	0.282231818181818		1
000019:	0.325407954545455	0.038868750000000	0.476086363636364	0.159636931818182		1
000020:	0.423492613636364	0.045290340909091	0.496889204545455	0.034327840909091		1
000021:	0.814259090909091	0.090118181818182	0.053467613636364	0.042155113636364		1
000022:	0.682463636363636	0.025947159090909	0.234940909090909	0.056648295454545		1
000023:	0.417464204545455	0.098683522727273	0.273230681818182	0.210621590909091		1
000024:	0.258608522727273	0.029426136363636	0.445277272727273	0.266688068181818		1
000025:	0.330463068181818	0.030959090909091	0.178036363636364	0.460541477272727		1
000026:	0.780339772727273	0.023849431818182	0.118678409090909	0.077132386363636		1
000027:	0.763879545454546	0.014837500000000	0.084064204545455	0.137218750000000		1
000028:	0.389770454545455	0.268386363636364	0.297798295454545	0.044044886363636		1
000029:	0.530765909090909	0.050338636363636	0.359011931818182	0.059883522727273		1
000030:	0.234646022727273	0.113946590909091	0.402779545454545	0.248627840909091		1
000031:	0.768423863636364	0.019509659090909	0.069650568181818	0.142415909090909		1
000032:	0.818083522727273	0.035290340909091	0.098194318181818	0.048431818181818		1
000033:	0.655730681818182	0.075449431818182	0.209227272727273	0.059592613636364		1
000034:	0.141906818181818	0.023067045454545	0.771716477272727	0.063309659090909		1
000035:	0.619217045454545	0.188711363636364	0.068361931818182	0.123709659090909		1
000036:	0.477171022727273	0.077985227272727	0.397860227272727	0.046983522727273		1
000037:	0.757772159090909	0.018668750000000	0.159805681818182	0.063753409090909		1
000038:	0.184700568181818	0.237739772727273	0.267284659090909	0.310275000000000		1
000039:	0.620385795454545	0.024153977272727	0.151717045454545	0.203743181818182		1
000040:	0.112294886363636	0.035895454545455	0.663133522727273	0.188676136363636		1
000041:	0.687503409090909	0.024247727272727	0.212946590909091	0.075302272727273		1
000042:	0.516682954545455	0.027067613636364	0.104689204545455	0.351560227272727		1
000043:	0.282731818181818	0.036589772727273	0.645644318181818	0.035034090909091		1
000044:	0.629255681818182	0.026890340909091	0.295483522727273	0.048370454545455		1
000045:	0.830672727272727	0.024638068181818	0.071525000000000	0.073164204545455		1
000046:	0.540621590909091	0.156188068181818	0.150395454545455	0.152794886363636		1
000047:	0.351544886363636	0.089861931818182	0.435881250000000	0.122711931818182		1
000048:	0.078167045454545	0.024994318181818	0.864094886363636	0.032743750000000		1
000049:	0.219017045454545	0.035868750000000	0.699318750000000	0.045795454545455		1
000050:	0.369051704545455	0.046801704545455	0.465232954545455	0.118913636363636		1
000051:	0.044005681818182	0.030368750000000	0.899569318181818	0.026056250000000		1
000052:	0.056909090909091	0.032771022727273	0.892453409090909	0.017866477272727		1
000053:	0.428385795454545	0.040419318181818	0.451149431818182	0.080045454545455		1
000054:	0.332518181818182	0.065553409090909	0.218658522727273	0.383269886363636		1
000055:	0.121535227272727	0.036306818181818	0.811072727272727	0.031085227272727		1
000056:	0.010101136363636	0.350065909090909	0.004648295454545	0.635184659090909		1
000057:	0.520344886363636	0.087277840909091	0.358400568181818	0.033976704545455		1
000058:	0.372953977272727	0.038740909090909	0.434226704545455	0.154078409090909		1
000059:	0.766968750000000	0.035434090909091	0.140737500000000	0.056859659090909		1
000060:	0.257056250000000	0.032042045454545	0.676357954545455	0.034543750000000		1
000061:	0.385524431818182	0.035906250000000	0.542257954545455	0.036311363636364		1
000062:	0.063663636363636	0.025080113636364	0.881424431818182	0.029831818181818		1
000063:	0.043003409090909	0.063686931818182	0.855323863636364	0.037985795454545		1
000064:	0.031489204545455	0.069175000000000	0.875528409090909	0.023807386363636		1
000065:	0.128423295454545	0.050338636363636	0.787236931818182	0.034001136363636		1
000066:	0.604511363636364	0.028790340909091	0.343511931818182	0.023186363636364		1
000067:	0.041754545454545	0.035675000000000	0.902302272727273	0.020268181818182		1
000068:	0.724061363636364	0.028220454545455	0.202589204545455	0.045128977272727		1
000069:	0.669315340909091	0.031842045454545	0.274093750000000	0.024748863636364		1
000070:	0.262902840909091	0.087701704545455	0.530013636363636	0.119381818181818		1
000071:	0.774309090909091	0.043922159090909	0.143906818181818	0.037861931818182		1
000072:	0.163252272727273	0.049570454545455	0.748898295454545	0.038278977272727		1
000073:	0.170598863636364	0.042215909090909	0.742378977272727	0.044806250000000		1
000074:	0.562243750000000	0.042639772727273	0.174913068181818	0.220203409090909		1
000075:	0.370582386363636	0.057961931818182	0.429054545454545	0.142401136363636		1
000076:	0.267031818181818	0.511940909090909	0.134663068181818	0.086364204545455		1
000077:	0.270899431818182	0.238328409090909	0.342815340909091	0.147956818181818		1
000078:	0.179338068181818	0.064514204545455	0.731556250000000	0.024591477272727		1
000079:	0.582048295454546	0.069722727272727	0.220489772727273	0.127739204545455		1
000080:	0.594033522727273	0.081160227272727	0.157993181818182	0.166813068181818		1
000081:	0.237303977272727	0.040065909090909	0.705113636363636	0.017516477272727		1
000082:	0.235179545454545	0.063710227272727	0.677252272727273	0.023857954545455		1
000083:	0.488539772727273	0.077501704545455	0.391293750000000	0.042664772727273		1
000084:	0.071644318181818	0.124084090909091	0.498553977272727	0.305717613636364		1
000085:	0.542602272727273	0.069128409090909	0.336011363636364	0.052257954545455		1
000086:	0.216394886363636	0.047952840909091	0.632460795454545	0.103191477272727		1
000087:	0.685298295454545	0.021494886363636	0.259920454545455	0.033286363636364		1
000088:	0.824080681818182	0.025102840909091	0.112525568181818	0.038290909090909		1
000089:	0.794192613636364	0.066797727272727	0.109659659090909	0.029350000000000		1
000090:	0.585660227272727	0.039461931818182	0.182581250000000	0.192296590909091		1
000091:	0.327056818181818	0.222521022727273	0.099800568181818	0.350621590909091		1
000092:	0.470503977272727	0.046159659090909	0.408487500000000	0.074848863636364		1
000093:	0.390392613636364	0.074873863636364	0.381381250000000	0.153352272727273		1
000094:	0.592372727272727	0.085696022727273	0.220274431818182	0.101656818181818		1
000095:	0.125318750000000	0.049913068181818	0.799737500000000	0.025030681818182		1
000096:	0.063701136363636	0.024771590909091	0.883304545454546	0.028222727272727		1
000097:	0.830890909090909	0.021265909090909	0.123009659090909	0.024833522727273		1
000098:	0.715666477272727	0.029863636363636	0.225917045454545	0.028552840909091		1
000099:	0.401722727272727	0.048248863636364	0.496046022727273	0.053982386363636		1
000100:	0.073526136363636	0.019487500000000	0.881810227272727	0.025176136363636		1
000101:	0.813639204545455	0.019043181818182	0.148080113636364	0.019237500000000		1
000102:	0.527656250000000	0.034321590909091	0.377993750000000	0.060028409090909		1
000103:	0.259968750000000	0.070364204545455	0.347642045454545	0.322025000000000		1
000104:	0.071378977272727	0.017394886363636	0.881229545454545	0.029996590909091		1
000105:	0.747319886363636	0.020963636363636	0.174163636363636	0.057552840909091		1
000106:	0.777834090909091	0.032371590909091	0.154923295454545	0.034871022727273		1
000107:	0.351226136363636	0.027225000000000	0.587410227272727	0.034138636363636		1
000108:	0.207482386363636	0.039673295454545	0.618885795454545	0.133958522727273		1
000109:	0.617305681818182	0.052494886363636	0.237364204545455	0.092835227272727		1
000110:	0.083700568181818	0.074765909090909	0.090891477272727	0.750642045454545		1
000111:	0.231391477272727	0.066025568181818	0.660409090909091	0.042173863636364		1
000112:	0.733138636363636	0.044296590909091	0.164846590909091	0.057718181818182		1
000113:	0.307958522727273	0.035425000000000	0.626696022727273	0.029920454545455		1
000114:	0.480737500000000	0.235833522727273	0.190528409090909	0.092900568181818		1
000115:	0.415429545454545	0.050055681818182	0.450684659090909	0.083830113636364		1
000116:	0.102238636363636	0.025400568181818	0.771973863636364	0.100386931818182		1
000117:	0.636851704545455	0.089211363636364	0.236426704545455	0.037510227272727		1
000118:	0.077057954545455	0.070930113636364	0.820185795454546	0.031826136363636		1
000119:	0.692225000000000	0.025640909090909	0.230820454545455	0.051313636363636		1
000120:	0.128592045454545	0.032459090909091	0.811607386363636	0.027341477272727		1
000121:	0.448042045454545	0.065913068181818	0.319873863636364	0.166171022727273		1
000122:	0.737839772727273	0.017181818181818	0.223690340909091	0.021288068181818		1
000123:	0.160642045454545	0.074215340909091	0.676225568181818	0.088917045454545		1
000124:	0.530655681818182	0.137055681818182	0.206535795454545	0.125752840909091		1
000125:	0.100298863636364	0.128630681818182	0.734521590909091	0.036548863636364		1
000126:	0.003704545454545	0.343247727272727	0.652430113636364	0.000617613636364		1
000127:	0.218528409090909	0.039223863636364	0.667094318181818	0.075153409090909		1
000128:	0.148151136363636	0.029367613636364	0.783918750000000	0.038562500000000		1
000129:	0.813254545454545	0.027160227272727	0.104088636363636	0.055496590909091		1
000130:	0.087088068181818	0.041785227272727	0.765165909090909	0.105960795454545		1
000131:	0.612448863636364	0.036285795454545	0.318844318181818	0.032421022727273		1
000132:	0.108252272727273	0.024013636363636	0.829741477272727	0.037992613636364		1
000133:	0.278789204545455	0.160751136363636	0.325596022727273	0.234863636363636		1
000134:	0.309102272727273	0.070311363636364	0.418536363636364	0.202050000000000		1
000135:	0.774498863636364	0.032826704545455	0.094289204545455	0.098385227272727		1
000136:	0.236566477272727	0.050335227272727	0.665205113636364	0.047893181818182		1
000137:	0.614280113636364	0.048511363636364	0.145382954545455	0.191825568181818		1
000138:	0.294825568181818	0.128665909090909	0.495101704545455	0.081406818181818		1
000139:	0.398303977272727	0.079626136363636	0.447127272727273	0.074942613636364		1
000140:	0.312382954545455	0.025754545454545	0.105726704545455	0.556135795454546		1
000141:	0.060606818181818	0.086333522727273	0.785587500000000	0.067472159090909		1
000142:	0.714357386363636	0.019782386363636	0.202171022727273	0.063689204545455		1
000143:	0.380548295454545	0.034226704545455	0.538240340909091	0.046984659090909		1
000144:	0.427207954545455	0.033423295454545	0.519477840909091	0.019890909090909		1
000145:	0.097796590909091	0.050887500000000	0.775606250000000	0.075709659090909		1
000146:	0.418545454545455	0.030921590909091	0.442408522727273	0.108124431818182		1
000147:	0.084560227272727	0.013980113636364	0.869974431818182	0.031485227272727		1
000148:	0.146939204545455	0.028607386363636	0.781286363636364	0.043167045454545		1
000149:	0.527107386363636	0.058726704545455	0.363101136363636	0.051064772727273		1
000150:	0.701052272727273	0.025549431818182	0.135904545454545	0.137493750000000		1
000151:	0.180651136363636	0.043806818181818	0.721764204545455	0.053777840909091		1
000152:	0.192831250000000	0.051168750000000	0.611894318181818	0.144105681818182		1
000153:	0.726921590909091	0.026335227272727	0.194181250000000	0.052561931818182		1
000154:	0.044698863636364	0.020548295454545	0.909566477272727	0.025186363636364		1
000155:	0.247524431818182	0.025734659090909	0.618771590909091	0.107969318181818		1
000156:	0.566213068181818	0.021881250000000	0.386091477272727	0.025814204545455		1
000157:	0.045381250000000	0.071536363636364	0.862402840909091	0.020679545454545		1
000158:	0.182634659090909	0.293581250000000	0.475626704545455	0.048157386363636		1
000159:	0.254743750000000	0.262338636363636	0.288218750000000	0.194698863636364		1
000160:	0.018100568181818	0.810233522727273	0.159903409090909	0.011762500000000		1
000161:	0.097333522727273	0.403789772727273	0.475748863636364	0.023127840909091		1
000162:	0.403080681818182	0.335232386363636	0.148285227272727	0.113401704545455		1
000163:	0.039704545454545	0.040886931818182	0.912193750000000	0.007214772727273		1
000164:	0.032863636363636	0.062843750000000	0.891829545454545	0.012463068181818		1
000165:	0.029712500000000	0.055318750000000	0.902025568181818	0.012943181818182		1
000166:	0.018979545454545	0.303075000000000	0.672060795454545	0.005884659090909		1
000167:	0.084520454545455	0.112908522727273	0.766243181818182	0.036327840909091		1
000168:	0.265039204545455	0.024564204545455	0.654616477272727	0.055780113636364		1
000169:	0.623994886363636	0.043792613636364	0.297419886363636	0.034792613636364		1
000170:	0.088152840909091	0.033098295454545	0.840873863636364	0.037875000000000		1
000171:	0.126355681818182	0.023376704545455	0.803969318181818	0.046298295454545		1
000172:	0.249805681818182	0.090750568181818	0.570227840909091	0.089215909090909		1
000173:	0.407411931818182	0.020579545454545	0.558203409090909	0.013805113636364		1
000174:	0.726431818181818	0.015164204545455	0.185454545454545	0.072949431818182		1
000175:	0.079990340909091	0.018406818181818	0.806706250000000	0.094896590909091		1
000176:	0.494392045454545	0.057200568181818	0.420443181818182	0.027964204545455		1
000177:	0.545801704545455	0.013215340909091	0.372565340909091	0.068417613636364		1
000178:	0.270696590909091	0.014236363636364	0.674503409090909	0.040563636363636		1
000179:	0.123344318181818	0.019322727272727	0.820421590909091	0.036911363636364		1
000180:	0.139461363636364	0.020703977272727	0.722398863636364	0.117435795454545		1
000181:	0.069082954545455	0.045330113636364	0.854545454545454	0.031041477272727		1
000182:	0.457902272727273	0.055900568181818	0.319178409090909	0.167018750000000		1
000183:	0.073708522727273	0.018261363636364	0.882955113636364	0.025075000000000		1
000184:	0.343880681818182	0.024361363636364	0.551187500000000	0.080570454545455		1
000185:	0.498666477272727	0.063038068181818	0.224496022727273	0.213799431818182		1
000186:	0.133522727272727	0.050780681818182	0.701015340909091	0.114681250000000		1
000187:	0.102977840909091	0.036475000000000	0.735533522727273	0.125013636363636		1
000188:	0.104880681818182	0.122386931818182	0.713830113636364	0.058902272727273		1
000189:	0.212458522727273	0.027993181818182	0.737945454545455	0.021602840909091		1
000190:	0.202089772727273	0.052467613636364	0.696201136363636	0.049241477272727		1
000191:	0.444712500000000	0.024001704545455	0.512706818181818	0.018578977272727		1
000192:	0.708036363636364	0.063451704545455	0.186342045454545	0.042169886363636		1
000193:	0.559807386363636	0.037531818181818	0.343964772727273	0.058696022727273		1
000194:	0.242275568181818	0.048064772727273	0.561635227272727	0.148024431818182		1
000195:	0.780866477272727	0.014131250000000	0.184659659090909	0.020342613636364		1
000196:	0.040771022727273	0.232960795454545	0.711219318181818	0.015048863636364		1
000197:	0.154084090909091	0.074849431818182	0.758266477272727	0.012800000000000		1
000198:	0.432802840909091	0.176044318181818	0.315315340909091	0.075837500000000		1
000199:	0.040289772727273	0.099919886363636	0.842544886363636	0.017245454545455		1
000200:	0.044166477272727	0.115929545454545	0.822521022727273	0.017382954545455		1
000201:	0.042318750000000	0.065583522727273	0.866277272727273	0.025820454545455		1
000202:	0.476208522727273	0.053775000000000	0.396009090909091	0.074007386363636		1
000203:	0.077930113636364	0.024850000000000	0.866282386363636	0.030937500000000		1
000204:	0.071286363636364	0.052896590909091	0.837949431818182	0.037867613636364		1
000205:	0.124643750000000	0.043634659090909	0.770160227272727	0.061561363636364		1
000206:	0.095656250000000	0.027743181818182	0.642688068181818	0.233912500000000		1
000207:	0.630982954545454	0.093818750000000	0.238292613636364	0.036905681818182		1
000208:	0.147781818181818	0.033031250000000	0.788786931818182	0.030400000000000		1
000209:	0.123113068181818	0.058867613636364	0.789046022727273	0.028973295454545		1
000210:	0.154078409090909	0.039606818181818	0.779090340909091	0.027224431818182		1
000211:	0.123248295454545	0.042462500000000	0.805977840909091	0.028311363636364		1
000212:	0.055647727272727	0.139990340909091	0.775927840909091	0.028434090909091		1
000213:	0.034889772727273	0.054038636363636	0.895611931818182	0.015459659090909		1
000214:	0.119466477272727	0.118124431818182	0.738682954545455	0.023726136363636		1
000215:	0.223053977272727	0.231375568181818	0.457296022727273	0.088274431818182		1
000216:	0.035024431818182	0.117750568181818	0.816056250000000	0.031168750000000		1
000217:	0.041799431818182	0.165578409090909	0.762702840909091	0.029919318181818		1
000218:	0.033602272727273	0.086374431818182	0.866868181818182	0.013155113636364		1
000219:	0.028068181818182	0.209044318181818	0.743710795454545	0.019176704545455		1
000220:	0.024393750000000	0.073683522727273	0.888878409090909	0.013044318181818		1
000221:	0.021469886363636	0.059856818181818	0.905194318181818	0.013478977272727		1
000222:	0.021150568181818	0.081977272727273	0.878257954545455	0.018614204545455		1
000223:	0.140351704545455	0.100347159090909	0.602039204545455	0.157261931818182		1
000224:	0.531271590909091	0.064280113636364	0.098818750000000	0.305629545454545		1
000225:	0.702886931818182	0.065743750000000	0.079034659090909	0.152334659090909		1
000226:	0.428945454545455	0.295781818181818	0.143349431818182	0.131923295454545		1
000227:	0.617558522727273	0.142752840909091	0.070636363636364	0.169052272727273		1
000228:	0.066526704545455	0.274366477272727	0.051586363636364	0.607520454545455		1
000229:	0.293818750000000	0.145965909090909	0.200351136363636	0.359864204545455		1
000230:	0.024134090909091	0.826467613636364	0.068041477272727	0.081356818181818		1
000231:	0.592500000000000	0.178555681818182	0.106740340909091	0.122203977272727		1
000232:	0.074046022727273	0.252798295454545	0.422598863636364	0.250556818181818		1
000233:	0.605259090909091	0.154722727272727	0.064373863636364	0.175644318181818		1
000234:	0.369401704545455	0.093719886363636	0.047562500000000	0.489315909090909		1
000235:	0.135711363636364	0.044705681818182	0.057695454545455	0.761887500000000		1
000236:	0.070025568181818	0.314202272727273	0.076296022727273	0.539476136363636		1
000237:	0.432047727272727	0.078739772727273	0.063722159090909	0.425490340909091		1
000238:	0.085891477272727	0.075165909090909	0.692880681818182	0.146061931818182		1
000239:	0.332419318181818	0.183876136363636	0.111639772727273	0.372064772727273		1
000240:	0.095787500000000	0.769988068181818	0.043615340909091	0.090609090909091		1
000241:	0.528668181818182	0.155146022727273	0.150405113636364	0.165780681818182		1
000242:	0.750130113636364	0.059765909090909	0.044301704545455	0.145802272727273		1
000243:	0.099601704545455	0.476816477272727	0.041550568181818	0.382031250000000		1
000244:	0.193475568181818	0.344798295454545	0.288349431818182	0.173376704545455		1
000245:	0.356065909090909	0.392944318181818	0.091252272727273	0.159737500000000		1
000246:	0.392681818181818	0.116422727272727	0.072060795454545	0.418834659090909		1
000247:	0.354171590909091	0.147541477272727	0.136183522727273	0.362103409090909		1
000248:	0.122069886363636	0.628714772727273	0.106000568181818	0.143214772727273		1
000249:	0.158948863636364	0.246925000000000	0.057095454545455	0.537030681818182		1
000250:	0.515634090909091	0.061726136363636	0.059622727272727	0.363017045454545		1
000251:	0.386071590909091	0.220198863636364	0.071494886363636	0.322234659090909		1
000252:	0.077033522727273	0.460105113636364	0.169547159090909	0.293314204545455		1
000253:	0.069906818181818	0.190382386363636	0.075380681818182	0.664330113636364		1
000254:	0.053223295454545	0.242246022727273	0.101531818181818	0.602998863636364		1
000255:	0.075922727272727	0.154735795454545	0.144950000000000	0.624391477272727		1
000256:	0.370973863636364	0.205953409090909	0.236569886363636	0.186502840909091		1
000257:	0.043534090909091	0.283161931818182	0.511460227272727	0.161843750000000		1
000258:	0.312456818181818	0.089040340909091	0.545626136363636	0.052876704545455		1
000259:	0.103247159090909	0.065398863636364	0.530788636363636	0.300565340909091		1
000260:	0.226828977272727	0.482838636363636	0.075669318181818	0.214663068181818		1
000261:	0.078488636363636	0.165532386363636	0.160321590909091	0.595657386363636		1
000262:	0.085182386363636	0.252718181818182	0.220553977272727	0.441545454545455		1
000263:	0.251723295454545	0.119167045454545	0.565115340909091	0.063994318181818		1
000264:	0.062585795454545	0.153407386363636	0.603708522727273	0.180298295454545		1
000265:	0.044126704545455	0.097842045454545	0.762377840909091	0.095653409090909		1
000266:	0.160252840909091	0.126778977272727	0.205678977272727	0.507289204545455		1
000267:	0.176338068181818	0.224882386363636	0.075013636363636	0.523765909090909		1
000268:	0.078190340909091	0.113188636363636	0.685360227272727	0.123260795454545		1
000269:	0.347480681818182	0.043573295454545	0.114539772727273	0.494406250000000		1
000270:	0.061349431818182	0.094411363636364	0.776117613636364	0.068121590909091		1
000271:	0.047621590909091	0.144604545454545	0.065245454545455	0.742528409090909		1
000272:	0.111292045454545	0.247738068181818	0.125673863636364	0.515296022727273		1
000273:	0.209932386363636	0.085710227272727	0.178400568181818	0.525956818181818		1
000274:	0.113437500000000	0.213340909090909	0.108814204545455	0.564407386363636		1
000275:	0.507989772727273	0.149976136363636	0.192084090909091	0.149950000000000		1
000276:	0.057017045454545	0.188001136363636	0.372931250000000	0.382050568181818		1
000277:	0.064542045454545	0.068496590909091	0.063518750000000	0.803442613636364		1
000278:	0.483193181818182	0.155696022727273	0.270546590909091	0.090564204545455		1
000279:	0.287035227272727	0.054581818181818	0.069761363636364	0.588621590909091		1
000280:	0.198373295454545	0.369516477272727	0.198111363636364	0.233998863636364		1
000281:	0.039940340909091	0.044348863636364	0.094357386363636	0.821353409090909		1
000282:	0.411737500000000	0.167955681818182	0.165253409090909	0.255053409090909		1
000283:	0.043258522727273	0.281252840909091	0.593306250000000	0.082182386363636		1
000284:	0.079139204545455	0.172751136363636	0.108947727272727	0.639161931818182		1
000285:	0.450189204545455	0.110144318181818	0.105195454545455	0.334471022727273		1
000286:	0.161941477272727	0.056852840909091	0.108167045454545	0.673038636363636		1
000287:	0.174397727272727	0.066731818181818	0.088060227272727	0.670810227272727		1
000288:	0.141401136363636	0.219134659090909	0.226606250000000	0.412857954545455		1
000289:	0.060940909090909	0.065201136363636	0.842787500000000	0.031070454545455		1
000290:	0.056787500000000	0.355116477272727	0.548418750000000	0.039677272727273		1
000291:	0.123815340909091	0.027465340909091	0.828303409090909	0.020415909090909		1
000292:	0.063434090909091	0.119789204545455	0.788977272727273	0.027799431818182		1
000293:	0.056817613636364	0.039910795454545	0.890504545454545	0.012767045454545		1
000294:	0.111964204545455	0.040842045454545	0.828669318181818	0.018524431818182		1
000295:	0.487155113636364	0.034033522727273	0.467092045454545	0.011719318181818		1
000296:	0.055569318181818	0.038292613636364	0.885002840909091	0.021135227272727		1
000297:	0.129722727272727	0.107976136363636	0.720288068181818	0.042013068181818		1
000298:	0.585784659090909	0.054101704545455	0.141043181818182	0.219070454545455		1
000299:	0.172761363636364	0.084343750000000	0.671673295454545	0.071221590909091		1
000300:	0.072071022727273	0.129881818181818	0.615601136363636	0.182446022727273		1
000301:	0.141113636363636	0.082467613636364	0.740253409090909	0.036165340909091		1
000302:	0.056808522727273	0.191234659090909	0.712664772727273	0.039292045454545		1
000303:	0.081122159090909	0.185459090909091	0.629366477272727	0.104052272727273		1
000304:	0.055635795454545	0.147636363636364	0.773353977272727	0.023373863636364		1
000305:	0.054730113636364	0.593392613636364	0.309567613636364	0.042309659090909		1
000306:	0.093460227272727	0.280987500000000	0.448544318181818	0.177007954545455		1
000307:	0.022184090909091	0.586785227272727	0.356910227272727	0.034120454545455		1
000308:	0.028311931818182	0.071568181818182	0.879061363636364	0.021058522727273		1
000309:	0.055203977272727	0.055575000000000	0.803232386363636	0.085988636363636		1
000310:	0.087511363636364	0.045837500000000	0.823848295454545	0.042802840909091		1
000311:	0.085300568181818	0.162147727272727	0.643915909090909	0.108635795454545		1
000312:	0.277560795454545	0.070235795454545	0.168236363636364	0.483967045454545		1
000313:	0.272080113636364	0.064385227272727	0.169165340909091	0.494369318181818		1
000314:	0.557040340909091	0.104040340909091	0.147698295454545	0.191221022727273		1
000315:	0.402548863636364	0.068285795454545	0.226464772727273	0.302700568181818		1
000316:	0.190894886363636	0.113280681818182	0.589948295454545	0.105876136363636		1
000317:	0.679143750000000	0.135780681818182	0.134618181818182	0.050457386363636		1
000318:	0.045819318181818	0.127035795454545	0.803937500000000	0.023207386363636		1
000319:	0.036344886363636	0.052906250000000	0.875795454545455	0.034953409090909		1
000320:	0.096584659090909	0.093298295454545	0.731602840909091	0.078514204545455		1
000321:	0.028866477272727	0.075165340909091	0.872481818181818	0.023486363636364		1
000322:	0.033880681818182	0.479044318181818	0.452791477272727	0.034283522727273		1
000323:	0.222710227272727	0.115078409090909	0.321203409090909	0.341007954545455		1
000324:	0.038752272727273	0.245050000000000	0.684352840909091	0.031844886363636		1
000325:	0.051780113636364	0.217907386363636	0.424765340909091	0.305547159090909		1
000326:	0.070000568181818	0.395828977272727	0.408315340909091	0.125855113636364		1
000327:	0.074909659090909	0.255154545454545	0.643182954545455	0.026752840909091		1
000328:	0.023606250000000	0.004883522727273	0.000846022727273	0.970664204545455		1
000329:	0.091913068181818	0.224342045454545	0.603417613636364	0.080327272727273		1
000330:	0.031826136363636	0.597934090909091	0.315777840909091	0.054461931818182		1
000331:	0.018283522727273	0.713047159090909	0.186842045454545	0.081827272727273		1
000332:	0.048432386363636	0.070139772727273	0.838234090909091	0.043193750000000		1
000333:	0.047142613636364	0.065572159090909	0.796732954545455	0.090552272727273		1
000334:	0.042285795454545	0.078301136363636	0.796271022727273	0.083142045454545		1
000335:	0.103964772727273	0.152146022727273	0.693105113636364	0.050784090909091		1
000336:	0.039971022727273	0.212623295454545	0.705928977272727	0.041476704545455		1
000337:	0.030226704545455	0.329193750000000	0.498464772727273	0.142114772727273		1
000338:	0.050644318181818	0.068272727272727	0.866485795454545	0.014597159090909		1
000339:	0.031457386363636	0.228567613636364	0.717501704545455	0.022473295454545		1
000340:	0.019170454545455	0.115643181818182	0.838448863636364	0.026737500000000		1
000341:	0.048382386363636	0.062068181818182	0.867636931818182	0.021912500000000		1
000342:	0.032938068181818	0.217170454545455	0.730471022727273	0.019420454545455		1
000343:	0.034780113636364	0.076275000000000	0.862530113636364	0.026414772727273		1
000344:	0.044040909090909	0.779627840909091	0.139417045454545	0.036914204545455		1
000345:	0.020304545454545	0.766263068181818	0.195198863636364	0.018233522727273		1
000346:	0.066938636363636	0.236162500000000	0.670351136363636	0.026547727272727		1
000347:	0.029406818181818	0.207002272727273	0.741131818181818	0.022459090909091		1
000348:	0.057990909090909	0.271643750000000	0.650205681818182	0.020159659090909		1
000349:	0.076802840909091	0.318983522727273	0.575523863636364	0.028689772727273		1
000350:	0.042962500000000	0.308428977272727	0.628825000000000	0.019783522727273		1
000351:	0.050221022727273	0.585258522727273	0.342007386363636	0.022513068181818		1
000352:	0.063298295454545	0.063226136363636	0.847847727272727	0.025627840909091		1
000353:	0.025748295454545	0.051164772727273	0.903517045454545	0.019569886363636		1
000354:	0.028246022727273	0.048061363636364	0.910016477272727	0.013676136363636		1
000355:	0.028382386363636	0.232589204545455	0.714667045454545	0.024361363636364		1
000356:	0.100544318181818	0.094115909090909	0.274065340909091	0.531274431818182		1
000357:	0.560776136363636	0.125521590909091	0.087438068181818	0.226264204545455		1
000358:	0.609685227272727	0.148448863636364	0.168201704545455	0.073664204545455		1
000359:	0.162355113636364	0.251996022727273	0.148707954545455	0.436940909090909		1
000360:	0.153017045454545	0.078604545454545	0.720994886363636	0.047383522727273		1
000361:	0.488956250000000	0.093726136363636	0.089130681818182	0.328186931818182		1
000362:	0.054317045454545	0.412071590909091	0.402225000000000	0.131386363636364		1
000363:	0.618136931818182	0.054874431818182	0.296348863636364	0.030639772727273		1
000364:	0.292181818181818	0.217040909090909	0.200821590909091	0.289955681818182		1
000365:	0.369967045454545	0.220631818181818	0.317960227272727	0.091440909090909		1
000366:	0.404454545454545	0.070267613636364	0.154439772727273	0.370838068181818		1
000367:	0.517632386363636	0.074663068181818	0.192149431818182	0.215555113636364		1
000368:	0.612636363636364	0.058928409090909	0.144000000000000	0.184435227272727		1
000369:	0.352715340909091	0.123849431818182	0.376982386363636	0.146452840909091		1
000370:	0.067168181818182	0.087473863636364	0.755539204545455	0.089818750000000		1
000371:	0.123573863636364	0.212917613636364	0.627014772727273	0.036493750000000		1
000372:	0.604071022727273	0.063575000000000	0.287763636363636	0.044590340909091		1
000373:	0.340483522727273	0.194979545454545	0.279703977272727	0.184832954545455		1
000374:	0.488301136363636	0.058630681818182	0.404972159090909	0.048096022727273		1
000375:	0.044630113636364	0.217437500000000	0.680288068181818	0.057644318181818		1
000376:	0.531913068181818	0.058101136363636	0.313713068181818	0.096272727272727		1
000377:	0.043969318181818	0.235746590909091	0.655052840909091	0.065231250000000		1
000378:	0.499752840909091	0.041184659090909	0.086649431818182	0.372413068181818		1
000379:	0.684026704545455	0.027194886363636	0.074323295454545	0.214455113636364		1
000380:	0.521056818181818	0.059762500000000	0.190500568181818	0.228680113636364		1
000381:	0.420375000000000	0.046834659090909	0.070993750000000	0.461796590909091		1
000382:	0.598852272727273	0.073927272727273	0.217980113636364	0.109240340909091		1
000383:	0.301858522727273	0.103012500000000	0.386915340909091	0.208213636363636		1
000384:	0.453928977272727	0.092173295454545	0.242891477272727	0.211006250000000		1
000385:	0.366863636363636	0.398281250000000	0.135644318181818	0.099210795454545		1
000386:	0.195864204545455	0.050751136363636	0.113100568181818	0.640284090909091		1
000387:	0.519447159090909	0.078064772727273	0.290088068181818	0.112400000000000		1
000388:	0.079131818181818	0.179895454545455	0.229400000000000	0.511572727272727		1
000389:	0.515310227272727	0.209850568181818	0.212061363636364	0.062777840909091		1
000390:	0.046091477272727	0.429215909090909	0.446277272727273	0.078415340909091		1
000391:	0.569060795454545	0.118036931818182	0.182044886363636	0.130857386363636		1
000392:	0.430049431818182	0.130625000000000	0.084077840909091	0.355247727272727		1
000393:	0.576220454545455	0.059076704545455	0.242046022727273	0.122656818181818		1
000394:	0.759761931818182	0.043160795454545	0.151132386363636	0.045944886363636		1
000395:	0.557755681818182	0.049436363636364	0.329126136363636	0.063681818181818		1
000396:	0.548643181818182	0.193705681818182	0.179468750000000	0.078182386363636		1
000397:	0.756031818181818	0.050392613636364	0.149354545454545	0.044221022727273		1
000398:	0.301319318181818	0.150184659090909	0.342357954545455	0.206138068181818		1
000399:	0.052456250000000	0.039635795454545	0.055151704545455	0.852756250000000		1
000400:	0.450357386363636	0.104642613636364	0.237419318181818	0.207580681818182		1
000401:	0.652277272727273	0.039711931818182	0.136058522727273	0.171952272727273		1
000402:	0.714522159090909	0.026413636363636	0.228839204545455	0.030225000000000		1
000403:	0.250598863636364	0.102593750000000	0.347920454545455	0.298886931818182		1
000404:	0.389908522727273	0.204528977272727	0.182043181818182	0.223519318181818		1
000405:	0.738304545454545	0.028982954545455	0.151873295454545	0.080839204545455		1
000406:	0.309211363636364	0.049634659090909	0.609592045454545	0.031561931818182		1
000407:	0.464085227272727	0.043417045454545	0.451450000000000	0.041047727272727		1
000408:	0.216589204545455	0.194790909090909	0.112143181818182	0.476476704545455		1
000409:	0.045684090909091	0.096856250000000	0.768029545454545	0.089430113636364		1
000410:	0.070095454545455	0.066596022727273	0.769173295454545	0.094135227272727		1
000411:	0.069401704545455	0.079857386363636	0.754138068181818	0.096602840909091		1
000412:	0.373587500000000	0.062725568181818	0.088077840909091	0.475609090909091		1
000413:	0.536875568181818	0.105471022727273	0.256922727272727	0.100730681818182		1
000414:	0.238121590909091	0.037755113636364	0.158865909090909	0.565257386363636		1
000415:	0.047223863636364	0.207395454545455	0.046300000000000	0.699080681818182		1
000416:	0.228127840909091	0.047881250000000	0.040450568181818	0.683540340909091		1
000417:	0.080087500000000	0.097451704545455	0.227534659090909	0.594926136363636		1
000418:	0.206856818181818	0.057795454545455	0.142827840909091	0.592519886363636		1
000419:	0.084097727272727	0.054050000000000	0.049684659090909	0.812167613636364		1
000420:	0.056084659090909	0.320531250000000	0.550949431818182	0.072434659090909		1
000421:	0.279719886363636	0.035421590909091	0.202605113636364	0.482253409090909		1
000422:	0.330226704545455	0.129830113636364	0.236670454545455	0.303272727272727		1
000423:	0.060313068181818	0.446009659090909	0.396036363636364	0.097640909090909		1
000424:	0.219045454545455	0.032600000000000	0.031580681818182	0.716773863636364		1
000425:	0.171901704545455	0.045457386363636	0.079324431818182	0.703316477272727		1
000426:	0.051394318181818	0.529927272727273	0.053094886363636	0.365583522727273		1
000427:	0.568340340909091	0.102067613636364	0.206913068181818	0.122678977272727		1
000428:	0.388614772727273	0.039682954545455	0.406564204545455	0.165138068181818		1
000429:	0.288913068181818	0.128190340909091	0.444710227272727	0.138186363636364		1
000430:	0.433157954545455	0.254785227272727	0.094251704545455	0.217805113636364		1
000431:	0.674193750000000	0.061856250000000	0.138264204545455	0.125685795454545		1
000432:	0.409909659090909	0.127698295454545	0.211955681818182	0.250436363636364		1
000433:	0.125333522727273	0.240487500000000	0.239201704545455	0.394977272727273		1
000434:	0.601455681818182	0.148615909090909	0.114240909090909	0.135687500000000		1
000435:	0.348339204545455	0.160897159090909	0.298548863636364	0.192214772727273		1
000436:	0.096785227272727	0.240368750000000	0.075033522727273	0.587812500000000		1
000437:	0.264999431818182	0.118486363636364	0.044269318181818	0.572244886363636		1
000438:	0.291930113636364	0.089517045454545	0.118709659090909	0.499843181818182		1
000439:	0.132760795454545	0.024741477272727	0.034477272727273	0.808020454545455		1
000440:	0.279107386363636	0.027146590909091	0.048084659090909	0.645661363636364		1
000441:	0.065631818181818	0.019019318181818	0.025500568181818	0.889848295454545		1
000442:	0.052117613636364	0.029570454545455	0.056677272727273	0.861634659090909		1
000443:	0.072444318181818	0.061228409090909	0.761713068181818	0.104614204545455		1
000444:	0.331576704545455	0.287477840909091	0.040373863636364	0.340571590909091		1
000445:	0.380335227272727	0.051568750000000	0.192881250000000	0.375214772727273		1
000446:	0.220563068181818	0.247225000000000	0.265364772727273	0.266847159090909		1
000447:	0.391854545454545	0.064534659090909	0.126919886363636	0.416690909090909		1
000448:	0.191582954545455	0.055889772727273	0.379731818181818	0.372795454545455		1
000449:	0.654050000000000	0.073877840909091	0.192901136363636	0.079171022727273		1
000450:	0.125961363636364	0.044827272727273	0.751376136363636	0.077835227272727		1
000451:	0.183936931818182	0.056002272727273	0.661789772727273	0.098271022727273		1
000452:	0.095421022727273	0.640003977272727	0.124285795454545	0.140289204545455		1
000453:	0.480254545454545	0.052591477272727	0.045053977272727	0.422100000000000		1
000454:	0.070930113636364	0.102906818181818	0.540216477272727	0.285946590909091		1
000455:	0.128843181818182	0.142384659090909	0.706188636363636	0.022583522727273		1
000456:	0.033011931818182	0.051808522727273	0.903581818181818	0.011597727272727		1
000457:	0.024783522727273	0.096135795454545	0.867193750000000	0.011886931818182		1
000458:	0.103393750000000	0.089528977272727	0.723117045454545	0.083960227272727		1
000459:	0.038821022727273	0.061078977272727	0.889809659090909	0.010290340909091		1
000460:	0.065501136363636	0.040713636363636	0.876197727272727	0.017587500000000		1
000461:	0.107572727272727	0.053846590909091	0.816596590909091	0.021984090909091		1
000462:	0.066373295454545	0.168601136363636	0.739942045454545	0.025083522727273		1
000463:	0.074378977272727	0.294228409090909	0.597498295454545	0.033894318181818		1
000464:	0.038229545454545	0.324573295454545	0.424523295454545	0.212673863636364		1
000465:	0.062988068181818	0.077728977272727	0.824763636363636	0.034519318181818		1
000466:	0.044890909090909	0.047013068181818	0.894443750000000	0.013652272727273		1
000467:	0.046838636363636	0.046197159090909	0.892558522727273	0.014405681818182		1
000468:	0.038270454545455	0.041987500000000	0.906076704545455	0.013665340909091		1
000469:	0.622535227272727	0.076019318181818	0.145580681818182	0.155864772727273		1
000470:	0.594612500000000	0.089400568181818	0.117871022727273	0.198115909090909		1
000471:	0.658428977272727	0.036545454545455	0.164380681818182	0.140644886363636		1
000472:	0.079633522727273	0.517164772727273	0.250907386363636	0.152294318181818		1
000473:	0.078468181818182	0.455861931818182	0.390493181818182	0.075176704545455		1
000474:	0.418790340909091	0.048555113636364	0.242704545454545	0.289950000000000		1
