Estimated Clustering Probabilities for Samples
Sample	***Cluster  01***	***Cluster  02***	***Cluster  03***	***Cluster  04***	***Cluster  05***	
000001:	0.100588636363636	0.016093750000000	0.117394886363636	0.240122159090909	0.525800568181818		1
000002:	0.050320454545455	0.005059090909091	0.048046022727273	0.033469886363636	0.863104545454545		1
000003:	0.042572727272727	0.015764204545455	0.064577272727273	0.041091477272727	0.835994318181818		1
000004:	0.129881818181818	0.012284090909091	0.032221590909091	0.030905681818182	0.794706818181818		1
000005:	0.032003409090909	0.006384659090909	0.019264772727273	0.061761363636364	0.880585795454545		1
000006:	0.399469318181818	0.017383522727273	0.055174431818182	0.091865909090909	0.436106818181818		1
000007:	0.031760795454545	0.010400568181818	0.098267045454545	0.029158522727273	0.830413068181818		1
000008:	0.041915909090909	0.010451136363636	0.031525000000000	0.029315340909091	0.886792613636364		1
000009:	0.072470454545455	0.008119318181818	0.031959659090909	0.038548295454545	0.848902272727273		1
000010:	0.057625000000000	0.020877840909091	0.036293750000000	0.086964772727273	0.798238636363636		1
000011:	0.221580113636364	0.080903977272727	0.168473863636364	0.202862500000000	0.326179545454545		1
000012:	0.148376704545455	0.380921590909091	0.032377840909091	0.326649431818182	0.111674431818182		1
000013:	0.225050000000000	0.389915340909091	0.033194886363636	0.253863636363636	0.097976136363636		1
000014:	0.920364204545455	0.019579545454545	0.009949431818182	0.024846022727273	0.025260795454545		1
000015:	0.154007386363636	0.048511931818182	0.023182386363636	0.171234090909091	0.603064204545455		1
000016:	0.900466477272727	0.016252840909091	0.012132386363636	0.031543181818182	0.039605113636364		1
000017:	0.113864772727273	0.049260227272727	0.058451136363636	0.495264772727273	0.283159090909091		1
000018:	0.064724431818182	0.396637500000000	0.025265909090909	0.437073863636364	0.076298295454545		1
000019:	0.055585227272727	0.156632954545455	0.031361363636364	0.267982386363636	0.488438068181818		1
000020:	0.376881818181818	0.031797159090909	0.037276704545455	0.371851704545455	0.182192613636364		1
000021:	0.033970454545455	0.043113068181818	0.106305681818182	0.773975000000000	0.042635795454545		1
000022:	0.100881250000000	0.059834659090909	0.024853409090909	0.624559090909091	0.189871590909091		1
000023:	0.083626136363636	0.258431818181818	0.091147159090909	0.328581818181818	0.238213068181818		1
000024:	0.879323295454545	0.041455681818182	0.010556818181818	0.043131818181818	0.025532386363636		1
000025:	0.191173863636364	0.505357386363636	0.032967613636364	0.169588068181818	0.100913068181818		1
000026:	0.050471022727273	0.113075568181818	0.030567613636364	0.684125000000000	0.121760795454545		1
000027:	0.062065909090909	0.106230681818182	0.019083522727273	0.755359659090909	0.057260227272727		1
000028:	0.066807954545455	0.039338068181818	0.213244318181818	0.329150568181818	0.351459090909091		1
000029:	0.182217045454545	0.086425000000000	0.067122727272727	0.476456818181818	0.187778409090909		1
000030:	0.148310227272727	0.182776136363636	0.064464204545455	0.207044886363636	0.397404545454545		1
000031:	0.048664772727273	0.172232386363636	0.027200568181818	0.703413636363636	0.048488636363636		1
000032:	0.063849431818182	0.063353409090909	0.043411931818182	0.773991477272727	0.055393750000000		1
000033:	0.091639204545455	0.066502272727273	0.086880681818182	0.601871590909091	0.153106250000000		1
000034:	0.837337500000000	0.028816477272727	0.011546590909091	0.059205681818182	0.063093750000000		1
000035:	0.319648863636364	0.008698295454545	0.062939204545455	0.451790909090909	0.156922727272727		1
000036:	0.166757386363636	0.040935795454545	0.109411363636364	0.509417613636364	0.173477840909091		1
000037:	0.085726136363636	0.060607386363636	0.023866477272727	0.727643750000000	0.102156250000000		1
000038:	0.172682954545455	0.278279545454545	0.221994886363636	0.165447727272727	0.161594886363636		1
000039:	0.143447159090909	0.170533522727273	0.026844886363636	0.557673295454545	0.101501136363636		1
000040:	0.786085795454545	0.065396022727273	0.022115340909091	0.085164204545455	0.041238636363636		1
000041:	0.234418181818182	0.054992613636364	0.033543750000000	0.569643181818182	0.107402272727273		1
000042:	0.147456250000000	0.297992613636364	0.029825000000000	0.442501136363636	0.082225000000000		1
000043:	0.119793750000000	0.048255113636364	0.043036931818182	0.346511931818182	0.442402272727273		1
000044:	0.112478977272727	0.065826136363636	0.032163636363636	0.491406818181818	0.298124431818182		1
000045:	0.043398863636364	0.095617613636364	0.020629545454545	0.768969886363636	0.071384090909091		1
000046:	0.080950000000000	0.175709659090909	0.137840909090909	0.482777840909091	0.122721590909091		1
000047:	0.152822159090909	0.108940340909091	0.110443181818182	0.362201704545455	0.265592613636364		1
000048:	0.054256250000000	0.024935795454545	0.032000568181818	0.068673863636364	0.820133522727273		1
000049:	0.060109659090909	0.076103409090909	0.041661363636364	0.195222159090909	0.626903409090909		1
000050:	0.403553977272727	0.117038636363636	0.042748295454545	0.231724431818182	0.204934659090909		1
000051:	0.787217045454545	0.016231818181818	0.031374431818182	0.032286931818182	0.132889772727273		1
000052:	0.865224431818182	0.010044318181818	0.011261363636364	0.034172159090909	0.079297727272727		1
000053:	0.214785227272727	0.074816477272727	0.044587500000000	0.411122159090909	0.254688636363636		1
000054:	0.082386931818182	0.467397727272727	0.066796022727273	0.245412500000000	0.138006818181818		1
000055:	0.145202272727273	0.029250568181818	0.033453977272727	0.125467613636364	0.666625568181818		1
000056:	0.123448295454545	0.066059090909091	0.050802272727273	0.304298295454545	0.455392045454545		1
000057:	0.159057386363636	0.051584090909091	0.046115909090909	0.437285795454545	0.305956818181818		1
000058:	0.041946590909091	0.208092613636364	0.047193750000000	0.272155681818182	0.430611363636364		1
000059:	0.026772727272727	0.080764204545455	0.033101136363636	0.703067613636364	0.156294318181818		1
000060:	0.098781250000000	0.033025000000000	0.034330681818182	0.222549431818182	0.611313636363636		1
000061:	0.114914204545455	0.039986931818182	0.029669886363636	0.305554545454545	0.509874431818182		1
000062:	0.859569318181818	0.012961931818182	0.017798863636364	0.038781250000000	0.070888636363636		1
000063:	0.790376136363636	0.014954545454545	0.022023295454545	0.032273295454545	0.140372727272727		1
000064:	0.826714772727273	0.011548295454545	0.043759659090909	0.025607954545455	0.092369318181818		1
000065:	0.074757386363636	0.035276136363636	0.053399431818182	0.099731250000000	0.736835795454545		1
000066:	0.088417045454545	0.033530113636364	0.032084659090909	0.565231250000000	0.280736931818182		1
000067:	0.685004545454545	0.018353409090909	0.035573295454545	0.027471590909091	0.233597159090909		1
000068:	0.032377272727273	0.061831818181818	0.030972727272727	0.679435795454545	0.195382386363636		1
000069:	0.077978409090909	0.017438068181818	0.032468750000000	0.679264204545455	0.192850568181818		1
000070:	0.462057386363636	0.083959090909091	0.067388636363636	0.193382386363636	0.193212500000000		1
000071:	0.034378977272727	0.049802840909091	0.052309659090909	0.708926136363636	0.154582386363636		1
000072:	0.128601704545455	0.043068181818182	0.045022727272727	0.164614772727273	0.618692613636364		1
000073:	0.073354545454545	0.048276136363636	0.043176704545455	0.161630681818182	0.673561931818182		1
000074:	0.166094318181818	0.278171022727273	0.048160795454545	0.410446022727273	0.097127840909091		1
000075:	0.069768750000000	0.150839204545455	0.048785795454545	0.297797159090909	0.432809090909091		1
000076:	0.028865909090909	0.146363068181818	0.401526136363636	0.228040909090909	0.195203977272727		1
000077:	0.092027272727273	0.159902840909091	0.195020454545455	0.236385227272727	0.316664204545455		1
000078:	0.088481250000000	0.036228977272727	0.049301136363636	0.151570454545455	0.674418181818182		1
000079:	0.078897727272727	0.357282954545455	0.476767613636364	0.065126136363636	0.021925568181818		1
000080:	0.033469318181818	0.323606250000000	0.063500000000000	0.405890909090909	0.173533522727273		1
000081:	0.034683522727273	0.024245454545455	0.035099431818182	0.204321022727273	0.701650568181818		1
000082:	0.083128977272727	0.036606818181818	0.041578409090909	0.166336363636364	0.672349431818182		1
000083:	0.021919318181818	0.051549431818182	0.037647159090909	0.390559090909091	0.498325000000000		1
000084:	0.923402840909091	0.018909659090909	0.015506250000000	0.017955681818182	0.024225568181818		1
000085:	0.122160795454545	0.048822727272727	0.064157954545455	0.509798863636364	0.255059659090909		1
000086:	0.446927272727273	0.072169318181818	0.076925568181818	0.186663636363636	0.217314204545455		1
000087:	0.058015909090909	0.031176704545455	0.023413068181818	0.559372159090909	0.328022159090909		1
000088:	0.030861931818182	0.042164204545455	0.035548295454545	0.789940909090909	0.101484659090909		1
000089:	0.045469318181818	0.046009659090909	0.058522159090909	0.754243181818182	0.095755681818182		1
000090:	0.157030113636364	0.250664204545455	0.033526136363636	0.436224431818182	0.122555113636364		1
000091:	0.053443750000000	0.390774431818182	0.195772727272727	0.267078409090909	0.092930681818182		1
000092:	0.069524431818182	0.177296022727273	0.048562500000000	0.322503977272727	0.382113068181818		1
000093:	0.087878977272727	0.139913068181818	0.077669318181818	0.370192613636364	0.324346022727273		1
000094:	0.060586363636364	0.166211931818182	0.065253977272727	0.434876136363636	0.273071590909091		1
000095:	0.109690340909091	0.027796590909091	0.044728977272727	0.100028409090909	0.717755681818182		1
000096:	0.866557954545455	0.021055113636364	0.013398863636364	0.034128977272727	0.064859090909091		1
000097:	0.036778409090909	0.040775568181818	0.020344318181818	0.781243750000000	0.120857954545455		1
000098:	0.022431250000000	0.035783522727273	0.029731818181818	0.528878409090909	0.383175000000000		1
000099:	0.428626136363636	0.044531818181818	0.041064772727273	0.308678977272727	0.177098295454545		1
000100:	0.594994886363636	0.030460227272727	0.028992045454545	0.085392045454545	0.260160795454545		1
000101:	0.088534659090909	0.017626136363636	0.018611363636364	0.747551704545454	0.127676136363636		1
000102:	0.237186363636364	0.048679545454545	0.024878409090909	0.444063636363636	0.245192045454545		1
000103:	0.061118181818182	0.225745454545455	0.081165340909091	0.202517613636364	0.429453409090909		1
000104:	0.505822727272727	0.027167045454545	0.016957954545455	0.074225000000000	0.375827272727273		1
000105:	0.114214204545455	0.047994886363636	0.011946590909091	0.729394318181818	0.096450000000000		1
000106:	0.047408522727273	0.051639204545455	0.031106818181818	0.743159090909091	0.126686363636364		1
000107:	0.466982954545455	0.030551136363636	0.024794318181818	0.260587500000000	0.217084090909091		1
000108:	0.800465340909091	0.029669318181818	0.014112500000000	0.064647159090909	0.091105681818182		1
000109:	0.064390340909091	0.089826704545455	0.067156250000000	0.571916477272727	0.206710227272727		1
000110:	0.145210227272727	0.634006250000000	0.075969886363636	0.080793181818182	0.064020454545455		1
000111:	0.481487500000000	0.034521590909091	0.075724431818182	0.139841477272727	0.268425000000000		1
000112:	0.155687500000000	0.055088068181818	0.041018750000000	0.643828409090909	0.104377272727273		1
000113:	0.095098295454545	0.048280113636364	0.036965340909091	0.169921022727273	0.649735227272727		1
000114:	0.037849431818182	0.165659659090909	0.255098295454545	0.387613068181818	0.153779545454545		1
000115:	0.108600000000000	0.106062500000000	0.053297159090909	0.359494318181818	0.372546022727273		1
000116:	0.437834090909091	0.041554545454545	0.025890909090909	0.140627840909091	0.354092613636364		1
000117:	0.064892045454545	0.051790909090909	0.073629545454545	0.585319886363636	0.224367613636364		1
000118:	0.171334090909091	0.023156818181818	0.069286931818182	0.093921022727273	0.642301136363636		1
000119:	0.147058522727273	0.072621590909091	0.029321022727273	0.629785795454545	0.121213068181818		1
000120:	0.137417045454545	0.033140909090909	0.034176704545455	0.146755113636364	0.648510227272727		1
000121:	0.111018181818182	0.220061363636364	0.058722159090909	0.263095454545455	0.347102840909091		1
000122:	0.077442045454545	0.020649431818182	0.020037500000000	0.687426704545455	0.194444318181818		1
000123:	0.039472159090909	0.085909090909091	0.040644318181818	0.096477272727273	0.737497159090909		1
000124:	0.050018181818182	0.121671022727273	0.117983522727273	0.410606818181818	0.299720454545455		1
000125:	0.152557954545455	0.045965340909091	0.158924431818182	0.086154545454545	0.556397727272727		1
000126:	0.047749431818182	0.035093181818182	0.736452272727273	0.071155113636364	0.109550000000000		1
000127:	0.178957386363636	0.094476704545455	0.039890340909091	0.315727840909091	0.370947727272727		1
000128:	0.064216477272727	0.042977272727273	0.034704545454545	0.155492613636364	0.702609090909091		1
000129:	0.022600000000000	0.138769886363636	0.035716477272727	0.702389772727273	0.100523863636364		1
000130:	0.075189772727273	0.083913068181818	0.059228977272727	0.077371022727273	0.704297159090909		1
000131:	0.093789204545455	0.037996022727273	0.039884659090909	0.548576704545455	0.279753409090909		1
000132:	0.633195454545455	0.027742045454545	0.018215340909091	0.108323295454545	0.212523863636364		1
000133:	0.065050000000000	0.297403409090909	0.178886931818182	0.234015909090909	0.224643750000000		1
000134:	0.105375000000000	0.209660227272727	0.056204545454545	0.257366477272727	0.371393750000000		1
000135:	0.025611363636364	0.196903409090909	0.034005113636364	0.640719886363636	0.102760227272727		1
000136:	0.094331250000000	0.102641477272727	0.047904545454545	0.223378977272727	0.531743750000000		1
000137:	0.081386931818182	0.256028977272727	0.036030113636364	0.511394886363636	0.115159090909091		1
000138:	0.057119318181818	0.097307954545455	0.110114204545455	0.257849431818182	0.477609090909091		1
000139:	0.060308522727273	0.088678977272727	0.081622159090909	0.378984090909091	0.390406250000000		1
000140:	0.053029545454545	0.642562500000000	0.020273295454545	0.192500000000000	0.091634659090909		1
000141:	0.499060795454545	0.035733522727273	0.092563068181818	0.074342613636364	0.298300000000000		1
000142:	0.102693181818182	0.081352840909091	0.021290909090909	0.595376704545455	0.199286363636364		1
000143:	0.068335795454545	0.026267045454545	0.023120454545455	0.296399431818182	0.585877272727273		1
000144:	0.171226136363636	0.028037500000000	0.028865909090909	0.420890909090909	0.350979545454545		1
000145:	0.743725568181818	0.040721022727273	0.022654545454545	0.066178409090909	0.126720454545455		1
000146:	0.128293750000000	0.168943181818182	0.043207954545455	0.285521590909091	0.374033522727273		1
000147:	0.114814204545455	0.025760227272727	0.034792613636364	0.207443181818182	0.617189772727273		1
000148:	0.034989204545455	0.052048863636364	0.032772159090909	0.075359090909091	0.804830681818182		1
000149:	0.112384090909091	0.053131250000000	0.044867045454545	0.494706250000000	0.294911363636364		1
000150:	0.070949431818182	0.107990340909091	0.029667045454545	0.684548863636364	0.106844318181818		1
000151:	0.245686363636364	0.045342045454545	0.042546022727273	0.154182954545455	0.512242613636364		1
000152:	0.090340909090909	0.131855681818182	0.044650000000000	0.218030113636364	0.515123295454545		1
000153:	0.125486363636364	0.057410227272727	0.022311363636364	0.617669318181818	0.177122727272727		1
000154:	0.321811931818182	0.028820454545455	0.025931818181818	0.048728409090909	0.574707386363636		1
000155:	0.437736363636364	0.095297727272727	0.024780681818182	0.277425000000000	0.164760227272727		1
000156:	0.354050000000000	0.023810795454545	0.022687500000000	0.459421590909091	0.140030113636364		1
000157:	0.819285795454545	0.010892613636364	0.043990340909091	0.018273295454545	0.107557954545455		1
000158:	0.110797727272727	0.024100000000000	0.341589772727273	0.224461931818182	0.299050568181818		1
000159:	0.000537500000000	0.000159090909091	0.001571590909091	0.257588636363636	0.740143181818182		1
000160:	0.027549431818182	0.011807386363636	0.844769318181818	0.012901704545455	0.102972159090909		1
000161:	0.073039204545455	0.028851704545455	0.382427272727273	0.057036363636364	0.458645454545455		1
000162:	0.026834659090909	0.130763068181818	0.299376136363636	0.376023863636364	0.167002272727273		1
000163:	0.028796590909091	0.007159659090909	0.041022727272727	0.028562500000000	0.894458522727273		1
000164:	0.509577272727273	0.011728977272727	0.070757954545455	0.019275000000000	0.388660795454545		1
000165:	0.046861363636364	0.009701136363636	0.049910227272727	0.016214772727273	0.877312500000000		1
000166:	0.042613636363636	0.010494318181818	0.037089204545455	0.024065909090909	0.885736931818182		1
000167:	0.051824431818182	0.039401704545455	0.090482954545455	0.090904545454545	0.727386363636364		1
000168:	0.281346590909091	0.050270454545455	0.066764772727273	0.217980113636364	0.383638068181818		1
000169:	0.036849431818182	0.032386363636364	0.033090340909091	0.533626136363636	0.364047727272727		1
000170:	0.024093181818182	0.037244318181818	0.015308522727273	0.059821022727273	0.863532954545455		1
000171:	0.723513068181818	0.024681250000000	0.018392613636364	0.070472727272727	0.162940340909091		1
000172:	0.060846022727273	0.082039204545455	0.097718750000000	0.264723295454545	0.494672727272727		1
000173:	0.047647159090909	0.017985227272727	0.024467045454545	0.356935227272727	0.552965340909091		1
000174:	0.061113636363636	0.107088068181818	0.019592045454545	0.565251136363636	0.246955113636364		1
000175:	0.896250568181818	0.016840909090909	0.006640909090909	0.034831818181818	0.045435795454545		1
000176:	0.125178409090909	0.030565340909091	0.074116477272727	0.508940909090909	0.261198863636364		1
000177:	0.141434090909091	0.080115340909091	0.018320454545455	0.519102272727273	0.241027840909091		1
000178:	0.143964204545455	0.033246022727273	0.013211363636364	0.385186363636364	0.424392045454545		1
000179:	0.862139772727273	0.009818750000000	0.009789204545455	0.042586931818182	0.075665340909091		1
000180:	0.891371590909091	0.015453409090909	0.008626704545455	0.032135227272727	0.052413068181818		1
000181:	0.842704545454545	0.009724431818182	0.012889204545455	0.049736363636364	0.084945454545455		1
000182:	0.247475568181818	0.129141477272727	0.056980113636364	0.329736363636364	0.236666477272727		1
000183:	0.843935227272727	0.012815340909091	0.011840340909091	0.047476136363636	0.083932954545455		1
000184:	0.130627272727273	0.121928977272727	0.033911363636364	0.272543181818182	0.440989204545455		1
000185:	0.086063068181818	0.213358522727273	0.036705113636364	0.449284090909091	0.214589204545455		1
000186:	0.653269886363636	0.055898295454545	0.044735227272727	0.102686931818182	0.143409659090909		1
000187:	0.889287500000000	0.023581818181818	0.010818750000000	0.027851136363636	0.048460795454545		1
000188:	0.364653409090909	0.057755681818182	0.101701704545455	0.124461363636364	0.351427840909091		1
000189:	0.024652272727273	0.011406250000000	0.010890909090909	0.122613636363636	0.830436931818182		1
000190:	0.040705681818182	0.050665909090909	0.043919318181818	0.173107954545455	0.691601136363636		1
000191:	0.071664772727273	0.025311363636364	0.022394886363636	0.462659659090909	0.417969318181818		1
000192:	0.078410795454545	0.043129545454545	0.051476704545455	0.745559659090909	0.081423295454545		1
000193:	0.203862500000000	0.053469886363636	0.036325000000000	0.521490340909091	0.184852272727273		1
000194:	0.091038636363636	0.206038068181818	0.046749431818182	0.182950000000000	0.473223863636364		1
000195:	0.050571590909091	0.023146022727273	0.013294886363636	0.718996022727273	0.193991477272727		1
000196:	0.153276704545455	0.041221590909091	0.214397727272727	0.042394886363636	0.548709090909091		1
000197:	0.034487500000000	0.005372727272727	0.043714772727273	0.206610795454545	0.709814204545455		1
000198:	0.109975000000000	0.079111931818182	0.166659090909091	0.355293181818182	0.288960795454545		1
000199:	0.076492613636364	0.022286363636364	0.067236363636364	0.027220454545455	0.806764204545454		1
000200:	0.051528977272727	0.022249431818182	0.143684090909091	0.051560227272727	0.730977272727273		1
000201:	0.828396022727273	0.010531818181818	0.039663068181818	0.017375568181818	0.104033522727273		1
000202:	0.242147159090909	0.091780113636364	0.039105113636364	0.373475000000000	0.253492613636364		1
000203:	0.099107386363636	0.037081818181818	0.024554545454545	0.100951704545455	0.738304545454545		1
000204:	0.222164204545455	0.047739772727273	0.073962500000000	0.070562500000000	0.585571022727273		1
000205:	0.411528977272727	0.065018750000000	0.067318750000000	0.119331818181818	0.336801704545455		1
000206:	0.108927840909091	0.331905681818182	0.032774431818182	0.096635795454545	0.429756250000000		1
000207:	0.034518181818182	0.048857954545455	0.083055681818182	0.608775000000000	0.224793181818182		1
000208:	0.606103409090909	0.014684090909091	0.104812500000000	0.092910227272727	0.181489772727273		1
000209:	0.431334090909091	0.027209659090909	0.079705681818182	0.099114204545455	0.362636363636364		1
000210:	0.216165340909091	0.027129545454545	0.040737500000000	0.227956818181818	0.488010795454545		1
000211:	0.099149431818182	0.028600000000000	0.053796022727273	0.084539204545455	0.733915340909091		1
000212:	0.167355681818182	0.023946590909091	0.298235795454545	0.055809090909091	0.454652840909091		1
000213:	0.225250000000000	0.013280681818182	0.059503409090909	0.042457954545455	0.659507954545455		1
000214:	0.113930113636364	0.025352272727273	0.141205681818182	0.097509090909091	0.622002840909091		1
000215:	0.111409659090909	0.111861931818182	0.180212500000000	0.162035227272727	0.434480681818182		1
000216:	0.443293750000000	0.028883522727273	0.140611931818182	0.026757954545455	0.360452840909091		1
000217:	0.116685795454545	0.046581250000000	0.201724431818182	0.029624431818182	0.605384090909091		1
000218:	0.082426136363636	0.017809659090909	0.077626136363636	0.047318750000000	0.774819318181818		1
000219:	0.092205113636364	0.014839772727273	0.121163636363636	0.026837500000000	0.744953977272727		1
000220:	0.266753409090909	0.011068750000000	0.097356250000000	0.019415340909091	0.605406250000000		1
000221:	0.076311931818182	0.012585227272727	0.070418181818182	0.016761931818182	0.823922727272727		1
000222:	0.568909090909091	0.010250000000000	0.065718750000000	0.012992045454545	0.342130113636364		1
000223:	0.320826704545455	0.101060227272727	0.121636931818182	0.113919886363636	0.342556250000000		1
000224:	0.107970454545455	0.435395454545455	0.059079545454545	0.334752840909091	0.062801704545455		1
000225:	0.054465909090909	0.228994886363636	0.060893181818182	0.588605681818182	0.067040340909091		1
000226:	0.168449431818182	0.148451704545455	0.232410795454545	0.353772159090909	0.096915909090909		1
000227:	0.039025568181818	0.180939204545455	0.102596590909091	0.635060795454545	0.042377840909091		1
000228:	0.023302272727273	0.756480113636364	0.150785795454545	0.029932386363636	0.039499431818182		1
000229:	0.051631250000000	0.416281818181818	0.094738636363636	0.185482386363636	0.251865909090909		1
000230:	0.068378977272727	0.057287500000000	0.789005681818182	0.022579545454545	0.062748295454545		1
000231:	0.039962500000000	0.173927840909091	0.160569318181818	0.499122159090909	0.126418181818182		1
000232:	0.274475568181818	0.212138068181818	0.272205681818182	0.057330113636364	0.183850568181818		1
000233:	0.042351136363636	0.214906250000000	0.143835227272727	0.537726136363636	0.061181250000000		1
000234:	0.028658522727273	0.650053409090909	0.081696590909091	0.203671022727273	0.035920454545455		1
000235:	0.042325568181818	0.787113636363636	0.035319886363636	0.092505681818182	0.042735227272727		1
000236:	0.257776704545455	0.394277840909091	0.243705113636364	0.058509659090909	0.045730681818182		1
000237:	0.031144886363636	0.473636363636364	0.081218750000000	0.335759659090909	0.078240340909091		1
000238:	0.664470454545455	0.094393750000000	0.046682954545455	0.058936363636364	0.135516477272727		1
000239:	0.097130681818182	0.389474431818182	0.186480681818182	0.224306818181818	0.102607386363636		1
000240:	0.052403409090909	0.086567613636364	0.747573863636364	0.081691477272727	0.031763636363636		1
000241:	0.266176136363636	0.100155113636364	0.140657386363636	0.439889772727273	0.053121590909091		1
000242:	0.032631818181818	0.186564772727273	0.065901704545455	0.662642045454545	0.052259659090909		1
000243:	0.045838068181818	0.378459659090909	0.453401136363636	0.079760795454545	0.042540340909091		1
000244:	0.074621590909091	0.172997727272727	0.406427272727273	0.182214204545455	0.163739204545455		1
000245:	0.031988636363636	0.214727840909091	0.331750568181818	0.278989204545455	0.142543750000000		1
000246:	0.035090909090909	0.547125000000000	0.102463068181818	0.246188636363636	0.069132386363636		1
000247:	0.062721590909091	0.347147159090909	0.154213636363636	0.321369318181818	0.114548295454545		1
000248:	0.048682954545455	0.162615909090909	0.565195454545455	0.095798295454545	0.127707386363636		1
000249:	0.023126704545455	0.557240340909091	0.307100000000000	0.087442613636364	0.025090340909091		1
000250:	0.052123295454545	0.452776704545455	0.063240340909091	0.387747159090909	0.044112500000000		1
000251:	0.055293181818182	0.446934090909091	0.186305681818182	0.259503409090909	0.051963636363636		1
000252:	0.434407954545455	0.017696022727273	0.185850568181818	0.358609090909091	0.003436363636364		1
000253:	0.053453977272727	0.671596590909091	0.163104545454545	0.052856818181818	0.058988068181818		1
000254:	0.079972727272727	0.615851136363636	0.193142045454545	0.036029545454545	0.075004545454545		1
000255:	0.059103409090909	0.687368750000000	0.114759659090909	0.049578977272727	0.089189204545455		1
000256:	0.037088636363636	0.200685795454545	0.210251704545455	0.248009659090909	0.303964204545455		1
000257:	0.572130113636364	0.079748295454545	0.183850568181818	0.029424431818182	0.134846590909091		1
000258:	0.052747727272727	0.062697159090909	0.114582386363636	0.228448863636364	0.541523863636364		1
000259:	0.876146590909091	0.029004545454545	0.024773295454545	0.031341477272727	0.038734090909091		1
000260:	0.054472159090909	0.234520454545455	0.471619886363636	0.187060795454545	0.052326704545455		1
000261:	0.136495454545455	0.464801136363636	0.211504545454545	0.097672727272727	0.089526136363636		1
000262:	0.364731250000000	0.217059090909091	0.263973863636364	0.058341477272727	0.095894318181818		1
000263:	0.152515340909091	0.062943181818182	0.117650000000000	0.240134659090909	0.426756818181818		1
000264:	0.785097727272727	0.048957386363636	0.062658522727273	0.029388636363636	0.073897727272727		1
000265:	0.074739204545455	0.084369886363636	0.080974431818182	0.038084090909091	0.721832386363636		1
000266:	0.108274431818182	0.586447727272727	0.065725568181818	0.087476704545455	0.152075568181818		1
000267:	0.027663068181818	0.717484659090909	0.123655113636364	0.074179545454545	0.057017613636364		1
000268:	0.159925568181818	0.120357954545455	0.145020454545455	0.120821590909091	0.453874431818182		1
000269:	0.062344886363636	0.536721590909091	0.057175568181818	0.243511931818182	0.100246022727273		1
000270:	0.867812500000000	0.024125000000000	0.039545454545455	0.021703409090909	0.046813636363636		1
000271:	0.114990909090909	0.699943750000000	0.115657386363636	0.039443181818182	0.029964772727273		1
000272:	0.210055113636364	0.364562500000000	0.270561363636364	0.081028977272727	0.073792045454545		1
000273:	0.349407386363636	0.343577840909091	0.082519886363636	0.136030681818182	0.088464204545455		1
000274:	0.067918181818182	0.599562500000000	0.156976136363636	0.074851704545455	0.100691477272727		1
000275:	0.083978977272727	0.198870454545455	0.113957954545455	0.373229545454545	0.229963068181818		1
000276:	0.814468750000000	0.046651136363636	0.066813636363636	0.024859659090909	0.047206818181818		1
000277:	0.060887500000000	0.787607954545455	0.047153409090909	0.058792045454545	0.045559090909091		1
000278:	0.041972159090909	0.211275568181818	0.161777272727273	0.264103409090909	0.320871590909091		1
000279:	0.021981818181818	0.728460227272727	0.047425568181818	0.130275000000000	0.071857386363636		1
000280:	0.219052272727273	0.159902840909091	0.401737500000000	0.126151136363636	0.093156250000000		1
000281:	0.443246022727273	0.427267613636364	0.039944318181818	0.039483522727273	0.050058522727273		1
000282:	0.138018750000000	0.238948863636364	0.181134090909091	0.352674431818182	0.089223863636364		1
000283:	0.873734090909091	0.031335227272727	0.062745454545455	0.009810227272727	0.022375000000000		1
000284:	0.101431250000000	0.578394318181818	0.182988636363636	0.056366477272727	0.080819318181818		1
000285:	0.037115340909091	0.408032954545455	0.101492613636364	0.357697159090909	0.095661931818182		1
000286:	0.219680681818182	0.509292045454545	0.104665909090909	0.113508522727273	0.052852840909091		1
000287:	0.177081818181818	0.551884659090909	0.075136931818182	0.146480681818182	0.049415909090909		1
000288:	0.269733522727273	0.294823295454545	0.121487500000000	0.080316477272727	0.233639204545455		1
000289:	0.162563636363636	0.021185795454545	0.094039772727273	0.060884090909091	0.661326704545455		1
000290:	0.254406818181818	0.035793181818182	0.423981250000000	0.047643181818182	0.238175568181818		1
000291:	0.070512500000000	0.024469886363636	0.024652272727273	0.095238636363636	0.785126704545455		1
000292:	0.059314772727273	0.038570454545455	0.108096590909091	0.050681818181818	0.743336363636364		1
000293:	0.050076136363636	0.011372159090909	0.058654545454545	0.051051704545455	0.828845454545455		1
000294:	0.132305113636364	0.019776136363636	0.038392045454545	0.121532386363636	0.687994318181818		1
000295:	0.054721022727273	0.011429545454545	0.049211363636364	0.441827840909091	0.442810227272727		1
000296:	0.779226704545455	0.000868750000000	0.001718750000000	0.003272727272727	0.214913068181818		1
000297:	0.242532954545455	0.072601704545455	0.143452840909091	0.144824431818182	0.396588068181818		1
000298:	0.071655113636364	0.286909659090909	0.038347727272727	0.509057386363636	0.094030113636364		1
000299:	0.096112500000000	0.090589772727273	0.076043750000000	0.136859659090909	0.600394318181818		1
000300:	0.428236931818182	0.147813068181818	0.061278409090909	0.039969886363636	0.322701704545455		1
000301:	0.038300000000000	0.039831818181818	0.069232386363636	0.093443181818182	0.759192613636364		1
000302:	0.893870454545455	0.010952272727273	0.033692613636364	0.016500568181818	0.044984090909091		1
000303:	0.893868181818182	0.015268181818182	0.036257954545455	0.016316477272727	0.038289204545455		1
000304:	0.025967613636364	0.015122727272727	0.068417613636364	0.040999431818182	0.849492613636364		1
000305:	0.145769886363636	0.039001136363636	0.587970454545454	0.044447159090909	0.182811363636364		1
000306:	0.732058522727273	0.057288636363636	0.096344886363636	0.054021022727273	0.060286931818182		1
000307:	0.059351704545455	0.040728409090909	0.768366477272727	0.025601136363636	0.105952272727273		1
000308:	0.042184659090909	0.020995454545455	0.043586931818182	0.019086931818182	0.874146022727273		1
000309:	0.071934090909091	0.094218181818182	0.044452272727273	0.065694886363636	0.723700568181818		1
000310:	0.894980113636364	0.012871022727273	0.019191477272727	0.025962500000000	0.046994886363636		1
000311:	0.182341477272727	0.111302272727273	0.254286931818182	0.107433522727273	0.344635795454545		1
000312:	0.054053977272727	0.511755681818182	0.067279545454545	0.221707954545455	0.145202840909091		1
000313:	0.068026704545455	0.565584090909091	0.073479545454545	0.163403977272727	0.129505681818182		1
000314:	0.064001136363636	0.157390909090909	0.111268750000000	0.554272159090909	0.113067045454545		1
000315:	0.038519886363636	0.399332954545455	0.070625568181818	0.260097159090909	0.231424431818182		1
000316:	0.072045454545455	0.070851136363636	0.086546022727273	0.141982386363636	0.628575000000000		1
000317:	0.029335795454545	0.043250568181818	0.121503409090909	0.686005681818182	0.119904545454545		1
000318:	0.102921022727273	0.024062500000000	0.170243750000000	0.048607386363636	0.654165340909091		1
000319:	0.765144886363636	0.013459659090909	0.038209659090909	0.026105113636364	0.157080681818182		1
000320:	0.330948295454545	0.080842613636364	0.110126704545455	0.090906250000000	0.387176136363636		1
000321:	0.054406818181818	0.024811931818182	0.061303409090909	0.022636931818182	0.836840909090909		1
000322:	0.179555113636364	0.033321590909091	0.496301704545455	0.036613068181818	0.254208522727273		1
000323:	0.142444318181818	0.331838636363636	0.144264772727273	0.174893750000000	0.206558522727273		1
000324:	0.155995454545455	0.033635227272727	0.262932386363636	0.033075568181818	0.514361363636364		1
000325:	0.760052272727273	0.037166477272727	0.115367045454545	0.018702840909091	0.068711363636364		1
000326:	0.078124431818182	0.159004545454545	0.343862500000000	0.054807954545455	0.364200568181818		1
000327:	0.083572159090909	0.031177840909091	0.254865340909091	0.078553977272727	0.551830681818182		1
000328:	0.047647159090909	0.045592613636364	0.797167045454545	0.017893181818182	0.091700000000000		1
000329:	0.093263068181818	0.066576704545455	0.220352840909091	0.071633522727273	0.548173863636364		1
000330:	0.140121590909091	0.045252272727273	0.660443181818182	0.027518181818182	0.126664772727273		1
000331:	0.060332954545455	0.082836363636364	0.680711363636364	0.012998295454545	0.163121022727273		1
000332:	0.873450000000000	0.008702272727273	0.032289772727273	0.020827272727273	0.064730681818182		1
000333:	0.857023863636364	0.016794318181818	0.036581818181818	0.018098295454545	0.071501704545455		1
000334:	0.861170454545455	0.012639772727273	0.031045454545455	0.015731818181818	0.079412500000000		1
000335:	0.040610227272727	0.056186363636364	0.122415909090909	0.066845454545455	0.713942045454545		1
000336:	0.801092613636364	0.011606250000000	0.076709659090909	0.015079545454545	0.095511931818182		1
000337:	0.203407386363636	0.123881818181818	0.347405681818182	0.026923295454545	0.298381818181818		1
000338:	0.075114204545455	0.027732386363636	0.063389772727273	0.045416477272727	0.788347159090909		1
000339:	0.106768750000000	0.021860795454545	0.279660227272727	0.036144318181818	0.555565909090909		1
000340:	0.609722159090909	0.020126136363636	0.081806818181818	0.015472159090909	0.272872727272727		1
000341:	0.049403977272727	0.021676704545455	0.039345454545455	0.026707386363636	0.862866477272727		1
000342:	0.069931818181818	0.018529545454545	0.219303977272727	0.019834659090909	0.672400000000000		1
000343:	0.127894886363636	0.031188068181818	0.076371022727273	0.030646022727273	0.733900000000000		1
000344:	0.025071590909091	0.038232954545455	0.818807386363636	0.033709659090909	0.084178409090909		1
000345:	0.047582954545455	0.020531250000000	0.772371022727273	0.014018750000000	0.145496022727273		1
000346:	0.038778977272727	0.021294318181818	0.195872159090909	0.042671022727273	0.701383522727273		1
000347:	0.030872159090909	0.015338068181818	0.145600000000000	0.019728977272727	0.788460795454546		1
000348:	0.221398863636364	0.021109090909091	0.410279545454545	0.057984659090909	0.289227840909091		1
000349:	0.084182954545455	0.023348863636364	0.321344886363636	0.402281250000000	0.168842045454545		1
000350:	0.070356250000000	0.015416477272727	0.327664772727273	0.053723863636364	0.532838636363636		1
000351:	0.032934659090909	0.032702272727273	0.566569318181818	0.048224431818182	0.319569318181818		1
000352:	0.175747159090909	0.022997727272727	0.050961931818182	0.047497727272727	0.702795454545455		1
000353:	0.604166477272727	0.011452840909091	0.038405113636364	0.027028409090909	0.318947159090909		1
000354:	0.562297159090909	0.010697159090909	0.042909090909091	0.030556818181818	0.353539772727273		1
000355:	0.109317045454545	0.026732386363636	0.190538068181818	0.032094318181818	0.641318181818182		1
000356:	0.341595454545455	0.424785795454545	0.076889772727273	0.057236363636364	0.099492613636364		1
000357:	0.039776704545455	0.241736363636364	0.120459090909091	0.514765340909091	0.083262500000000		1
000358:	0.112118750000000	0.096757386363636	0.155210795454545	0.534821590909091	0.101091477272727		1
000359:	0.071591477272727	0.399775000000000	0.232408522727273	0.123593750000000	0.172631250000000		1
000360:	0.114103409090909	0.045802840909091	0.093681818181818	0.161191477272727	0.585220454545455		1
000361:	0.096259090909091	0.257013068181818	0.113350000000000	0.479118750000000	0.054259090909091		1
000362:	0.197806250000000	0.117735795454545	0.457476704545455	0.050755113636364	0.176226136363636		1
000363:	0.054997159090909	0.044617045454545	0.057290909090909	0.513484659090909	0.329610227272727		1
000364:	0.038378977272727	0.431748295454545	0.180761363636364	0.173727272727273	0.175384090909091		1
000365:	0.084844318181818	0.084990909090909	0.251079545454545	0.267559090909091	0.311526136363636		1
000366:	0.035003977272727	0.480477272727273	0.072298863636364	0.292867613636364	0.119352272727273		1
000367:	0.035215909090909	0.426230681818182	0.063723863636364	0.270449431818182	0.204380113636364		1
000368:	0.057051136363636	0.289077272727273	0.051682386363636	0.494584090909091	0.107605113636364		1
000369:	0.173286931818182	0.117096590909091	0.152682954545455	0.286036363636364	0.270897159090909		1
000370:	0.319309090909091	0.114477272727273	0.112300000000000	0.048932954545455	0.404980681818182		1
000371:	0.036030681818182	0.041183522727273	0.203781818181818	0.099238068181818	0.619765909090909		1
000372:	0.037178977272727	0.070053409090909	0.056200568181818	0.489098295454545	0.347468750000000		1
000373:	0.107087500000000	0.227149431818182	0.186594886363636	0.238121022727273	0.241047159090909		1
000374:	0.093872727272727	0.054298295454545	0.073331250000000	0.437827272727273	0.340670454545455		1
000375:	0.607376704545455	0.026872159090909	0.153538636363636	0.034251704545455	0.177960795454545		1
000376:	0.154961363636364	0.105468181818182	0.062350568181818	0.363251704545455	0.313968181818182		1
000377:	0.865890340909091	0.021557386363636	0.045336931818182	0.017453977272727	0.049761363636364		1
000378:	0.071247159090909	0.424237500000000	0.036981818181818	0.410551136363636	0.056982386363636		1
000379:	0.014651704545455	0.459666477272727	0.024126704545455	0.432455681818182	0.069099431818182		1
000380:	0.116058522727273	0.199423863636364	0.056677272727273	0.497630681818182	0.130209659090909		1
000381:	0.021920454545455	0.738610227272727	0.029044886363636	0.149136931818182	0.061287500000000		1
000382:	0.114323863636364	0.100139772727273	0.074834090909091	0.528011363636364	0.182690909090909		1
000383:	0.104734659090909	0.250377840909091	0.119917613636364	0.277817613636364	0.247152272727273		1
000384:	0.047187500000000	0.212776136363636	0.088602272727273	0.288511931818182	0.362922159090909		1
000385:	0.036975000000000	0.131875000000000	0.340821022727273	0.285830113636364	0.204498863636364		1
000386:	0.036950000000000	0.779459659090909	0.033725568181818	0.085997727272727	0.063867045454545		1
000387:	0.145464772727273	0.169376704545455	0.062873295454545	0.405911363636364	0.216373863636364		1
000388:	0.084285227272727	0.516476704545455	0.148201704545455	0.063540909090909	0.187495454545455		1
000389:	0.023826136363636	0.112970454545455	0.145634659090909	0.362326136363636	0.355242613636364		1
000390:	0.174559659090909	0.072596022727273	0.430394886363636	0.043538636363636	0.278910795454545		1
