Estimated Clustering Probabilities for Samples
Sample	***Cluster  01***	***Cluster  02***	***Cluster  03***	***Cluster  04***	***Cluster  05***	
000001:	0.557119318181818	0.011264772727273	0.094049431818182	0.169508522727273	0.168057954545455		1
000002:	0.824698295454545	0.006067045454545	0.088713068181818	0.039189204545455	0.041332386363636		1
000003:	0.820580681818182	0.013655681818182	0.031039204545455	0.096372159090909	0.038352272727273		1
000004:	0.547217045454545	0.007397159090909	0.362811363636364	0.036709659090909	0.045864772727273		1
000005:	0.836393181818182	0.003234090909091	0.031773863636364	0.018209090909091	0.110389772727273		1
000006:	0.385005681818182	0.010752272727273	0.511297727272727	0.049862500000000	0.043081818181818		1
000007:	0.825712500000000	0.006163636363636	0.029336931818182	0.105402840909091	0.033384090909091		1
000008:	0.895519886363636	0.008419886363636	0.034310227272727	0.035569318181818	0.026180681818182		1
000009:	0.685505113636364	0.002497159090909	0.267261363636364	0.019832386363636	0.024903977272727		1
000010:	0.750529545454545	0.009885227272727	0.083185795454545	0.048557386363636	0.107842045454545		1
000011:	0.376894886363636	0.085583522727273	0.233272159090909	0.163484659090909	0.140764772727273		1
000012:	0.130731818181818	0.167479545454545	0.207769318181818	0.029372159090909	0.464647159090909		1
000013:	0.091463068181818	0.259966477272727	0.253879545454545	0.027892045454545	0.366798863636364		1
000014:	0.034235795454545	0.020289204545455	0.903444318181818	0.011718181818182	0.030312500000000		1
000015:	0.583003409090909	0.045479545454545	0.187855681818182	0.024297159090909	0.159364204545455		1
000016:	0.040564772727273	0.020131818181818	0.896357954545455	0.011736363636364	0.031209090909091		1
000017:	0.203547727272727	0.039350000000000	0.129252272727273	0.048511363636364	0.579338636363636		1
000018:	0.068937500000000	0.258569318181818	0.121834090909091	0.025078409090909	0.525580681818182		1
000019:	0.507497727272727	0.139942045454545	0.072847727272727	0.040176136363636	0.239536363636364		1
000020:	0.160338068181818	0.026433522727273	0.430171590909091	0.032753409090909	0.350303409090909		1
000021:	0.056347159090909	0.048185227272727	0.029719318181818	0.082107386363636	0.783640909090909		1
000022:	0.272682386363636	0.062953409090909	0.093500000000000	0.031595454545455	0.539268750000000		1
000023:	0.243975568181818	0.220472159090909	0.143730681818182	0.076689772727273	0.315131818181818		1
000024:	0.023968181818182	0.032598295454545	0.882304545454546	0.009972727272727	0.051156250000000		1
000025:	0.111548295454545	0.405118750000000	0.226343181818182	0.024268750000000	0.232721022727273		1
000026:	0.142811931818182	0.148755113636364	0.046888636363636	0.029006250000000	0.632538068181818		1
000027:	0.065763636363636	0.130079545454545	0.064712500000000	0.028129545454545	0.711314772727273		1
000028:	0.246672727272727	0.060992045454545	0.099254545454545	0.195703977272727	0.397376704545455		1
000029:	0.136658522727273	0.076256818181818	0.345985227272727	0.053750568181818	0.387348863636364		1
000030:	0.422254545454545	0.170455113636364	0.167697727272727	0.065905113636364	0.173687500000000		1
000031:	0.068201704545455	0.216840909090909	0.052452272727273	0.017194318181818	0.645310795454546		1
000032:	0.084768750000000	0.064886363636364	0.075595454545455	0.039378409090909	0.735371022727273		1
000033:	0.228889204545455	0.103044318181818	0.088896022727273	0.078689772727273	0.500480681818182		1
000034:	0.029990340909091	0.027032954545455	0.887126704545455	0.012200568181818	0.043649431818182		1
000035:	0.074008522727273	0.191150000000000	0.068760795454545	0.074683522727273	0.591397159090909		1
000036:	0.185402272727273	0.040989204545455	0.247118181818182	0.114286931818182	0.412203409090909		1
000037:	0.095758522727273	0.054375568181818	0.117918181818182	0.024793181818182	0.707154545454545		1
000038:	0.149665909090909	0.307835795454545	0.138674431818182	0.263689772727273	0.140134090909091		1
000039:	0.097279545454545	0.170425568181818	0.323171590909091	0.019147159090909	0.389976136363636		1
000040:	0.047034090909091	0.052073295454545	0.812147727272727	0.019101704545455	0.069643181818182		1
000041:	0.128819318181818	0.052608522727273	0.200358522727273	0.029557954545455	0.588655681818182		1
000042:	0.096190340909091	0.257523295454545	0.151013068181818	0.040844318181818	0.454428977272727		1
000043:	0.469662500000000	0.053643750000000	0.160394318181818	0.035975568181818	0.280323863636364		1
000044:	0.208969318181818	0.090278977272727	0.117773863636364	0.042357386363636	0.540620454545455		1
000045:	0.083148295454545	0.097483522727273	0.035098863636364	0.019140340909091	0.765128977272727		1
000046:	0.121624431818182	0.178924431818182	0.081233522727273	0.136120454545455	0.482097159090909		1
000047:	0.231176136363636	0.116373295454545	0.205617613636364	0.127639204545455	0.319193750000000		1
000048:	0.827581818181818	0.033003409090909	0.053797727272727	0.032864772727273	0.052752272727273		1
000049:	0.645830681818182	0.058851136363636	0.076822727272727	0.037824431818182	0.180671022727273		1
000050:	0.248267045454545	0.079997159090909	0.334461931818182	0.047246590909091	0.290027272727273		1
000051:	0.689270454545455	0.007125568181818	0.249981250000000	0.011751136363636	0.041871590909091		1
000052:	0.156993181818182	0.013943181818182	0.764632386363636	0.023087500000000	0.041343750000000		1
000053:	0.390030681818182	0.076205681818182	0.176402272727273	0.029786931818182	0.327574431818182		1
000054:	0.178146590909091	0.433657386363636	0.085647159090909	0.051939204545455	0.250609659090909		1
000055:	0.625591477272727	0.025226136363636	0.195567045454545	0.042237500000000	0.111377840909091		1
000056:	0.501235227272727	0.061214772727273	0.095763636363636	0.046820454545455	0.294965909090909		1
000057:	0.315644318181818	0.047269886363636	0.128956818181818	0.068449431818182	0.439679545454545		1
000058:	0.495509090909091	0.217127272727273	0.038510227272727	0.034011931818182	0.214841477272727		1
000059:	0.203271590909091	0.078155113636364	0.037660227272727	0.044618181818182	0.636294886363636		1
000060:	0.654727272727273	0.046907386363636	0.078582386363636	0.032518181818182	0.187264772727273		1
000061:	0.555564204545455	0.058010227272727	0.081388068181818	0.037829545454545	0.267207954545455		1
000062:	0.127206818181818	0.012585227272727	0.797178409090909	0.023812500000000	0.039217045454545		1
000063:	0.108653977272727	0.018201704545455	0.809062500000000	0.027934090909091	0.036147727272727		1
000064:	0.343568750000000	0.002287500000000	0.001258522727273	0.000619886363636	0.652265340909091		1
000065:	0.810207954545455	0.026181250000000	0.051493181818182	0.031943181818182	0.080174431818182		1
000066:	0.325926136363636	0.024381818181818	0.068900000000000	0.029818181818182	0.550973863636364		1
000067:	0.341323863636364	0.016880113636364	0.550132386363636	0.041925000000000	0.049738636363636		1
000068:	0.269173863636364	0.092046022727273	0.038961931818182	0.030175568181818	0.569642613636364		1
000069:	0.200888068181818	0.023427272727273	0.091552272727273	0.030350568181818	0.653781818181818		1
000070:	0.212436363636364	0.088875000000000	0.413893181818182	0.083026136363636	0.201769318181818		1
000071:	0.228070454545455	0.064410227272727	0.039480113636364	0.050242613636364	0.617796590909091		1
000072:	0.646793750000000	0.031753409090909	0.111929545454545	0.056288068181818	0.153235227272727		1
000073:	0.719451704545455	0.047568750000000	0.066667045454545	0.037294886363636	0.129017613636364		1
000074:	0.104242045454545	0.226317045454545	0.221405113636364	0.035015340909091	0.413020454545455		1
000075:	0.406105681818182	0.157644318181818	0.106211363636364	0.057608522727273	0.272430113636364		1
000076:	0.171235227272727	0.143719318181818	0.032669886363636	0.416488068181818	0.235887500000000		1
000077:	0.250353977272727	0.154098295454545	0.101092045454545	0.284986363636364	0.209469318181818		1
000078:	0.586026136363636	0.030904545454545	0.107248295454545	0.080390340909091	0.195430681818182		1
000079:	0.198718181818182	0.155462500000000	0.096342613636364	0.104355113636364	0.445121590909091		1
000080:	0.209877840909091	0.361759090909091	0.028994318181818	0.048135795454545	0.351232954545455		1
000081:	0.719333522727273	0.018772727272727	0.033419886363636	0.042134659090909	0.186339204545455		1
000082:	0.693517613636364	0.034140909090909	0.057428977272727	0.044256250000000	0.170656250000000		1
000083:	0.576400000000000	0.057598863636364	0.030997159090909	0.061220454545455	0.273783522727273		1
000084:	0.023987500000000	0.019511931818182	0.921497727272727	0.011410795454545	0.023592045454545		1
000085:	0.225926704545455	0.063005681818182	0.137886363636364	0.056102840909091	0.517078409090909		1
000086:	0.227907386363636	0.088331818181818	0.405478977272727	0.094777840909091	0.183503977272727		1
000087:	0.329625000000000	0.035818750000000	0.055721590909091	0.029633522727273	0.549201136363636		1
000088:	0.095947727272727	0.042005681818182	0.044627272727273	0.027324431818182	0.790094886363636		1
000089:	0.121007386363636	0.037105113636364	0.073647159090909	0.061077840909091	0.707162500000000		1
000090:	0.108645454545455	0.255846590909091	0.149497727272727	0.040678409090909	0.445331818181818		1
000091:	0.074961363636364	0.523612500000000	0.056037500000000	0.165245454545455	0.180143181818182		1
000092:	0.456072727272727	0.082961931818182	0.077840909090909	0.043777840909091	0.339346590909091		1
000093:	0.331484659090909	0.174640909090909	0.082077840909091	0.096937500000000	0.314859090909091		1
000094:	0.304059090909091	0.178101704545455	0.059542045454545	0.057733522727273	0.400563636363636		1
000095:	0.662017613636364	0.031171022727273	0.130956818181818	0.051656818181818	0.124197727272727		1
000096:	0.101094318181818	0.016748863636364	0.807571590909091	0.032431250000000	0.042153977272727		1
000097:	0.148470454545455	0.047682954545455	0.052151136363636	0.030399431818182	0.721296022727273		1
000098:	0.422403409090909	0.043044886363636	0.021317613636364	0.031315340909091	0.481918750000000		1
000099:	0.190581818181818	0.032396022727273	0.428968750000000	0.050239204545455	0.297814204545455		1
000100:	0.352059659090909	0.025300568181818	0.507066477272727	0.023370454545455	0.092202840909091		1
000101:	0.144375568181818	0.018573863636364	0.081672727272727	0.037142613636364	0.718235227272727		1
000102:	0.247050000000000	0.058622159090909	0.297509090909091	0.044107954545455	0.352710795454545		1
000103:	0.366134090909091	0.286726704545455	0.059807386363636	0.082511931818182	0.204819886363636		1
000104:	0.110380681818182	0.022557386363636	0.784157386363636	0.010058522727273	0.072846022727273		1
000105:	0.098626136363636	0.049547159090909	0.257452272727273	0.021369886363636	0.573004545454545		1
000106:	0.174164204545455	0.066471022727273	0.053550000000000	0.032664772727273	0.673150000000000		1
000107:	0.236717613636364	0.025511931818182	0.394127840909091	0.040926704545455	0.302715909090909		1
000108:	0.060363636363636	0.096131250000000	0.771588636363636	0.009212500000000	0.062703977272727		1
000109:	0.231344318181818	0.079248863636364	0.076780113636364	0.057819886363636	0.554806818181818		1
000110:	0.058282386363636	0.613156818181818	0.170376136363636	0.078048863636364	0.080135795454545		1
000111:	0.240546022727273	0.022039204545455	0.522943181818182	0.079703977272727	0.134767613636364		1
000112:	0.086280113636364	0.082163636363636	0.177066477272727	0.051628409090909	0.602861363636364		1
000113:	0.520204545454545	0.032556818181818	0.174636363636364	0.045342045454545	0.227260227272727		1
000114:	0.196989204545455	0.135703409090909	0.045834659090909	0.255772727272727	0.365700000000000		1
000115:	0.356085227272727	0.096005113636364	0.121203409090909	0.050393181818182	0.376313068181818		1
000116:	0.403906818181818	0.058098863636364	0.372036363636364	0.048601136363636	0.117356818181818		1
000117:	0.252362500000000	0.047308522727273	0.080759659090909	0.073053409090909	0.546515909090909		1
000118:	0.564159659090909	0.035217613636364	0.203147159090909	0.073994886363636	0.123480681818182		1
000119:	0.111450568181818	0.052786363636364	0.162019318181818	0.035703977272727	0.638039772727273		1
000120:	0.705825000000000	0.031859090909091	0.122588636363636	0.030904545454545	0.108822727272727		1
000121:	0.304792045454545	0.229704545454545	0.117069318181818	0.055467045454545	0.292967045454545		1
000122:	0.314863636363636	0.026923863636364	0.074202272727273	0.022176136363636	0.561834090909091		1
000123:	0.680819318181818	0.098119886363636	0.043221590909091	0.058076136363636	0.119763068181818		1
000124:	0.003879545454545	0.166066477272727	0.669338636363636	0.001561931818182	0.159153409090909		1
000125:	0.455775568181818	0.046364204545455	0.141980681818182	0.245392613636364	0.110486931818182		1
000126:	0.097661931818182	0.026216477272727	0.032072159090909	0.780646590909091	0.063402840909091		1
000127:	0.472785795454545	0.059042045454545	0.171829545454545	0.041799431818182	0.254543181818182		1
000128:	0.721953409090909	0.046672727272727	0.066915909090909	0.041338636363636	0.123119318181818		1
000129:	0.178133522727273	0.132905681818182	0.040646022727273	0.032185227272727	0.616129545454545		1
000130:	0.723523863636364	0.075368181818182	0.096063068181818	0.044678977272727	0.060365909090909		1
000131:	0.352588068181818	0.039682386363636	0.064223295454545	0.039225568181818	0.504280681818182		1
000132:	0.020736363636364	0.008278409090909	0.802677840909091	0.107842613636364	0.060464772727273		1
000133:	0.263882954545455	0.244428977272727	0.080009659090909	0.187031818181818	0.224646590909091		1
000134:	0.307475000000000	0.234844318181818	0.115700568181818	0.091490340909091	0.250489772727273		1
000135:	0.138134090909091	0.233020454545455	0.027463636363636	0.037182386363636	0.564199431818182		1
000136:	0.637532386363636	0.071421590909091	0.073001704545455	0.042160795454545	0.175883522727273		1
000137:	0.130087500000000	0.204449431818182	0.077557954545455	0.061814772727273	0.526090340909091		1
000138:	0.541578977272727	0.084281250000000	0.046131250000000	0.111445454545455	0.216563068181818		1
000139:	0.428339204545455	0.075531250000000	0.090911363636364	0.057813068181818	0.347405113636364		1
000140:	0.071118750000000	0.645253977272727	0.064470454545455	0.027214772727273	0.191942045454545		1
000141:	0.243006818181818	0.030488636363636	0.526727840909091	0.091668750000000	0.108107954545455		1
000142:	0.163578977272727	0.058978409090909	0.083095454545455	0.023935795454545	0.670411363636364		1
000143:	0.571965909090909	0.038636931818182	0.061907954545455	0.028683522727273	0.298805681818182		1
000144:	0.343747727272727	0.029568181818182	0.163456818181818	0.039537500000000	0.423689772727273		1
000145:	0.117107386363636	0.027763636363636	0.783431250000000	0.024551704545455	0.047146022727273		1
000146:	0.274415909090909	0.056688636363636	0.228758522727273	0.030223863636364	0.409913068181818		1
000147:	0.708595454545455	0.026313636363636	0.057318750000000	0.042317045454545	0.165455113636364		1
000148:	0.784839204545455	0.029176704545455	0.052643750000000	0.039580681818182	0.093759659090909		1
000149:	0.374363636363636	0.036928409090909	0.084827272727273	0.081675000000000	0.422205681818182		1
000150:	0.149735227272727	0.124905681818182	0.074661931818182	0.036794318181818	0.613902840909091		1
000151:	0.477986363636364	0.052113636363636	0.236562500000000	0.062133522727273	0.171203977272727		1
000152:	0.450278977272727	0.153118750000000	0.141114772727273	0.062051136363636	0.193436363636364		1
000153:	0.187904545454545	0.053817045454545	0.102688068181818	0.025285227272727	0.630305113636364		1
000154:	0.458802272727273	0.025564204545455	0.436231250000000	0.021559090909091	0.057843181818182		1
000155:	0.204701136363636	0.068813068181818	0.483940909090909	0.025289772727273	0.217255113636364		1
000156:	0.215352840909091	0.032784090909091	0.399248295454545	0.033973295454545	0.318641477272727		1
000157:	0.109605681818182	0.008371590909091	0.845484090909091	0.027194318181818	0.009344318181818		1
000158:	0.359902272727273	0.024992045454545	0.143687500000000	0.348412500000000	0.123005681818182		1
000159:	0.086711931818182	0.026632954545455	0.587650000000000	0.183490340909091	0.115514772727273		1
000160:	0.091858522727273	0.009257386363636	0.022930681818182	0.860584090909091	0.015369318181818		1
000161:	0.502053977272727	0.018510795454545	0.074057954545455	0.366845454545455	0.038531818181818		1
000162:	0.143272159090909	0.126051704545455	0.026828977272727	0.338397159090909	0.365450000000000		1
000163:	0.815974431818182	0.007831250000000	0.034550568181818	0.048024431818182	0.093619318181818		1
000164:	0.501245454545455	0.011410795454545	0.389660227272727	0.079744318181818	0.017939204545455		1
000165:	0.878508522727273	0.012171590909091	0.052256250000000	0.041170454545455	0.015893181818182		1
000166:	0.906442045454545	0.008785227272727	0.034630113636364	0.033575568181818	0.016567045454545		1
000167:	0.772169318181818	0.023760795454545	0.044578977272727	0.096814772727273	0.062676136363636		1
000168:	0.355075568181818	0.046052272727273	0.316601136363636	0.041165340909091	0.241105681818182		1
000169:	0.444346022727273	0.039267613636364	0.051039772727273	0.034831818181818	0.430514772727273		1
000170:	0.873889772727273	0.021084090909091	0.023706818181818	0.018312500000000	0.063006818181818		1
000171:	0.246951704545455	0.024404545454545	0.639677840909091	0.016994318181818	0.071971590909091		1
000172:	0.514152272727273	0.076202840909091	0.062216477272727	0.135031250000000	0.212397159090909		1
000173:	0.541865340909091	0.019773295454545	0.061070454545455	0.026122727272727	0.351168181818182		1
000174:	0.287148863636364	0.079819318181818	0.069132954545455	0.024442613636364	0.539456250000000		1
000175:	0.063655113636364	0.012959090909091	0.882565340909091	0.007593181818182	0.033227272727273		1
000176:	0.261870454545455	0.036161363636364	0.135118181818182	0.079152272727273	0.487697727272727		1
000177:	0.322446022727273	0.039774431818182	0.133327272727273	0.021594886363636	0.482857386363636		1
000178:	0.350307386363636	0.037038068181818	0.251436363636364	0.024402272727273	0.336815909090909		1
000179:	0.064197159090909	0.016376136363636	0.858190909090909	0.014185227272727	0.047050568181818		1
000180:	0.036811363636364	0.260411931818182	0.692953409090909	0.001531818181818	0.008291477272727		1
000181:	0.082352272727273	0.011968181818182	0.854921022727273	0.016874431818182	0.033884090909091		1
000182:	0.179674431818182	0.103398863636364	0.312174431818182	0.052559090909091	0.352193181818182		1
000183:	0.102247159090909	0.010044318181818	0.836362500000000	0.009014204545455	0.042331818181818		1
000184:	0.387353977272727	0.119888068181818	0.202396590909091	0.038070454545455	0.252290909090909		1
000185:	0.219766477272727	0.161747727272727	0.107633522727273	0.092665909090909	0.418186363636364		1
000186:	0.052076704545455	0.015196022727273	0.885330681818182	0.013344318181818	0.034052272727273		1
000187:	0.075457954545455	0.023818181818182	0.836495454545455	0.012440909090909	0.051787500000000		1
000188:	0.258124431818182	0.047622159090909	0.403325568181818	0.158758522727273	0.132169318181818		1
000189:	0.674165909090909	0.055428409090909	0.052638068181818	0.026123295454545	0.191644318181818		1
000190:	0.709651704545455	0.053311363636364	0.035789204545455	0.031594318181818	0.169653409090909		1
000191:	0.448415909090909	0.024513636363636	0.058948863636364	0.028235227272727	0.439886363636364		1
000192:	0.124166477272727	0.040118750000000	0.102826136363636	0.059843750000000	0.673044886363636		1
000193:	0.243652272727273	0.061362500000000	0.147397159090909	0.042689204545455	0.504898863636364		1
000194:	0.481914772727273	0.166864772727273	0.110269886363636	0.038817045454545	0.202133522727273		1
000195:	0.194200568181818	0.019112500000000	0.053115909090909	0.018849431818182	0.714721590909091		1
000196:	0.418546022727273	0.014084659090909	0.245781818181818	0.277507954545455	0.044079545454545		1
000197:	0.618015909090909	0.012563068181818	0.104929545454545	0.081784659090909	0.182706818181818		1
000198:	0.263382386363636	0.070717045454545	0.113159659090909	0.182066477272727	0.370674431818182		1
000199:	0.822329545454546	0.018265909090909	0.054993181818182	0.074726704545455	0.029684659090909		1
000200:	0.738988068181818	0.017652272727273	0.081665909090909	0.109607954545455	0.052085795454545		1
000201:	0.209996022727273	0.009964204545455	0.720410227272727	0.039208522727273	0.020421022727273		1
000202:	0.228500568181818	0.042428409090909	0.414322159090909	0.045381818181818	0.269367045454545		1
000203:	0.720697159090909	0.050018750000000	0.127734659090909	0.024724431818182	0.076825000000000		1
000204:	0.598632954545455	0.039396590909091	0.225786931818182	0.060288636363636	0.075894886363636		1
000205:	0.320640909090909	0.052690909090909	0.473242045454545	0.050963068181818	0.102463068181818		1
000206:	0.426637500000000	0.267696022727273	0.160554545454545	0.053034090909091	0.092077840909091		1
000207:	0.292688636363636	0.043896590909091	0.036536363636364	0.094646590909091	0.532231818181818		1
000208:	0.457268750000000	0.030138636363636	0.269437500000000	0.051684659090909	0.191470454545455		1
000209:	0.270157386363636	0.020660795454545	0.559759659090909	0.071479545454545	0.077942613636364		1
000210:	0.467905113636364	0.034552272727273	0.287812500000000	0.041608522727273	0.168121590909091		1
000211:	0.773122159090909	0.036139204545455	0.061540909090909	0.052077840909091	0.077119886363636		1
000212:	0.421136931818182	0.023778409090909	0.316305681818182	0.165778409090909	0.073000568181818		1
000213:	0.732657954545455	0.020421590909091	0.134582954545455	0.063688068181818	0.048649431818182		1
000214:	0.713413636363636	0.025056250000000	0.061123295454545	0.111768750000000	0.088638068181818		1
000215:	0.425847159090909	0.098528409090909	0.095717045454545	0.136497727272727	0.243409659090909		1
000216:	0.518821590909091	0.028150568181818	0.293251136363636	0.119868750000000	0.039907954545455		1
000217:	0.376339772727273	0.023176136363636	0.222615340909091	0.268014204545455	0.109854545454545		1
000218:	0.728136363636364	0.014789772727273	0.102103409090909	0.114082954545455	0.040887500000000		1
000219:	0.746158522727273	0.015721590909091	0.066969886363636	0.149890909090909	0.021259090909091		1
000220:	0.576792045454545	0.015059659090909	0.239727272727273	0.149018750000000	0.019402272727273		1
000221:	0.757000568181818	0.012277840909091	0.098852272727273	0.057696022727273	0.074173295454545		1
000222:	0.521473295454545	0.012476704545455	0.354678409090909	0.092613068181818	0.018758522727273		1
000223:	0.359734090909091	0.084665909090909	0.377188068181818	0.086428409090909	0.091983522727273		1
000224:	0.050653977272727	0.462234659090909	0.106238068181818	0.053142045454545	0.327731250000000		1
000225:	0.094147727272727	0.281931818181818	0.052903977272727	0.060168181818182	0.510848295454545		1
000226:	0.098223295454545	0.158718750000000	0.187223295454545	0.248879545454545	0.306955113636364		1
000227:	0.069188068181818	0.306812500000000	0.054869318181818	0.124541477272727	0.444588636363636		1
000228:	0.030540340909091	0.751324431818182	0.026685227272727	0.150255113636364	0.041194886363636		1
000229:	0.222727272727273	0.474264204545455	0.049314772727273	0.102085227272727	0.151608522727273		1
000230:	0.049334090909091	0.070052272727273	0.091610227272727	0.756660227272727	0.032343181818182		1
000231:	0.247610227272727	0.243550000000000	0.036426704545455	0.123369886363636	0.349043181818182		1
000232:	0.225800568181818	0.229983522727273	0.299550000000000	0.206406250000000	0.038259659090909		1
000233:	0.084586931818182	0.304025000000000	0.028167045454545	0.144839204545455	0.438381818181818		1
000234:	0.025314772727273	0.699823863636364	0.024201136363636	0.061776136363636	0.188884090909091		1
000235:	0.038029545454545	0.812113636363636	0.052185227272727	0.026911363636364	0.070760227272727		1
000236:	0.036783522727273	0.315244318181818	0.347216477272727	0.237437500000000	0.063318181818182		1
000237:	0.068865909090909	0.569942045454545	0.039572159090909	0.061037500000000	0.260582386363636		1
000238:	0.086766477272727	0.069284659090909	0.767843750000000	0.037580113636364	0.038525000000000		1
000239:	0.126046022727273	0.447432386363636	0.112610795454545	0.137440340909091	0.176470454545455		1
000240:	0.026025000000000	0.118567045454545	0.039747159090909	0.728857386363636	0.086803409090909		1
000241:	0.031740340909091	0.093595454545455	0.308435795454545	0.055478977272727	0.510749431818182		1
000242:	0.045902272727273	0.194275568181818	0.042951704545455	0.057785795454545	0.659084659090909		1
000243:	0.026069318181818	0.437226136363636	0.043302840909091	0.438322159090909	0.055079545454545		1
000244:	0.192232954545455	0.207071022727273	0.132027840909091	0.348468181818182	0.120200000000000		1
000245:	0.124977272727273	0.248188068181818	0.032950568181818	0.341432954545455	0.252451136363636		1
000246:	0.067626704545455	0.546012500000000	0.046932386363636	0.091221590909091	0.248206818181818		1
000247:	0.140000000000000	0.367760795454545	0.067234659090909	0.177806818181818	0.247197727272727		1
000248:	0.095597159090909	0.177259659090909	0.054840340909091	0.604113068181818	0.068189772727273		1
000249:	0.040109659090909	0.659825568181818	0.033934090909091	0.172139204545455	0.093991477272727		1
000250:	0.049817613636364	0.524713068181818	0.044334659090909	0.051225568181818	0.329909090909091		1
000251:	0.056662500000000	0.384049431818182	0.060034659090909	0.198139772727273	0.301113636363636		1
000252:	0.032955113636364	0.079985795454545	0.384882954545455	0.486869886363636	0.015306250000000		1
000253:	0.038689772727273	0.733578977272727	0.078941477272727	0.114874431818182	0.033915340909091		1
000254:	0.074064772727273	0.590876704545455	0.070897159090909	0.222683522727273	0.041477840909091		1
000255:	0.110024431818182	0.707918181818182	0.056915340909091	0.084259659090909	0.040882386363636		1
000256:	0.303097159090909	0.246677272727273	0.059343750000000	0.176031818181818	0.214850000000000		1
000257:	0.111573863636364	0.090428977272727	0.553843750000000	0.213559090909091	0.030594318181818		1
000258:	0.596676136363636	0.068624431818182	0.055336363636364	0.100305681818182	0.179057386363636		1
000259:	0.028499431818182	0.027461363636364	0.902822159090909	0.020444318181818	0.020772727272727		1
000260:	0.069355113636364	0.339490340909091	0.049766477272727	0.391369318181818	0.150018750000000		1
000261:	0.094988068181818	0.473985795454545	0.190695454545455	0.155462500000000	0.084868181818182		1
000262:	0.083371022727273	0.163567045454545	0.473491477272727	0.207075568181818	0.072494886363636		1
000263:	0.473792045454545	0.059964772727273	0.129485795454545	0.128510227272727	0.208247159090909		1
000264:	0.043439204545455	0.044185227272727	0.838673863636364	0.043302840909091	0.030398863636364		1
000265:	0.646018750000000	0.099727840909091	0.096268181818182	0.118736931818182	0.039248295454545		1
000266:	0.134263068181818	0.542607386363636	0.128929545454545	0.082994886363636	0.111205113636364		1
000267:	0.051380113636364	0.722429545454545	0.027887500000000	0.110781250000000	0.087521590909091		1
000268:	0.478057954545455	0.106715909090909	0.203167045454545	0.136815340909091	0.075243750000000		1
000269:	0.076627272727273	0.509162500000000	0.075014772727273	0.043230113636364	0.295965340909091		1
000270:	0.076006818181818	0.028426704545455	0.824974431818182	0.045424431818182	0.025167613636364		1
000271:	0.032006250000000	0.698198295454545	0.126794886363636	0.101830681818182	0.041169886363636		1
000272:	0.062604545454545	0.491171590909091	0.169642045454545	0.212344318181818	0.064237500000000		1
000273:	0.072965340909091	0.304327840909091	0.422426136363636	0.063009659090909	0.137271022727273		1
000274:	0.072522159090909	0.609882954545454	0.081594886363636	0.173331250000000	0.062668750000000		1
000275:	0.182268181818182	0.242197159090909	0.096053977272727	0.137434090909091	0.342046590909091		1
000276:	0.037967045454545	0.063575568181818	0.814287500000000	0.060708522727273	0.023461363636364		1
000277:	0.039772159090909	0.774315340909091	0.082394318181818	0.049794318181818	0.053723863636364		1
000278:	0.349001704545455	0.161946022727273	0.061810795454545	0.162705113636364	0.264536363636364		1
000279:	0.000090909090909	0.985461363636364	0.000075568181818	0.013807954545455	0.000564204545455		1
000280:	0.075592045454545	0.170375568181818	0.281730113636364	0.363507386363636	0.108794886363636		1
000281:	0.042439204545455	0.422319318181818	0.468332386363636	0.039478409090909	0.027430681818182		1
000282:	0.088489772727273	0.181659659090909	0.195866477272727	0.147297727272727	0.386686363636364		1
000283:	0.050293181818182	0.026461931818182	0.842671590909091	0.066425000000000	0.014148295454545		1
000284:	0.075290909090909	0.628681250000000	0.085496022727273	0.162228409090909	0.048303409090909		1
000285:	0.118319318181818	0.523006250000000	0.036180681818182	0.087516477272727	0.234977272727273		1
000286:	0.054380681818182	0.633132386363636	0.164147159090909	0.063936931818182	0.084402840909091		1
000287:	0.065319318181818	0.599533522727273	0.188700000000000	0.054998863636364	0.091448295454545		1
000288:	0.137613636363636	0.372921022727273	0.240496590909091	0.163831818181818	0.085136931818182		1
000289:	0.668474431818182	0.043959090909091	0.145292045454545	0.085420454545455	0.056853977272727		1
000290:	0.190593181818182	0.029872727272727	0.177422159090909	0.554284659090909	0.047827272727273		1
000291:	0.761014772727273	0.026204545454545	0.070713068181818	0.033435227272727	0.108632386363636		1
000292:	0.725975000000000	0.030531250000000	0.066840909090909	0.124032386363636	0.052620454545455		1
000293:	0.865322159090909	0.008445454545455	0.048898295454545	0.032285795454545	0.045048295454545		1
000294:	0.699417613636364	0.013336363636364	0.134231818181818	0.048303409090909	0.104710795454545		1
000295:	0.449320454545455	0.017026136363636	0.050110227272727	0.050484090909091	0.433059090909091		1
000296:	0.560531818181818	0.015051136363636	0.282561931818182	0.058537500000000	0.083317613636364		1
000297:	0.399296022727273	0.048085795454545	0.320799431818182	0.109659090909091	0.122159659090909		1
000298:	0.090673295454545	0.310413636363636	0.094510795454545	0.037819318181818	0.466582954545455		1
000299:	0.620385227272727	0.125006818181818	0.077766477272727	0.074229545454545	0.102611931818182		1
000300:	0.465756818181818	0.161424431818182	0.180890909090909	0.136086363636364	0.055841477272727		1
000301:	0.786426136363636	0.036095454545455	0.041260227272727	0.048752840909091	0.087465340909091		1
000302:	0.050902272727273	0.011263636363636	0.875264204545455	0.041957386363636	0.020612500000000		1
000303:	0.041087500000000	0.011712500000000	0.906987500000000	0.026432954545455	0.013779545454545		1
000304:	0.787950568181818	0.034442613636364	0.031102272727273	0.098865909090909	0.047638636363636		1
000305:	0.211862500000000	0.024796022727273	0.162659659090909	0.563176136363636	0.037505681818182		1
000306:	0.064981250000000	0.058414204545455	0.708648863636364	0.120572727272727	0.047382954545455		1
000307:	0.168248295454545	0.023649431818182	0.094401136363636	0.691742613636364	0.021958522727273		1
000308:	0.845877840909091	0.018695454545455	0.054855681818182	0.058139772727273	0.022431250000000		1
000309:	0.703096022727273	0.083233522727273	0.095386931818182	0.064285227272727	0.053998295454545		1
000310:	0.077665340909091	0.016682386363636	0.856782386363636	0.020989772727273	0.027880113636364		1
000311:	0.334419318181818	0.079104545454545	0.237463636363636	0.248642045454545	0.100370454545455		1
000312:	0.162846590909091	0.542636363636364	0.067810227272727	0.046977272727273	0.179729545454545		1
000313:	0.145594886363636	0.486011363636364	0.094736931818182	0.065285795454545	0.208371022727273		1
000314:	0.084671022727273	0.320293750000000	0.088844886363636	0.121671022727273	0.384519318181818		1
000315:	0.251646022727273	0.368106818181818	0.046277840909091	0.074289772727273	0.259679545454545		1
000316:	0.586115909090909	0.091370454545455	0.076976136363636	0.081007386363636	0.164530113636364		1
000317:	0.119133522727273	0.040086931818182	0.034991477272727	0.143625000000000	0.662163068181818		1
000318:	0.647034659090909	0.023884659090909	0.157935795454545	0.128989204545455	0.042155681818182		1
000319:	0.176246590909091	0.014611931818182	0.745248295454545	0.041565909090909	0.022327272727273		1
000320:	0.465105113636364	0.061751704545455	0.237506818181818	0.156521022727273	0.079115340909091		1
000321:	0.845530681818182	0.022131250000000	0.039712500000000	0.070008522727273	0.022617045454545		1
000322:	0.254752272727273	0.031411931818182	0.131490909090909	0.554860227272727	0.027484659090909		1
000323:	0.221120454545455	0.322178409090909	0.146654545454545	0.142840340909091	0.167206250000000		1
000324:	0.521084659090909	0.031323295454545	0.151281250000000	0.254993750000000	0.041317045454545		1
000325:	0.045744886363636	0.286982954545455	0.588832386363636	0.066886363636364	0.011553409090909		1
000326:	0.302584659090909	0.138681818181818	0.095788636363636	0.424202840909091	0.038742045454545		1
000327:	0.478975568181818	0.029363636363636	0.101035227272727	0.293982386363636	0.096643181818182		1
000328:	0.096284659090909	0.028217045454545	0.044603977272727	0.817319318181818	0.013575000000000		1
000329:	0.564436931818182	0.080495454545455	0.105380681818182	0.183888068181818	0.065798863636364		1
000330:	0.155714204545455	0.045002840909091	0.159880113636364	0.617937500000000	0.021465340909091		1
000331:	0.123451136363636	0.065943181818182	0.044944318181818	0.749677840909091	0.015983522727273		1
000332:	0.173828409090909	0.013819318181818	0.756596590909091	0.034240340909091	0.021515340909091		1
000333:	0.108501136363636	0.030116477272727	0.809542045454545	0.034780113636364	0.017060227272727		1
000334:	0.052311363636364	0.014472727272727	0.893055113636364	0.026079545454545	0.014081250000000		1
000335:	0.736521022727273	0.044414204545455	0.041271022727273	0.107288636363636	0.070505113636364		1
000336:	0.080306818181818	0.016062500000000	0.789268750000000	0.067451136363636	0.046910795454545		1
000337:	0.412375000000000	0.105092613636364	0.147739204545455	0.306258522727273	0.028534659090909		1
000338:	0.655290909090909	0.015857386363636	0.050872727272727	0.051034659090909	0.226944318181818		1
000339:	0.564374431818182	0.021592613636364	0.092247159090909	0.290635795454545	0.031150000000000		1
000340:	0.218453977272727	0.011000000000000	0.696796022727273	0.058514772727273	0.015235227272727		1
000341:	0.858280113636364	0.020745454545455	0.039368181818182	0.053719318181818	0.027886931818182		1
000342:	0.684051704545454	0.021006250000000	0.087693181818182	0.178379545454545	0.028869318181818		1
000343:	0.771046590909091	0.028098863636364	0.094998295454545	0.084572159090909	0.021284090909091		1
000344:	0.096303977272727	0.029934090909091	0.029255113636364	0.816017613636364	0.028489204545455		1
000345:	0.166113636363636	0.011305681818182	0.041046590909091	0.768558522727273	0.012975568181818		1
000346:	0.697484659090909	0.023281818181818	0.043284090909091	0.202411931818182	0.033537500000000		1
000347:	0.735964204545455	0.015447727272727	0.040102840909091	0.185981818181818	0.022503409090909		1
000348:	0.398459659090909	0.014227272727273	0.198081818181818	0.332382954545455	0.056848295454545		1
000349:	0.188959090909091	0.029042613636364	0.276740340909091	0.440125000000000	0.065132954545455		1
000350:	0.543618181818182	0.023594318181818	0.110188636363636	0.273144886363636	0.049453977272727		1
000351:	0.522176704545455	0.011612500000000	0.245943750000000	0.202688636363636	0.017578409090909		1
000352:	0.727106818181818	0.018263636363636	0.159186363636364	0.044136363636364	0.051306818181818		1
000353:	0.317942045454545	0.007778409090909	0.586032954545455	0.066643181818182	0.021603409090909		1
000354:	0.503634090909091	0.011453977272727	0.372294318181818	0.077559090909091	0.035058522727273		1
000355:	0.628497727272727	0.019511931818182	0.160167045454545	0.168856818181818	0.022966477272727		1
000356:	0.133364204545455	0.351761931818182	0.317746590909091	0.120619318181818	0.076507954545455		1
000357:	0.092194318181818	0.327525568181818	0.041322159090909	0.130558522727273	0.408399431818182		1
000358:	0.120411363636364	0.106505113636364	0.106475000000000	0.156998863636364	0.509609659090909		1
000359:	0.142058522727273	0.449861931818182	0.067678977272727	0.232103977272727	0.108296590909091		1
000360:	0.641547727272727	0.052266477272727	0.108864204545455	0.075851704545455	0.121469886363636		1
000361:	0.054445454545455	0.293521590909091	0.107781818181818	0.086439204545455	0.457811931818182		1
000362:	0.189243750000000	0.078172727272727	0.217096590909091	0.468598863636364	0.046888068181818		1
000363:	0.367783522727273	0.045796590909091	0.065350568181818	0.055626136363636	0.465443181818182		1
000364:	0.185232954545455	0.465309659090909	0.040997159090909	0.155376704545455	0.153083522727273		1
000365:	0.368755681818182	0.092828409090909	0.093922159090909	0.239463636363636	0.205030113636364		1
000366:	0.151634090909091	0.578584659090909	0.047792045454545	0.049830681818182	0.172158522727273		1
000367:	0.256153409090909	0.330485227272727	0.035794886363636	0.069006250000000	0.308560227272727		1
000368:	0.128318181818182	0.288862500000000	0.068375568181818	0.051267613636364	0.463176136363636		1
000369:	0.338660227272727	0.178264204545455	0.139315340909091	0.121617613636364	0.222142613636364		1
000370:	0.269197727272727	0.138341477272727	0.461038636363636	0.077164204545455	0.054257954545455		1
000371:	0.620378977272727	0.040247159090909	0.038015909090909	0.209895454545455	0.091462500000000		1
000372:	0.356099431818182	0.053343181818182	0.041567613636364	0.055494318181818	0.493495454545455		1
000373:	0.279565909090909	0.264995454545455	0.067372727272727	0.167763068181818	0.220302840909091		1
000374:	0.396055113636364	0.047456818181818	0.110590340909091	0.057613636363636	0.388284090909091		1
000375:	0.139151136363636	0.034740909090909	0.665285795454545	0.132326136363636	0.028496022727273		1
000376:	0.224182386363636	0.127659090909091	0.235196590909091	0.055365909090909	0.357596022727273		1
000377:	0.061688068181818	0.020676136363636	0.841275568181818	0.058502272727273	0.017857954545455		1
000378:	0.055774431818182	0.424832954545455	0.075485795454545	0.038261931818182	0.405644886363636		1
000379:	0.537170454545455	0.450452840909091	0.003573295454545	0.006825568181818	0.001977840909091		1
000380:	0.132638068181818	0.227117613636364	0.134273295454545	0.048735795454545	0.457235227272727		1
000381:	0.058622159090909	0.673976704545455	0.030949431818182	0.033043750000000	0.203407954545455		1
000382:	0.220734659090909	0.151660227272727	0.114264204545455	0.066173295454545	0.447167613636364		1
000383:	0.332226704545455	0.275764204545455	0.113822159090909	0.098352840909091	0.179834090909091		1
000384:	0.371857386363636	0.198984090909091	0.050230113636364	0.071798863636364	0.307129545454545		1
000385:	0.151877272727273	0.171755113636364	0.039530113636364	0.375333522727273	0.261503977272727		1
000386:	0.060175000000000	0.789784090909091	0.021607954545455	0.084289204545455	0.044143750000000		1
000387:	0.254971590909091	0.161372727272727	0.118881818181818	0.068425000000000	0.396348863636364		1
000388:	0.173378409090909	0.535735795454545	0.073898295454545	0.162957954545455	0.054029545454545		1
000389:	0.322168750000000	0.103555681818182	0.032525000000000	0.182253409090909	0.359497159090909		1
000390:	0.223584659090909	0.064806250000000	0.248739772727273	0.428105113636364	0.034764204545455		1
