Estimated Clustering Probabilities for Samples
Sample	***Cluster  01***	***Cluster  02***	***Cluster  03***	***Cluster  04***	***Cluster  05***	
000001:	0.067286363636364	0.016102840909091	0.250846022727273	0.094199431818182	0.571565340909091		1
000002:	0.042139204545455	0.006974431818182	0.071182386363636	0.039951136363636	0.839752840909091		1
000003:	0.000526704545455	0.000096590909091	0.074264772727273	0.000171590909091	0.924940340909091		1
000004:	0.214734659090909	0.006014204545455	0.030626704545455	0.019782954545455	0.728841477272727		1
000005:	0.030168181818182	0.009807386363636	0.066921590909091	0.014775000000000	0.878327840909091		1
000006:	0.578138636363636	0.012440909090909	0.057158522727273	0.019575568181818	0.332686363636364		1
000007:	0.034060795454545	0.007306818181818	0.033589204545455	0.052838068181818	0.872205113636364		1
000008:	0.062363636363636	0.007290909090909	0.037143750000000	0.017012500000000	0.876189204545455		1
000009:	0.099653409090909	0.004522727272727	0.105470454545455	0.011069886363636	0.779283522727273		1
000010:	0.045223295454545	0.007775568181818	0.082001704545455	0.017836363636364	0.847163068181818		1
000011:	0.253662500000000	0.082491477272727	0.245472727272727	0.160502840909091	0.257870454545455		1
000012:	0.248554545454545	0.115922727272727	0.547228409090909	0.023096022727273	0.065198295454545		1
000013:	0.211835227272727	0.282650000000000	0.388644886363636	0.031610227272727	0.085259659090909		1
000014:	0.900164772727273	0.020128977272727	0.037748295454545	0.009521590909091	0.032436363636364		1
000015:	0.203502840909091	0.036951704545455	0.327289204545455	0.024527840909091	0.407728409090909		1
000016:	0.827973863636364	0.023657386363636	0.073864772727273	0.015268750000000	0.059235227272727		1
000017:	0.073707386363636	0.920936363636364	0.000944318181818	0.003277272727273	0.001134659090909		1
000018:	0.120803977272727	0.354269886363636	0.451763636363636	0.018269886363636	0.054892613636364		1
000019:	0.057424431818182	0.142872159090909	0.446494886363636	0.036411931818182	0.316796590909091		1
000020:	0.412218750000000	0.030688068181818	0.400527272727273	0.033283522727273	0.123282386363636		1
000021:	0.032044886363636	0.036391477272727	0.770781818181818	0.127107386363636	0.033674431818182		1
000022:	0.112018181818182	0.045593181818182	0.744544318181818	0.020047159090909	0.077797159090909		1
000023:	0.108911931818182	0.230493750000000	0.394096022727273	0.152078977272727	0.114419318181818		1
000024:	0.884585795454545	0.032714772727273	0.048901704545455	0.012209090909091	0.021588636363636		1
000025:	0.191668181818182	0.363328409090909	0.336808522727273	0.027514204545455	0.080680681818182		1
000026:	0.051905681818182	0.100989772727273	0.761494886363636	0.028391477272727	0.057218181818182		1
000027:	0.076859659090909	0.102849431818182	0.762521590909091	0.018554545454545	0.039214772727273		1
000028:	0.083678977272727	0.039961363636364	0.432400568181818	0.270867045454545	0.173092045454545		1
000029:	0.159650000000000	0.071689772727273	0.605366477272727	0.040135795454545	0.123157954545455		1
000030:	0.203890909090909	0.172467045454545	0.290368181818182	0.114541477272727	0.218732386363636		1
000031:	0.050469886363636	0.265722727272727	0.625889204545454	0.021681250000000	0.036236931818182		1
000032:	0.062477272727273	0.053840909090909	0.797159659090909	0.043914204545455	0.042607954545455		1
000033:	0.063194318181818	0.055786363636364	0.663981818181818	0.102103409090909	0.114934090909091		1
000034:	0.866590340909091	0.026486363636364	0.061219318181818	0.013279545454545	0.032424431818182		1
000035:	0.051623295454545	0.198853977272727	0.556596590909091	0.100130681818182	0.092795454545455		1
000036:	0.109685795454545	0.049402272727273	0.624072159090909	0.081306818181818	0.135532954545455		1
000037:	0.080585795454545	0.063865340909091	0.776861931818182	0.020083522727273	0.058603409090909		1
000038:	0.263566477272727	0.189048863636364	0.156481250000000	0.329689204545455	0.061214204545455		1
000039:	0.126736363636364	0.147922727272727	0.635245454545455	0.034227840909091	0.055867613636364		1
000040:	0.845240909090909	0.050219318181818	0.049142613636364	0.028250000000000	0.027147159090909		1
000041:	0.161223863636364	0.070804545454545	0.656217045454545	0.028921022727273	0.082833522727273		1
000042:	0.105792045454545	0.219485227272727	0.570092613636364	0.036268181818182	0.068361931818182		1
000043:	0.173629545454545	0.056271022727273	0.455864204545455	0.045725568181818	0.268509659090909		1
000044:	0.117623863636364	0.056063636363636	0.655117045454545	0.033778977272727	0.137416477272727		1
000045:	0.037682386363636	0.077253977272727	0.828407386363636	0.015589772727273	0.041066477272727		1
000046:	0.078706818181818	0.150545454545455	0.470785227272727	0.168499431818182	0.131463068181818		1
000047:	0.162865909090909	0.066055113636364	0.478055681818182	0.086097727272727	0.206925568181818		1
000048:	0.050871590909091	0.026893750000000	0.220356818181818	0.031999431818182	0.669878409090909		1
000049:	0.085849431818182	0.059088636363636	0.391630681818182	0.050105113636364	0.413326136363636		1
000050:	0.297356818181818	0.069768181818182	0.396172159090909	0.034267613636364	0.202435227272727		1
000051:	0.711947159090909	0.011701704545455	0.046930113636364	0.021528409090909	0.207892613636364		1
000052:	0.812700000000000	0.008882954545455	0.048860227272727	0.027170454545455	0.102386363636364		1
000053:	0.179669886363636	0.095185795454545	0.428313636363636	0.027060795454545	0.269769886363636		1
000054:	0.121649431818182	0.279733522727273	0.380601136363636	0.056679545454545	0.161336363636364		1
000055:	0.270261363636364	0.028181818181818	0.189714772727273	0.035411363636364	0.476430681818182		1
000056:	0.079178977272727	0.071392045454545	0.435563068181818	0.042272159090909	0.371593750000000		1
000057:	0.140621022727273	0.042531250000000	0.532697727272727	0.050514772727273	0.233635227272727		1
000058:	0.033949431818182	0.133364204545455	0.489962500000000	0.046013636363636	0.296710227272727		1
000059:	0.024625000000000	0.057617045454545	0.780899431818182	0.035261363636364	0.101597159090909		1
000060:	0.107931818181818	0.029818181818182	0.554977840909091	0.045339772727273	0.261932386363636		1
000061:	0.080939204545455	0.041357954545455	0.594050000000000	0.035871022727273	0.247781818181818		1
000062:	0.901881250000000	0.009272727272727	0.031272727272727	0.012932954545455	0.044640340909091		1
000063:	0.807736931818182	0.011205113636364	0.042980113636364	0.017365909090909	0.120711931818182		1
000064:	0.722486931818182	0.014007386363636	0.025414204545455	0.072422727272727	0.165668750000000		1
000065:	0.082217613636364	0.029639772727273	0.172002272727273	0.048346590909091	0.667793750000000		1
000066:	0.063138636363636	0.029301704545455	0.657663068181818	0.023278409090909	0.226618181818182		1
000067:	0.745510795454545	0.010672159090909	0.029288068181818	0.022167613636364	0.192361363636364		1
000068:	0.033233522727273	0.050706250000000	0.767515340909091	0.028164204545455	0.120380681818182		1
000069:	0.056655113636364	0.037317613636364	0.748292045454545	0.029310795454545	0.128424431818182		1
000070:	0.397030681818182	0.062975000000000	0.301289204545455	0.074510227272727	0.164194886363636		1
000071:	0.043046022727273	0.054790909090909	0.773714772727273	0.042102272727273	0.086346022727273		1
000072:	0.153131818181818	0.029211363636364	0.278372727272727	0.063119318181818	0.476164772727273		1
000073:	0.081685795454545	0.037374431818182	0.277369318181818	0.047500000000000	0.556070454545455		1
000074:	0.177823295454545	0.320635227272727	0.386293181818182	0.035612500000000	0.079635795454545		1
000075:	0.061777840909091	0.131064204545455	0.492958522727273	0.039865909090909	0.274333522727273		1
000076:	0.029301136363636	0.110613636363636	0.273105681818182	0.439840340909091	0.147139204545455		1
000077:	0.106554545454545	0.123275000000000	0.290401704545455	0.271933522727273	0.207835227272727		1
000078:	0.116766477272727	0.026565340909091	0.405998863636364	0.094525000000000	0.356144318181818		1
000079:	0.065924431818182	0.101567045454545	0.635157386363636	0.066139204545455	0.131211931818182		1
000080:	0.024043750000000	0.222274431818182	0.556254545454545	0.075227272727273	0.122200000000000		1
000081:	0.041096590909091	0.021178977272727	0.380611931818182	0.043468181818182	0.513644318181818		1
000082:	0.068077272727273	0.029994886363636	0.376704545454545	0.052060227272727	0.473163068181818		1
000083:	0.021905113636364	0.094423295454545	0.516434090909091	0.070400000000000	0.296837500000000		1
000084:	0.912511363636364	0.015981250000000	0.031078977272727	0.014181250000000	0.026247159090909		1
000085:	0.118469318181818	0.035884659090909	0.613526704545455	0.085046022727273	0.147073295454545		1
000086:	0.408622727272727	0.092875568181818	0.242809090909091	0.061099431818182	0.194593181818182		1
000087:	0.043856250000000	0.030953409090909	0.715204545454545	0.017929545454545	0.192056250000000		1
000088:	0.035677840909091	0.046819318181818	0.837285227272727	0.030657954545455	0.049559659090909		1
000089:	0.047005681818182	0.037492613636364	0.781158522727273	0.058450000000000	0.075893181818182		1
000090:	0.173045454545455	0.288214772727273	0.402138068181818	0.030508522727273	0.106093181818182		1
000091:	0.054883522727273	0.234575000000000	0.373259659090909	0.244328977272727	0.092952840909091		1
000092:	0.077330681818182	0.089923295454545	0.537888068181818	0.039614772727273	0.255243181818182		1
000093:	0.065711931818182	0.156357386363636	0.417395454545455	0.065331250000000	0.295203977272727		1
000094:	0.051936931818182	0.115491477272727	0.622967045454546	0.069096590909091	0.140507954545455		1
000095:	0.093927840909091	0.040498295454545	0.262687500000000	0.050795454545455	0.552090909090909		1
000096:	0.844845454545455	0.013522159090909	0.059212500000000	0.009467045454545	0.072952840909091		1
000097:	0.038239204545455	0.029657386363636	0.847207954545455	0.025759659090909	0.059135795454545		1
000098:	0.020597159090909	0.040476704545455	0.726034659090909	0.023560795454545	0.189330681818182		1
000099:	0.374606250000000	0.060548295454545	0.387362500000000	0.057256250000000	0.120226704545455		1
000100:	0.002146022727273	0.144083522727273	0.849125568181818	0.001072159090909	0.003572727272727		1
000101:	0.064258522727273	0.020457954545455	0.792765340909091	0.017027272727273	0.105490909090909		1
000102:	0.200800568181818	0.063972159090909	0.502684659090909	0.028387500000000	0.204155113636364		1
000103:	0.069826136363636	0.217530681818182	0.364398295454545	0.088708522727273	0.259536363636364		1
000104:	0.000138068181818	0.000048295454545	0.946523295454545	0.000052272727273	0.053238068181818		1
000105:	0.226223863636364	0.051208522727273	0.630543750000000	0.017785227272727	0.074238636363636		1
000106:	0.040827840909091	0.052877840909091	0.757603409090909	0.035982954545455	0.112707954545455		1
000107:	0.432400568181818	0.028893181818182	0.342490340909091	0.020512500000000	0.175703409090909		1
000108:	0.843417045454545	0.018153977272727	0.076477840909091	0.010125568181818	0.051825568181818		1
000109:	0.071464204545455	0.072708522727273	0.674421590909091	0.048336363636364	0.133069318181818		1
000110:	0.219424431818182	0.479717045454545	0.124680681818182	0.101151704545455	0.075026136363636		1
000111:	0.485567613636364	0.032605681818182	0.217681250000000	0.061367613636364	0.202777840909091		1
000112:	0.193134090909091	0.080210227272727	0.595756250000000	0.043604545454545	0.087294886363636		1
000113:	0.142436363636364	0.032753977272727	0.446009659090909	0.030880113636364	0.347919886363636		1
000114:	0.042004545454545	0.076125000000000	0.514401704545455	0.178886931818182	0.188581818181818		1
000115:	0.075923863636364	0.085047727272727	0.524589772727273	0.077455113636364	0.236983522727273		1
000116:	0.442406818181818	0.040134659090909	0.143298863636364	0.040243181818182	0.333916477272727		1
000117:	0.057105681818182	0.056565909090909	0.595938636363636	0.049378409090909	0.241011363636364		1
000118:	0.204400000000000	0.028028409090909	0.170806818181818	0.107251136363636	0.489513636363636		1
000119:	0.118085227272727	0.034085795454545	0.762641477272727	0.018481250000000	0.066706250000000		1
000120:	0.214597727272727	0.035750568181818	0.180536931818182	0.025865340909091	0.543249431818182		1
000121:	0.110644886363636	0.173692045454545	0.455981250000000	0.094995454545455	0.164686363636364		1
000122:	0.054408522727273	0.022018181818182	0.804797159090909	0.012722159090909	0.106053977272727		1
000123:	0.063817045454545	0.078189772727273	0.327567045454545	0.124170454545455	0.406255681818182		1
000124:	0.043226704545455	0.186943181818182	0.483402272727273	0.120025000000000	0.166402840909091		1
000125:	0.167530113636364	0.043431250000000	0.179234090909091	0.133903409090909	0.475901136363636		1
000126:	0.043121022727273	0.021875000000000	0.061495454545455	0.799552272727273	0.073956250000000		1
000127:	0.261695454545455	0.071715909090909	0.352232386363636	0.036672159090909	0.277684090909091		1
000128:	0.079225000000000	0.043538068181818	0.204878409090909	0.027115340909091	0.645243181818182		1
000129:	0.029252840909091	0.178202272727273	0.690581250000000	0.022307954545455	0.079655681818182		1
000130:	0.088725000000000	0.084351136363636	0.164239772727273	0.062213636363636	0.600470454545455		1
000131:	0.051508522727273	0.035589204545455	0.730192045454545	0.036843181818182	0.145867045454545		1
000132:	0.695292613636364	0.022336363636364	0.138780681818182	0.010259090909091	0.133331250000000		1
000133:	0.089848863636364	0.185650000000000	0.259902272727273	0.216277272727273	0.248321590909091		1
000134:	0.081407954545455	0.206138636363636	0.377414772727273	0.056525568181818	0.278513068181818		1
000135:	0.017005113636364	0.367746590909091	0.548490909090909	0.012296022727273	0.054461363636364		1
000136:	0.104017045454545	0.043063636363636	0.313341477272727	0.037348295454545	0.502229545454545		1
000137:	0.048015340909091	0.173632954545455	0.663438068181818	0.045371022727273	0.069542613636364		1
000138:	0.059193181818182	0.088615909090909	0.335915340909091	0.131980681818182	0.384294886363636		1
000139:	0.076843181818182	0.063302840909091	0.471076704545455	0.041852840909091	0.346924431818182		1
000140:	0.057355113636364	0.605637500000000	0.250121022727273	0.020892045454545	0.065994318181818		1
000141:	0.516187500000000	0.037641477272727	0.122238068181818	0.107135227272727	0.216797727272727		1
000142:	0.082326704545455	0.039806250000000	0.772506250000000	0.015534659090909	0.089826136363636		1
000143:	0.050419886363636	0.044165909090909	0.525792045454545	0.029617613636364	0.350004545454545		1
000144:	0.177711931818182	0.039749431818182	0.523640909090909	0.030880681818182	0.228017045454545		1
000145:	0.804439204545455	0.019639204545455	0.058338636363636	0.014661363636364	0.102921590909091		1
000146:	0.094226704545455	0.198545454545455	0.376248295454545	0.020229545454545	0.310750000000000		1
000147:	0.090875568181818	0.029627272727273	0.350063636363636	0.023189204545455	0.506244318181818		1
000148:	0.044114772727273	0.101511363636364	0.164255681818182	0.026669318181818	0.663448863636364		1
000149:	0.105837500000000	0.049902840909091	0.515401704545455	0.034113636363636	0.294744318181818		1
000150:	0.053917613636364	0.110546022727273	0.734795454545455	0.030464204545455	0.070276704545455		1
000151:	0.180976136363636	0.053156250000000	0.345349431818182	0.044275568181818	0.376242613636364		1
000152:	0.131703977272727	0.121522727272727	0.311938636363636	0.084694318181818	0.350140340909091		1
000153:	0.089910227272727	0.044168181818182	0.712625568181818	0.023349431818182	0.129946590909091		1
000154:	0.339156250000000	0.022172727272727	0.088512500000000	0.022299431818182	0.527859090909091		1
000155:	0.416939772727273	0.059290909090909	0.315825000000000	0.029905113636364	0.178039204545455		1
000156:	0.353567045454545	0.025009659090909	0.524996022727273	0.019522159090909	0.076905113636364		1
000157:	0.793306250000000	0.007930681818182	0.025775000000000	0.022498295454545	0.150489772727273		1
000158:	0.073059659090909	0.030631818181818	0.247768750000000	0.248333522727273	0.400206250000000		1
000159:	0.636194318181818	0.037668750000000	0.099070454545455	0.088790909090909	0.138275568181818		1
000160:	0.042298863636364	0.012792613636364	0.023942045454545	0.622382386363636	0.298584090909091		1
000161:	0.103204545454545	0.021388068181818	0.036978977272727	0.152652272727273	0.685776136363636		1
000162:	0.037553409090909	0.294734659090909	0.227109090909091	0.204947159090909	0.235655681818182		1
000163:	0.029174431818182	0.007315909090909	0.082675568181818	0.032528977272727	0.848305113636364		1
000164:	0.260207954545455	0.011617613636364	0.037091477272727	0.069643750000000	0.621439204545455		1
000165:	0.043805113636364	0.005175000000000	0.083764772727273	0.018105113636364	0.849150000000000		1
000166:	0.031199431818182	0.007177272727273	0.045627272727273	0.026384090909091	0.889611931818182		1
000167:	0.058440340909091	0.023609090909091	0.272047727272727	0.063495454545455	0.582407386363636		1
000168:	0.385865340909091	0.040482954545455	0.356857386363636	0.024047727272727	0.192746590909091		1
000169:	0.054432954545455	0.039182386363636	0.668825000000000	0.028737500000000	0.208822159090909		1
000170:	0.030790909090909	0.031331250000000	0.096481250000000	0.015872727272727	0.825523863636364		1
000171:	0.613678977272727	0.026787500000000	0.093236363636364	0.017888636363636	0.248408522727273		1
000172:	0.063919886363636	0.071961363636364	0.313706818181818	0.088611363636364	0.461800568181818		1
000173:	0.048461363636364	0.015783522727273	0.559888068181818	0.026777272727273	0.349089772727273		1
000174:	0.052352272727273	0.057215909090909	0.745486363636364	0.013881818181818	0.131063636363636		1
000175:	0.925173295454545	0.010802840909091	0.033675568181818	0.005092045454545	0.025256250000000		1
000176:	0.065156818181818	0.034576136363636	0.595607386363636	0.095165909090909	0.209493750000000		1
000177:	0.078971022727273	0.046910795454545	0.686095454545455	0.019150568181818	0.168872159090909		1
000178:	0.189922159090909	0.031211931818182	0.479441477272727	0.012542613636364	0.286881818181818		1
000179:	0.747324431818182	0.012860795454545	0.122353977272727	0.024017045454545	0.093443750000000		1
000180:	0.873179545454545	0.013787500000000	0.049014204545455	0.014671590909091	0.049347159090909		1
000181:	0.825243750000000	0.014693181818182	0.052713068181818	0.013203977272727	0.094146022727273		1
000182:	0.343181250000000	0.075525568181818	0.482718750000000	0.016216477272727	0.082357954545455		1
000183:	0.845209659090909	0.011990340909091	0.052166477272727	0.006715909090909	0.083917613636364		1
000184:	0.197882954545455	0.065806250000000	0.386577272727273	0.029138636363636	0.320594886363636		1
000185:	0.092635795454545	0.296674431818182	0.358657386363636	0.039806250000000	0.212226136363636		1
000186:	0.845369318181818	0.022692613636364	0.059261931818182	0.019305681818182	0.053370454545455		1
000187:	0.894982386363636	0.016583522727273	0.036756250000000	0.009756818181818	0.041921022727273		1
000188:	0.308353409090909	0.044811363636364	0.154784659090909	0.159496022727273	0.332554545454545		1
000189:	0.066500000000000	0.025862500000000	0.345138636363636	0.019756250000000	0.542742613636364		1
000190:	0.044228977272727	0.055014772727273	0.263311931818182	0.041162500000000	0.596281818181818		1
000191:	0.072422727272727	0.023279545454545	0.601011931818182	0.026007386363636	0.277278409090909		1
000192:	0.101171590909091	0.097296590909091	0.650669886363636	0.048030681818182	0.102831250000000		1
000193:	0.189515340909091	0.039531250000000	0.656419318181818	0.019620454545455	0.094913636363636		1
000194:	0.114918181818182	0.168634090909091	0.287717045454545	0.033378409090909	0.395352272727273		1
000195:	0.043882386363636	0.019953977272727	0.845678409090909	0.013988068181818	0.076497159090909		1
000196:	0.179013636363636	0.016885795454545	0.072942045454545	0.213856818181818	0.517301704545455		1
000197:	0.088298295454545	0.013164204545455	0.327615909090909	0.050324431818182	0.520597159090909		1
000198:	0.091427840909091	0.137758522727273	0.327829545454545	0.077585227272727	0.365398863636364		1
000199:	0.052930681818182	0.015216477272727	0.039833522727273	0.047914204545455	0.844105113636364		1
000200:	0.035978977272727	0.015900000000000	0.063917045454545	0.055933522727273	0.828270454545455		1
000201:	0.792293750000000	0.007211931818182	0.019184659090909	0.019712500000000	0.161597159090909		1
000202:	0.339353977272727	0.076195454545455	0.407772159090909	0.029700568181818	0.146977840909091		1
000203:	0.100457954545455	0.030872159090909	0.191656818181818	0.038557386363636	0.638455681818182		1
000204:	0.358871590909091	0.044529545454545	0.123341477272727	0.086097727272727	0.387159659090909		1
000205:	0.485450568181818	0.086757386363636	0.158642045454545	0.051344886363636	0.217805113636364		1
000206:	0.136309090909091	0.228672727272727	0.172435795454545	0.044220454545455	0.418361931818182		1
000207:	0.032209090909091	0.034984659090909	0.692941477272727	0.086303977272727	0.153560795454545		1
000208:	0.213382954545455	0.039561363636364	0.241546590909091	0.031992613636364	0.473516477272727		1
000209:	0.517293750000000	0.025434090909091	0.120371590909091	0.038365909090909	0.298534659090909		1
000210:	0.321953409090909	0.029700000000000	0.282917613636364	0.020421590909091	0.345007386363636		1
000211:	0.084885795454545	0.028936931818182	0.156668750000000	0.059004545454545	0.670503977272727		1
000212:	0.154884090909091	0.024540909090909	0.072297727272727	0.088386931818182	0.659890340909091		1
000213:	0.210639772727273	0.017266477272727	0.082817045454545	0.038522159090909	0.650754545454545		1
000214:	0.060001704545455	0.027832954545455	0.115394318181818	0.080261931818182	0.716509090909091		1
000215:	0.116261931818182	0.056377272727273	0.310577840909091	0.182938636363636	0.333844318181818		1
000216:	0.228116477272727	0.024582954545455	0.048655681818182	0.059487500000000	0.639157386363636		1
000217:	0.100585795454545	0.034411363636364	0.046156250000000	0.113420454545455	0.705426136363636		1
000218:	0.137624431818182	0.013850568181818	0.076514204545455	0.046588068181818	0.725422727272727		1
000219:	0.064893181818182	0.014985795454545	0.036405681818182	0.071383522727273	0.812331818181818		1
000220:	0.116521590909091	0.012031818181818	0.060325568181818	0.058942613636364	0.752178409090909		1
000221:	0.093710227272727	0.014155113636364	0.026469318181818	0.050975568181818	0.814689772727273		1
000222:	0.456582954545455	0.008206250000000	0.020128409090909	0.095849431818182	0.419232954545455		1
000223:	0.269893750000000	0.105053409090909	0.203298863636364	0.071406250000000	0.350347727272727		1
000224:	0.079060227272727	0.209667045454545	0.565918750000000	0.099676136363636	0.045677840909091		1
000225:	0.051419318181818	0.109535795454545	0.714491477272727	0.080137500000000	0.044415909090909		1
000226:	0.163190340909091	0.059961931818182	0.437617045454545	0.269092613636364	0.070138068181818		1
000227:	0.061000000000000	0.106271590909091	0.625903977272727	0.151550568181818	0.055273863636364		1
000228:	0.039160795454545	0.742984659090909	0.039236931818182	0.138125000000000	0.040492613636364		1
000229:	0.036453409090909	0.251274431818182	0.387805113636364	0.182388068181818	0.142078977272727		1
000230:	0.067711363636364	0.040936363636364	0.034289772727273	0.802397727272727	0.054664772727273		1
000231:	0.028417045454545	0.105521022727273	0.575636363636364	0.185677272727273	0.104748295454545		1
000232:	0.349235227272727	0.132782386363636	0.076933522727273	0.248910227272727	0.192138636363636		1
000233:	0.033506250000000	0.123317045454545	0.674315909090909	0.136431818181818	0.032428977272727		1
000234:	0.025919886363636	0.523631818181818	0.350927840909091	0.070370454545455	0.029150000000000		1
000235:	0.050128409090909	0.798319318181818	0.091128977272727	0.033757386363636	0.026665909090909		1
000236:	0.411138636363636	0.180568181818182	0.058722159090909	0.326036931818182	0.023534090909091		1
000237:	0.037557386363636	0.435567045454545	0.409688636363636	0.071197159090909	0.045989772727273		1
000238:	0.746513068181818	0.113050000000000	0.047809090909091	0.030213636363636	0.062414204545455		1
000239:	0.086757386363636	0.269281818181818	0.310859659090909	0.270408522727273	0.062692613636364		1
000240:	0.117116477272727	0.039411363636364	0.050284090909091	0.775296022727273	0.017892045454545		1
000241:	0.310284659090909	0.116006250000000	0.413303977272727	0.112085227272727	0.048319886363636		1
000242:	0.049512500000000	0.203476136363636	0.647522727272727	0.056449431818182	0.043039204545455		1
000243:	0.041447727272727	0.287345454545455	0.063398295454545	0.581896022727273	0.025912500000000		1
000244:	0.079763636363636	0.106001136363636	0.202589204545455	0.490406250000000	0.121239772727273		1
000245:	0.028273295454545	0.131484659090909	0.326027840909091	0.468890909090909	0.045323295454545		1
000246:	0.054348863636364	0.359094318181818	0.398896022727273	0.141503977272727	0.046156818181818		1
000247:	0.059138068181818	0.358676136363636	0.284056250000000	0.189298863636364	0.108830681818182		1
000248:	0.061822159090909	0.054870454545455	0.118318181818182	0.709923863636364	0.055065340909091		1
000249:	0.022864204545455	0.407844886363636	0.147642045454545	0.398526136363636	0.023122727272727		1
000250:	0.056888068181818	0.186531818181818	0.652715340909091	0.077152840909091	0.026711931818182		1
000251:	0.062584090909091	0.222547727272727	0.381201704545455	0.275536931818182	0.058129545454545		1
000252:	0.199145454545455	0.166764204545455	0.065117613636364	0.428984659090909	0.139988068181818		1
000253:	0.062451136363636	0.643222727272727	0.061334659090909	0.176414204545455	0.056577272727273		1
000254:	0.095278409090909	0.375240909090909	0.068402272727273	0.397696022727273	0.063382386363636		1
000255:	0.083918181818182	0.405098863636364	0.116960795454545	0.313780681818182	0.080241477272727		1
000256:	0.063172727272727	0.070414204545455	0.500295454545455	0.252196590909091	0.113921022727273		1
000257:	0.592552272727273	0.065602272727273	0.039414772727273	0.147613068181818	0.154817613636364		1
000258:	0.067449431818182	0.038679545454545	0.550775000000000	0.112666477272727	0.230429545454545		1
000259:	0.903013636363636	0.032139204545455	0.020985227272727	0.021205681818182	0.022656250000000		1
000260:	0.047900000000000	0.133567045454545	0.176007954545455	0.596245454545455	0.046279545454545		1
000261:	0.164932954545455	0.375375000000000	0.111562500000000	0.227541477272727	0.120588068181818		1
000262:	0.530144886363636	0.104462500000000	0.072359659090909	0.238234659090909	0.054798295454545		1
000263:	0.113509659090909	0.053271590909091	0.395278977272727	0.097564772727273	0.340375000000000		1
000264:	0.745327840909091	0.044106250000000	0.028996022727273	0.139560795454545	0.042009090909091		1
000265:	0.111663636363636	0.093769886363636	0.059733522727273	0.085913636363636	0.648919318181818		1
000266:	0.118986363636364	0.257265909090909	0.333321590909091	0.182051136363636	0.108375000000000		1
000267:	0.036853409090909	0.384885795454545	0.165443750000000	0.355582954545455	0.057234090909091		1
000268:	0.225839204545455	0.105844318181818	0.194250568181818	0.143046022727273	0.331019886363636		1
000269:	0.059636363636364	0.538442613636364	0.297502272727273	0.037138636363636	0.067280113636364		1
000270:	0.870247159090909	0.025570454545455	0.033467045454545	0.025927272727273	0.044788068181818		1
000271:	0.120283522727273	0.614406250000000	0.058959090909091	0.164019886363636	0.042331250000000		1
000272:	0.243935227272727	0.332667613636364	0.077693181818182	0.283239772727273	0.062464204545455		1
000273:	0.456991477272727	0.252233522727273	0.168809659090909	0.067701136363636	0.054264204545455		1
000274:	0.107286363636364	0.422388636363636	0.124297159090909	0.259802272727273	0.086225568181818		1
000275:	0.072925568181818	0.112019886363636	0.492960227272727	0.119532954545455	0.202561363636364		1
000276:	0.830985795454545	0.052146022727273	0.028719318181818	0.054697159090909	0.033451704545455		1
000277:	0.076651704545455	0.713209090909091	0.063387500000000	0.093483522727273	0.053268181818182		1
000278:	0.085727272727273	0.104486931818182	0.489566477272727	0.162355113636364	0.157864204545455		1
000279:	0.018975568181818	0.686183522727273	0.187681250000000	0.042078409090909	0.065081250000000		1
000280:	0.282890909090909	0.091805681818182	0.132341477272727	0.424523863636364	0.068438068181818		1
000281:	0.586495454545455	0.285318181818182	0.044640340909091	0.045473863636364	0.038072159090909		1
000282:	0.115057954545455	0.199018181818182	0.425646590909091	0.184863068181818	0.075414204545455		1
000283:	0.816985795454545	0.022692045454545	0.015826704545455	0.095499431818182	0.048996022727273		1
000284:	0.073701704545455	0.418116477272727	0.102155113636364	0.328335227272727	0.077691477272727		1
000285:	0.037710795454545	0.309596022727273	0.463439204545455	0.105153409090909	0.084100568181818		1
000286:	0.349746590909091	0.404485227272727	0.133693181818182	0.061425568181818	0.050649431818182		1
000287:	0.460680681818182	0.528548295454545	0.001378977272727	0.006967045454545	0.002425000000000		1
000288:	0.280133522727273	0.227675000000000	0.141165909090909	0.251327840909091	0.099697727272727		1
000289:	0.152056818181818	0.039425000000000	0.105660227272727	0.135750000000000	0.567107954545455		1
000290:	0.222063636363636	0.026643181818182	0.088915340909091	0.392590340909091	0.269787500000000		1
000291:	0.066994318181818	0.030760227272727	0.280513068181818	0.023809090909091	0.597923295454545		1
000292:	0.053794886363636	0.029885795454545	0.076605113636364	0.083565340909091	0.756148863636364		1
000293:	0.040145454545455	0.013161931818182	0.071057954545455	0.026218181818182	0.849416477272727		1
000294:	0.114660795454545	0.023601704545455	0.326314772727273	0.037946022727273	0.497476704545455		1
000295:	0.051934090909091	0.011528409090909	0.653493750000000	0.038454545454545	0.244589204545455		1
000296:	0.357363068181818	0.017051136363636	0.125117613636364	0.072757386363636	0.427710795454545		1
000297:	0.283315340909091	0.044934659090909	0.265539772727273	0.125193750000000	0.281016477272727		1
000298:	0.084893750000000	0.251743181818182	0.538190909090909	0.038983522727273	0.086188636363636		1
000299:	0.097543750000000	0.071511931818182	0.300201136363636	0.089444886363636	0.441298295454545		1
000300:	0.168988068181818	0.107078977272727	0.100918181818182	0.099134090909091	0.523880681818182		1
000301:	0.038531818181818	0.031453409090909	0.245645454545455	0.056497727272727	0.627871590909091		1
000302:	0.776338068181818	0.015045454545455	0.029210795454545	0.113306250000000	0.066099431818182		1
000303:	0.934214772727273	0.007004545454545	0.013405113636364	0.018201704545455	0.027173863636364		1
000304:	0.026438636363636	0.021225568181818	0.087337500000000	0.070296022727273	0.794702272727273		1
000305:	0.182660227272727	0.024755681818182	0.046183522727273	0.442471590909091	0.303928977272727		1
000306:	0.781623295454545	0.045672159090909	0.040550000000000	0.076251136363636	0.055903409090909		1
000307:	0.068668181818182	0.020989204545455	0.036869886363636	0.654172727272727	0.219300000000000		1
000308:	0.059746022727273	0.017182386363636	0.034632386363636	0.048414204545455	0.840025000000000		1
000309:	0.075722727272727	0.077665340909091	0.120888636363636	0.058844886363636	0.666878409090909		1
000310:	0.817426136363636	0.019439204545455	0.043318181818182	0.019277840909091	0.100538636363636		1
000311:	0.241885795454545	0.085853977272727	0.173938068181818	0.272435227272727	0.225886931818182		1
000312:	0.069400000000000	0.413656818181818	0.295367045454545	0.087472727272727	0.134103409090909		1
000313:	0.056430681818182	0.547796590909091	0.199950000000000	0.055505681818182	0.140317045454545		1
000314:	0.098397159090909	0.191906818181818	0.509385227272727	0.113763068181818	0.086547727272727		1
000315:	0.050507386363636	0.336110795454545	0.362180681818182	0.071013636363636	0.180187500000000		1
000316:	0.069332954545455	0.049735227272727	0.344142045454545	0.093912500000000	0.442877272727273		1
000317:	0.036271022727273	0.046736363636364	0.690276136363636	0.103563636363636	0.123152840909091		1
000318:	0.198886931818182	0.023629545454545	0.096213636363636	0.153585795454545	0.527684090909091		1
000319:	0.789696022727273	0.014577840909091	0.024793750000000	0.030365909090909	0.140566477272727		1
000320:	0.327965909090909	0.059406818181818	0.085283522727273	0.102226136363636	0.425117613636364		1
000321:	0.055410795454545	0.024666477272727	0.033516477272727	0.039578977272727	0.846827272727273		1
000322:	0.141956818181818	0.021400000000000	0.031178409090909	0.407546022727273	0.397918750000000		1
000323:	0.126350568181818	0.302101136363636	0.225457386363636	0.101103977272727	0.244986931818182		1
000324:	0.147435795454545	0.026317613636364	0.064462500000000	0.218171022727273	0.543613068181818		1
000325:	0.009518750000000	0.123125568181818	0.497328977272727	0.357338636363636	0.012688068181818		1
000326:	0.073902272727273	0.067101704545455	0.066759659090909	0.524125568181818	0.268110795454545		1
000327:	0.078757386363636	0.018697727272727	0.082321590909091	0.152729545454545	0.667493750000000		1
000328:	0.045877272727273	0.025430113636364	0.024951704545455	0.802009659090909	0.101731250000000		1
000329:	0.108233522727273	0.110505113636364	0.120065340909091	0.136190340909091	0.525005681818182		1
000330:	0.191242045454545	0.023010227272727	0.026334090909091	0.542804545454545	0.216609090909091		1
000331:	0.039995454545455	0.034155681818182	0.025306818181818	0.799133522727273	0.101408522727273		1
000332:	0.890764204545455	0.006760795454545	0.017509659090909	0.027167045454545	0.057798295454545		1
000333:	0.875417613636364	0.011759090909091	0.021841477272727	0.023976136363636	0.067005681818182		1
000334:	0.886996590909091	0.012484659090909	0.018957954545455	0.019026704545455	0.062534090909091		1
000335:	0.068544318181818	0.052600000000000	0.252534090909091	0.119683522727273	0.506638068181818		1
000336:	0.710856250000000	0.015373863636364	0.020059659090909	0.086153409090909	0.167556818181818		1
000337:	0.202651704545455	0.076270454545455	0.051220454545455	0.393646022727273	0.276211363636364		1
000338:	0.058718181818182	0.012165340909091	0.102708522727273	0.053477840909091	0.772930113636364		1
000339:	0.058704545454545	0.020349431818182	0.035257954545455	0.112145454545455	0.773542613636364		1
000340:	0.660244318181818	0.009623295454545	0.018479545454545	0.041673295454545	0.269979545454545		1
000341:	0.055950000000000	0.019640909090909	0.063300000000000	0.038343750000000	0.822765340909091		1
000342:	0.076825568181818	0.020216477272727	0.063590909090909	0.151476704545455	0.687890340909091		1
000343:	0.136555681818182	0.020257954545455	0.071677272727273	0.182337500000000	0.589171590909091		1
000344:	0.019980681818182	0.012546022727273	0.034539204545455	0.819284090909091	0.113650000000000		1
000345:	0.047146590909091	0.010945454545455	0.024123295454545	0.638355113636364	0.279429545454545		1
000346:	0.048691477272727	0.015830113636364	0.054502840909091	0.090221022727273	0.790754545454545		1
000347:	0.046498863636364	0.012320454545455	0.044677272727273	0.138688636363636	0.757814772727273		1
000348:	0.135544886363636	0.016273295454545	0.072969886363636	0.188260227272727	0.586951704545455		1
000349:	0.227951136363636	0.036000568181818	0.095593181818182	0.192689772727273	0.447765340909091		1
000350:	0.076813636363636	0.018186363636364	0.066655113636364	0.154594886363636	0.683750000000000		1
000351:	0.024802272727273	0.013203409090909	0.053880681818182	0.521224431818182	0.386889204545455		1
000352:	0.093576704545455	0.026659090909091	0.075994886363636	0.045663068181818	0.758106250000000		1
000353:	0.500476136363636	0.011373295454545	0.037297159090909	0.040102272727273	0.410751136363636		1
000354:	0.465963068181818	0.009226136363636	0.037905113636364	0.032040340909091	0.454865340909091		1
000355:	0.139236931818182	0.020455681818182	0.045269318181818	0.146648295454545	0.648389772727273		1
000356:	0.619704545454545	0.127511363636364	0.115973863636364	0.073753977272727	0.063056250000000		1
000357:	0.041979545454545	0.163623863636364	0.578365909090909	0.153284659090909	0.062746022727273		1
000358:	0.125714204545455	0.083503977272727	0.571269886363636	0.081349431818182	0.138162500000000		1
000359:	0.075615909090909	0.359635227272727	0.167621590909091	0.234828977272727	0.162298295454545		1
000360:	0.134446590909091	0.049384659090909	0.339880113636364	0.105322159090909	0.370966477272727		1
000361:	0.075874431818182	0.176710795454545	0.585435227272727	0.122082386363636	0.039897159090909		1
000362:	0.217526136363636	0.071584090909091	0.061476136363636	0.523902272727273	0.125511363636364		1
000363:	0.046701704545455	0.027721022727273	0.764877840909091	0.049076704545455	0.111622727272727		1
000364:	0.035057386363636	0.304199431818182	0.288029545454545	0.221315909090909	0.151397727272727		1
000365:	0.082114204545455	0.052856818181818	0.423761363636364	0.231939772727273	0.209327840909091		1
000366:	0.035243181818182	0.607866477272727	0.196854545454545	0.033290340909091	0.126745454545455		1
000367:	0.034140340909091	0.237090909090909	0.528178977272727	0.081443750000000	0.119146022727273		1
000368:	0.049913636363636	0.207764204545455	0.595999431818182	0.042925568181818	0.103397159090909		1
000369:	0.174114204545455	0.099925568181818	0.381698863636364	0.103408522727273	0.240852840909091		1
000370:	0.452827272727273	0.072697727272727	0.083525568181818	0.086536363636364	0.304413068181818		1
000371:	0.041181250000000	0.039744318181818	0.170807954545455	0.193284659090909	0.554981818181818		1
000372:	0.035535795454545	0.063049431818182	0.650553977272727	0.036173295454545	0.214687500000000		1
000373:	0.064116477272727	0.229210795454545	0.330930681818182	0.095317045454545	0.280425000000000		1
000374:	0.100532386363636	0.032334659090909	0.608035795454545	0.037705681818182	0.221391477272727		1
000375:	0.719347727272727	0.020823295454545	0.035382386363636	0.123384090909091	0.101062500000000		1
000376:	0.141381250000000	0.082815909090909	0.571602840909091	0.052309659090909	0.151890340909091		1
000377:	0.820347727272727	0.023699431818182	0.024759659090909	0.057352272727273	0.073840909090909		1
000378:	0.003356818181818	0.854944886363636	0.140080113636364	0.000582386363636	0.001035795454545		1
000379:	0.019805681818182	0.283537500000000	0.618714772727273	0.025353409090909	0.052588636363636		1
000380:	0.129697159090909	0.141878409090909	0.590140909090909	0.047292613636364	0.090990909090909		1
000381:	0.027251136363636	0.682466477272727	0.213303409090909	0.030444318181818	0.046534659090909		1
000382:	0.097050000000000	0.074589204545455	0.640970454545455	0.076697727272727	0.110692613636364		1
000383:	0.149065909090909	0.125077272727273	0.462365340909091	0.125453409090909	0.138038068181818		1
000384:	0.042766477272727	0.141673863636364	0.586996590909091	0.065625568181818	0.162937500000000		1
000385:	0.025868181818182	0.085096022727273	0.400795454545455	0.382922159090909	0.105318181818182		1
000386:	0.044776704545455	0.719591477272727	0.131363636363636	0.045817045454545	0.058451136363636		1
000387:	0.087298295454545	0.067515340909091	0.659156250000000	0.047721590909091	0.138308522727273		1
000388:	0.095981818181818	0.444480113636364	0.115911363636364	0.121389204545455	0.222237500000000		1
000389:	0.022611363636364	0.063369886363636	0.537444318181818	0.186215909090909	0.190358522727273		1
000390:	0.174937500000000	0.054661363636364	0.038801704545455	0.538792613636364	0.192806818181818		1
