Estimated Clustering Probabilities for Samples
Sample	***Cluster  01***	***Cluster  02***	***Cluster  03***	***Cluster  04***	***Cluster  05***	***Cluster  06***	
000001:	0.088418181818182	0.113514772727273	0.496034090909091	0.204727840909091	0.011259659090909	0.086045454545455		1
000002:	0.033684659090909	0.018786363636364	0.882281818181818	0.028842045454545	0.004077272727273	0.032327840909091		1
000003:	0.091034659090909	0.361668750000000	0.426140909090909	0.051718181818182	0.007395454545455	0.062042045454545		1
000004:	0.466202840909091	0.095126704545455	0.394095454545455	0.028575568181818	0.004341477272727	0.011657954545455		1
000005:	0.025006250000000	0.075655681818182	0.838928409090909	0.042022159090909	0.003447159090909	0.014940340909091		1
000006:	0.225759659090909	0.044940340909091	0.587214204545455	0.067617613636364	0.019525000000000	0.054943181818182		1
000007:	0.048213636363636	0.034900568181818	0.824959659090909	0.025640340909091	0.005634090909091	0.060651704545455		1
000008:	0.058113068181818	0.013212500000000	0.883717045454545	0.026091477272727	0.003028977272727	0.015836931818182		1
000009:	0.066859659090909	0.023297159090909	0.860351704545455	0.030122159090909	0.005125000000000	0.014244318181818		1
000010:	0.055555681818182	0.076492613636364	0.767672727272727	0.061695454545455	0.006686363636364	0.031897159090909		1
000011:	0.495038068181818	0.166419318181818	0.079254545454545	0.080891477272727	0.049761931818182	0.128634659090909		1
000012:	0.180665909090909	0.343325000000000	0.077993750000000	0.275173295454545	0.081238636363636	0.041603409090909		1
000013:	0.269143181818182	0.203371022727273	0.049826704545455	0.190213068181818	0.253628409090909	0.033817613636364		1
000014:	0.878593181818182	0.022576704545455	0.020646022727273	0.048802272727273	0.017977272727273	0.011404545454545		1
000015:	0.179623863636364	0.523086363636364	0.092899431818182	0.148184659090909	0.037278409090909	0.018927272727273		1
000016:	0.916365340909091	0.016939204545455	0.024661931818182	0.019220454545455	0.013441477272727	0.009371590909091		1
000017:	0.117486931818182	0.116564204545455	0.088269318181818	0.605735795454545	0.022654545454545	0.049289204545455		1
000018:	0.091621022727273	0.148280113636364	0.045236931818182	0.314357954545455	0.370401136363636	0.030102840909091		1
000019:	0.047846590909091	0.662125568181818	0.086283522727273	0.120538068181818	0.051107386363636	0.032098863636364		1
000020:	0.371946590909091	0.058167045454545	0.083759659090909	0.403830681818182	0.027521590909091	0.054774431818182		1
000021:	0.041486363636364	0.123292613636364	0.026703409090909	0.674522159090909	0.041478977272727	0.092516477272727		1
000022:	0.293767045454545	0.362346590909091	0.116563636363636	0.176921590909091	0.036869318181818	0.013531818181818		1
000023:	0.074686363636364	0.486784090909091	0.052852840909091	0.172941477272727	0.115318750000000	0.097416477272727		1
000024:	0.879671590909091	0.020571022727273	0.021366477272727	0.029266477272727	0.037223295454545	0.011901136363636		1
000025:	0.091955113636364	0.401129545454545	0.061572159090909	0.109606250000000	0.308858522727273	0.026878409090909		1
000026:	0.040259659090909	0.611967045454545	0.027000568181818	0.206315340909091	0.096462500000000	0.017994886363636		1
000027:	0.033898295454545	0.143573863636364	0.016324431818182	0.731173295454545	0.064246590909091	0.010783522727273		1
000028:	0.046576704545455	0.236080681818182	0.072180681818182	0.180467045454545	0.052419318181818	0.412275568181818		1
000029:	0.161190909090909	0.114480681818182	0.116997727272727	0.482171022727273	0.078356250000000	0.046803409090909		1
000030:	0.062839204545455	0.741292045454545	0.038403977272727	0.054982386363636	0.056987500000000	0.045494886363636		1
000031:	0.192993181818182	0.170651136363636	0.017052840909091	0.501581250000000	0.106206818181818	0.011514772727273		1
000032:	0.077581250000000	0.103063636363636	0.036432954545455	0.699601136363636	0.043568750000000	0.039752272727273		1
000033:	0.066315909090909	0.479505113636364	0.081839204545455	0.215388068181818	0.048299431818182	0.108652272727273		1
000034:	0.834115340909091	0.052587500000000	0.029644318181818	0.046644886363636	0.024369886363636	0.012638068181818		1
000035:	0.060580681818182	0.274544318181818	0.069629545454545	0.380443750000000	0.144412500000000	0.070389204545455		1
000036:	0.125736931818182	0.123665909090909	0.123472727272727	0.483444318181818	0.052035227272727	0.091644886363636		1
000037:	0.064421022727273	0.082913068181818	0.048970454545455	0.701223863636364	0.069517613636364	0.032953977272727		1
000038:	0.147471022727273	0.383090340909091	0.113785795454545	0.119069318181818	0.139103977272727	0.097479545454545		1
000039:	0.111853977272727	0.462151704545455	0.041842613636364	0.203671590909091	0.141210795454545	0.039269318181818		1
000040:	0.869181250000000	0.031177840909091	0.023936931818182	0.030536363636364	0.028743750000000	0.016423863636364		1
000041:	0.161923863636364	0.117593750000000	0.075111363636364	0.546769318181818	0.066037500000000	0.032564204545455		1
000042:	0.126252840909091	0.205022727272727	0.054810795454545	0.322976136363636	0.253103409090909	0.037834090909091		1
000043:	0.147782954545455	0.158963068181818	0.097065909090909	0.206344318181818	0.033706818181818	0.356136931818182		1
000044:	0.091218181818182	0.323427272727273	0.053056818181818	0.462403977272727	0.045527840909091	0.024365909090909		1
000045:	0.026956818181818	0.092162500000000	0.033889772727273	0.724072159090909	0.100372727272727	0.022546022727273		1
000046:	0.041805113636364	0.448367045454545	0.062310227272727	0.089571590909091	0.073723295454545	0.284222727272727		1
000047:	0.164024431818182	0.117273863636364	0.236405681818182	0.369642045454545	0.053492613636364	0.059161363636364		1
000048:	0.071842045454545	0.197235795454545	0.607552272727273	0.061311931818182	0.023463636363636	0.038594318181818		1
000049:	0.056667613636364	0.563454545454545	0.215417613636364	0.097006250000000	0.036551136363636	0.030902840909091		1
000050:	0.215519318181818	0.386649431818182	0.182119886363636	0.111222727272727	0.050736931818182	0.053751704545455		1
000051:	0.759221590909091	0.031558522727273	0.152218750000000	0.027683522727273	0.013436931818182	0.015880681818182		1
000052:	0.832389204545455	0.037408522727273	0.065997727272727	0.035052840909091	0.012856818181818	0.016294886363636		1
000053:	0.203451136363636	0.494070454545455	0.122720454545455	0.127550568181818	0.028351704545455	0.023855681818182		1
000054:	0.116330113636364	0.163068181818182	0.143894318181818	0.185106250000000	0.335443181818182	0.056157954545455		1
000055:	0.367522727272727	0.186121022727273	0.304081250000000	0.090168181818182	0.026696022727273	0.025410795454545		1
000056:	0.084868750000000	0.540144886363636	0.222626136363636	0.091492045454545	0.034322727272727	0.026545454545455		1
000057:	0.487067613636364	0.141795454545455	0.119528977272727	0.187528409090909	0.047569886363636	0.016509659090909		1
000058:	0.032909659090909	0.843029545454545	0.046274431818182	0.034055681818182	0.025884090909091	0.017846590909091		1
000059:	0.015730113636364	0.689291477272727	0.038789204545455	0.217779545454545	0.016115909090909	0.022293750000000		1
000060:	0.050308522727273	0.802860795454545	0.058089772727273	0.059209659090909	0.014929545454545	0.014601704545455		1
000061:	0.078482386363636	0.649160227272727	0.097584090909091	0.128356250000000	0.023288068181818	0.023128977272727		1
000062:	0.843000000000000	0.042551704545455	0.056540909090909	0.026697727272727	0.010016477272727	0.021193181818182		1
000063:	0.723695454545455	0.030878977272727	0.158863636363636	0.026738068181818	0.020440340909091	0.039383522727273		1
000064:	0.768765909090909	0.028301704545455	0.129269886363636	0.027932954545455	0.011352840909091	0.034376704545455		1
000065:	0.090155681818182	0.453537500000000	0.309360227272727	0.077717613636364	0.025930113636364	0.043298863636364		1
000066:	0.116324431818182	0.259013636363636	0.177660795454545	0.392491477272727	0.032161931818182	0.022347727272727		1
000067:	0.628894886363636	0.026963636363636	0.270263636363636	0.033429545454545	0.014987500000000	0.025460795454545		1
000068:	0.033473295454545	0.663837500000000	0.076963636363636	0.180171022727273	0.026339204545455	0.019215340909091		1
000069:	0.067243181818182	0.423809659090909	0.109949431818182	0.338650568181818	0.024314204545455	0.036032954545455		1
000070:	0.307046590909091	0.378655113636364	0.103095454545455	0.095265909090909	0.054903409090909	0.061033522727273		1
000071:	0.038278409090909	0.681508522727273	0.066666477272727	0.140586363636364	0.039256818181818	0.033703409090909		1
000072:	0.100675000000000	0.461524431818182	0.265140909090909	0.097956818181818	0.030505113636364	0.044197727272727		1
000073:	0.099897727272727	0.577773295454545	0.169672159090909	0.102075568181818	0.025750000000000	0.024831250000000		1
000074:	0.268688068181818	0.179199431818182	0.062596022727273	0.301610795454545	0.154699431818182	0.033206250000000		1
000075:	0.075136363636364	0.366097159090909	0.099585795454545	0.371249431818182	0.053722727272727	0.034208522727273		1
000076:	0.025654545454545	0.253521022727273	0.058015340909091	0.146351136363636	0.087859090909091	0.428598863636364		1
000077:	0.074447159090909	0.248797159090909	0.194827272727273	0.115878409090909	0.115261363636364	0.250788636363636		1
000078:	0.144292045454545	0.400592613636364	0.218917613636364	0.170409090909091	0.036543750000000	0.029244886363636		1
000079:	0.101371022727273	0.587444886363636	0.062905113636364	0.147858522727273	0.058931250000000	0.041489204545455		1
000080:	0.028428977272727	0.356237500000000	0.078068181818182	0.351891477272727	0.123686931818182	0.061686931818182		1
000081:	0.020065340909091	0.750932954545455	0.117740340909091	0.087241477272727	0.009432386363636	0.014587500000000		1
000082:	0.061727840909091	0.715055113636364	0.134771022727273	0.037770454545455	0.019228977272727	0.031446590909091		1
000083:	0.036412500000000	0.505551704545455	0.184838636363636	0.184538636363636	0.032536931818182	0.056121590909091		1
000084:	0.925156818181818	0.015980681818182	0.018542045454545	0.011946022727273	0.014364204545455	0.014010227272727		1
000085:	0.111083522727273	0.134376136363636	0.210832386363636	0.430815909090909	0.057372159090909	0.055519886363636		1
000086:	0.516871590909091	0.093222159090909	0.112943181818182	0.156170454545455	0.071564772727273	0.049227840909091		1
000087:	0.040889204545455	0.710003977272727	0.094133522727273	0.115201136363636	0.026344318181818	0.013427840909091		1
000088:	0.029356818181818	0.083910227272727	0.093481250000000	0.715402840909091	0.051120454545455	0.026728409090909		1
000089:	0.046821590909091	0.211118181818182	0.093620454545455	0.558600000000000	0.033557954545455	0.056281818181818		1
000090:	0.198177272727273	0.299946022727273	0.082626136363636	0.239190909090909	0.153693750000000	0.026365909090909		1
000091:	0.010503409090909	0.819296590909091	0.057219318181818	0.035509090909091	0.041630681818182	0.035840909090909		1
000092:	0.054155113636364	0.621348863636364	0.089181250000000	0.047000000000000	0.034674431818182	0.153640340909091		1
000093:	0.058592045454545	0.205239772727273	0.198088068181818	0.320198863636364	0.161230113636364	0.056651136363636		1
000094:	0.049440909090909	0.673700000000000	0.084985795454545	0.113736931818182	0.047913068181818	0.030223295454545		1
000095:	0.114951136363636	0.433788068181818	0.276317045454545	0.076052840909091	0.032707386363636	0.066183522727273		1
000096:	0.862571590909091	0.028563068181818	0.055013636363636	0.028211931818182	0.014976704545455	0.010663068181818		1
000097:	0.022117045454545	0.681628977272727	0.051914772727273	0.203067045454545	0.025357386363636	0.015914772727273		1
000098:	0.021732386363636	0.822673863636364	0.046849431818182	0.080716477272727	0.016531250000000	0.011496590909091		1
000099:	0.417343750000000	0.230882954545455	0.087765340909091	0.169866477272727	0.061801136363636	0.032340340909091		1
000100:	0.674561363636364	0.091608522727273	0.128432386363636	0.064622727272727	0.022683522727273	0.018091477272727		1
000101:	0.067243181818182	0.057906250000000	0.093121590909091	0.741446590909091	0.022326704545455	0.017955681818182		1
000102:	0.302130681818182	0.184456250000000	0.149169886363636	0.281614772727273	0.044075000000000	0.038553409090909		1
000103:	0.158381818181818	0.583996022727273	0.082962500000000	0.066071590909091	0.051426704545455	0.057161363636364		1
000104:	0.648360795454546	0.112483522727273	0.107355681818182	0.052724431818182	0.017197159090909	0.061878409090909		1
000105:	0.249677272727273	0.218590909090909	0.069447727272727	0.385080681818182	0.051747159090909	0.025456250000000		1
000106:	0.045418181818182	0.233661363636364	0.141683522727273	0.500052272727273	0.047556818181818	0.031627840909091		1
000107:	0.459276704545455	0.134944886363636	0.105522159090909	0.247007386363636	0.026316477272727	0.026932386363636		1
000108:	0.630752840909091	0.057322727272727	0.101913636363636	0.120466477272727	0.057440909090909	0.032103409090909		1
000109:	0.050505681818182	0.479551704545455	0.058969886363636	0.297965340909091	0.050499431818182	0.062507954545455		1
000110:	0.183118750000000	0.098531250000000	0.063334659090909	0.068968750000000	0.482573863636364	0.103472727272727		1
000111:	0.518814204545455	0.152121590909091	0.127071022727273	0.130526704545455	0.025969318181818	0.045497159090909		1
000112:	0.144738636363636	0.042740909090909	0.062513636363636	0.677057954545455	0.034898295454545	0.038050568181818		1
000113:	0.121917045454545	0.499952840909091	0.200035227272727	0.123094318181818	0.022566477272727	0.032434090909091		1
000114:	0.138180681818182	0.706472727272727	0.057301136363636	0.042589204545455	0.020993750000000	0.034462500000000		1
000115:	0.143719318181818	0.530134659090909	0.104466477272727	0.163115340909091	0.034777272727273	0.023786931818182		1
000116:	0.365137500000000	0.200383522727273	0.275353409090909	0.083394886363636	0.046077840909091	0.029652840909091		1
000117:	0.069030681818182	0.065132954545455	0.199253977272727	0.591640340909091	0.029908522727273	0.045033522727273		1
000118:	0.263692613636364	0.395864204545455	0.189096590909091	0.081338636363636	0.026160795454545	0.043847159090909		1
000119:	0.227230113636364	0.336505113636364	0.035393181818182	0.333742613636364	0.046375000000000	0.020753977272727		1
000120:	0.162503409090909	0.178463636363636	0.409049431818182	0.172589204545455	0.037107386363636	0.040286931818182		1
000121:	0.082665340909091	0.557824431818182	0.080671590909091	0.128558522727273	0.121386363636364	0.028893750000000		1
000122:	0.073759659090909	0.443263636363636	0.086205113636364	0.355344886363636	0.021893750000000	0.019532954545455		1
000123:	0.013676136363636	0.912363068181818	0.020796590909091	0.030687500000000	0.011133522727273	0.011343181818182		1
000124:	0.042510795454545	0.267602840909091	0.137669318181818	0.348147159090909	0.100883522727273	0.103186363636364		1
000125:	0.134759659090909	0.205298295454545	0.426651136363636	0.072482386363636	0.034622727272727	0.126185795454545		1
000126:	0.044498295454545	0.048909090909091	0.108124431818182	0.043926136363636	0.022044318181818	0.732497727272727		1
000127:	0.688848863636364	0.013378977272727	0.004951704545455	0.004256250000000	0.273502272727273	0.015061931818182		1
000128:	0.047646022727273	0.640631818181818	0.146177272727273	0.117863068181818	0.019650000000000	0.028031818181818		1
000129:	0.008683522727273	0.242091477272727	0.009952840909091	0.012645454545455	0.722751704545455	0.003875000000000		1
000130:	0.064386931818182	0.739119886363636	0.097185227272727	0.044430113636364	0.032457954545455	0.022419886363636		1
000131:	0.071974431818182	0.322023863636364	0.221595454545455	0.312434090909091	0.040233522727273	0.031738636363636		1
000132:	0.760748863636364	0.029866477272727	0.111346022727273	0.061422159090909	0.022053977272727	0.014562500000000		1
000133:	0.083698863636364	0.209925000000000	0.184884090909091	0.209584090909091	0.132277272727273	0.179630681818182		1
000134:	0.067890909090909	0.683098863636364	0.082921590909091	0.064646022727273	0.069485227272727	0.031957386363636		1
000135:	0.029700568181818	0.525025000000000	0.098744318181818	0.216773863636364	0.110336363636364	0.019419886363636		1
000136:	0.073396590909091	0.655050568181818	0.142351136363636	0.059084090909091	0.032509659090909	0.037607954545455		1
000137:	0.056760795454545	0.609031818181818	0.044168750000000	0.119890909090909	0.144092045454545	0.026055681818182		1
000138:	0.040901704545455	0.438693181818182	0.183850568181818	0.149922727272727	0.052736931818182	0.133894886363636		1
000139:	0.057164204545455	0.381327840909091	0.239842613636364	0.232222159090909	0.049156818181818	0.040286363636364		1
000140:	0.001136363636364	0.008082954545455	0.002047727272727	0.949052840909091	0.000816477272727	0.038863636363636		1
000141:	0.467090909090909	0.061593181818182	0.265219318181818	0.071698295454545	0.036862500000000	0.097535795454545		1
000142:	0.081422727272727	0.443472727272727	0.084683522727273	0.294804545454545	0.078598295454545	0.017018181818182		1
000143:	0.048377840909091	0.243166477272727	0.193717613636364	0.468168750000000	0.025247159090909	0.021322159090909		1
000144:	0.186313636363636	0.100226136363636	0.243145454545455	0.408327272727273	0.030017045454545	0.031970454545455		1
000145:	0.747394886363636	0.056194318181818	0.086412500000000	0.054753409090909	0.033330113636364	0.021914772727273		1
000146:	0.085731818181818	0.347722727272727	0.250788636363636	0.219222727272727	0.079444318181818	0.017089772727273		1
000147:	0.092566477272727	0.321455113636364	0.399438636363636	0.131471022727273	0.028760227272727	0.026308522727273		1
000148:	0.060397727272727	0.614813068181818	0.193695454545455	0.069409659090909	0.032929545454545	0.028754545454545		1
000149:	0.135143181818182	0.223665340909091	0.250893181818182	0.291460227272727	0.063802272727273	0.035035795454545		1
000150:	0.071518181818182	0.132777840909091	0.067351136363636	0.578532386363636	0.122662500000000	0.027157954545455		1
000151:	0.169502272727273	0.158020454545455	0.393019318181818	0.133876704545455	0.069187500000000	0.076393750000000		1
000152:	0.078048863636364	0.586175000000000	0.129573295454545	0.102555113636364	0.048263636363636	0.055384090909091		1
000153:	0.119905681818182	0.126366477272727	0.059117045454545	0.637342045454545	0.037900000000000	0.019368750000000		1
000154:	0.355575568181818	0.161078409090909	0.360589204545455	0.060156818181818	0.034472159090909	0.028127840909091		1
000155:	0.369117045454545	0.314766477272727	0.105485227272727	0.129384659090909	0.059213636363636	0.022032954545455		1
000156:	0.331610795454545	0.043178977272727	0.085860795454545	0.479678977272727	0.025695454545455	0.033975000000000		1
000157:	0.855435795454545	0.017084659090909	0.081347159090909	0.013114204545455	0.005084659090909	0.027933522727273		1
000158:	0.096669318181818	0.057804545454545	0.459953977272727	0.110898295454545	0.060913068181818	0.213760795454545		1
000159:	0.020545454545455	0.001922727272727	0.003763636363636	0.001469318181818	0.970363068181818	0.001935795454545		1
000160:	0.037051704545455	0.021036931818182	0.498218181818182	0.013976136363636	0.013344318181818	0.416372727272727		1
000161:	0.069576704545455	0.024814204545455	0.817920454545455	0.028196022727273	0.014768750000000	0.044723863636364		1
000162:	0.027616477272727	0.053953409090909	0.276121022727273	0.196452272727273	0.324267045454545	0.121589772727273		1
000163:	0.025884659090909	0.028802840909091	0.880177272727273	0.033869318181818	0.006465909090909	0.024800000000000		1
000164:	0.532267613636364	0.014846590909091	0.391812500000000	0.014128409090909	0.004981818181818	0.041963068181818		1
000165:	0.087712500000000	0.042551136363636	0.804818181818182	0.021164204545455	0.009701136363636	0.034052840909091		1
000166:	0.046185795454545	0.079015340909091	0.811525000000000	0.027279545454545	0.009772727272727	0.026221590909091		1
000167:	0.068136931818182	0.116387500000000	0.642705681818182	0.074844886363636	0.027829545454545	0.070095454545455		1
000168:	0.334748295454545	0.280076136363636	0.104602272727273	0.173371590909091	0.071477272727273	0.035724431818182		1
000169:	0.096965340909091	0.577219318181818	0.094023295454545	0.193177840909091	0.023567613636364	0.015046590909091		1
000170:	0.001022727272727	0.001622727272727	0.821309659090909	0.003847159090909	0.000639772727273	0.171557954545455		1
000171:	0.755213636363636	0.069366477272727	0.084252840909091	0.053490340909091	0.023127272727273	0.014549431818182		1
000172:	0.046506250000000	0.395188636363636	0.252189772727273	0.166949431818182	0.075002272727273	0.064163636363636		1
000173:	0.062223295454545	0.185634659090909	0.327281250000000	0.373869886363636	0.022529545454545	0.028461363636364		1
000174:	0.042384090909091	0.764501704545455	0.051523863636364	0.100489204545455	0.030938068181818	0.010163068181818		1
000175:	0.864478409090909	0.022164772727273	0.054740909090909	0.042100000000000	0.011125568181818	0.005390340909091		1
000176:	0.087568181818182	0.400954545454545	0.141138068181818	0.280414204545455	0.026531250000000	0.063393750000000		1
000177:	0.140526704545455	0.579690909090909	0.085458522727273	0.149345454545455	0.027013068181818	0.017965340909091		1
000178:	0.190109090909091	0.343655113636364	0.192349431818182	0.205942045454545	0.051431818181818	0.016512500000000		1
000179:	0.809439204545455	0.019064204545455	0.058014204545455	0.080306818181818	0.011769318181818	0.021406250000000		1
000180:	0.796432386363636	0.071185795454545	0.052648295454545	0.049728977272727	0.019963636363636	0.010040909090909		1
000181:	0.853544886363636	0.021837500000000	0.066655113636364	0.038401136363636	0.010555681818182	0.009005681818182		1
000182:	0.238037500000000	0.199690909090909	0.115207386363636	0.273211931818182	0.112831250000000	0.061021022727273		1
000183:	0.875387500000000	0.038201136363636	0.046614204545455	0.025411363636364	0.008977840909091	0.005407954545455		1
000184:	0.047752840909091	0.805447727272727	0.046346022727273	0.064409090909091	0.025703409090909	0.010340909090909		1
000185:	0.085828977272727	0.124702840909091	0.137482386363636	0.311160795454545	0.317109659090909	0.023715340909091		1
000186:	0.770032386363636	0.053910227272727	0.053656250000000	0.052604545454545	0.030860795454545	0.038935795454545		1
000187:	0.904240340909091	0.017060795454545	0.028398863636364	0.032414204545455	0.011505113636364	0.006380681818182		1
000188:	0.266263636363636	0.211050568181818	0.205346590909091	0.048632386363636	0.043582386363636	0.225124431818182		1
000189:	0.053118750000000	0.638447159090909	0.168293750000000	0.102897159090909	0.019171590909091	0.018071590909091		1
000190:	0.057639204545455	0.192951704545455	0.485365340909091	0.163926136363636	0.064134659090909	0.035982954545455		1
000191:	0.081771590909091	0.132696590909091	0.230638636363636	0.491715909090909	0.025354545454545	0.037822727272727		1
000192:	0.093120454545455	0.154817613636364	0.113838068181818	0.545761363636364	0.030795454545455	0.061667045454545		1
000193:	0.122727840909091	0.387383522727273	0.109248863636364	0.314278409090909	0.040907386363636	0.025453977272727		1
000194:	0.064183522727273	0.694152840909091	0.093517613636364	0.063856818181818	0.069802840909091	0.014486363636364		1
000195:	0.043532386363636	0.079675568181818	0.056911931818182	0.780960227272727	0.017706818181818	0.021213068181818		1
000196:	0.169514204545455	0.048353409090909	0.630311931818182	0.027697727272727	0.013347727272727	0.110775000000000		1
000197:	0.136690340909091	0.054804545454545	0.488035227272727	0.244194318181818	0.013643181818182	0.062632386363636		1
000198:	0.088315909090909	0.138127840909091	0.171082954545455	0.506895454545455	0.023717045454545	0.071860795454545		1
000199:	0.062190909090909	0.055819886363636	0.816796590909091	0.022561363636364	0.013456818181818	0.029174431818182		1
000200:	0.053288636363636	0.068302840909091	0.751732954545455	0.041992613636364	0.026198295454545	0.058484659090909		1
000201:	0.580117045454545	0.021409659090909	0.330889772727273	0.015260227272727	0.010418181818182	0.041905113636364		1
000202:	0.160210795454545	0.512716477272727	0.079973863636364	0.135298863636364	0.085439204545455	0.026360795454545		1
000203:	0.159860227272727	0.308557954545455	0.349377272727273	0.100292613636364	0.039874431818182	0.042037500000000		1
000204:	0.293655681818182	0.241426136363636	0.256811363636364	0.065613636363636	0.043200000000000	0.099293181818182		1
000205:	0.318436363636364	0.267018750000000	0.166520454545455	0.095360227272727	0.047788068181818	0.104876136363636		1
000206:	0.916899431818182	0.078389204545455	0.000786363636364	0.002423295454545	0.001011931818182	0.000489772727273		1
000207:	0.032172159090909	0.094049431818182	0.116809090909091	0.562563636363636	0.056155113636364	0.138250568181818		1
000208:	0.322343181818182	0.100343750000000	0.321242613636364	0.192285227272727	0.038310227272727	0.025475000000000		1
000209:	0.454817613636364	0.046446590909091	0.294508522727273	0.148680113636364	0.015794318181818	0.039752840909091		1
000210:	0.317736931818182	0.040788636363636	0.147249431818182	0.452915909090909	0.020116477272727	0.021192613636364		1
000211:	0.143606818181818	0.131522159090909	0.546232386363636	0.090800000000000	0.026143750000000	0.061694886363636		1
000212:	0.204506818181818	0.038456250000000	0.428819318181818	0.106263068181818	0.024785795454545	0.197168750000000		1
000213:	0.101676136363636	0.032869318181818	0.791483522727273	0.031017045454545	0.013976136363636	0.028977840909091		1
000214:	0.112653977272727	0.087607386363636	0.620094318181818	0.080603409090909	0.030346590909091	0.068694318181818		1
000215:	0.087217613636364	0.208442613636364	0.233206250000000	0.143152840909091	0.067472159090909	0.260508522727273		1
000216:	0.163885227272727	0.035059659090909	0.468398295454545	0.029602840909091	0.057666477272727	0.245387500000000		1
000217:	0.114039772727273	0.050660227272727	0.632944886363636	0.036589772727273	0.033059090909091	0.132706250000000		1
000218:	0.157984659090909	0.041271022727273	0.691796590909091	0.036131818181818	0.012019886363636	0.060796022727273		1
000219:	0.080298863636364	0.028568750000000	0.779630681818182	0.015102840909091	0.013189204545455	0.083209659090909		1
000220:	0.088535227272727	0.023882954545455	0.342808522727273	0.009199431818182	0.007761931818182	0.527811931818182		1
000221:	0.056699431818182	0.032558522727273	0.852098295454545	0.016694886363636	0.007883522727273	0.034065340909091		1
000222:	0.314660795454545	0.024130113636364	0.568057954545454	0.014443750000000	0.010742613636364	0.067964772727273		1
000223:	0.267792045454545	0.197385227272727	0.282488636363636	0.098194318181818	0.059398863636364	0.094740909090909		1
000224:	0.001226704545455	0.002885795454545	0.000877272727273	0.002471590909091	0.858855113636364	0.133683522727273		1
000225:	0.035626136363636	0.789590340909091	0.032091477272727	0.062615340909091	0.051346590909091	0.028730113636364		1
000226:	0.101674431818182	0.540097159090909	0.072730681818182	0.084807954545455	0.058126136363636	0.142563636363636		1
000227:	0.065873295454545	0.522169318181818	0.058999431818182	0.154968181818182	0.087069318181818	0.110920454545455		1
000228:	0.020140909090909	0.025123863636364	0.052842613636364	0.022319886363636	0.726250568181818	0.153322159090909		1
000229:	0.016702840909091	0.802773295454545	0.034305681818182	0.020680681818182	0.050102272727273	0.075435227272727		1
000230:	0.109663068181818	0.014226136363636	0.074444318181818	0.008149431818182	0.019373295454545	0.774143750000000		1
000231:	0.040480681818182	0.474050568181818	0.094993750000000	0.210268181818182	0.098561931818182	0.081644886363636		1
000232:	0.322960795454545	0.160980681818182	0.142196590909091	0.037821590909091	0.137821022727273	0.198219318181818		1
000233:	0.043984659090909	0.633281250000000	0.029689772727273	0.120769318181818	0.114342613636364	0.057932386363636		1
000234:	0.029560795454545	0.373358522727273	0.021401704545455	0.189369886363636	0.319513068181818	0.066796022727273		1
000235:	0.118335227272727	0.110892045454545	0.020323295454545	0.048534659090909	0.667785227272727	0.034129545454545		1
000236:	0.515313636363636	0.049461363636364	0.032760795454545	0.044211363636364	0.178988068181818	0.179264772727273		1
000237:	0.044513636363636	0.596503977272727	0.017515909090909	0.046116477272727	0.251538636363636	0.043811363636364		1
000238:	0.735431250000000	0.053119318181818	0.059828977272727	0.044488636363636	0.061722159090909	0.045409659090909		1
000239:	0.098390340909091	0.484818181818182	0.047571022727273	0.086353409090909	0.137987500000000	0.144879545454545		1
000240:	0.019547727272727	0.060018750000000	0.002356250000000	0.399973863636364	0.010072727272727	0.508030681818182		1
000241:	0.295062500000000	0.096398863636364	0.035761363636364	0.399784090909091	0.087665909090909	0.085327272727273		1
000242:	0.033678977272727	0.246430113636364	0.049554545454545	0.405915340909091	0.209642045454545	0.054778977272727		1
000243:	0.045603409090909	0.047109659090909	0.022156818181818	0.052839772727273	0.202600000000000	0.629690340909091		1
000244:	0.103143181818182	0.362709090909091	0.018411363636364	0.035642045454545	0.117940340909091	0.362153977272727		1
000245:	0.022644886363636	0.791465340909091	0.021167045454545	0.022055113636364	0.043205681818182	0.099461931818182		1
000246:	0.032028977272727	0.313113068181818	0.029518750000000	0.119847159090909	0.402568750000000	0.102923295454545		1
000247:	0.052681818181818	0.121196022727273	0.083518181818182	0.244790340909091	0.372168181818182	0.125645454545455		1
000248:	0.024926136363636	0.774463068181818	0.030868181818182	0.013140340909091	0.023392045454545	0.133210227272727		1
000249:	0.005955113636364	0.003635227272727	0.003158522727273	0.757827840909091	0.034155681818182	0.195267613636364		1
000250:	0.019588636363636	0.876875000000000	0.015234090909091	0.022322727272727	0.040807954545455	0.025171590909091		1
000251:	0.047933522727273	0.456426704545455	0.047834659090909	0.150765340909091	0.117121022727273	0.179918750000000		1
000252:	0.169706250000000	0.097033522727273	0.072668181818182	0.044619886363636	0.226278977272727	0.389693181818182		1
000253:	0.054215340909091	0.080665909090909	0.044993181818182	0.051839772727273	0.567013636363636	0.201272159090909		1
000254:	0.085013068181818	0.301534090909091	0.061389772727273	0.035640909090909	0.334756818181818	0.181665340909091		1
000255:	0.070129545454545	0.721667613636364	0.046913068181818	0.022067613636364	0.082077840909091	0.057144318181818		1
000256:	0.040844318181818	0.618883522727273	0.030725568181818	0.269256818181818	0.018053977272727	0.022235795454545		1
000257:	0.778030113636364	0.026453409090909	0.074305113636364	0.014376136363636	0.041071022727273	0.065764204545455		1
000258:	0.037582954545455	0.809494318181818	0.053961363636364	0.034051704545455	0.027755681818182	0.037153977272727		1
000259:	0.857584659090909	0.021489772727273	0.034159659090909	0.025104545454545	0.028289204545455	0.033372159090909		1
000260:	0.045422727272727	0.208638068181818	0.036989772727273	0.091477840909091	0.120887500000000	0.496584090909091		1
000261:	0.113684090909091	0.113548295454545	0.122248295454545	0.066372159090909	0.288486363636364	0.295660795454545		1
000262:	0.307485227272727	0.023076136363636	0.096289772727273	0.030701704545455	0.088308522727273	0.454138636363636		1
000263:	0.115070454545455	0.335388068181818	0.258578977272727	0.142394886363636	0.056963068181818	0.091604545454545		1
000264:	0.717409090909091	0.136567613636364	0.053313636363636	0.025610227272727	0.031027840909091	0.036071590909091		1
000265:	0.123057954545455	0.301335795454545	0.383169318181818	0.039157954545455	0.067269886363636	0.086009090909091		1
000266:	0.029519886363636	0.867561363636364	0.031504545454545	0.014538636363636	0.034189204545455	0.022686363636364		1
000267:	0.026534659090909	0.732142613636364	0.040556250000000	0.032178977272727	0.074789772727273	0.093797727272727		1
000268:	0.272450568181818	0.157287500000000	0.255930113636364	0.093317613636364	0.088274431818182	0.132739772727273		1
000269:	0.043875000000000	0.185425000000000	0.046557386363636	0.461697727272727	0.223983522727273	0.038461363636364		1
000270:	0.737064772727273	0.039317045454545	0.072336931818182	0.028419318181818	0.028046022727273	0.094815909090909		1
000271:	0.127868750000000	0.044443181818182	0.021557954545455	0.017349431818182	0.707117045454545	0.081663636363636		1
000272:	0.193455113636364	0.098130113636364	0.052480681818182	0.057976136363636	0.310878977272727	0.287078977272727		1
000273:	0.454482386363636	0.173155113636364	0.041639204545455	0.034681818181818	0.230243181818182	0.065798295454545		1
000274:	0.086585227272727	0.482014772727273	0.039043181818182	0.030532954545455	0.265471590909091	0.096352272727273		1
000275:	0.033347727272727	0.818178409090909	0.034409659090909	0.034062500000000	0.046872159090909	0.033129545454545		1
000276:	0.811733522727273	0.030698863636364	0.035758522727273	0.022720454545455	0.042547159090909	0.056541477272727		1
000277:	0.193674431818182	0.099200568181818	0.021306818181818	0.025253977272727	0.605402840909091	0.055161363636364		1
000278:	0.045497159090909	0.770794318181818	0.065735227272727	0.026798295454545	0.034081250000000	0.057093750000000		1
000279:	0.018475568181818	0.397564772727273	0.031777272727273	0.032613068181818	0.487585795454545	0.031983522727273		1
000280:	0.218381818181818	0.197878409090909	0.074046022727273	0.067242613636364	0.069853977272727	0.372597159090909		1
000281:	0.452368750000000	0.042740340909091	0.026278409090909	0.019241477272727	0.399157954545455	0.060213068181818		1
000282:	0.144157386363636	0.348962500000000	0.082080681818182	0.147862500000000	0.123042613636364	0.153894318181818		1
000283:	0.834652840909091	0.017451136363636	0.031311931818182	0.031165909090909	0.021427272727273	0.063990909090909		1
000284:	0.064111931818182	0.172057386363636	0.052415340909091	0.058773863636364	0.366435227272727	0.286206250000000		1
000285:	0.036097159090909	0.199375568181818	0.071534659090909	0.308712500000000	0.250021022727273	0.134259090909091		1
000286:	0.254903409090909	0.158730681818182	0.049611931818182	0.085895454545455	0.386469886363636	0.064388636363636		1
000287:	0.184128977272727	0.421801704545455	0.051359090909091	0.075276136363636	0.208744886363636	0.058689204545455		1
000288:	0.705063636363636	0.058374431818182	0.185552840909091	0.000872159090909	0.038115909090909	0.012021022727273		1
000289:	0.167382386363636	0.720427840909091	0.075197159090909	0.012188636363636	0.003613636363636	0.021190340909091		1
000290:	0.251681250000000	0.088573863636364	0.217697727272727	0.035710227272727	0.025790340909091	0.380546590909091		1
000291:	0.100534090909091	0.261879545454545	0.446890909090909	0.130356250000000	0.028755113636364	0.031584090909091		1
000292:	0.053060227272727	0.040573295454545	0.751836363636364	0.044941477272727	0.031756250000000	0.077832386363636		1
000293:	0.043500568181818	0.059452840909091	0.802900568181818	0.054676704545455	0.011693181818182	0.027776136363636		1
000294:	0.176522727272727	0.339521590909091	0.294267613636364	0.120052272727273	0.013289204545455	0.056346590909091		1
000295:	0.031582386363636	0.297767045454545	0.227628409090909	0.404544318181818	0.010024431818182	0.028453409090909		1
000296:	0.136428977272727	0.060614204545455	0.562664772727273	0.203534659090909	0.010115340909091	0.026642045454545		1
000297:	0.210025568181818	0.486838068181818	0.160979545454545	0.041614772727273	0.017398863636364	0.083143181818182		1
000298:	0.097219886363636	0.347944318181818	0.058151704545455	0.165659659090909	0.302168181818182	0.028856250000000		1
000299:	0.063732954545455	0.716483522727273	0.117251704545455	0.031987500000000	0.029793750000000	0.040750568181818		1
000300:	0.179681818181818	0.185128409090909	0.392103409090909	0.057001136363636	0.101301136363636	0.084784090909091		1
000301:	0.056752840909091	0.445801136363636	0.384323863636364	0.055634090909091	0.022144886363636	0.035343181818182		1
000302:	0.852179545454545	0.015001704545455	0.067492613636364	0.017246590909091	0.011812500000000	0.036267045454545		1
000303:	0.880389204545455	0.019624431818182	0.043859090909091	0.013999431818182	0.010960227272727	0.031167613636364		1
000304:	0.037734659090909	0.105481250000000	0.535205681818182	0.056452840909091	0.021065909090909	0.244059659090909		1
000305:	0.131431818181818	0.042429545454545	0.279952840909091	0.038710227272727	0.022553409090909	0.484922159090909		1
000306:	0.663648863636364	0.035597159090909	0.081961931818182	0.028119318181818	0.025289204545455	0.165383522727273		1
000307:	0.030528409090909	0.024614772727273	0.207244318181818	0.019693181818182	0.016125000000000	0.701794318181818		1
000308:	0.078863068181818	0.128113636363636	0.706276704545455	0.022710227272727	0.018578409090909	0.045457954545455		1
000309:	0.216076704545455	0.323493181818182	0.319405681818182	0.043381818181818	0.055472159090909	0.042170454545455		1
000310:	0.887487500000000	0.027338636363636	0.034848295454545	0.018764204545455	0.011851704545455	0.019709659090909		1
000311:	0.212905113636364	0.272660227272727	0.189081250000000	0.090180681818182	0.082300568181818	0.152872159090909		1
000312:	0.071980681818182	0.541940340909091	0.086296022727273	0.100363636363636	0.148458522727273	0.050960795454545		1
000313:	0.081461931818182	0.105217045454545	0.128960795454545	0.160909659090909	0.427356818181818	0.096093750000000		1
000314:	0.047488068181818	0.367690340909091	0.052782954545455	0.197687500000000	0.115718181818182	0.218632954545455		1
000315:	0.043939204545455	0.297352272727273	0.133678409090909	0.263760227272727	0.181198295454545	0.080071590909091		1
000316:	0.038543750000000	0.579081250000000	0.217614204545455	0.085272727272727	0.022965909090909	0.056522159090909		1
000317:	0.042301704545455	0.155970454545455	0.160953977272727	0.439867045454545	0.093010227272727	0.107896590909091		1
000318:	0.157375000000000	0.199176704545455	0.483218750000000	0.027796022727273	0.018858522727273	0.113575000000000		1
000319:	0.746020454545455	0.017943181818182	0.166755113636364	0.024330113636364	0.014909090909091	0.030042045454545		1
000320:	0.213273295454545	0.069603977272727	0.459464204545455	0.090977272727273	0.068472159090909	0.098209090909091		1
000321:	0.040717045454545	0.038523863636364	0.841708522727273	0.022846590909091	0.019209090909091	0.036994886363636		1
000322:	0.043371022727273	0.032123295454545	0.307055681818182	0.020206250000000	0.018103409090909	0.579140340909091		1
000323:	0.099897727272727	0.080087500000000	0.265394318181818	0.122911931818182	0.277690909090909	0.154017613636364		1
000324:	0.115842045454545	0.049476704545455	0.504503409090909	0.033764772727273	0.026707386363636	0.269705681818182		1
000325:	0.845186363636364	0.011963068181818	0.046218750000000	0.009825568181818	0.012017045454545	0.074789204545455		1
000326:	0.033345454545455	0.693362500000000	0.186436363636364	0.015459090909091	0.019373863636364	0.052022727272727		1
000327:	0.068993750000000	0.074260227272727	0.617118750000000	0.072592045454545	0.020254545454545	0.146780681818182		1
000328:	0.036146590909091	0.032543181818182	0.118396590909091	0.007221590909091	0.009978977272727	0.795713068181818		1
000329:	0.073472159090909	0.364565340909091	0.396168750000000	0.030190909090909	0.057874431818182	0.077728409090909		1
000330:	0.093039772727273	0.038630681818182	0.210769318181818	0.032670454545455	0.030358522727273	0.594531250000000		1
000331:	0.059008522727273	0.029281818181818	0.147844318181818	0.014530113636364	0.035617613636364	0.713717613636364		1
