Estimated Clustering Probabilities for Samples
Sample	***Cluster  01***	***Cluster  02***	***Cluster  03***	***Cluster  04***	***Cluster  05***	***Cluster  06***	
000001:	0.011520454545455	0.362830113636364	0.077284659090909	0.347155113636364	0.027965340909091	0.173244318181818		1
000002:	0.004343181818182	0.821038068181818	0.055394318181818	0.025546022727273	0.039564772727273	0.054113636363636		1
000003:	0.011578977272727	0.722497727272727	0.053817613636364	0.042936363636364	0.112342045454545	0.056827272727273		1
000004:	0.004948863636364	0.534756250000000	0.367067613636364	0.022680113636364	0.018815340909091	0.051731818181818		1
000005:	0.003664772727273	0.778332386363636	0.049080113636364	0.054711363636364	0.070876136363636	0.043335227272727		1
000006:	0.009280681818182	0.320015340909091	0.458151704545455	0.140547159090909	0.027024431818182	0.044980681818182		1
000007:	0.006202272727273	0.793955113636364	0.033559659090909	0.027097159090909	0.025519318181818	0.113666477272727		1
000008:	0.003026136363636	0.837857386363636	0.095565909090909	0.018136931818182	0.011872159090909	0.033541477272727		1
000009:	0.004382954545455	0.858986363636364	0.076275568181818	0.022900000000000	0.011784090909091	0.025671022727273		1
000010:	0.004678977272727	0.783643181818182	0.090525568181818	0.049017045454545	0.028844886363636	0.043290340909091		1
000011:	0.074965340909091	0.152885795454545	0.179157954545455	0.119881250000000	0.370407386363636	0.102702272727273		1
000012:	0.122024431818182	0.103867045454545	0.125666477272727	0.329210227272727	0.268170454545455	0.051061363636364		1
000013:	0.446742045454545	0.056624431818182	0.174584659090909	0.165400000000000	0.096780113636364	0.059868750000000		1
000014:	0.028048295454545	0.022206818181818	0.884065909090909	0.030702840909091	0.021181818181818	0.013794318181818		1
000015:	0.042459090909091	0.355636931818182	0.212930681818182	0.145894318181818	0.217169318181818	0.025909659090909		1
000016:	0.016815340909091	0.022890340909091	0.894558522727273	0.027076704545455	0.019147727272727	0.019511363636364		1
000017:	0.035185227272727	0.187832954545455	0.120678977272727	0.335454545454545	0.283014204545455	0.037834090909091		1
000018:	0.368978409090909	0.058425568181818	0.076380681818182	0.321459090909091	0.153453977272727	0.021302272727273		1
000019:	0.082874431818182	0.106970454545455	0.057468750000000	0.084459090909091	0.642485227272727	0.025742045454545		1
000020:	0.041851704545455	0.147130681818182	0.456501704545455	0.250233522727273	0.073159659090909	0.031122727272727		1
000021:	0.035825568181818	0.036177840909091	0.035785795454545	0.432813636363636	0.410361363636364	0.049035795454545		1
000022:	0.056225000000000	0.092677272727273	0.059388636363636	0.269702840909091	0.497123863636364	0.024882386363636		1
000023:	0.124039772727273	0.045552272727273	0.035481818181818	0.168665909090909	0.591184659090909	0.035075568181818		1
000024:	0.029838636363636	0.022331250000000	0.869313068181818	0.048188636363636	0.021571590909091	0.008756818181818		1
000025:	0.357005681818182	0.064514204545455	0.125827272727273	0.219503409090909	0.204468181818182	0.028681250000000		1
000026:	0.091542045454545	0.050485795454545	0.036148863636364	0.190128409090909	0.608882386363636	0.022812500000000		1
000027:	0.143450000000000	0.050003977272727	0.060344886363636	0.617464204545455	0.103376136363636	0.025360795454545		1
000028:	0.020510227272727	0.046196022727273	0.030813068181818	0.109757386363636	0.728214772727273	0.064508522727273		1
000029:	0.099881250000000	0.114876136363636	0.126559090909091	0.439976704545455	0.161415340909091	0.057291477272727		1
000030:	0.115322727272727	0.127157954545455	0.107285795454545	0.076104545454545	0.545835795454545	0.028293181818182		1
000031:	0.220437500000000	0.041588636363636	0.064896022727273	0.540394886363636	0.108100568181818	0.024582386363636		1
000032:	0.062584090909091	0.033895454545455	0.092364772727273	0.712977272727273	0.055132386363636	0.043046022727273		1
000033:	0.027412500000000	0.039900000000000	0.027045454545455	0.578259090909091	0.081797159090909	0.245585795454545		1
000034:	0.021456818181818	0.023149431818182	0.840440340909091	0.085665909090909	0.019486931818182	0.009800568181818		1
000035:	0.208607386363636	0.114443181818182	0.040828977272727	0.431085795454545	0.108297159090909	0.096737500000000		1
000036:	0.055205113636364	0.215418750000000	0.139310227272727	0.406102840909091	0.090977840909091	0.092985227272727		1
000037:	0.070589772727273	0.041023863636364	0.103884659090909	0.660005113636364	0.107588068181818	0.016908522727273		1
000038:	0.187008522727273	0.058875568181818	0.138053977272727	0.093031250000000	0.319771022727273	0.203259659090909		1
000039:	0.257049431818182	0.098496022727273	0.113983522727273	0.225726136363636	0.281387500000000	0.023357386363636		1
000040:	0.060836931818182	0.052979545454545	0.764223295454545	0.072332954545455	0.030586931818182	0.019040340909091		1
000041:	0.091640340909091	0.173475568181818	0.193105113636364	0.423838636363636	0.082335227272727	0.035605113636364		1
000042:	0.199313636363636	0.050325000000000	0.149662500000000	0.341946022727273	0.211945454545455	0.046807386363636		1
000043:	0.055919886363636	0.308367045454545	0.126122159090909	0.202453409090909	0.258876704545455	0.048260795454545		1
000044:	0.056289204545455	0.238327840909091	0.106369886363636	0.316676136363636	0.236302840909091	0.046034090909091		1
000045:	0.105564204545455	0.038323863636364	0.018191477272727	0.713355113636364	0.112061363636364	0.012503977272727		1
000046:	0.120598863636364	0.073763636363636	0.057250568181818	0.229170454545455	0.292522727272727	0.226693750000000		1
000047:	0.260030681818182	0.174608522727273	0.082761363636364	0.206155113636364	0.192706250000000	0.083738068181818		1
000048:	0.020758522727273	0.682118750000000	0.042652840909091	0.039263636363636	0.107703977272727	0.107502272727273		1
000049:	0.031750000000000	0.225077272727273	0.081039204545455	0.117227272727273	0.508243181818182	0.036663068181818		1
000050:	0.077855113636364	0.169907386363636	0.335421590909091	0.163086931818182	0.195493181818182	0.058235795454545		1
000051:	0.013218181818182	0.110028977272727	0.824376136363636	0.020685795454545	0.013703409090909	0.017987500000000		1
000052:	0.008071590909091	0.040208522727273	0.902671022727273	0.017807954545455	0.016084659090909	0.015156250000000		1
000053:	0.055575000000000	0.261876136363636	0.231885227272727	0.208935227272727	0.188441477272727	0.053286931818182		1
000054:	0.344299431818182	0.108093750000000	0.086505113636364	0.159114772727273	0.225247727272727	0.076739204545455		1
000055:	0.015850000000000	0.395023863636364	0.275559659090909	0.060856250000000	0.222966477272727	0.029743750000000		1
000056:	0.036677272727273	0.351527272727273	0.107393181818182	0.140290909090909	0.306544318181818	0.057567045454545		1
000057:	0.036147159090909	0.250825000000000	0.160552272727273	0.317900000000000	0.171536931818182	0.063038636363636		1
000058:	0.013864204545455	0.036400568181818	0.032974431818182	0.024818181818182	0.879978409090909	0.011964204545455		1
000059:	0.057638068181818	0.095893750000000	0.035103977272727	0.259412500000000	0.525045454545455	0.026906250000000		1
000060:	0.018381818181818	0.236400568181818	0.093117613636364	0.121150000000000	0.496617045454545	0.034332954545455		1
000061:	0.048780113636364	0.225915340909091	0.077560795454545	0.130563636363636	0.477869886363636	0.039310227272727		1
000062:	0.023012500000000	0.113773863636364	0.761476136363636	0.032807954545455	0.042087500000000	0.026842045454545		1
000063:	0.009301704545455	0.057307386363636	0.861202840909091	0.021088068181818	0.024526704545455	0.026573295454545		1
000064:	0.014775000000000	0.082082954545455	0.784439204545455	0.016650568181818	0.021689204545455	0.080363068181818		1
000065:	0.026246022727273	0.509380113636364	0.099244318181818	0.065548295454545	0.258631250000000	0.040950000000000		1
000066:	0.014792613636364	0.163564204545455	0.122359090909091	0.256363636363636	0.395244318181818	0.047676136363636		1
000067:	0.016475000000000	0.189785227272727	0.713325568181818	0.027064204545455	0.019067045454545	0.034282954545455		1
000068:	0.023123295454545	0.088017613636364	0.019673863636364	0.091085227272727	0.759488068181818	0.018611931818182		1
000069:	0.407997159090909	0.042916477272727	0.022718750000000	0.086639772727273	0.419666477272727	0.020061363636364		1
000070:	0.085798295454545	0.130614204545455	0.260048295454545	0.142527840909091	0.256043750000000	0.124967613636364		1
000071:	0.033888636363636	0.044132954545455	0.023680681818182	0.114295454545455	0.757578977272727	0.026423295454545		1
000072:	0.031625000000000	0.299225000000000	0.152994318181818	0.072310795454545	0.350326136363636	0.093518750000000		1
000073:	0.022925568181818	0.462709659090909	0.061063068181818	0.257617613636364	0.150475568181818	0.045208522727273		1
000074:	0.253552272727273	0.079635795454545	0.109275568181818	0.347778409090909	0.170573295454545	0.039184659090909		1
000075:	0.115716477272727	0.240468181818182	0.072798863636364	0.231935227272727	0.307875568181818	0.031205681818182		1
000076:	0.140851136363636	0.094790340909091	0.046095454545455	0.155422159090909	0.190822159090909	0.372018750000000		1
000077:	0.107334659090909	0.152178409090909	0.105529545454545	0.132260795454545	0.278746022727273	0.223950568181818		1
000078:	0.023260795454545	0.360340340909091	0.093680113636364	0.120889772727273	0.344621022727273	0.057207954545455		1
000079:	0.040378409090909	0.061031250000000	0.061797159090909	0.140777840909091	0.649549431818182	0.046465909090909		1
000080:	0.124504545454545	0.035913068181818	0.016177272727273	0.041338068181818	0.764899431818182	0.017167613636364		1
000081:	0.024868181818182	0.649489772727273	0.033384659090909	0.114095454545455	0.132224431818182	0.045937500000000		1
000082:	0.941442613636364	0.002959090909091	0.015374431818182	0.003507954545455	0.004438068181818	0.032277840909091		1
000083:	0.051143750000000	0.395563068181818	0.039331818181818	0.198422159090909	0.265475568181818	0.050063636363636		1
000084:	0.010615340909091	0.010985795454545	0.941819886363636	0.015596590909091	0.011312500000000	0.009669886363636		1
000085:	0.080403409090909	0.188890909090909	0.105450568181818	0.484180681818182	0.070361363636364	0.070713068181818		1
000086:	0.114744318181818	0.142155113636364	0.430073863636364	0.141131250000000	0.099489772727273	0.072405681818182		1
000087:	0.033694318181818	0.117876704545455	0.071817613636364	0.271335795454545	0.470116477272727	0.035159090909091		1
000088:	0.041674431818182	0.070413068181818	0.027929545454545	0.689895454545455	0.138721022727273	0.031366477272727		1
000089:	0.073986363636364	0.064419886363636	0.053612500000000	0.546901136363636	0.156939772727273	0.104140340909091		1
000090:	0.218073863636364	0.069713636363636	0.214228409090909	0.244738636363636	0.228138068181818	0.025107386363636		1
000091:	0.107398295454545	0.042928409090909	0.043544318181818	0.074557954545455	0.601654545454545	0.129916477272727		1
000092:	0.051388068181818	0.108415909090909	0.059303409090909	0.076666477272727	0.655890340909091	0.048335795454545		1
000093:	0.182457954545455	0.257938636363636	0.090200000000000	0.279017613636364	0.108147727272727	0.082238068181818		1
000094:	0.059912500000000	0.091908522727273	0.048110795454545	0.127321590909091	0.630968750000000	0.041777840909091		1
000095:	0.025131818181818	0.523093750000000	0.137126136363636	0.062579545454545	0.208832954545455	0.043235795454545		1
000096:	0.008887500000000	0.033152272727273	0.910031818181818	0.016737500000000	0.017902840909091	0.013288068181818		1
000097:	0.018613636363636	0.036568181818182	0.020401704545455	0.164231818181818	0.745435227272727	0.014749431818182		1
000098:	0.011447159090909	0.078001704545455	0.018291477272727	0.110539204545455	0.766132386363636	0.015588068181818		1
000099:	0.024585227272727	0.079777272727273	0.403218750000000	0.143059090909091	0.330990909090909	0.018368750000000		1
000100:	0.018215909090909	0.389310795454545	0.468673295454545	0.057273295454545	0.041964772727273	0.024561931818182		1
000101:	0.019875568181818	0.080776704545455	0.106132954545455	0.741233522727273	0.032711363636364	0.019269886363636		1
000102:	0.042059090909091	0.113361931818182	0.340236931818182	0.282863068181818	0.186884090909091	0.034594886363636		1
000103:	0.178369886363636	0.115511363636364	0.062535227272727	0.088118750000000	0.514240340909091	0.041224431818182		1
000104:	0.020967613636364	0.192546022727273	0.625917045454545	0.083365909090909	0.051651136363636	0.025552272727273		1
000105:	0.103412500000000	0.107668750000000	0.188663068181818	0.448797159090909	0.123582386363636	0.027876136363636		1
000106:	0.052276136363636	0.156285795454545	0.065831818181818	0.592354545454545	0.088340909090909	0.044910795454545		1
000107:	0.054252272727273	0.300712500000000	0.397979545454545	0.173621590909091	0.046921590909091	0.026512500000000		1
000108:	0.036665909090909	0.059434090909091	0.758468181818182	0.089155113636364	0.041219318181818	0.015057386363636		1
000109:	0.079983522727273	0.017241477272727	0.330063068181818	0.548728977272727	0.016370454545455	0.007612500000000		1
000110:	0.496482386363636	0.049353977272727	0.158163068181818	0.094007386363636	0.114421022727273	0.087572159090909		1
000111:	0.036571590909091	0.192859090909091	0.507748295454545	0.101733522727273	0.103065909090909	0.058021590909091		1
000112:	0.048807954545455	0.115327272727273	0.121640340909091	0.631121590909091	0.037936363636364	0.045166477272727		1
000113:	0.022705113636364	0.201517045454545	0.114824431818182	0.132290909090909	0.381456250000000	0.147206250000000		1
000114:	0.042067613636364	0.054590909090909	0.029192045454545	0.070925568181818	0.717488636363636	0.085735227272727		1
000115:	0.057631250000000	0.240275568181818	0.122084090909091	0.202993181818182	0.335120454545455	0.041895454545455		1
000116:	0.049371022727273	0.337353409090909	0.322986931818182	0.091356250000000	0.157541477272727	0.041390909090909		1
000117:	0.049237500000000	0.159534090909091	0.066422727272727	0.586377840909091	0.040003409090909	0.098424431818182		1
000118:	0.039002272727273	0.442423863636364	0.209592045454545	0.078843750000000	0.127549431818182	0.102588636363636		1
000119:	0.050187500000000	0.114148295454545	0.150767045454545	0.303105113636364	0.353173295454545	0.028618750000000		1
000120:	0.026152272727273	0.697251704545455	0.090935227272727	0.092870454545455	0.057257386363636	0.035532954545455		1
000121:	0.117014772727273	0.131296590909091	0.067144318181818	0.132986931818182	0.516985795454545	0.034571590909091		1
000122:	0.029260227272727	0.166866477272727	0.062721590909091	0.398431250000000	0.320104545454545	0.022615909090909		1
000123:	0.039401704545455	0.181677840909091	0.045960227272727	0.031664204545455	0.684705113636364	0.016590909090909		1
000124:	0.070248295454545	0.111063068181818	0.037790340909091	0.313393750000000	0.288403977272727	0.179100568181818		1
000125:	0.050134090909091	0.334238636363636	0.116601704545455	0.073418181818182	0.254190340909091	0.171417045454545		1
000126:	0.031949431818182	0.087974431818182	0.056321022727273	0.059156250000000	0.070864772727273	0.693734090909091		1
000127:	0.044769886363636	0.250281818181818	0.224887500000000	0.187028409090909	0.260861363636364	0.032171022727273		1
000128:	0.032883522727273	0.466926704545455	0.059410227272727	0.102976136363636	0.280963636363636	0.056839772727273		1
000129:	0.090172727272727	0.080746590909091	0.026635227272727	0.313198863636364	0.463973295454545	0.025273295454545		1
000130:	0.041637500000000	0.129388068181818	0.073217045454545	0.047298295454545	0.666502272727273	0.041956818181818		1
000131:	0.035801704545455	0.139810227272727	0.107236931818182	0.254192613636364	0.425944886363636	0.037013636363636		1
000132:	0.026692045454545	0.196500000000000	0.588489204545455	0.114355681818182	0.046310795454545	0.027652272727273		1
000133:	0.091988068181818	0.160208522727273	0.060661363636364	0.172486363636364	0.360196022727273	0.154459659090909		1
000134:	0.087964772727273	0.109759659090909	0.106471590909091	0.119778977272727	0.517750000000000	0.058275000000000		1
000135:	0.110579545454545	0.134767045454545	0.021765909090909	0.292402840909091	0.411859090909091	0.028625568181818		1
000136:	0.034345454545455	0.310128977272727	0.092579545454545	0.108302840909091	0.414114204545455	0.040528977272727		1
000137:	0.148796022727273	0.065226704545455	0.057657386363636	0.192402272727273	0.501872159090909	0.034045454545455		1
000138:	0.077818181818182	0.363897159090909	0.045018750000000	0.189965340909091	0.233018181818182	0.090282386363636		1
000139:	0.072059659090909	0.307418181818182	0.083009659090909	0.327100000000000	0.115643181818182	0.094769318181818		1
000140:	0.594791477272727	0.031307954545455	0.024839204545455	0.255961363636364	0.072443750000000	0.020656250000000		1
000141:	0.027222159090909	0.181246590909091	0.567444318181818	0.061242045454545	0.047171022727273	0.115673863636364		1
000142:	0.036626704545455	0.125820454545455	0.147168750000000	0.368236931818182	0.302511363636364	0.019635795454545		1
000143:	0.030285795454545	0.328673295454545	0.057693181818182	0.309411931818182	0.230782386363636	0.043153409090909		1
000144:	0.023463068181818	0.339082386363636	0.187003409090909	0.346841477272727	0.064777840909091	0.038831818181818		1
000145:	0.000661363636364	0.005878977272727	0.005693750000000	0.007881818181818	0.811617045454545	0.168267045454545		1
000146:	0.103838636363636	0.303601704545455	0.127703409090909	0.344448863636364	0.068161931818182	0.052245454545455		1
000147:	0.027428409090909	0.427535227272727	0.091025000000000	0.098018181818182	0.325803409090909	0.030189772727273		1
000148:	0.027371022727273	0.240190340909091	0.040650568181818	0.056766477272727	0.593531818181818	0.041489772727273		1
000149:	0.050597727272727	0.195278409090909	0.058451704545455	0.599130681818182	0.075126704545455	0.021414772727273		1
000150:	0.135632954545455	0.087097727272727	0.075044318181818	0.496867613636364	0.170388636363636	0.034968750000000		1
000151:	0.045018181818182	0.403635227272727	0.224727840909091	0.140128977272727	0.124441477272727	0.062048295454545		1
000152:	0.088553977272727	0.288031818181818	0.115046590909091	0.119168750000000	0.339516477272727	0.049682386363636		1
000153:	0.041017613636364	0.128443181818182	0.084344886363636	0.646365340909091	0.072480681818182	0.027348295454545		1
000154:	0.025267613636364	0.312290909090909	0.532094886363636	0.040387500000000	0.058097159090909	0.031861931818182		1
000155:	0.026584090909091	0.118703977272727	0.733852840909091	0.050236363636364	0.063296022727273	0.007326704545455		1
000156:	0.025906818181818	0.096505113636364	0.305555681818182	0.494788636363636	0.048340340909091	0.028903409090909		1
000157:	0.009094886363636	0.135631818181818	0.764950000000000	0.017788068181818	0.015980113636364	0.056555113636364		1
000158:	0.039327272727273	0.239384659090909	0.095473863636364	0.150611931818182	0.064660227272727	0.410542045454545		1
000159:	0.041352272727273	0.070046590909091	0.546568181818182	0.141178977272727	0.024096022727273	0.176757954545455		1
000160:	0.007431818181818	0.082959090909091	0.046029545454545	0.019222159090909	0.014616477272727	0.829740909090909		1
000161:	0.025234659090909	0.467108522727273	0.090943181818182	0.032397727272727	0.028090340909091	0.356225568181818		1
000162:	0.176834659090909	0.168507954545455	0.041539204545455	0.285538636363636	0.045703409090909	0.281876136363636		1
000163:	0.006576136363636	0.858222159090909	0.032985795454545	0.022647159090909	0.047211931818182	0.032356818181818		1
000164:	0.004943181818182	0.224912500000000	0.636642045454546	0.015732954545455	0.018022727272727	0.099746590909091		1
000165:	0.013697727272727	0.831909659090909	0.061150568181818	0.017306818181818	0.017733522727273	0.058201704545455		1
000166:	0.009296022727273	0.885559090909091	0.026205113636364	0.022584659090909	0.014756818181818	0.041598295454545		1
000167:	0.073867045454545	0.598048863636364	0.068790340909091	0.052864772727273	0.114288636363636	0.092140340909091		1
000168:	0.035680681818182	0.176319318181818	0.419247159090909	0.138748295454545	0.208840340909091	0.021164204545455		1
000169:	0.032539204545455	0.240426704545455	0.043103409090909	0.426169886363636	0.229915340909091	0.027845454545455		1
000170:	0.026870454545455	0.625236363636364	0.035494318181818	0.046502840909091	0.240842045454545	0.025053977272727		1
000171:	0.030512500000000	0.123409090909091	0.714163636363636	0.052312500000000	0.050922159090909	0.028680113636364		1
000172:	0.056844318181818	0.493470454545455	0.082489772727273	0.173320454545455	0.132325568181818	0.061549431818182		1
000173:	0.020712500000000	0.513900000000000	0.057791477272727	0.285325000000000	0.088085795454545	0.034185227272727		1
000174:	0.036780681818182	0.316539204545455	0.046391477272727	0.146897159090909	0.423409090909091	0.029982386363636		1
000175:	0.016498863636364	0.042171022727273	0.875215909090909	0.033035795454545	0.025390340909091	0.007688068181818		1
000176:	0.021194318181818	0.225210795454545	0.109384659090909	0.293278409090909	0.280093750000000	0.070838068181818		1
000177:	0.034614204545455	0.148313636363636	0.119019318181818	0.256026704545455	0.422523863636364	0.019502272727273		1
000178:	0.031110227272727	0.356388068181818	0.143700000000000	0.237543181818182	0.205418181818182	0.025840340909091		1
000179:	0.007382954545455	0.043847159090909	0.857434090909091	0.063731250000000	0.017317045454545	0.010287500000000		1
000180:	0.006542045454545	0.038253409090909	0.881711363636364	0.043692045454545	0.023939204545455	0.005861931818182		1
000181:	0.010397727272727	0.051779545454545	0.824587500000000	0.039302840909091	0.019215340909091	0.054717045454545		1
000182:	0.097255681818182	0.172745454545455	0.220887500000000	0.299389204545455	0.119421590909091	0.090300568181818		1
000183:	0.010448295454545	0.165515340909091	0.745598863636364	0.035285795454545	0.030712500000000	0.012439204545455		1
000184:	0.030616477272727	0.089681818181818	0.183532954545455	0.088353409090909	0.589305681818182	0.018509659090909		1
000185:	0.233330681818182	0.183360795454545	0.099682386363636	0.293550568181818	0.122864772727273	0.067210795454545		1
000186:	0.029564772727273	0.066223863636364	0.749747159090909	0.067390340909091	0.054205113636364	0.032868750000000		1
000187:	0.012547159090909	0.057494886363636	0.868132386363636	0.035573863636364	0.016584659090909	0.009667045454545		1
000188:	0.049755113636364	0.343217613636364	0.212709659090909	0.079907386363636	0.132992613636364	0.181417613636364		1
000189:	0.023959659090909	0.533134090909091	0.044306818181818	0.100867045454545	0.276977272727273	0.020755113636364		1
000190:	0.041837500000000	0.602223295454545	0.039630681818182	0.144933522727273	0.129700568181818	0.041674431818182		1
000191:	0.024598295454545	0.443385795454545	0.067406250000000	0.364110795454545	0.076503977272727	0.023994886363636		1
000192:	0.050369886363636	0.098647727272727	0.106817613636364	0.458542045454545	0.219257386363636	0.066365340909091		1
000193:	0.051405113636364	0.189822727272727	0.182566477272727	0.276480681818182	0.266148863636364	0.033576136363636		1
000194:	0.062475000000000	0.236286363636364	0.085993181818182	0.093076704545455	0.492061931818182	0.030106818181818		1
000195:	0.020641477272727	0.119021590909091	0.074634090909091	0.670601704545455	0.096365909090909	0.018735227272727		1
000196:	0.016128409090909	0.252102840909091	0.245904545454545	0.045252272727273	0.050806250000000	0.389805681818182		1
000197:	0.011369318181818	0.555051136363636	0.133676136363636	0.127973295454545	0.068681250000000	0.103248863636364		1
000198:	0.041257386363636	0.211942613636364	0.137592045454545	0.253408522727273	0.210307954545455	0.145491477272727		1
000199:	0.015259659090909	0.752571022727273	0.065489204545455	0.031482386363636	0.025777272727273	0.109420454545455		1
000200:	0.023626136363636	0.698988636363636	0.059108522727273	0.045371590909091	0.047147159090909	0.125757954545455		1
000201:	0.012501136363636	0.215568181818182	0.672956818181818	0.017047727272727	0.018359090909091	0.063567045454545		1
000202:	0.069640340909091	0.125206818181818	0.228763068181818	0.165405681818182	0.363098863636364	0.047885227272727		1
000203:	0.035486931818182	0.602406250000000	0.142473863636364	0.081586931818182	0.109982386363636	0.028063636363636		1
000204:	0.047342045454545	0.352518750000000	0.317372159090909	0.065631818181818	0.120923863636364	0.096211363636364		1
000205:	0.046477272727273	0.225067613636364	0.436084659090909	0.088136363636364	0.161688636363636	0.042545454545455		1
000206:	0.112078977272727	0.073248295454545	0.123144318181818	0.056227840909091	0.606148295454545	0.029152272727273		1
000207:	0.037279545454545	0.123460795454545	0.039464772727273	0.406815909090909	0.302743750000000	0.090235227272727		1
000208:	0.039265909090909	0.330006818181818	0.282375568181818	0.188465340909091	0.095309659090909	0.064576704545455		1
000209:	0.017151136363636	0.266997159090909	0.432804545454545	0.161500000000000	0.028687500000000	0.092859659090909		1
000210:	0.030983522727273	0.326328977272727	0.371962500000000	0.176803977272727	0.056843181818182	0.037077840909091		1
000211:	0.023392613636364	0.761779545454545	0.073221590909091	0.060765909090909	0.028092045454545	0.052748295454545		1
000212:	0.024594886363636	0.456451136363636	0.204640340909091	0.071546022727273	0.032424431818182	0.210343181818182		1
000213:	0.020829545454545	0.606399431818182	0.184277840909091	0.043168750000000	0.037505113636364	0.107819318181818		1
000214:	0.030651136363636	0.513932954545455	0.074889772727273	0.100645454545455	0.084532954545455	0.195347727272727		1
000215:	0.076454545454545	0.196234090909091	0.101625000000000	0.271251136363636	0.191333522727273	0.163101704545455		1
000216:	0.019809090909091	0.324607386363636	0.436077840909091	0.035027272727273	0.024802840909091	0.159675568181818		1
000217:	0.026925568181818	0.569086931818182	0.169197159090909	0.019401136363636	0.018148863636364	0.197240340909091		1
000218:	0.009703977272727	0.503282954545455	0.140527272727273	0.027497727272727	0.019885795454545	0.299102272727273		1
000219:	0.012297727272727	0.405834090909091	0.189795454545455	0.012418750000000	0.018456250000000	0.361197727272727		1
000220:	0.012637500000000	0.681573863636364	0.148192045454545	0.028512500000000	0.024794886363636	0.104289204545455		1
000221:	0.023013636363636	0.702177272727273	0.065933522727273	0.016680681818182	0.040378977272727	0.151815909090909		1
000222:	0.010928977272727	0.275144318181818	0.573098295454545	0.016495454545455	0.018517613636364	0.105815340909091		1
000223:	0.056690909090909	0.313773295454545	0.282634659090909	0.073643750000000	0.174817613636364	0.098439772727273		1
000224:	0.070533522727273	0.025803409090909	0.053136931818182	0.079677840909091	0.729971590909091	0.040876704545455		1
000225:	0.097109090909091	0.076765909090909	0.035107386363636	0.092372727272727	0.665611363636364	0.033033522727273		1
000226:	0.043544318181818	0.059457954545455	0.119118750000000	0.100138068181818	0.549181818181818	0.128559090909091		1
000227:	0.086037500000000	0.032377840909091	0.045235227272727	0.225842613636364	0.538419886363636	0.072086931818182		1
000228:	0.781901136363636	0.023557954545455	0.019865340909091	0.026459659090909	0.022642613636364	0.125573295454545		1
000229:	0.073910795454545	0.051263068181818	0.026381250000000	0.032560795454545	0.781730113636364	0.034153977272727		1
000230:	0.064341477272727	0.043677840909091	0.061102272727273	0.021229545454545	0.170529545454545	0.639119318181818		1
000231:	0.101004545454545	0.065702840909091	0.031915340909091	0.162064772727273	0.526975000000000	0.112337500000000		1
000232:	0.133228409090909	0.127409659090909	0.205118750000000	0.054897159090909	0.170980113636364	0.308365909090909		1
000233:	0.103463068181818	0.022055113636364	0.027080681818182	0.084380113636364	0.706733522727273	0.056287500000000		1
000234:	0.335285227272727	0.019701704545455	0.029647159090909	0.119982954545455	0.452578409090909	0.042804545454545		1
000235:	0.821640340909091	0.008860227272727	0.042343750000000	0.051257954545455	0.054331818181818	0.021565909090909		1
000236:	0.250682386363636	0.019228409090909	0.321761363636364	0.040461363636364	0.150606250000000	0.217260227272727		1
000237:	0.395026136363636	0.017202840909091	0.034394886363636	0.090595454545455	0.424138636363636	0.038642045454545		1
000238:	0.214658522727273	0.051998863636364	0.480610227272727	0.061576136363636	0.116991477272727	0.074164772727273		1
000239:	0.128757386363636	0.023235795454545	0.087930113636364	0.044498863636364	0.619424431818182	0.096153409090909		1
000240:	0.088712500000000	0.019333522727273	0.034406250000000	0.044092045454545	0.296694886363636	0.516760795454545		1
000241:	0.096434090909091	0.048438636363636	0.268460795454545	0.327167613636364	0.139705113636364	0.119793750000000		1
000242:	0.179723863636364	0.059594318181818	0.045125568181818	0.439874431818182	0.208993750000000	0.066688068181818		1
000243:	0.216781250000000	0.015861931818182	0.037563068181818	0.051018181818182	0.067771590909091	0.611003977272727		1
000244:	0.104453977272727	0.062484659090909	0.069302840909091	0.044260795454545	0.558568750000000	0.160928977272727		1
000245:	0.047053977272727	0.021144318181818	0.024955113636364	0.035386931818182	0.792765909090909	0.078693750000000		1
000246:	0.392623863636364	0.001617613636364	0.007753977272727	0.204912500000000	0.377384659090909	0.015707386363636		1
000247:	0.251465909090909	0.051134659090909	0.066539772727273	0.200239772727273	0.263994318181818	0.166625568181818		1
000248:	0.029395454545455	0.012852272727273	0.020209659090909	0.012567613636364	0.867122727272727	0.057852272727273		1
000249:	0.236494318181818	0.016280681818182	0.030244318181818	0.068087500000000	0.510236363636364	0.138656818181818		1
000250:	0.047951136363636	0.011910795454545	0.016182386363636	0.022378409090909	0.877607386363636	0.023969886363636		1
000251:	0.108387500000000	0.028961931818182	0.050347727272727	0.127531818181818	0.554140340909091	0.130630681818182		1
000252:	0.162356818181818	0.044319318181818	0.280284090909091	0.037788068181818	0.234373295454545	0.240878409090909		1
000253:	0.567596022727273	0.019504545454545	0.071434659090909	0.040913068181818	0.172281818181818	0.128269886363636		1
000254:	0.090476704545455	0.010843181818182	0.023515340909091	0.013711931818182	0.782367045454545	0.079085795454545		1
000255:	0.088431818181818	0.029093181818182	0.040136363636364	0.023681250000000	0.780423863636364	0.038233522727273		1
000256:	0.037623295454545	0.035288636363636	0.023335795454545	0.020738636363636	0.842944886363636	0.040068750000000		1
000257:	0.066478977272727	0.063018181818182	0.683399431818182	0.030644318181818	0.043598295454545	0.112860795454545		1
000258:	0.037050000000000	0.092988636363636	0.055396590909091	0.049663636363636	0.709358522727273	0.055542613636364		1
000259:	0.017680681818182	0.013291477272727	0.926459090909091	0.012158522727273	0.011256818181818	0.019153409090909		1
000260:	0.113439772727273	0.023873295454545	0.025442045454545	0.069308522727273	0.537830681818182	0.230105681818182		1
000261:	0.261614204545455	0.091739204545455	0.171669318181818	0.093461363636364	0.130611363636364	0.250904545454545		1
000262:	0.203242613636364	0.034085795454545	0.318015909090909	0.037492613636364	0.044191477272727	0.362971590909091		1
000263:	0.062425000000000	0.152217613636364	0.151696022727273	0.129285227272727	0.379079545454545	0.125296590909091		1
000264:	0.027085227272727	0.020059090909091	0.824436931818182	0.019428409090909	0.056721590909091	0.052268750000000		1
000265:	0.093440909090909	0.406969318181818	0.127321590909091	0.072947727272727	0.159348863636364	0.139971590909091		1
000266:	0.088446590909091	0.034445454545455	0.040335795454545	0.034813636363636	0.774741477272727	0.027217045454545		1
000267:	0.054612500000000	0.025450000000000	0.022646590909091	0.026414204545455	0.830035795454545	0.040840909090909		1
000268:	0.107318181818182	0.273740909090909	0.191084090909091	0.062209659090909	0.261438636363636	0.104208522727273		1
000269:	0.546266477272727	0.041563068181818	0.059252272727273	0.184356250000000	0.133948295454545	0.034613636363636		1
000270:	0.018536931818182	0.012390909090909	0.890557386363636	0.010818750000000	0.013735795454545	0.053960227272727		1
000271:	0.632653977272727	0.027033522727273	0.086056818181818	0.025884659090909	0.134067045454545	0.094303977272727		1
000272:	0.324227840909091	0.036439772727273	0.200596022727273	0.069313636363636	0.210163636363636	0.159259090909091		1
000273:	0.349970454545455	0.032652840909091	0.339219318181818	0.049993181818182	0.166915909090909	0.061248295454545		1
000274:	0.159063068181818	0.013024431818182	0.053452840909091	0.029894886363636	0.589585795454545	0.154978977272727		1
000275:	0.036796590909091	0.045142045454545	0.025110795454545	0.039642045454545	0.819800000000000	0.033508522727273		1
000276:	0.070317045454545	0.036330113636364	0.789832386363636	0.020545454545455	0.027768181818182	0.055206818181818		1
000277:	0.624580681818182	0.028068750000000	0.066181818181818	0.051702272727273	0.179709659090909	0.049756818181818		1
000278:	0.051123295454545	0.043479545454545	0.038060227272727	0.030098863636364	0.779127840909091	0.058110227272727		1
000279:	0.694535227272727	0.035193750000000	0.016447727272727	0.038102272727273	0.182166477272727	0.033554545454545		1
000280:	0.087455681818182	0.036020454545455	0.172192613636364	0.055569318181818	0.502542613636364	0.146219318181818		1
000281:	0.465438068181818	0.018626136363636	0.288440340909091	0.036359090909091	0.132603977272727	0.058532386363636		1
000282:	0.276838636363636	0.049542045454545	0.111749431818182	0.182937500000000	0.259800568181818	0.119131818181818		1
000283:	0.042350000000000	0.021074431818182	0.796457386363636	0.021317613636364	0.059923295454545	0.058877272727273		1
000284:	0.329011363636364	0.027395454545455	0.046659090909091	0.032501136363636	0.392917045454545	0.171515909090909		1
000285:	0.377531818181818	0.072107386363636	0.048333522727273	0.200296590909091	0.193594886363636	0.108135795454545		1
000286:	0.351964772727273	0.024864772727273	0.256171022727273	0.157147159090909	0.162249431818182	0.047602840909091		1
000287:	0.198218181818182	0.043756250000000	0.213141477272727	0.076911363636364	0.406326704545455	0.061646022727273		1
000288:	0.134677840909091	0.061510795454545	0.192061363636364	0.039817045454545	0.448314204545455	0.123618750000000		1
000289:	0.022418181818182	0.397423863636364	0.135260795454545	0.043313068181818	0.249237500000000	0.152346590909091		1
000290:	0.012357954545455	0.107550000000000	0.474153977272727	0.019744318181818	0.102483522727273	0.283710227272727		1
000291:	0.022694318181818	0.684338068181818	0.116318750000000	0.099585795454545	0.046341477272727	0.030721590909091		1
000292:	0.030451136363636	0.706148295454545	0.048126704545455	0.039148295454545	0.063114772727273	0.113010795454545		1
000293:	0.009864204545455	0.829161931818182	0.043592613636364	0.041153977272727	0.028715909090909	0.047511363636364		1
000294:	0.024566477272727	0.416146022727273	0.138356250000000	0.118901704545455	0.256953977272727	0.045075568181818		1
000295:	0.014326704545455	0.422270454545455	0.056261363636364	0.401818750000000	0.050438068181818	0.054884659090909		1
000296:	0.015339772727273	0.389143750000000	0.432017045454545	0.056202840909091	0.047401704545455	0.059894886363636		1
000297:	0.022277840909091	0.113349431818182	0.166280113636364	0.042145454545455	0.560402272727273	0.095544886363636		1
000298:	0.185811931818182	0.080895454545455	0.109427272727273	0.365702272727273	0.214350000000000	0.043813068181818		1
000299:	0.032655681818182	0.143684659090909	0.066537500000000	0.025172727272727	0.693781818181818	0.038167613636364		1
000300:	0.085190909090909	0.389451704545455	0.215297727272727	0.054811931818182	0.091708522727273	0.163539204545455		1
000301:	0.025637500000000	0.594795454545455	0.041159090909091	0.059380113636364	0.214486363636364	0.064541477272727		1
000302:	0.009235227272727	0.042304545454545	0.840773295454545	0.015589772727273	0.025123863636364	0.066973295454545		1
000303:	0.009233522727273	0.028592613636364	0.870430113636364	0.011115909090909	0.053180113636364	0.027447727272727		1
000304:	0.021968750000000	0.631128409090909	0.034477840909091	0.034149431818182	0.175460227272727	0.102815340909091		1
000305:	0.020450568181818	0.186001136363636	0.103772159090909	0.030998295454545	0.034004545454545	0.624773295454545		1
000306:	0.020000568181818	0.050707386363636	0.809243750000000	0.031847159090909	0.034417613636364	0.053783522727273		1
000307:	0.025948863636364	0.142826136363636	0.064627272727273	0.021498863636364	0.037253977272727	0.707844886363636		1
000308:	0.016626704545455	0.676130113636364	0.054505681818182	0.019104545454545	0.109042613636364	0.124590340909091		1
000309:	0.051237500000000	0.572915909090909	0.088494886363636	0.032803409090909	0.187606250000000	0.066942045454545		1
000310:	0.030361931818182	0.025594886363636	0.884726136363636	0.018437500000000	0.018052840909091	0.022826704545455		1
000311:	0.059344318181818	0.149740340909091	0.298195454545455	0.057382954545455	0.319799431818182	0.115537500000000		1
000312:	0.134367613636364	0.042210795454545	0.047631818181818	0.069160795454545	0.653910795454545	0.052718181818182		1
000313:	0.522517613636364	0.085307386363636	0.053438636363636	0.161872159090909	0.119465340909091	0.057398863636364		1
000314:	0.118334090909091	0.070885795454545	0.118126136363636	0.388797159090909	0.194023863636364	0.109832954545455		1
000315:	0.129278977272727	0.132322727272727	0.042468750000000	0.251061931818182	0.375889204545455	0.068978409090909		1
000316:	0.030136363636364	0.171199431818182	0.048813068181818	0.073543181818182	0.615419318181818	0.060888636363636		1
000317:	0.066087500000000	0.122394886363636	0.040366477272727	0.451947727272727	0.195477272727273	0.123726136363636		1
000318:	0.021043750000000	0.450731818181818	0.117914204545455	0.033198863636364	0.216436931818182	0.160674431818182		1
000319:	0.000382386363636	0.001073863636364	0.002483522727273	0.000532954545455	0.742422159090909	0.253105113636364		1
000320:	0.075121022727273	0.368373295454545	0.255193181818182	0.095248295454545	0.051372159090909	0.154692045454545		1
000321:	0.029322727272727	0.755396022727273	0.059058522727273	0.027958522727273	0.041634090909091	0.086630113636364		1
000322:	0.027772727272727	0.127887500000000	0.217864204545455	0.027628977272727	0.023747159090909	0.575099431818182		1
000323:	0.301032954545455	0.160789204545455	0.131825000000000	0.143747727272727	0.102080681818182	0.160524431818182		1
000324:	0.024132954545455	0.306180113636364	0.170835795454545	0.025630113636364	0.065218750000000	0.408002272727273		1
000325:	0.027347727272727	0.046366477272727	0.813245454545454	0.026038068181818	0.017064772727273	0.069937500000000		1
000326:	0.024118750000000	0.073500568181818	0.039307386363636	0.018620454545455	0.761290909090909	0.083161931818182		1
000327:	0.038161363636364	0.436823863636364	0.099557386363636	0.064975568181818	0.098486931818182	0.261994886363636		1
000328:	0.024567613636364	0.053895454545455	0.034863068181818	0.022857386363636	0.055539204545455	0.808277272727273		1
000329:	0.054051136363636	0.363092045454545	0.104856818181818	0.039336363636364	0.232131250000000	0.206532386363636		1
000330:	0.035989772727273	0.101093181818182	0.128544318181818	0.018174431818182	0.042276704545455	0.673921590909091		1
000331:	0.049635227272727	0.109664772727273	0.039395454545455	0.011045454545455	0.043584090909091	0.746675000000000		1
