Estimated Clustering Probabilities for Samples
Sample	***Cluster  01***	***Cluster  02***	***Cluster  03***	***Cluster  04***	***Cluster  05***	***Cluster  06***	
000001:	0.075181818181818	0.097515340909091	0.297865909090909	0.414894886363636	0.089911363636364	0.024630681818182		1
000002:	0.003231250000000	0.016659659090909	0.694721022727273	0.197314204545455	0.085687500000000	0.002386363636364		1
000003:	0.022297727272727	0.058360227272727	0.390068181818182	0.421873863636364	0.048838636363636	0.058561363636364		1
000004:	0.022060795454545	0.168012500000000	0.087885227272727	0.683413636363636	0.023910227272727	0.014717613636364		1
000005:	0.029844886363636	0.034091477272727	0.442768750000000	0.461910227272727	0.023040909090909	0.008343750000000		1
000006:	0.012867613636364	0.219067613636364	0.115753409090909	0.624236931818182	0.012561363636364	0.015513068181818		1
000007:	0.011857386363636	0.030298295454545	0.178333522727273	0.624446590909091	0.102083522727273	0.052980681818182		1
000008:	0.013214204545455	0.044193750000000	0.061944318181818	0.848617613636364	0.020276704545455	0.011753409090909		1
000009:	0.018633522727273	0.066635227272727	0.124766477272727	0.769276704545454	0.015147727272727	0.005540340909091		1
000010:	0.039382386363636	0.096215340909091	0.195522159090909	0.620984659090909	0.037655681818182	0.010239772727273		1
000011:	0.102598295454545	0.246093750000000	0.283115909090909	0.128392045454545	0.118169318181818	0.121630681818182		1
000012:	0.316604545454545	0.149567613636364	0.365175568181818	0.041374431818182	0.028162500000000	0.099115340909091		1
000013:	0.301688068181818	0.293059090909091	0.105725000000000	0.052617045454545	0.031219886363636	0.215690909090909		1
000014:	0.038147727272727	0.810668750000000	0.040264772727273	0.067422727272727	0.011346022727273	0.032150000000000		1
000015:	0.087475568181818	0.104888636363636	0.634808522727273	0.107717045454545	0.020905681818182	0.044204545454545		1
000016:	0.031285795454545	0.823982386363636	0.072799431818182	0.033495454545455	0.017375000000000	0.021061931818182		1
000017:	0.102205113636364	0.105669318181818	0.683696022727273	0.053203409090909	0.026944886363636	0.028281250000000		1
000018:	0.581226136363636	0.098411931818182	0.098061363636364	0.026674431818182	0.021404545454545	0.174221590909091		1
000019:	0.086196590909091	0.039597159090909	0.710975568181818	0.059530113636364	0.025360227272727	0.078340340909091		1
000020:	0.123450000000000	0.430775568181818	0.276565340909091	0.078829545454545	0.054053977272727	0.036325568181818		1
000021:	0.403231818181818	0.037473295454545	0.250617045454545	0.044074431818182	0.164291477272727	0.100311931818182		1
000022:	0.209556250000000	0.160710795454545	0.549088636363636	0.027777272727273	0.012235227272727	0.040631818181818		1
000023:	0.171418181818182	0.066051136363636	0.253978409090909	0.049678977272727	0.068902272727273	0.389971022727273		1
000024:	0.045515909090909	0.877960795454545	0.022214204545455	0.017738068181818	0.010699431818182	0.025871590909091		1
000025:	0.159749431818182	0.188743750000000	0.093190909090909	0.057555113636364	0.018906250000000	0.481854545454545		1
000026:	0.266538068181818	0.058397159090909	0.535273295454545	0.039465340909091	0.027719886363636	0.072606250000000		1
000027:	0.660809659090909	0.073827840909091	0.120272159090909	0.039304545454545	0.016197727272727	0.089588068181818		1
000028:	0.171580113636364	0.103900000000000	0.425386931818182	0.079301704545455	0.155047159090909	0.064784090909091		1
000029:	0.203577840909091	0.176723863636364	0.419102272727273	0.098801704545455	0.053290340909091	0.048503977272727		1
000030:	0.066797727272727	0.121056818181818	0.413835795454545	0.054266477272727	0.048349431818182	0.295693750000000		1
000031:	0.678900568181818	0.046732386363636	0.073725568181818	0.036942613636364	0.028583522727273	0.135115340909091		1
000032:	0.485447727272727	0.108488636363636	0.244121022727273	0.042858522727273	0.043297159090909	0.075786931818182		1
000033:	0.258898863636364	0.175549431818182	0.381309659090909	0.094810227272727	0.055857386363636	0.033574431818182		1
000034:	0.083029545454545	0.776578977272727	0.055323295454545	0.035964204545455	0.019369886363636	0.029734090909091		1
000035:	0.472492045454545	0.052384090909091	0.122565340909091	0.070672727272727	0.043264204545455	0.238621590909091		1
000036:	0.326027840909091	0.194259090909091	0.302444318181818	0.050737500000000	0.076227272727273	0.050303977272727		1
000037:	0.473400568181818	0.108121022727273	0.328591477272727	0.025449431818182	0.018081818181818	0.046355681818182		1
000038:	0.129228409090909	0.113498863636364	0.114282386363636	0.167273295454545	0.117098863636364	0.358618181818182		1
000039:	0.437042045454545	0.187256818181818	0.215251136363636	0.043152272727273	0.018159090909091	0.099138636363636		1
000040:	0.050981250000000	0.699192613636364	0.055781818181818	0.080421022727273	0.035278409090909	0.078344886363636		1
000041:	0.285159659090909	0.207626704545455	0.366047159090909	0.071664772727273	0.024455113636364	0.045046590909091		1
000042:	0.345373295454545	0.141408522727273	0.159365340909091	0.051196022727273	0.034259659090909	0.268397159090909		1
000043:	0.093496022727273	0.125443181818182	0.613890340909091	0.090274431818182	0.041046022727273	0.035850000000000		1
000044:	0.213986931818182	0.101117045454545	0.522242045454545	0.076773295454545	0.037607386363636	0.048273295454545		1
000045:	0.557413636363636	0.028605681818182	0.311228409090909	0.025306250000000	0.018573863636364	0.058872159090909		1
000046:	0.351690909090909	0.094607954545455	0.203218750000000	0.107836931818182	0.130709659090909	0.111935795454545		1
000047:	0.230390340909091	0.203035227272727	0.175120454545455	0.210710227272727	0.048002272727273	0.132741477272727		1
000048:	0.031581250000000	0.053471590909091	0.531592045454545	0.321925568181818	0.026061931818182	0.035367613636364		1
000049:	0.031624431818182	0.083838636363636	0.777003409090909	0.070482954545455	0.021859090909091	0.015191477272727		1
000050:	0.090725568181818	0.198608522727273	0.268402840909091	0.219852840909091	0.028016477272727	0.194393750000000		1
000051:	0.028968750000000	0.733402272727273	0.060625568181818	0.142497727272727	0.017118181818182	0.017387500000000		1
000052:	0.014885227272727	0.867217045454545	0.033888636363636	0.055936363636364	0.007948295454545	0.020124431818182		1
000053:	0.164902272727273	0.139071022727273	0.398960795454545	0.139510795454545	0.032424431818182	0.125130681818182		1
000054:	0.238288068181818	0.116511363636364	0.122759659090909	0.119804545454545	0.059817045454545	0.342819318181818		1
000055:	0.015275568181818	0.035378409090909	0.766294886363636	0.056258522727273	0.111739204545455	0.015053409090909		1
000056:	0.104316477272727	0.101866477272727	0.565647727272727	0.142290340909091	0.034793750000000	0.051085227272727		1
000057:	0.101230113636364	0.062352272727273	0.718267613636364	0.049781250000000	0.046517613636364	0.021851136363636		1
000058:	0.043026704545455	0.023006818181818	0.793341477272727	0.039989772727273	0.020056250000000	0.080578977272727		1
000059:	0.097596590909091	0.020314772727273	0.818464204545455	0.024280113636364	0.013190909090909	0.026153409090909		1
000060:	0.016792613636364	0.036146590909091	0.888472727272727	0.021255113636364	0.013652272727273	0.023680681818182		1
000061:	0.050393181818182	0.055371022727273	0.796427840909091	0.051278409090909	0.023651136363636	0.022878409090909		1
000062:	0.019567045454545	0.855844886363636	0.045997159090909	0.048139772727273	0.017301136363636	0.013150000000000		1
000063:	0.019156250000000	0.706603409090909	0.049710795454545	0.195993181818182	0.014127272727273	0.014409090909091		1
000064:	0.027079545454545	0.661272159090909	0.109463636363636	0.119417613636364	0.064369886363636	0.018397159090909		1
000065:	0.050730113636364	0.055745454545455	0.600393750000000	0.229672159090909	0.032951136363636	0.030507386363636		1
000066:	0.119990340909091	0.252191477272727	0.514851136363636	0.079950568181818	0.017282954545455	0.015733522727273		1
000067:	0.036873863636364	0.465238068181818	0.132371590909091	0.297635795454545	0.047321590909091	0.020559090909091		1
000068:	0.100539772727273	0.023432386363636	0.750066477272727	0.055548863636364	0.016482954545455	0.053929545454545		1
000069:	0.127893181818182	0.076337500000000	0.691690340909091	0.053159659090909	0.023642045454545	0.027277272727273		1
000070:	0.115883522727273	0.333557954545455	0.303413068181818	0.092877840909091	0.075198863636364	0.079068750000000		1
000071:	0.095164772727273	0.030629545454545	0.750160795454546	0.041955681818182	0.028113068181818	0.053976136363636		1
000072:	0.034769886363636	0.088515909090909	0.692393181818182	0.111990909090909	0.038043750000000	0.034286363636364		1
000073:	0.049335795454545	0.053798863636364	0.674611363636364	0.166417045454545	0.025803409090909	0.030033522727273		1
000074:	0.386209659090909	0.190027272727273	0.173486931818182	0.056292045454545	0.034342045454545	0.159642045454545		1
000075:	0.217940909090909	0.075588068181818	0.460856818181818	0.098779545454545	0.032646590909091	0.114188068181818		1
000076:	0.108840909090909	0.040805113636364	0.232172727272727	0.064730681818182	0.492216477272727	0.061234090909091		1
000077:	0.113814772727273	0.085609090909091	0.337458522727273	0.099371022727273	0.204221590909091	0.159525000000000		1
000078:	0.083861363636364	0.069107954545455	0.292119318181818	0.110540340909091	0.024336931818182	0.420034090909091		1
000079:	0.096160227272727	0.070046590909091	0.609484090909091	0.051585795454545	0.040474431818182	0.132248863636364		1
000080:	0.120369886363636	0.029825568181818	0.322399431818182	0.046038636363636	0.044944886363636	0.436421590909091		1
000081:	0.034266477272727	0.035850568181818	0.821547727272727	0.066571022727273	0.025350568181818	0.016413636363636		1
000082:	0.027088068181818	0.044673863636364	0.810471022727273	0.055511363636364	0.025172159090909	0.037083522727273		1
000083:	0.083168181818182	0.021086931818182	0.752725000000000	0.081288068181818	0.028234659090909	0.033497159090909		1
000084:	0.016186931818182	0.913107954545455	0.005432954545455	0.054565909090909	0.003864772727273	0.006841477272727		1
000085:	0.326131818181818	0.151763068181818	0.239122727272727	0.153708522727273	0.081183522727273	0.048090340909091		1
000086:	0.083621590909091	0.599128977272727	0.093471590909091	0.040340909090909	0.038046590909091	0.145390340909091		1
000087:	0.063031818181818	0.031700000000000	0.805851136363636	0.041006250000000	0.027366477272727	0.031044318181818		1
000088:	0.591486363636364	0.043882954545455	0.247397159090909	0.050697727272727	0.028760227272727	0.037775568181818		1
000089:	0.435008522727273	0.070626136363636	0.308682386363636	0.085229545454545	0.056388068181818	0.044065340909091		1
000090:	0.407706250000000	0.219388636363636	0.141261931818182	0.062510227272727	0.027034659090909	0.142098295454545		1
000091:	0.115767045454545	0.048260227272727	0.066088636363636	0.110935227272727	0.080227272727273	0.578721590909091		1
000092:	0.084431250000000	0.059376136363636	0.678639772727273	0.075563636363636	0.034147727272727	0.067841477272727		1
000093:	0.218757954545455	0.063901136363636	0.489202840909091	0.102701136363636	0.038109090909091	0.087327840909091		1
000094:	0.064766477272727	0.043017045454545	0.659557386363636	0.068655681818182	0.040150568181818	0.123852840909091		1
000095:	0.037910795454545	0.094415340909091	0.706809659090909	0.106589204545455	0.029460795454545	0.024814204545455		1
000096:	0.026313636363636	0.812752272727273	0.075848295454545	0.049792613636364	0.014450000000000	0.020843181818182		1
000097:	0.171657954545455	0.039372727272727	0.687301136363636	0.034471022727273	0.013419318181818	0.053777840909091		1
000098:	0.097865909090909	0.016682954545455	0.812152840909091	0.045068181818182	0.010519318181818	0.017710795454545		1
000099:	0.113595454545455	0.258389204545455	0.512174431818182	0.051062500000000	0.035602272727273	0.029176136363636		1
000100:	0.035903409090909	0.363743181818182	0.157766477272727	0.415602840909091	0.009590909090909	0.017393181818182		1
000101:	0.509868181818182	0.059797159090909	0.305859659090909	0.084728409090909	0.017357954545455	0.022388636363636		1
000102:	0.145057386363636	0.295189204545455	0.336698295454545	0.115806818181818	0.044967045454545	0.062281250000000		1
000103:	0.077206250000000	0.048933522727273	0.567281818181818	0.078629545454545	0.051417045454545	0.176531818181818		1
000104:	0.049028409090909	0.436643750000000	0.419280113636364	0.053501136363636	0.012381250000000	0.029165340909091		1
000105:	0.399667613636364	0.158833522727273	0.262356818181818	0.073893750000000	0.029620454545455	0.075627840909091		1
000106:	0.462002840909091	0.039910227272727	0.342109090909091	0.071674431818182	0.038113636363636	0.046189772727273		1
000107:	0.138907386363636	0.335825000000000	0.396360227272727	0.088868181818182	0.022168750000000	0.017870454545455		1
000108:	0.071163068181818	0.790126136363636	0.040827840909091	0.057085795454545	0.012356818181818	0.028440340909091		1
000109:	0.275339204545455	0.054485795454545	0.541244886363636	0.040352840909091	0.032171590909091	0.056405681818182		1
000110:	0.069421590909091	0.110054545454545	0.040651704545455	0.046707386363636	0.087492613636364	0.645672159090909		1
000111:	0.080411363636364	0.304630681818182	0.389296590909091	0.142917613636364	0.036437500000000	0.046306250000000		1
000112:	0.521550568181818	0.206822159090909	0.098727272727273	0.056372159090909	0.071223295454545	0.045304545454545		1
000113:	0.094370454545455	0.098872159090909	0.627552272727273	0.127177272727273	0.022550568181818	0.029477272727273		1
000114:	0.113990340909091	0.037699431818182	0.330031250000000	0.151436931818182	0.085835795454545	0.281006250000000		1
000115:	0.007008522727273	0.022499431818182	0.001632954545455	0.008240909090909	0.074096022727273	0.886522159090909		1
000116:	0.072964204545455	0.192166477272727	0.434292045454545	0.207126136363636	0.043730681818182	0.049720454545455		1
000117:	0.417347159090909	0.060557386363636	0.158066477272727	0.274318181818182	0.039830113636364	0.049880681818182		1
000118:	0.063135227272727	0.159549431818182	0.395919886363636	0.302023295454545	0.047857386363636	0.031514772727273		1
000119:	0.207826136363636	0.150675568181818	0.529129545454545	0.044876704545455	0.021039204545455	0.046452840909091		1
000120:	0.063397159090909	0.222466477272727	0.265476704545455	0.327310795454545	0.027765340909091	0.093583522727273		1
000121:	0.255368181818182	0.072123863636364	0.509226704545455	0.052003977272727	0.024684090909091	0.086593181818182		1
000122:	0.149376136363636	0.055411363636364	0.700063068181818	0.061001704545455	0.012985795454545	0.021161931818182		1
000123:	0.037476136363636	0.052568181818182	0.711261363636364	0.045805681818182	0.091514772727273	0.061373863636364		1
000124:	0.270161363636364	0.045532954545455	0.400698295454545	0.084798863636364	0.076191477272727	0.122617045454545		1
000125:	0.054214772727273	0.129694318181818	0.185047727272727	0.495324431818182	0.094165909090909	0.041552840909091		1
000126:	0.036632386363636	0.035052840909091	0.056359659090909	0.071020454545455	0.773588068181818	0.027346590909091		1
000127:	0.110578977272727	0.076315340909091	0.606586363636364	0.125192045454545	0.020713068181818	0.060614204545455		1
000128:	0.043555113636364	0.063589204545455	0.680828977272727	0.117023295454545	0.022413068181818	0.072590340909091		1
000129:	0.523802840909091	0.028232954545455	0.294548295454545	0.041814204545455	0.028441477272727	0.083160227272727		1
000130:	0.042940909090909	0.066559090909091	0.438388636363636	0.133923863636364	0.083603409090909	0.234584090909091		1
000131:	0.084652840909091	0.034310795454545	0.778578409090909	0.061427840909091	0.024318181818182	0.016711931818182		1
000132:	0.100276704545455	0.476831250000000	0.224773863636364	0.148323295454545	0.024099431818182	0.025695454545455		1
000133:	0.156309659090909	0.080328977272727	0.161401136363636	0.155380681818182	0.152760795454545	0.293818750000000		1
000134:	0.080585795454545	0.087314204545455	0.251356818181818	0.124773863636364	0.033279545454545	0.422689772727273		1
000135:	0.473222727272727	0.029916477272727	0.184586363636364	0.070098295454545	0.038072727272727	0.204103409090909		1
000136:	0.000539772727273	0.000081250000000	0.000231250000000	0.000106818181818	0.000035795454545	0.999005113636364		1
000137:	0.305797727272727	0.073784659090909	0.319635227272727	0.042859090909091	0.038936931818182	0.218986363636364		1
000138:	0.055644318181818	0.048562500000000	0.563375568181818	0.109181250000000	0.078097727272727	0.145138636363636		1
000139:	0.162423295454545	0.074364772727273	0.587316477272727	0.072843750000000	0.064238068181818	0.038813636363636		1
000140:	0.232187500000000	0.078243181818182	0.130151704545455	0.049175568181818	0.025632386363636	0.484609659090909		1
000141:	0.055457954545455	0.430480681818182	0.127335795454545	0.190673863636364	0.084400000000000	0.111651704545455		1
000142:	0.244877840909091	0.082039772727273	0.553297727272727	0.064277272727273	0.016682954545455	0.038824431818182		1
000143:	0.075146022727273	0.036438636363636	0.450073863636364	0.066193181818182	0.012045454545455	0.360102840909091		1
000144:	0.130177840909091	0.161924431818182	0.567201136363636	0.098365909090909	0.024069318181818	0.018261363636364		1
000145:	0.022720454545455	0.835245454545455	0.043413636363636	0.033284659090909	0.018957954545455	0.046377840909091		1
000146:	0.237668181818182	0.061534090909091	0.515944318181818	0.123147727272727	0.020523295454545	0.041182386363636		1
000147:	0.178782954545455	0.100310227272727	0.366642045454545	0.294567613636364	0.029976136363636	0.029721022727273		1
000148:	0.029241477272727	0.033870454545455	0.794233522727273	0.077535227272727	0.009740340909091	0.055378977272727		1
000149:	0.296306818181818	0.195423295454545	0.177433522727273	0.258015909090909	0.019228409090909	0.053592045454545		1
000150:	0.498408522727273	0.100117613636364	0.160096022727273	0.061090340909091	0.030933522727273	0.149353977272727		1
000151:	0.080570454545455	0.259711363636364	0.386519886363636	0.150748295454545	0.074286931818182	0.048163068181818		1
000152:	0.075668750000000	0.097722727272727	0.608128977272727	0.064758522727273	0.040914204545455	0.112806818181818		1
000153:	0.470255113636364	0.142670454545455	0.247700568181818	0.085026704545455	0.023823863636364	0.030523295454545		1
000154:	0.041255681818182	0.313906250000000	0.240262500000000	0.347446590909091	0.030350568181818	0.026778409090909		1
000155:	0.178715909090909	0.208265909090909	0.448403977272727	0.062983522727273	0.017548295454545	0.084082386363636		1
000156:	0.256079545454545	0.421039772727273	0.205563068181818	0.066576136363636	0.032092045454545	0.018649431818182		1
000157:	0.010616477272727	0.825933522727273	0.031442613636364	0.094624431818182	0.025777272727273	0.011605681818182		1
000158:	0.063783522727273	0.105311363636364	0.104500568181818	0.419441477272727	0.274120454545455	0.032842613636364		1
000159:	0.109344318181818	0.446448863636364	0.055939772727273	0.185128977272727	0.141378977272727	0.061759090909091		1
000160:	0.012420454545455	0.038990340909091	0.033749431818182	0.507011363636364	0.389794318181818	0.018034090909091		1
000161:	0.023615340909091	0.029242045454545	0.049871022727273	0.803540340909091	0.063186363636364	0.030544886363636		1
000162:	0.454717613636364	0.027813636363636	0.056672727272727	0.238751136363636	0.164656818181818	0.057388068181818		1
000163:	0.027744886363636	0.035853977272727	0.285390340909091	0.594952272727273	0.048047159090909	0.008011363636364		1
000164:	0.014782386363636	0.271346022727273	0.101756818181818	0.534967045454545	0.058455113636364	0.018692613636364		1
000165:	0.013878977272727	0.054623295454545	0.066656818181818	0.798732954545455	0.046076136363636	0.020031818181818		1
000166:	0.022088068181818	0.057677840909091	0.212150000000000	0.667070454545455	0.032612500000000	0.008401136363636		1
000167:	0.031721022727273	0.034425000000000	0.528622727272727	0.310066477272727	0.069838068181818	0.025326704545455		1
000168:	0.098650568181818	0.409354545454545	0.357250000000000	0.067515340909091	0.024330681818182	0.042898863636364		1
000169:	0.131797159090909	0.044803977272727	0.712275000000000	0.060455681818182	0.019419886363636	0.031248295454545		1
000170:	0.044211363636364	0.033531250000000	0.783817045454545	0.088313636363636	0.014909659090909	0.035217045454545		1
000171:	0.056390909090909	0.640921022727273	0.133494318181818	0.124756250000000	0.020454545454545	0.023982954545455		1
000172:	0.011303409090909	0.005263068181818	0.067046590909091	0.475358522727273	0.001130681818182	0.439897727272727		1
000173:	0.063722159090909	0.023663068181818	0.843717045454545	0.045636931818182	0.010573863636364	0.012686931818182		1
000174:	0.146590909090909	0.045965909090909	0.735696022727273	0.031916477272727	0.010048295454545	0.029782386363636		1
000175:	0.016131818181818	0.852950568181818	0.106664204545455	0.012476136363636	0.003547159090909	0.008230113636364		1
000176:	0.180771022727273	0.103180113636364	0.456219318181818	0.141931250000000	0.075035227272727	0.042863068181818		1
000177:	0.107225568181818	0.093987500000000	0.700079545454545	0.052416477272727	0.010490340909091	0.035800568181818		1
000178:	0.051165340909091	0.088815909090909	0.802517045454545	0.040556818181818	0.005961363636364	0.010983522727273		1
000179:	0.033570454545455	0.875503409090909	0.033798295454545	0.032946022727273	0.012019886363636	0.012161931818182		1
000180:	0.032372159090909	0.873010227272727	0.034478409090909	0.042059090909091	0.007260227272727	0.010819886363636		1
000181:	0.028468750000000	0.832680113636364	0.051381818181818	0.058650568181818	0.016336363636364	0.012482386363636		1
000182:	0.367475568181818	0.247098863636364	0.182094318181818	0.091255113636364	0.057701136363636	0.054375000000000		1
000183:	0.042430681818182	0.702188636363636	0.026380113636364	0.218397727272727	0.005218181818182	0.005384659090909		1
000184:	0.081596022727273	0.219648295454545	0.486684659090909	0.115039204545455	0.013718181818182	0.083313636363636		1
000185:	0.290655113636364	0.105304545454545	0.161837500000000	0.141071022727273	0.074331818181818	0.226800000000000		1
000186:	0.083728977272727	0.640936363636364	0.079986931818182	0.076869886363636	0.049271590909091	0.069206250000000		1
000187:	0.030794886363636	0.752493181818182	0.038639772727273	0.032990340909091	0.008762500000000	0.136319318181818		1
000188:	0.057784090909091	0.358137500000000	0.226614204545455	0.148935227272727	0.076344886363636	0.132184090909091		1
000189:	0.026378409090909	0.147796590909091	0.788615340909091	0.023390340909091	0.005505113636364	0.008314204545455		1
000190:	0.070186363636364	0.033188068181818	0.674448863636364	0.128324431818182	0.039257954545455	0.054594318181818		1
000191:	0.121636931818182	0.040972159090909	0.728597727272727	0.078637500000000	0.014354545454545	0.015801136363636		1
000192:	0.405308522727273	0.322540340909091	0.134092045454545	0.081368181818182	0.028605113636364	0.028085795454545		1
000193:	0.332194886363636	0.204453409090909	0.299658522727273	0.092196590909091	0.028757954545455	0.042738636363636		1
000194:	0.085130681818182	0.076169318181818	0.389190909090909	0.108770454545455	0.204059090909091	0.136679545454545		1
000195:	0.300719886363636	0.050322727272727	0.546143181818182	0.055103977272727	0.014363636363636	0.033346590909091		1
000196:	0.025630113636364	0.223127272727273	0.073209659090909	0.383315340909091	0.271232386363636	0.023485227272727		1
000197:	0.048180113636364	0.110489772727273	0.578973295454545	0.208780681818182	0.036465340909091	0.017110795454545		1
000198:	0.263896022727273	0.097984090909091	0.146481250000000	0.411437500000000	0.049853977272727	0.030347159090909		1
000199:	0.004355681818182	0.007194886363636	0.036281250000000	0.911426136363636	0.037763636363636	0.002978409090909		1
000200:	0.029260795454545	0.044646590909091	0.231037500000000	0.605536931818182	0.069074431818182	0.020443750000000		1
000201:	0.010850568181818	0.728190340909091	0.038459090909091	0.183746022727273	0.029714204545455	0.009039772727273		1
000202:	0.187821590909091	0.207331250000000	0.368194886363636	0.103878409090909	0.052533522727273	0.080240340909091		1
000203:	0.059058522727273	0.045496590909091	0.727035227272727	0.121830681818182	0.019213636363636	0.027365340909091		1
000204:	0.050241477272727	0.332236931818182	0.311172727272727	0.206795454545455	0.044420454545455	0.055132954545455		1
000205:	0.068074431818182	0.443365909090909	0.272744318181818	0.095517045454545	0.042573295454545	0.077725000000000		1
000206:	0.057069886363636	0.095227272727273	0.370079545454545	0.071880681818182	0.030327840909091	0.375414772727273		1
000207:	0.193742045454545	0.036531250000000	0.549789772727273	0.069610795454545	0.078653977272727	0.071672159090909		1
000208:	0.079267045454545	0.343469318181818	0.305589204545455	0.223289772727273	0.024303977272727	0.024080681818182		1
000209:	0.061733522727273	0.427329545454545	0.148249431818182	0.279640340909091	0.043615909090909	0.039431250000000		1
000210:	0.056505681818182	0.221518750000000	0.420515909090909	0.232571022727273	0.040521022727273	0.028367613636364		1
000211:	0.106682954545455	0.070856818181818	0.610468750000000	0.164875000000000	0.031318750000000	0.015797727272727		1
000212:	0.025996022727273	0.204429545454545	0.082873295454545	0.556790340909091	0.110593750000000	0.019317045454545		1
000213:	0.033018181818182	0.144075000000000	0.162481250000000	0.553443750000000	0.081353409090909	0.025628409090909		1
000214:	0.070927840909091	0.064129545454545	0.200796590909091	0.538955681818182	0.102002840909091	0.023187500000000		1
000215:	0.065957386363636	0.093073295454545	0.328825568181818	0.187943181818182	0.164198295454545	0.160002272727273		1
000216:	0.018882386363636	0.218742613636364	0.052653977272727	0.625636931818182	0.061746022727273	0.022338068181818		1
000217:	0.030275000000000	0.111427272727273	0.082357386363636	0.626940909090909	0.109233522727273	0.039765909090909		1
000218:	0.007088068181818	0.043377272727273	0.190386363636364	0.711786363636364	0.031357386363636	0.016004545454545		1
000219:	0.011163068181818	0.057368750000000	0.097943181818182	0.727509659090909	0.087177272727273	0.018838068181818		1
000220:	0.000393750000000	0.966624431818182	0.007227272727273	0.023527840909091	0.001200000000000	0.001026704545455		1
000221:	0.012993750000000	0.083960795454545	0.137459659090909	0.693336931818182	0.057378409090909	0.014870454545455		1
000222:	0.010084659090909	0.336392613636364	0.064047159090909	0.525193181818182	0.046965340909091	0.017317045454545		1
000223:	0.118295454545455	0.344309090909091	0.199759659090909	0.210326704545455	0.067423863636364	0.059885227272727		1
000224:	0.069525568181818	0.070819886363636	0.223615909090909	0.027594886363636	0.066610227272727	0.541833522727273		1
000225:	0.224572159090909	0.030843750000000	0.435082386363636	0.039166477272727	0.045411363636364	0.224923863636364		1
000226:	0.146815909090909	0.184115909090909	0.285705681818182	0.043011931818182	0.185031250000000	0.155319318181818		1
000227:	0.439559090909091	0.012019886363636	0.020471022727273	0.012072159090909	0.029464772727273	0.486413068181818		1
000228:	0.062323863636364	0.030203409090909	0.022336931818182	0.053663068181818	0.103888636363636	0.727584090909091		1
000229:	0.167572727272727	0.053515909090909	0.275452272727273	0.126372159090909	0.103443750000000	0.273643181818182		1
000230:	0.033808522727273	0.072992045454545	0.036347727272727	0.103892045454545	0.655246022727273	0.097713636363636		1
000231:	0.445768750000000	0.033361363636364	0.232635795454545	0.056740340909091	0.101848863636364	0.129644886363636		1
000232:	0.041690909090909	0.206013636363636	0.069197159090909	0.128498295454545	0.201292613636364	0.353307386363636		1
000233:	0.244236363636364	0.034148295454545	0.287663636363636	0.029693750000000	0.082925000000000	0.321332954545455		1
000234:	0.130007954545455	0.027727840909091	0.038119318181818	0.018468750000000	0.044963636363636	0.740712500000000		1
000235:	0.199143181818182	0.069565340909091	0.071977272727273	0.028372727272727	0.038294886363636	0.592646590909091		1
000236:	0.090122159090909	0.218739772727273	0.034151704545455	0.049975568181818	0.207522159090909	0.399488636363636		1
000237:	0.124165340909091	0.040014204545455	0.242273295454545	0.030030681818182	0.038330113636364	0.525186363636364		1
000238:	0.061286931818182	0.545334659090909	0.135184659090909	0.048028409090909	0.043555113636364	0.166610227272727		1
000239:	0.068571022727273	0.094325000000000	0.083289204545455	0.023313636363636	0.189286363636364	0.541214772727273		1
000240:	0.038086931818182	0.017414772727273	0.017373295454545	0.007152840909091	0.877008522727273	0.042963636363636		1
000241:	0.156483522727273	0.265492045454545	0.105221022727273	0.058785795454545	0.314114772727273	0.099902840909091		1
000242:	0.651829545454545	0.032429545454545	0.044585227272727	0.035691477272727	0.035288068181818	0.200176136363636		1
000243:	0.048519886363636	0.038084659090909	0.029329545454545	0.017437500000000	0.597111931818182	0.269516477272727		1
000244:	0.073017613636364	0.243675000000000	0.112465340909091	0.032752272727273	0.366284090909091	0.171805681818182		1
000245:	0.080565340909091	0.033152272727273	0.374576136363636	0.032926704545455	0.272921022727273	0.205858522727273		1
000246:	0.134884090909091	0.035985795454545	0.203836931818182	0.029273295454545	0.086266477272727	0.509753409090909		1
000247:	0.188777272727273	0.090418181818182	0.111215909090909	0.055056818181818	0.172090340909091	0.382441477272727		1
000248:	0.029901136363636	0.044034090909091	0.267034659090909	0.033451704545455	0.436000000000000	0.189578409090909		1
000249:	0.089939772727273	0.034076704545455	0.031106250000000	0.021828409090909	0.170330113636364	0.652718750000000		1
000250:	0.174811363636364	0.043024431818182	0.242589772727273	0.019930681818182	0.045671590909091	0.473972159090909		1
000251:	0.944781818181818	0.002007954545455	0.043886931818182	0.000844318181818	0.004110227272727	0.004368750000000		1
000252:	0.050183522727273	0.216659659090909	0.064801704545455	0.044285795454545	0.293813068181818	0.330256250000000		1
000253:	0.051280113636364	0.054608522727273	0.042922159090909	0.052147159090909	0.066028409090909	0.733013636363636		1
000254:	0.033729545454545	0.045510795454545	0.041744318181818	0.032846022727273	0.099635227272727	0.746534090909091		1
000255:	0.022957386363636	0.045966477272727	0.040411363636364	0.037993181818182	0.093109659090909	0.759561931818182		1
000256:	0.058914772727273	0.036228977272727	0.422117613636364	0.054901704545455	0.159961363636364	0.267875568181818		1
000257:	0.027489772727273	0.639650000000000	0.046098295454545	0.099202272727273	0.138632386363636	0.048927272727273		1
000258:	0.041939204545455	0.045426136363636	0.774657386363636	0.046995454545455	0.051084090909091	0.039897727272727		1
000259:	0.010378409090909	0.935928977272727	0.009480681818182	0.018497159090909	0.010847159090909	0.014867613636364		1
000260:	0.109994318181818	0.061622159090909	0.071721590909091	0.042782386363636	0.408186363636364	0.305693181818182		1
000261:	0.068765340909091	0.145459659090909	0.051285227272727	0.069263636363636	0.113475568181818	0.551750568181818		1
000262:	0.100148863636364	0.341871022727273	0.044914772727273	0.079123863636364	0.232594886363636	0.201346590909091		1
000263:	0.109122727272727	0.095123863636364	0.498189204545455	0.168356250000000	0.067149431818182	0.062058522727273		1
000264:	0.025120454545455	0.271315340909091	0.160473863636364	0.375701136363636	0.092481250000000	0.074907954545455		1
000265:	0.009369318181818	0.677996590909091	0.008199431818182	0.012031818181818	0.286017045454545	0.006385795454545		1
000266:	0.029999431818182	0.049346022727273	0.246601136363636	0.040896022727273	0.061642613636364	0.571514772727273		1
000267:	0.036942613636364	0.025460227272727	0.062363068181818	0.027971022727273	0.061960227272727	0.785302840909091		1
000268:	0.016042045454545	0.041622727272727	0.236431818181818	0.602592045454545	0.028078409090909	0.075232954545455		1
000269:	0.255326704545455	0.082900568181818	0.183502840909091	0.038739772727273	0.032762500000000	0.406767613636364		1
000270:	0.019042045454545	0.876490909090909	0.023524431818182	0.033307954545455	0.021471590909091	0.026163068181818		1
000271:	0.053635227272727	0.140865909090909	0.025005113636364	0.031547159090909	0.105829545454545	0.643117045454545		1
000272:	0.052701704545455	0.111548863636364	0.037817045454545	0.045210795454545	0.138082954545455	0.614638636363636		1
000273:	0.038870454545455	0.204901704545455	0.071498295454545	0.030426136363636	0.094089772727273	0.560213636363636		1
000274:	0.031381818181818	0.053780113636364	0.042414772727273	0.069492045454545	0.067544318181818	0.735386931818182		1
000275:	0.121228409090909	0.066944318181818	0.488228409090909	0.027814204545455	0.096361931818182	0.199422727272727		1
000276:	0.019501136363636	0.785051136363636	0.030653977272727	0.037977840909091	0.050018181818182	0.076797727272727		1
000277:	0.042000568181818	0.109189772727273	0.036389204545455	0.038415909090909	0.052505113636364	0.721499431818182		1
000278:	0.108902272727273	0.051759090909091	0.447963068181818	0.062335795454545	0.100026136363636	0.229013636363636		1
000279:	0.143711363636364	0.027018181818182	0.197878977272727	0.039349431818182	0.043844886363636	0.548197159090909		1
000280:	0.085425568181818	0.126411931818182	0.067942045454545	0.053043750000000	0.433983522727273	0.233193181818182		1
000281:	0.066774431818182	0.261743750000000	0.019006818181818	0.082496022727273	0.048038636363636	0.521940340909091		1
000282:	0.288550568181818	0.224179545454545	0.165995454545455	0.084147159090909	0.116847727272727	0.120279545454545		1
000283:	0.022800568181818	0.797922727272727	0.018472727272727	0.057639772727273	0.073399431818182	0.029764772727273		1
000284:	0.023252840909091	0.096084659090909	0.036826136363636	0.034418750000000	0.099319318181818	0.710098295454546		1
000285:	0.281217613636364	0.021962500000000	0.002562500000000	0.007071022727273	0.015564204545455	0.671622159090909		1
000286:	0.067862500000000	0.300422159090909	0.086504545454545	0.033446590909091	0.061487500000000	0.450276704545455		1
000287:	0.130652272727273	0.174682386363636	0.145246022727273	0.037142045454545	0.052063636363636	0.460213636363636		1
000288:	0.057412500000000	0.146361931818182	0.161072159090909	0.111654545454545	0.159614204545455	0.363884659090909		1
000289:	0.035965340909091	0.112003977272727	0.473367045454545	0.239703409090909	0.076240909090909	0.062719318181818		1
000290:	0.026556250000000	0.207352840909091	0.087901136363636	0.147336931818182	0.469472159090909	0.061380681818182		1
000291:	0.024661363636364	0.037569318181818	0.773436931818182	0.135988636363636	0.014110795454545	0.014232954545455		1
000292:	0.034283522727273	0.074680681818182	0.078637500000000	0.659971590909091	0.117242613636364	0.035184090909091		1
000293:	0.025575000000000	0.039680681818182	0.344188068181818	0.544940909090909	0.035018750000000	0.010596590909091		1
000294:	0.038968181818182	0.253334659090909	0.545048295454545	0.117072159090909	0.029402840909091	0.016173863636364		1
000295:	0.055815909090909	0.046185227272727	0.715300568181818	0.136850568181818	0.032982386363636	0.012865340909091		1
000296:	0.046606818181818	0.278218750000000	0.120062500000000	0.485703977272727	0.043738068181818	0.025669886363636		1
000297:	0.019232386363636	0.130519886363636	0.600800568181818	0.119298295454545	0.085294886363636	0.044853977272727		1
000298:	0.436157386363636	0.108385795454545	0.186803977272727	0.075991477272727	0.045824431818182	0.146836931818182		1
000299:	0.030535795454545	0.079202840909091	0.651182386363636	0.080922159090909	0.074519886363636	0.083636931818182		1
000300:	0.036726704545455	0.239725568181818	0.177274431818182	0.302870454545455	0.075942045454545	0.167460795454545		1
000301:	0.080959090909091	0.040128409090909	0.707684090909091	0.096627272727273	0.046725568181818	0.027875568181818		1
000302:	0.020219886363636	0.765682386363636	0.052757386363636	0.084847727272727	0.058225568181818	0.018267045454545		1
000303:	0.014894318181818	0.781330681818182	0.024059659090909	0.083328409090909	0.044531250000000	0.051855681818182		1
000304:	0.018431818181818	0.033347727272727	0.531152840909091	0.290709659090909	0.107497727272727	0.018860227272727		1
000305:	0.028234090909091	0.134434659090909	0.041413068181818	0.525019318181818	0.221636363636364	0.049262500000000		1
000306:	0.026817045454545	0.777428977272727	0.033315340909091	0.059513068181818	0.051060795454545	0.051864772727273		1
000307:	0.017396590909091	0.081110795454545	0.056617613636364	0.351789772727273	0.454656250000000	0.038428977272727		1
000308:	0.023129545454545	0.079235795454545	0.252852840909091	0.536017045454545	0.068435795454545	0.040328977272727		1
000309:	0.042496590909091	0.088269318181818	0.328613068181818	0.287359090909091	0.071374431818182	0.181887500000000		1
000310:	0.022359090909091	0.802553409090909	0.020681250000000	0.055826136363636	0.089046022727273	0.009534090909091		1
000311:	0.056218181818182	0.266681250000000	0.259356818181818	0.142150000000000	0.142123295454545	0.133470454545455		1
000312:	0.068881818181818	0.035559659090909	0.246193750000000	0.051727272727273	0.034252840909091	0.563384659090909		1
000313:	0.166296590909091	0.070342613636364	0.182047159090909	0.077167045454545	0.054014204545455	0.450132386363636		1
000314:	0.202740340909091	0.140900568181818	0.160444318181818	0.046181818181818	0.116888636363636	0.332844318181818		1
000315:	0.204660795454545	0.039393750000000	0.222609659090909	0.146633522727273	0.051808522727273	0.334893750000000		1
000316:	0.032934659090909	0.059454545454545	0.740384090909091	0.073610227272727	0.043418181818182	0.050198295454545		1
000317:	0.672572159090909	0.020822159090909	0.063897727272727	0.145492613636364	0.062392613636364	0.034822727272727		1
000318:	0.030928977272727	0.126497159090909	0.128276704545455	0.211046590909091	0.468910795454545	0.034339772727273		1
000319:	0.008283522727273	0.880638068181818	0.037634659090909	0.035121590909091	0.024188068181818	0.014134090909091		1
000320:	0.069162500000000	0.211501704545455	0.108715909090909	0.456381818181818	0.090122727272727	0.064115340909091		1
000321:	0.012475000000000	0.030560227272727	0.090501136363636	0.817935795454545	0.024466477272727	0.024061363636364		1
000322:	0.016039204545455	0.161904545454545	0.029173295454545	0.623843750000000	0.131570454545455	0.037468750000000		1
000323:	0.192461931818182	0.156461363636364	0.122105113636364	0.212194886363636	0.085953977272727	0.230822727272727		1
000324:	0.046120454545455	0.196550568181818	0.071334659090909	0.238350000000000	0.387114204545455	0.060530113636364		1
000325:	0.022713068181818	0.637952840909091	0.037613068181818	0.165330113636364	0.053999431818182	0.082391477272727		1
000326:	0.023889772727273	0.072857954545455	0.213835795454545	0.202476136363636	0.165997727272727	0.320942613636364		1
000327:	0.047406250000000	0.074452272727273	0.298789204545455	0.349418750000000	0.196762500000000	0.033171022727273		1
000328:	0.009386363636364	0.030888068181818	0.024253409090909	0.194332386363636	0.715930113636364	0.025209659090909		1
000329:	0.026397159090909	0.165823863636364	0.423631250000000	0.232000568181818	0.071962500000000	0.080184659090909		1
000330:	0.009509659090909	0.065076136363636	0.053358522727273	0.165510227272727	0.651187500000000	0.055357954545455		1
000331:	0.008633522727273	0.037529545454545	0.035914204545455	0.122250568181818	0.716417613636364	0.079254545454545		1
