Estimated Clustering Probabilities for Samples
Sample	***Cluster  01***	***Cluster  02***	***Cluster  03***	***Cluster  04***	***Cluster  05***	***Cluster  06***	***Cluster  07***	
000001:	0.373555681818182	0.262249431818182	0.123893750000000	0.134138636363636	0.015618181818182	0.075809090909091	0.014735227272727		1
000002:	0.831173863636364	0.057023295454545	0.039734659090909	0.026884659090909	0.010831250000000	0.027022159090909	0.007330113636364		1
000003:	0.586978977272727	0.089075000000000	0.033113636363636	0.168942613636364	0.008964204545455	0.083964772727273	0.028960795454545		1
000004:	0.818430113636364	0.044903977272727	0.024978977272727	0.075636931818182	0.009293181818182	0.021044318181818	0.005712500000000		1
000005:	0.627088636363636	0.140586363636364	0.038784090909091	0.031710795454545	0.005430113636364	0.150273295454545	0.006126704545455		1
000006:	0.655569886363636	0.063364204545455	0.052821022727273	0.138451136363636	0.019309659090909	0.026662500000000	0.043821590909091		1
000007:	0.832448295454545	0.075896022727273	0.021321590909091	0.022996590909091	0.006668750000000	0.034966477272727	0.005702272727273		1
000008:	0.870659659090909	0.057795454545455	0.008614772727273	0.016714772727273	0.004134659090909	0.039477272727273	0.002603409090909		1
000009:	0.874969886363636	0.023272727272727	0.029988636363636	0.037548295454545	0.013871022727273	0.016080681818182	0.004268750000000		1
000010:	0.789782386363636	0.027722727272727	0.053131250000000	0.053312500000000	0.038711931818182	0.032434659090909	0.004904545454545		1
000011:	0.123757386363636	0.071808522727273	0.205421022727273	0.231041477272727	0.041152840909091	0.135795454545455	0.191023295454545		1
000012:	0.079007954545455	0.019163636363636	0.178919318181818	0.144214772727273	0.166197159090909	0.369137500000000	0.043359659090909		1
000013:	0.043887500000000	0.024524431818182	0.087032954545455	0.502614204545455	0.150175568181818	0.126913068181818	0.064852272727273		1
000014:	0.026094318181818	0.011635795454545	0.022680681818182	0.873207386363636	0.023401704545455	0.019514204545455	0.023465909090909		1
000015:	0.230743750000000	0.023180681818182	0.093378977272727	0.223388636363636	0.055698863636364	0.327259659090909	0.046349431818182		1
000016:	0.098848295454545	0.013862500000000	0.026001136363636	0.743366477272727	0.025864204545455	0.053042045454545	0.039015340909091		1
000017:	0.054022727272727	0.011578977272727	0.180138068181818	0.158482386363636	0.028813068181818	0.555669886363636	0.011294886363636		1
000018:	0.039860795454545	0.018485227272727	0.041188636363636	0.058023295454545	0.648863636363636	0.159542613636364	0.034035795454545		1
000019:	0.130524431818182	0.020066477272727	0.109225568181818	0.067690340909091	0.035889772727273	0.501666477272727	0.134936931818182		1
000020:	0.119965909090909	0.048914772727273	0.249327840909091	0.387721590909091	0.066526704545455	0.055211363636364	0.072331818181818		1
000021:	0.034961363636364	0.053898295454545	0.581015340909091	0.052334659090909	0.090423863636364	0.136138068181818	0.051228409090909		1
000022:	0.043892613636364	0.014109090909091	0.095053977272727	0.095388636363636	0.070022727272727	0.654545454545455	0.026987500000000		1
000023:	0.052614204545455	0.047713636363636	0.142289204545455	0.085142613636364	0.049553977272727	0.458192045454545	0.164494318181818		1
000024:	0.029827840909091	0.013195454545455	0.033636363636364	0.862751136363636	0.028253977272727	0.013084090909091	0.019251136363636		1
000025:	0.074625000000000	0.030406250000000	0.049876136363636	0.232745454545455	0.251014772727273	0.193031250000000	0.168301136363636		1
000026:	0.956934090909091	0.001334090909091	0.011709659090909	0.002139204545455	0.018417045454545	0.004693181818182	0.004772727272727		1
000027:	0.058316477272727	0.044229545454545	0.454269318181818	0.057400000000000	0.203325000000000	0.105122727272727	0.077336931818182		1
000028:	0.123598863636364	0.124249431818182	0.317861363636364	0.136977272727273	0.042926704545455	0.183024431818182	0.071361931818182		1
000029:	0.136850568181818	0.064957386363636	0.321447727272727	0.152803409090909	0.096277840909091	0.125048295454545	0.102614772727273		1
000030:	0.065076704545455	0.039306818181818	0.082665340909091	0.173005113636364	0.045311363636364	0.424762500000000	0.169872159090909		1
000031:	0.036364772727273	0.021217613636364	0.055530681818182	0.036034090909091	0.717610795454545	0.081655681818182	0.051586363636364		1
000032:	0.018676704545455	0.013219318181818	0.812952840909091	0.029314204545455	0.056494318181818	0.049280681818182	0.020061931818182		1
000033:	0.055731250000000	0.106813068181818	0.282184659090909	0.086085227272727	0.044396022727273	0.362354545454545	0.062435227272727		1
000034:	0.016136931818182	0.010189772727273	0.031578409090909	0.885128977272727	0.017532386363636	0.022973863636364	0.016459659090909		1
000035:	0.096294318181818	0.104534659090909	0.239853409090909	0.074936363636364	0.162548295454545	0.148536931818182	0.173296022727273		1
000036:	0.220119886363636	0.103374431818182	0.369390340909091	0.112709090909091	0.101134090909091	0.046569886363636	0.046702272727273		1
000037:	0.105492613636364	0.023648295454545	0.404126136363636	0.091714772727273	0.117646590909091	0.180295454545455	0.077076136363636		1
000038:	0.126505113636364	0.209178409090909	0.088039772727273	0.115649431818182	0.068397727272727	0.150413636363636	0.241815909090909		1
000039:	0.061617613636364	0.048877272727273	0.159853409090909	0.118747727272727	0.285036931818182	0.235113636363636	0.090753409090909		1
000040:	0.062421590909091	0.022885227272727	0.050250000000000	0.699910795454545	0.044937500000000	0.036564204545455	0.083030681818182		1
000041:	0.211486363636364	0.020143750000000	0.351007386363636	0.161448863636364	0.134081818181818	0.081348295454545	0.040483522727273		1
000042:	0.069014204545455	0.029779545454545	0.127822159090909	0.297618181818182	0.213180681818182	0.109414204545455	0.153171022727273		1
000043:	0.131177272727273	0.018470454545455	0.501789204545455	0.150051704545455	0.021909090909091	0.136454545454545	0.040147727272727		1
000044:	0.179138636363636	0.026619886363636	0.263667045454545	0.108079545454545	0.078034659090909	0.296555113636364	0.047905113636364		1
000045:	0.067317045454545	0.027713068181818	0.273753977272727	0.033516477272727	0.392505113636364	0.126705681818182	0.078488636363636		1
000046:	0.108545454545455	0.133550000000000	0.077030681818182	0.064265909090909	0.276585227272727	0.302556818181818	0.037465909090909		1
000047:	0.273723863636364	0.051403977272727	0.319206818181818	0.185928977272727	0.093027840909091	0.030024431818182	0.046684090909091		1
000048:	0.602054545454546	0.034297159090909	0.148294886363636	0.055859090909091	0.022932386363636	0.103922727272727	0.032639204545455		1
000049:	0.177727272727273	0.032411931818182	0.154443750000000	0.059424431818182	0.019968750000000	0.517944318181818	0.038079545454545		1
000050:	0.134850000000000	0.050614204545455	0.075669886363636	0.431181250000000	0.023553977272727	0.244584090909091	0.039546590909091		1
000051:	0.800783522727273	0.128450000000000	0.009422159090909	0.027173295454545	0.005332954545455	0.025017045454545	0.003821022727273		1
000052:	0.099450000000000	0.025546022727273	0.021600000000000	0.750544886363636	0.017834090909091	0.066930113636364	0.018094886363636		1
000053:	0.185336931818182	0.043887500000000	0.114135227272727	0.083618181818182	0.051344886363636	0.443946022727273	0.077731250000000		1
000054:	0.026376136363636	0.040151704545455	0.297650568181818	0.437643750000000	0.170305681818182	0.007146590909091	0.020725568181818		1
000055:	0.433148295454545	0.043947727272727	0.055014772727273	0.124741477272727	0.027978977272727	0.296836363636364	0.018332386363636		1
000056:	0.272819886363636	0.026205681818182	0.049255681818182	0.038240909090909	0.050710227272727	0.537914204545455	0.024853409090909		1
000057:	0.298200568181818	0.058423295454545	0.275218181818182	0.056274431818182	0.070878977272727	0.204433522727273	0.036571022727273		1
000058:	0.167378409090909	0.014742045454545	0.015779545454545	0.026693181818182	0.004537500000000	0.007198863636364	0.763670454545455		1
000059:	0.099055681818182	0.032826136363636	0.201711931818182	0.029150000000000	0.114175568181818	0.478021590909091	0.045059090909091		1
000060:	0.071959659090909	0.022838068181818	0.027696022727273	0.026665340909091	0.035003409090909	0.808227272727273	0.007610227272727		1
000061:	0.093428409090909	0.055610227272727	0.496716477272727	0.030866477272727	0.012259090909091	0.271736363636364	0.039382954545455		1
000062:	0.235797159090909	0.021796590909091	0.042056250000000	0.617936363636364	0.027469318181818	0.046479545454545	0.008464772727273		1
000063:	0.105971590909091	0.028768181818182	0.015393181818182	0.785964772727273	0.015155681818182	0.032610227272727	0.016136363636364		1
000064:	0.166356250000000	0.086992045454545	0.035130681818182	0.584620454545455	0.019092613636364	0.083607386363636	0.024200568181818		1
000065:	0.263824431818182	0.040178409090909	0.043772727272727	0.062253409090909	0.026450000000000	0.532878977272727	0.030642045454545		1
000066:	0.226809090909091	0.036792613636364	0.222848295454545	0.077770454545455	0.085585795454545	0.323471590909091	0.026722159090909		1
000067:	0.346340340909091	0.037935227272727	0.023904545454545	0.539581818181818	0.013022727272727	0.025240340909091	0.013975000000000		1
000068:	0.099139772727273	0.018346022727273	0.151505681818182	0.048630113636364	0.048407386363636	0.615582386363636	0.018388636363636		1
000069:	0.159188636363636	0.024281818181818	0.279539204545455	0.067702840909091	0.040063636363636	0.398728409090909	0.030495454545455		1
000070:	0.204611931818182	0.060867613636364	0.118271022727273	0.260559659090909	0.065895454545455	0.232074431818182	0.057719886363636		1
000071:	0.025063636363636	0.020805681818182	0.270476136363636	0.029941477272727	0.015297159090909	0.582072727272727	0.056343181818182		1
000072:	0.774731250000000	0.025296590909091	0.046432954545455	0.032325568181818	0.008454545454545	0.101189772727273	0.011569318181818		1
000073:	0.408650000000000	0.038106818181818	0.072657954545455	0.067039204545455	0.029929545454545	0.324177272727273	0.059439204545455		1
000074:	0.005622159090909	0.004934090909091	0.003396022727273	0.167084090909091	0.797967045454545	0.010605681818182	0.010390909090909		1
000075:	0.180918181818182	0.049584090909091	0.280828409090909	0.084944886363636	0.056147727272727	0.145272727272727	0.202303977272727		1
000076:	0.091115909090909	0.487652840909091	0.072917045454545	0.067749431818182	0.034700568181818	0.164374431818182	0.081489772727273		1
000077:	0.090135795454545	0.219840909090909	0.096479545454545	0.047222727272727	0.075760795454545	0.431812500000000	0.038747727272727		1
000078:	0.354125000000000	0.067915340909091	0.259921590909091	0.138736363636364	0.036711931818182	0.118468750000000	0.024121022727273		1
000079:	0.083303977272727	0.051727840909091	0.297006818181818	0.066886363636364	0.036446590909091	0.360820454545455	0.103807954545455		1
000080:	0.073416477272727	0.028571590909091	0.401376136363636	0.029835227272727	0.060031250000000	0.184201136363636	0.222568181818182		1
000081:	0.315123295454545	0.047778977272727	0.200488068181818	0.048831818181818	0.025672727272727	0.334641477272727	0.027463636363636		1
000082:	0.126767613636364	0.044296590909091	0.041994886363636	0.054137500000000	0.024029545454545	0.692336363636364	0.016437500000000		1
000083:	0.172039204545455	0.034931250000000	0.233927272727273	0.080064204545455	0.032582386363636	0.414459090909091	0.031996590909091		1
000084:	0.067040340909091	0.010627272727273	0.011770454545455	0.875203977272727	0.007781818181818	0.011298295454545	0.016277840909091		1
000085:	0.232188636363636	0.054508522727273	0.186116477272727	0.335327840909091	0.076407954545455	0.074615340909091	0.040835227272727		1
000086:	0.195558522727273	0.056967613636364	0.132661931818182	0.356998295454545	0.069644318181818	0.102604545454545	0.085564772727273		1
000087:	0.087596022727273	0.040711363636364	0.260759090909091	0.050682954545455	0.047109090909091	0.481026136363636	0.032115340909091		1
000088:	0.049575000000000	0.018035795454545	0.325226704545455	0.030118181818182	0.085597159090909	0.449201704545455	0.042245454545455		1
000089:	0.008240909090909	0.080265909090909	0.009493181818182	0.002975000000000	0.891977840909091	0.005133522727273	0.001913636363636		1
000090:	0.113096590909091	0.027518181818182	0.057726136363636	0.095638636363636	0.397665340909091	0.253595454545455	0.054759659090909		1
000091:	0.058522159090909	0.125600000000000	0.076269318181818	0.053541477272727	0.104255681818182	0.274069318181818	0.307742045454545		1
000092:	0.033141477272727	0.007229545454545	0.011272727272727	0.017092045454545	0.015442613636364	0.907992045454545	0.007829545454545		1
000093:	0.226378409090909	0.096581250000000	0.175914772727273	0.049568181818182	0.213912500000000	0.183701136363636	0.053943750000000		1
000094:	0.136225568181818	0.069894318181818	0.129445454545455	0.078621590909091	0.070685795454545	0.402838636363636	0.112288636363636		1
000095:	0.055013068181818	0.143194886363636	0.014997727272727	0.019296590909091	0.008231818181818	0.749556818181818	0.009709090909091		1
000096:	0.235894886363636	0.051287500000000	0.037921590909091	0.566111931818182	0.022207386363636	0.071153409090909	0.015423295454545		1
000097:	0.056709090909091	0.016482954545455	0.088978977272727	0.026977840909091	0.037794886363636	0.757827840909091	0.015228409090909		1
000098:	0.049505113636364	0.013359659090909	0.074562500000000	0.018928409090909	0.038044318181818	0.791915340909091	0.013684659090909		1
000099:	0.156378409090909	0.055911931818182	0.149138636363636	0.253519318181818	0.048039772727273	0.298910227272727	0.038101704545455		1
000100:	0.401435227272727	0.285293750000000	0.016336363636364	0.128038068181818	0.136438068181818	0.024661363636364	0.007797159090909		1
000101:	0.096206250000000	0.016096590909091	0.704675000000000	0.090573295454545	0.035686363636364	0.042001136363636	0.014761363636364		1
000102:	0.210167045454545	0.042596022727273	0.320129545454545	0.189409090909091	0.078553409090909	0.130385227272727	0.028759659090909		1
000103:	0.119221590909091	0.054122159090909	0.188050000000000	0.047087500000000	0.048208522727273	0.337278409090909	0.206031818181818		1
000104:	0.274876136363636	0.017986363636364	0.037881818181818	0.563717613636364	0.023192045454545	0.064709659090909	0.017636363636364		1
000105:	0.087313068181818	0.026456818181818	0.249296022727273	0.237427840909091	0.154921022727273	0.192946022727273	0.051639204545455		1
000106:	0.011197727272727	0.001084659090909	0.018452272727273	0.001852840909091	0.003006250000000	0.001811363636364	0.962594886363636		1
000107:	0.221784090909091	0.028974431818182	0.179079545454545	0.385973863636364	0.035950000000000	0.126199431818182	0.022038636363636		1
000108:	0.066669318181818	0.017813636363636	0.044826136363636	0.784522159090909	0.032909659090909	0.025081250000000	0.028177840909091		1
000109:	0.128696590909091	0.050259659090909	0.456705113636364	0.059169318181818	0.087550000000000	0.160305113636364	0.057314204545455		1
000110:	0.060956818181818	0.043545454545455	0.046491477272727	0.134316477272727	0.072123863636364	0.178821590909091	0.463744318181818		1
000111:	0.194337500000000	0.077025000000000	0.096982386363636	0.439134090909091	0.052406250000000	0.102968181818182	0.037146590909091		1
000112:	0.072252272727273	0.043025568181818	0.536819886363636	0.125353977272727	0.100175568181818	0.031775568181818	0.090597159090909		1
000113:	0.225590909090909	0.058373295454545	0.117139772727273	0.146826136363636	0.051260795454545	0.376467613636364	0.024341477272727		1
000114:	0.064492045454545	0.105530113636364	0.078328977272727	0.028960795454545	0.077551136363636	0.602114772727273	0.043022159090909		1
000115:	0.182011931818182	0.042646590909091	0.092704545454545	0.056083522727273	0.063061363636364	0.521609659090909	0.041882386363636		1
000116:	0.191510795454545	0.353657954545455	0.031672727272727	0.096294318181818	0.238412500000000	0.062302272727273	0.026149431818182		1
000117:	0.163538636363636	0.070314204545455	0.449063636363636	0.052360795454545	0.117755113636364	0.111593181818182	0.035374431818182		1
000118:	0.441994886363636	0.055942613636364	0.061615340909091	0.284622159090909	0.028787500000000	0.106798295454545	0.020239204545455		1
000119:	0.070407954545455	0.022231250000000	0.220697159090909	0.077828409090909	0.064120454545455	0.501813068181818	0.042901704545455		1
000120:	0.653735227272727	0.046644318181818	0.089223295454545	0.115301136363636	0.029860795454545	0.042640909090909	0.022594318181818		1
000121:	0.097273863636364	0.026747159090909	0.036561931818182	0.054181818181818	0.069466477272727	0.667971590909091	0.047797159090909		1
000122:	0.121576136363636	0.019856250000000	0.132603409090909	0.028048863636364	0.111243181818182	0.568027840909091	0.018644318181818		1
000123:	0.112968750000000	0.038806818181818	0.046317613636364	0.038434090909091	0.023851136363636	0.680746590909091	0.058875000000000		1
000124:	0.080536363636364	0.056685795454545	0.485403977272727	0.051573295454545	0.045791477272727	0.186811931818182	0.093197159090909		1
000125:	0.433580113636364	0.166476704545455	0.079238068181818	0.219273863636364	0.023521590909091	0.052077840909091	0.025831818181818		1
000126:	0.105209090909091	0.656874431818182	0.056769318181818	0.067959659090909	0.023326136363636	0.055184090909091	0.034677272727273		1
000127:	0.144096590909091	0.030351704545455	0.063219318181818	0.291055113636364	0.027361363636364	0.421880681818182	0.022035227272727		1
000128:	0.383346022727273	0.037542045454545	0.126385795454545	0.137919886363636	0.033463636363636	0.230588636363636	0.050753977272727		1
000129:	0.045744886363636	0.010225568181818	0.180633522727273	0.020049431818182	0.066335227272727	0.150968181818182	0.526043181818182		1
000130:	0.188474431818182	0.042603409090909	0.040664772727273	0.107231818181818	0.019811931818182	0.476640340909091	0.124573295454545		1
000131:	0.136896590909091	0.028244886363636	0.107861931818182	0.056711931818182	0.138869886363636	0.497660227272727	0.033754545454545		1
000132:	0.104850568181818	0.069734659090909	0.043948863636364	0.731877840909091	0.020474431818182	0.021502840909091	0.007610795454545		1
000133:	0.178142613636364	0.145716477272727	0.108228409090909	0.096794318181818	0.063439204545455	0.145444318181818	0.262234659090909		1
000134:	0.107249431818182	0.039554545454545	0.081805681818182	0.232147727272727	0.047897727272727	0.373323863636364	0.118021022727273		1
000135:	0.059389772727273	0.012957386363636	0.068165340909091	0.019625568181818	0.503912500000000	0.302206250000000	0.033743181818182		1
000136:	0.257245454545455	0.067031818181818	0.076014204545455	0.064140340909091	0.031752272727273	0.448698295454545	0.055117613636364		1
000137:	0.059423295454545	0.063056818181818	0.104073295454545	0.050140340909091	0.104671022727273	0.556770454545455	0.061864772727273		1
000138:	0.145651136363636	0.050464772727273	0.146594318181818	0.047711363636364	0.028762500000000	0.472763636363636	0.108052272727273		1
000139:	0.232489204545455	0.064282386363636	0.343181818181818	0.073746590909091	0.035441477272727	0.169674431818182	0.081184090909091		1
000140:	0.068847727272727	0.028968181818182	0.065097727272727	0.067580681818182	0.206205681818182	0.070345454545455	0.492954545454545		1
000141:	0.257625000000000	0.059556250000000	0.041107386363636	0.544991477272727	0.023836931818182	0.046438636363636	0.026444318181818		1
000142:	0.206749431818182	0.023585795454545	0.122884659090909	0.069696590909091	0.285955113636364	0.264973295454545	0.026155113636364		1
000143:	0.166786931818182	0.035616477272727	0.488773863636364	0.058243750000000	0.040854545454545	0.156075568181818	0.053648863636364		1
000144:	0.019093181818182	0.077836363636364	0.125351704545455	0.012072727272727	0.004461931818182	0.757130113636364	0.004053977272727		1
000145:	0.248313636363636	0.033297727272727	0.059124431818182	0.553332954545455	0.026119886363636	0.032982386363636	0.046828977272727		1
000146:	0.246715340909091	0.066351704545455	0.120405681818182	0.119473863636364	0.207130113636364	0.202952272727273	0.036971022727273		1
000147:	0.344493181818182	0.021499431818182	0.094177840909091	0.062097159090909	0.032764772727273	0.426592613636364	0.018375000000000		1
000148:	0.182016477272727	0.029428977272727	0.068230113636364	0.024026704545455	0.018897727272727	0.644434090909091	0.032965909090909		1
000149:	0.265228977272727	0.047678409090909	0.144411363636364	0.124236931818182	0.119556818181818	0.256823295454545	0.042064204545455		1
000150:	0.050522159090909	0.017231818181818	0.672343181818182	0.048427840909091	0.051238068181818	0.100740340909091	0.059496590909091		1
000151:	0.165750568181818	0.065455681818182	0.072655113636364	0.247598863636364	0.045492045454545	0.277660227272727	0.125387500000000		1
000152:	0.197602272727273	0.022758522727273	0.077761931818182	0.067066477272727	0.024150568181818	0.405828409090909	0.204831818181818		1
000153:	0.147839204545455	0.033672727272727	0.476030681818182	0.117969318181818	0.097077272727273	0.092514204545455	0.034896590909091		1
000154:	0.292720454545455	0.026570454545455	0.058024431818182	0.463128977272727	0.014555681818182	0.131394318181818	0.013605681818182		1
000155:	0.137943181818182	0.049619318181818	0.089156818181818	0.393147727272727	0.117380113636364	0.154397727272727	0.058355113636364		1
000156:	0.105599431818182	0.038700568181818	0.408360795454545	0.323158522727273	0.046036363636364	0.044311363636364	0.033832954545455		1
000157:	0.247488636363636	0.071214772727273	0.020294886363636	0.612302840909091	0.008238636363636	0.020965340909091	0.019494886363636		1
000158:	0.376361363636364	0.390113636363636	0.054851136363636	0.044952840909091	0.084321590909091	0.030018750000000	0.019380681818182		1
000159:	0.392577272727273	0.067531250000000	0.013077272727273	0.417851136363636	0.079619886363636	0.010659659090909	0.018683522727273		1
000160:	0.109372727272727	0.836718750000000	0.010690909090909	0.017839772727273	0.007771022727273	0.011878409090909	0.005728409090909		1
000161:	0.555226136363636	0.292697727272727	0.024734090909091	0.057663068181818	0.019339772727273	0.031835227272727	0.018503977272727		1
000162:	0.090551136363636	0.415462500000000	0.230180681818182	0.014096590909091	0.154163068181818	0.085165909090909	0.010380113636364		1
000163:	0.293008522727273	0.051515909090909	0.025889204545455	0.003288068181818	0.006234090909091	0.008657954545455	0.611406250000000		1
000164:	0.554484090909091	0.098268181818182	0.014656818181818	0.271218750000000	0.009835227272727	0.019092613636364	0.032444318181818		1
000165:	0.846900568181818	0.068137500000000	0.006311931818182	0.044742613636364	0.006981818181818	0.015118181818182	0.011807386363636		1
000166:	0.868418181818182	0.026383522727273	0.010725000000000	0.012017613636364	0.005518181818182	0.069791477272727	0.007146022727273		1
000167:	0.588909659090909	0.096048863636364	0.084201704545455	0.045495454545455	0.016413636363636	0.106621022727273	0.062309659090909		1
000168:	0.190693181818182	0.035496590909091	0.173485227272727	0.279755681818182	0.039521022727273	0.252291477272727	0.028756818181818		1
000169:	0.220471590909091	0.035613636363636	0.509470454545455	0.042190340909091	0.031243181818182	0.127181818181818	0.033828977272727		1
000170:	0.244843750000000	0.010601136363636	0.025436363636364	0.016409659090909	0.013028977272727	0.674625568181818	0.015054545454545		1
000171:	0.357164204545455	0.026276136363636	0.063555113636364	0.437982954545455	0.030351704545455	0.062955681818182	0.021714204545455		1
000172:	0.396842613636364	0.254523295454545	0.189289772727273	0.018960227272727	0.109915909090909	0.017387500000000	0.013080681818182		1
000173:	0.396142045454545	0.064245454545455	0.307279545454545	0.031978977272727	0.050834090909091	0.134080113636364	0.015439772727273		1
000174:	0.108271590909091	0.023177840909091	0.038182954545455	0.039464772727273	0.133955681818182	0.634530681818182	0.022416477272727		1
000175:	0.012212500000000	0.003990909090909	0.008439204545455	0.951597159090909	0.006682386363636	0.014555681818182	0.002522159090909		1
000176:	0.080234659090909	0.016510795454545	0.117214772727273	0.083740909090909	0.019689772727273	0.667703977272727	0.014905113636364		1
000177:	0.068610227272727	0.009279545454545	0.101346590909091	0.061329545454545	0.035489204545455	0.709910227272727	0.014034659090909		1
000178:	0.295881250000000	0.020673295454545	0.123332386363636	0.129615909090909	0.075478409090909	0.325515909090909	0.029502840909091		1
000179:	0.104302840909091	0.013861363636364	0.054073863636364	0.779390909090909	0.016606818181818	0.024026704545455	0.007737500000000		1
000180:	0.069755113636364	0.005810795454545	0.029727840909091	0.843071590909091	0.013438636363636	0.022722159090909	0.015473863636364		1
000181:	0.079727840909091	0.023797159090909	0.036697159090909	0.804789204545455	0.017168181818182	0.024045454545455	0.013775000000000		1
000182:	0.220049431818182	0.057342613636364	0.186530113636364	0.154363068181818	0.200796590909091	0.116643750000000	0.064274431818182		1
000183:	0.008576704545455	0.005751704545455	0.006180113636364	0.955470454545455	0.003647727272727	0.012928409090909	0.007444886363636		1
000184:	0.059761931818182	0.011726704545455	0.032323863636364	0.067959659090909	0.014400000000000	0.782475000000000	0.031352840909091		1
000185:	0.186947159090909	0.038014772727273	0.201048295454545	0.109593181818182	0.253090909090909	0.081130113636364	0.130175568181818		1
000186:	0.084757386363636	0.056075568181818	0.046318181818182	0.688140340909091	0.032260795454545	0.042439204545455	0.050008522727273		1
000187:	0.494443181818182	0.007523295454545	0.019881250000000	0.451446022727273	0.010926136363636	0.009803409090909	0.005976704545455		1
000188:	0.230740340909091	0.222221590909091	0.109535227272727	0.241784659090909	0.036178977272727	0.106272727272727	0.053266477272727		1
000189:	0.326734090909091	0.016193181818182	0.070425000000000	0.049409659090909	0.020425000000000	0.507845454545455	0.008967613636364		1
000190:	0.261223863636364	0.335519318181818	0.195028977272727	0.040523295454545	0.022988068181818	0.114486363636364	0.030230113636364		1
000191:	0.257196590909091	0.037780681818182	0.430779545454545	0.051545454545455	0.051131250000000	0.156303409090909	0.015263068181818		1
000192:	0.081009090909091	0.058224431818182	0.480425000000000	0.087679545454545	0.120218181818182	0.129291477272727	0.043152272727273		1
000193:	0.131994318181818	0.039712500000000	0.247160795454545	0.140284659090909	0.077820454545455	0.324505113636364	0.038522159090909		1
000194:	0.195177272727273	0.033389204545455	0.094880113636364	0.099915909090909	0.100217613636364	0.408043181818182	0.068376704545455		1
000195:	0.075401136363636	0.011577272727273	0.670474431818182	0.054968750000000	0.037319886363636	0.137087500000000	0.013171022727273		1
000196:	0.231381818181818	0.263665340909091	0.029923295454545	0.402794318181818	0.010815340909091	0.032967045454545	0.028452840909091		1
000197:	0.544025000000000	0.121508522727273	0.164812500000000	0.078900000000000	0.028339204545455	0.047397159090909	0.015017613636364		1
000198:	0.305700000000000	0.147989772727273	0.089186363636364	0.084548295454545	0.275322727272727	0.074344886363636	0.022907954545455		1
000199:	0.701855113636364	0.144301136363636	0.031024431818182	0.057584659090909	0.016024431818182	0.032740340909091	0.016469886363636		1
000200:	0.777825000000000	0.066728409090909	0.014285795454545	0.092139204545455	0.007846022727273	0.022607954545455	0.018567613636364		1
000201:	0.217222159090909	0.031097159090909	0.021386363636364	0.676275568181818	0.008819318181818	0.032184090909091	0.013015340909091		1
000202:	0.080671022727273	0.046704545454545	0.101561931818182	0.142699431818182	0.170257386363636	0.420947727272727	0.037157954545455		1
000203:	0.417514772727273	0.026787500000000	0.102700000000000	0.095643750000000	0.039119318181818	0.270794886363636	0.047439772727273		1
000204:	0.423270454545455	0.059192613636364	0.050009659090909	0.287435227272727	0.036089772727273	0.119221590909091	0.024780681818182		1
000205:	0.319209090909091	0.021588068181818	0.051047727272727	0.389431250000000	0.025197727272727	0.164986931818182	0.028539204545455		1
000206:	0.148986931818182	0.022027272727273	0.043939204545455	0.101401136363636	0.035790909090909	0.531770454545455	0.116084090909091		1
000207:	0.115852272727273	0.055436363636364	0.572263068181818	0.041217045454545	0.051493750000000	0.131786363636364	0.031951136363636		1
000208:	0.270913636363636	0.021084090909091	0.126686363636364	0.413836931818182	0.041678977272727	0.109233522727273	0.016566477272727		1
000209:	0.356038636363636	0.031917045454545	0.045466477272727	0.398047727272727	0.052271590909091	0.082803977272727	0.033454545454545		1
000210:	0.506467613636364	0.042079545454545	0.139782954545455	0.177860227272727	0.030369886363636	0.083477840909091	0.019961931818182		1
000211:	0.300611931818182	0.004382954545455	0.005182386363636	0.006984659090909	0.000955113636364	0.043951704545455	0.637931250000000		1
000212:	0.493787500000000	0.237240909090909	0.042146590909091	0.143251704545455	0.018405113636364	0.039944318181818	0.025223863636364		1
000213:	0.696660795454545	0.078872727272727	0.065319886363636	0.099416477272727	0.013817045454545	0.028793181818182	0.017119886363636		1
000214:	0.565114204545455	0.107910227272727	0.043888636363636	0.158120454545455	0.026494318181818	0.069022727272727	0.029449431818182		1
000215:	0.260677272727273	0.145472727272727	0.158675568181818	0.086107386363636	0.031956250000000	0.164652272727273	0.152458522727273		1
000216:	0.493386363636364	0.151962500000000	0.035801136363636	0.245785227272727	0.020060227272727	0.026889772727273	0.026114772727273		1
000217:	0.631134659090909	0.129331818181818	0.027857386363636	0.121472159090909	0.027890340909091	0.036518181818182	0.025795454545455		1
000218:	0.746800000000000	0.061297727272727	0.056266477272727	0.083918750000000	0.013240340909091	0.028560227272727	0.009916477272727		1
000219:	0.832846022727273	0.075221022727273	0.014578409090909	0.031044886363636	0.008585227272727	0.029363636363636	0.008360795454545		1
000220:	0.643719886363636	0.187339772727273	0.023433522727273	0.083173295454545	0.010074431818182	0.038886931818182	0.013372159090909		1
000221:	0.773178409090909	0.084521022727273	0.017463636363636	0.051785795454545	0.031057954545455	0.029728409090909	0.012264772727273		1
000222:	0.735506250000000	0.079652272727273	0.021794886363636	0.112024431818182	0.011477272727273	0.024346022727273	0.015198863636364		1
000223:	0.187098295454545	0.170811363636364	0.107613636363636	0.291400000000000	0.069976704545455	0.150533522727273	0.022566477272727		1
000224:	0.029448295454545	0.051876136363636	0.046906250000000	0.042651136363636	0.075168750000000	0.629464204545455	0.124485227272727		1
000225:	0.020848863636364	0.025834659090909	0.013926704545455	0.020286931818182	0.382867045454545	0.423195454545455	0.113040340909091		1
000226:	0.037095454545455	0.088753977272727	0.147487500000000	0.075056818181818	0.031147727272727	0.578890340909091	0.041568181818182		1
000227:	0.035785227272727	0.039711363636364	0.264748295454545	0.034572159090909	0.056036931818182	0.358189204545455	0.210956818181818		1
000228:	0.032419886363636	0.294376136363636	0.020156250000000	0.036867045454545	0.145118750000000	0.035481250000000	0.435580681818182		1
000229:	0.046626704545455	0.042789204545455	0.031202272727273	0.025111363636364	0.039345454545455	0.669981818181818	0.144943181818182		1
000230:	0.032123295454545	0.775410795454545	0.014591477272727	0.056988636363636	0.014568750000000	0.020531818181818	0.085785227272727		1
000231:	0.057614772727273	0.124573863636364	0.219765909090909	0.037791477272727	0.085190909090909	0.333668750000000	0.141394318181818		1
000232:	0.127643750000000	0.383231818181818	0.021067613636364	0.137900000000000	0.032771022727273	0.030449431818182	0.266936363636364		1
000233:	0.024083522727273	0.074453409090909	0.286577272727273	0.042705113636364	0.057226704545455	0.358213068181818	0.156740909090909		1
000234:	0.020063636363636	0.054582954545455	0.101242045454545	0.025050568181818	0.072728977272727	0.135722727272727	0.590609090909091		1
000235:	0.033272727272727	0.031744886363636	0.022537500000000	0.056856250000000	0.237212500000000	0.128503409090909	0.489872727272727		1
000236:	0.026952272727273	0.215539772727273	0.054740340909091	0.306403977272727	0.072794318181818	0.057522727272727	0.266046590909091		1
000237:	0.020228977272727	0.031217613636364	0.053752840909091	0.034731818181818	0.030421022727273	0.366097159090909	0.463550568181818		1
000238:	0.000249431818182	0.004001704545455	0.133203977272727	0.005260227272727	0.003464204545455	0.000544318181818	0.853276136363636		1
000239:	0.046242045454545	0.092529545454545	0.051720454545455	0.085134659090909	0.041490909090909	0.317048863636364	0.365833522727273		1
000240:	0.015192045454545	0.731227272727273	0.021208522727273	0.047855681818182	0.040519318181818	0.029808522727273	0.114188636363636		1
000241:	0.009068181818182	0.050550000000000	0.029890340909091	0.499242613636364	0.049981818181818	0.315557386363636	0.045709659090909		1
000242:	0.023278977272727	0.067261931818182	0.413375000000000	0.065200000000000	0.110773295454545	0.187456250000000	0.132654545454545		1
000243:	0.028048295454545	0.496440340909091	0.032352272727273	0.039300000000000	0.254815340909091	0.033056250000000	0.115987500000000		1
000244:	0.051570454545455	0.223068181818182	0.054138636363636	0.079054545454545	0.043237500000000	0.330914772727273	0.218015909090909		1
000245:	0.003551704545455	0.016513068181818	0.724368181818182	0.007230681818182	0.009150000000000	0.062563636363636	0.176622727272727		1
000246:	0.033869318181818	0.112382386363636	0.056597727272727	0.051025568181818	0.347551704545455	0.158964204545455	0.239609090909091		1
000247:	0.073738068181818	0.024844318181818	0.044359659090909	0.129885227272727	0.113742613636364	0.015252840909091	0.598177272727273		1
000248:	0.004160227272727	0.052001704545455	0.003978977272727	0.007482386363636	0.004056818181818	0.919960227272727	0.008359659090909		1
000249:	0.020325000000000	0.094782954545455	0.031933522727273	0.032953409090909	0.121779545454545	0.164202840909091	0.534022727272727		1
000250:	0.004010795454545	0.046594886363636	0.001786363636364	0.004295454545455	0.013669318181818	0.922378977272727	0.007264204545455		1
000251:	0.029446022727273	0.121885227272727	0.049861931818182	0.053472159090909	0.087773295454545	0.475424431818182	0.182136931818182		1
000252:	0.130580681818182	0.177419886363636	0.057688636363636	0.172346022727273	0.046949431818182	0.140682954545455	0.274332386363636		1
000253:	0.005132386363636	0.077061363636364	0.003217045454545	0.009386931818182	0.004129545454545	0.500871022727273	0.400201704545455		1
000254:	0.041407386363636	0.201469886363636	0.022973863636364	0.075868750000000	0.054152272727273	0.150781818181818	0.453346022727273		1
000255:	0.050163068181818	0.049939772727273	0.013782386363636	0.030302272727273	0.049182954545455	0.208084659090909	0.598544886363636		1
000256:	0.054593750000000	0.068158522727273	0.028826704545455	0.027982954545455	0.025004545454545	0.733784090909091	0.061649431818182		1
000257:	0.113453977272727	0.130171590909091	0.026778977272727	0.597055113636364	0.029536931818182	0.052885795454545	0.050117613636364		1
000258:	0.065171022727273	0.030695454545455	0.487434090909091	0.036827272727273	0.013989772727273	0.343722159090909	0.022160227272727		1
000259:	0.032263636363636	0.019682954545455	0.045369318181818	0.836401704545455	0.008934659090909	0.016126704545455	0.041221022727273		1
000260:	0.042535227272727	0.220389204545455	0.044998295454545	0.096967045454545	0.241384090909091	0.041172159090909	0.312553977272727		1
000261:	0.078121022727273	0.179115909090909	0.070521590909091	0.121686931818182	0.050518181818182	0.064150000000000	0.435886363636364		1
000262:	0.033847727272727	0.111879545454545	0.021115909090909	0.445318750000000	0.032175568181818	0.275581250000000	0.080081250000000		1
000263:	0.182368750000000	0.162518750000000	0.180039204545455	0.212757386363636	0.045698295454545	0.170911363636364	0.045706250000000		1
000264:	0.070127840909091	0.051305681818182	0.011775000000000	0.754619318181818	0.011882954545455	0.063769886363636	0.036519318181818		1
000265:	0.403558522727273	0.202031818181818	0.036065909090909	0.091968750000000	0.032121590909091	0.119543181818182	0.114710227272727		1
000266:	0.050580681818182	0.040418181818182	0.018274431818182	0.045589204545455	0.029221022727273	0.713800568181818	0.102115909090909		1
000267:	0.035903409090909	0.054160227272727	0.045650000000000	0.030965340909091	0.028134090909091	0.252132386363636	0.553054545454545		1
000268:	0.154705113636364	0.094531250000000	0.053600568181818	0.236613636363636	0.035916477272727	0.327845454545455	0.096787500000000		1
000269:	0.051668181818182	0.043914204545455	0.053239772727273	0.049891477272727	0.289498863636364	0.122630113636364	0.389157386363636		1
000270:	0.050014204545455	0.027843181818182	0.027470454545455	0.837686931818182	0.015609659090909	0.016407386363636	0.024968181818182		1
000271:	0.063083522727273	0.055157954545455	0.012780113636364	0.062914204545455	0.022421022727273	0.099940909090909	0.683702272727273		1
000272:	0.047226704545455	0.128594886363636	0.025868750000000	0.272740340909091	0.044746022727273	0.071224431818182	0.409598863636364		1
000273:	0.042672159090909	0.071565909090909	0.034973295454545	0.366276704545455	0.147869318181818	0.165707386363636	0.170935227272727		1
000274:	0.047172727272727	0.104187500000000	0.055511363636364	0.088712500000000	0.047506250000000	0.396238068181818	0.260671590909091		1
000275:	0.036872159090909	0.053129545454545	0.039878409090909	0.035498863636364	0.043476136363636	0.709008522727273	0.082136363636364		1
000276:	0.037482954545455	0.059715340909091	0.019147159090909	0.767522159090909	0.025109659090909	0.019697727272727	0.071325000000000		1
000277:	0.032068750000000	0.066558522727273	0.017957954545455	0.133931250000000	0.173957386363636	0.104828977272727	0.470697159090909		1
000278:	0.026964772727273	0.051959659090909	0.021032954545455	0.034498863636364	0.066002272727273	0.767183522727273	0.032357954545455		1
000279:	0.030477272727273	0.028944886363636	0.039433522727273	0.016330113636364	0.060218750000000	0.127792613636364	0.696802840909091		1
000280:	0.049281818181818	0.273150568181818	0.065973863636364	0.273021590909091	0.036802840909091	0.170143750000000	0.131625568181818		1
000281:	0.025058522727273	0.031523863636364	0.012844886363636	0.726056818181818	0.039822727272727	0.029552840909091	0.135140340909091		1
000282:	0.015501136363636	0.520261931818182	0.322024431818182	0.073090909090909	0.014043181818182	0.034378409090909	0.020700000000000		1
000283:	0.034043750000000	0.188096590909091	0.008914772727273	0.712631250000000	0.010965340909091	0.019232954545455	0.026115340909091		1
000284:	0.048639204545455	0.111984659090909	0.014255113636364	0.031788636363636	0.024128977272727	0.080002840909091	0.689200568181818		1
000285:	0.079366477272727	0.108949431818182	0.075147159090909	0.091918181818182	0.086144318181818	0.102955113636364	0.455519318181818		1
000286:	0.054360795454545	0.113468181818182	0.041790909090909	0.119795454545455	0.284867613636364	0.099501136363636	0.286215909090909		1
000287:	0.027957386363636	0.033030113636364	0.699493750000000	0.040284090909091	0.020386931818182	0.030053977272727	0.148793750000000		1
000288:	0.093794318181818	0.150689772727273	0.066559659090909	0.150836931818182	0.087931818181818	0.291509090909091	0.158678409090909		1
