Estimated Clustering Probabilities for Samples
Sample	***Cluster  01***	***Cluster  02***	***Cluster  03***	***Cluster  04***	***Cluster  05***	***Cluster  06***	***Cluster  07***	
000001:	0.168863636363636	0.153036363636364	0.123848863636364	0.020973863636364	0.086831250000000	0.345915340909091	0.100530681818182		1
000002:	0.051392045454545	0.024309090909091	0.081499431818182	0.006805681818182	0.006998295454545	0.783944886363636	0.045050568181818		1
000003:	0.263943181818182	0.047273863636364	0.052686363636364	0.018790340909091	0.044201704545455	0.517381250000000	0.055723295454545		1
000004:	0.373455681818182	0.020900000000000	0.204501704545455	0.009673295454545	0.008381250000000	0.227661363636364	0.155426704545455		1
000005:	0.122338068181818	0.051518181818182	0.111628977272727	0.008497727272727	0.008147159090909	0.623116477272727	0.074753409090909		1
000006:	0.046624431818182	0.044532386363636	0.462417613636364	0.035156250000000	0.020015909090909	0.241034090909091	0.150219318181818		1
000007:	0.188810227272727	0.038575000000000	0.076005681818182	0.026307386363636	0.028228409090909	0.588476136363636	0.053597159090909		1
000008:	0.178226704545455	0.028092613636364	0.125885227272727	0.009111363636364	0.013578409090909	0.550682386363636	0.094423295454545		1
000009:	0.064175568181818	0.035688068181818	0.212296022727273	0.012918750000000	0.011530113636364	0.424054545454545	0.239336931818182		1
000010:	0.098453977272727	0.112978409090909	0.059827840909091	0.010056818181818	0.030175000000000	0.619355681818182	0.069152272727273		1
000011:	0.145977272727273	0.102206250000000	0.014551704545455	0.039087500000000	0.437163636363636	0.072277272727273	0.188736363636364		1
000012:	0.296937500000000	0.157150568181818	0.021496022727273	0.187584659090909	0.023022159090909	0.032105113636364	0.281703977272727		1
000013:	0.088163068181818	0.164102272727273	0.018921590909091	0.404914204545455	0.035331250000000	0.065342613636364	0.223225000000000		1
000014:	0.027392045454545	0.019679545454545	0.006159090909091	0.017432954545455	0.006211363636364	0.022601136363636	0.900523863636364		1
000015:	0.501302272727273	0.150215909090909	0.026246022727273	0.053748295454545	0.019676136363636	0.109230113636364	0.139581250000000		1
000016:	0.007803977272727	0.016039772727273	0.886362500000000	0.007554545454545	0.005003977272727	0.024659659090909	0.052575568181818		1
000017:	0.135454545454545	0.402927272727273	0.020294886363636	0.042010795454545	0.057624431818182	0.208236363636364	0.133451704545455		1
000018:	0.095210795454545	0.135686363636364	0.014905113636364	0.566607954545455	0.020520454545455	0.027713636363636	0.139355681818182		1
000019:	0.399805681818182	0.206946590909091	0.024524431818182	0.156942613636364	0.021852840909091	0.139856818181818	0.050071022727273		1
000020:	0.128140340909091	0.661703409090909	0.011902840909091	0.015090340909091	0.012659090909091	0.036559659090909	0.133944318181818		1
000021:	0.101136931818182	0.685155681818182	0.009159090909091	0.048037500000000	0.078939204545455	0.039579545454545	0.037992045454545		1
000022:	0.688853409090909	0.073585227272727	0.013725000000000	0.099656818181818	0.016227840909091	0.059206818181818	0.048744886363636		1
000023:	0.166276704545455	0.262769318181818	0.031222727272727	0.187758522727273	0.132034090909091	0.144440340909091	0.075498295454545		1
000024:	0.017894318181818	0.062390340909091	0.011784090909091	0.040614204545455	0.057589204545455	0.026426136363636	0.783301704545455		1
000025:	0.125915909090909	0.080041477272727	0.019535795454545	0.453848863636364	0.017080113636364	0.034095454545455	0.269482386363636		1
000026:	0.310311931818182	0.069743181818182	0.009400000000000	0.486834090909091	0.014974431818182	0.019493181818182	0.089243181818182		1
000027:	0.078794318181818	0.591812500000000	0.016323295454545	0.150435227272727	0.019363636363636	0.045945454545455	0.097325568181818		1
000028:	0.051215340909091	0.228312500000000	0.018288636363636	0.050534090909091	0.160981818181818	0.413218181818182	0.077449431818182		1
000029:	0.220498863636364	0.318748863636364	0.030442613636364	0.139245454545455	0.061685795454545	0.055696590909091	0.173681818181818		1
000030:	0.324597727272727	0.110532954545455	0.032178409090909	0.156154545454545	0.068891477272727	0.129573863636364	0.178071022727273		1
000031:	0.051185795454545	0.176272727272727	0.016227840909091	0.649672727272727	0.022910227272727	0.023964772727273	0.059765909090909		1
000032:	0.006217613636364	0.006683522727273	0.734738636363636	0.201601704545455	0.037613068181818	0.009546022727273	0.003599431818182		1
000033:	0.324894318181818	0.339975000000000	0.028935795454545	0.054268750000000	0.136434659090909	0.071223863636364	0.044267613636364		1
000034:	0.012061363636364	0.094644318181818	0.005639204545455	0.093973295454545	0.008959090909091	0.011593750000000	0.773128977272727		1
000035:	0.070060795454545	0.391448863636364	0.077787500000000	0.313016477272727	0.048835795454545	0.053321590909091	0.045528977272727		1
000036:	0.175936363636364	0.444465340909091	0.030989772727273	0.063581818181818	0.059684090909091	0.124888636363636	0.100453977272727		1
000037:	0.076409659090909	0.606010227272727	0.020075000000000	0.106155113636364	0.031216477272727	0.049698863636364	0.110434659090909		1
000038:	0.014880113636364	0.022775000000000	0.008346590909091	0.256331250000000	0.017345454545455	0.646614772727273	0.033706818181818		1
000039:	0.204093750000000	0.106948863636364	0.012180681818182	0.520349431818182	0.042833522727273	0.022270454545455	0.091323295454545		1
000040:	0.040490909090909	0.051817045454545	0.010301136363636	0.089347159090909	0.032687500000000	0.041767045454545	0.733589204545455		1
000041:	0.093386931818182	0.488302272727273	0.025407954545455	0.138727272727273	0.036338636363636	0.074337500000000	0.143499431818182		1
000042:	0.079390340909091	0.182335795454545	0.022836363636364	0.374876136363636	0.025350568181818	0.063277272727273	0.251933522727273		1
000043:	0.159562500000000	0.227054545454545	0.031571022727273	0.056234090909091	0.031418750000000	0.391100568181818	0.103058522727273		1
000044:	0.262205113636364	0.319417045454545	0.032550000000000	0.093946590909091	0.044551136363636	0.100984659090909	0.146345454545455		1
000045:	0.242163068181818	0.407794886363636	0.017431250000000	0.215296590909091	0.020430681818182	0.045297159090909	0.051586363636364		1
000046:	0.227480681818182	0.159663636363636	0.037590909090909	0.223428409090909	0.223555681818182	0.062439772727273	0.065840909090909		1
000047:	0.133628409090909	0.224453409090909	0.115678977272727	0.163465909090909	0.043946022727273	0.158302840909091	0.160524431818182		1
000048:	0.168522727272727	0.053864204545455	0.025907386363636	0.027715909090909	0.033657386363636	0.623027840909091	0.067304545454545		1
000049:	0.486740340909091	0.071003977272727	0.028285795454545	0.093877272727273	0.012023863636364	0.242797727272727	0.065271022727273		1
000050:	0.190817045454545	0.124021590909091	0.116084659090909	0.054416477272727	0.028781250000000	0.139275568181818	0.346603409090909		1
000051:	0.063618181818182	0.039617613636364	0.056192613636364	0.023685795454545	0.012889772727273	0.091972159090909	0.712023863636364		1
000052:	0.034600000000000	0.024322159090909	0.014107386363636	0.017415340909091	0.030674431818182	0.045151704545455	0.833728977272727		1
000053:	0.311030681818182	0.195215909090909	0.050386931818182	0.145760227272727	0.018888636363636	0.121215340909091	0.157502272727273		1
000054:	0.076093750000000	0.180862500000000	0.090737500000000	0.336943750000000	0.058572727272727	0.085516477272727	0.171273295454545		1
000055:	0.474664204545455	0.082376704545455	0.062178977272727	0.026619886363636	0.030275000000000	0.127167045454545	0.196718181818182		1
000056:	0.702900568181818	0.088165340909091	0.033303977272727	0.045315340909091	0.022541477272727	0.063804545454545	0.043968750000000		1
000057:	0.251722159090909	0.179389772727273	0.051446022727273	0.122583522727273	0.029124431818182	0.110985227272727	0.254748863636364		1
000058:	0.858054545454545	0.037784090909091	0.014059090909091	0.026486363636364	0.012098295454545	0.034239204545455	0.017278409090909		1
000059:	0.429821590909091	0.322772159090909	0.029510795454545	0.088848295454545	0.029720454545455	0.056249431818182	0.043077272727273		1
000060:	0.645265909090909	0.082628977272727	0.025851136363636	0.032893750000000	0.031678977272727	0.120536931818182	0.061144318181818		1
000061:	0.659186931818182	0.087016477272727	0.031405113636364	0.036211363636364	0.022198295454545	0.099168750000000	0.064813068181818		1
000062:	0.007747159090909	0.015122727272727	0.006281250000000	0.004689772727273	0.770264772727273	0.019082386363636	0.176811931818182		1
000063:	0.036725000000000	0.022580113636364	0.042405113636364	0.022926704545455	0.010257954545455	0.106086363636364	0.759018750000000		1
000064:	0.065697159090909	0.037483522727273	0.055515909090909	0.014146590909091	0.045531250000000	0.266209659090909	0.515415909090909		1
000065:	0.609983522727273	0.035601704545455	0.025284659090909	0.018772159090909	0.027781250000000	0.262673863636364	0.019902840909091		1
000066:	0.414919318181818	0.235389204545455	0.052403409090909	0.046021022727273	0.012589204545455	0.073121590909091	0.165556250000000		1
000067:	0.047933522727273	0.047313636363636	0.030790340909091	0.014578409090909	0.031578409090909	0.213351136363636	0.614454545454545		1
000068:	0.735291477272727	0.109630113636364	0.014435227272727	0.030133522727273	0.037333522727273	0.045742613636364	0.027433522727273		1
000069:	0.220748295454545	0.441737500000000	0.035986931818182	0.078914772727273	0.030444886363636	0.090863068181818	0.101304545454545		1
000070:	0.157848295454545	0.146206818181818	0.030661931818182	0.104482954545455	0.091720454545455	0.159655113636364	0.309424431818182		1
000071:	0.561388068181818	0.152163068181818	0.020965909090909	0.075846590909091	0.055336931818182	0.096487500000000	0.037811931818182		1
000072:	0.617821590909091	0.057300568181818	0.048723295454545	0.027997159090909	0.030194886363636	0.095607954545455	0.122354545454545		1
000073:	0.715644318181818	0.054132954545455	0.047557386363636	0.033960795454545	0.027961931818182	0.069996022727273	0.050746590909091		1
000074:	0.117977272727273	0.263717613636364	0.040627840909091	0.291779545454545	0.035103977272727	0.034107954545455	0.216685795454545		1
000075:	0.277165340909091	0.153972727272727	0.070521590909091	0.199942613636364	0.047266477272727	0.148743181818182	0.102388068181818		1
000076:	0.084862500000000	0.127796590909091	0.035891477272727	0.173106250000000	0.442942613636364	0.104024431818182	0.031376136363636		1
000077:	0.253098863636364	0.118397727272727	0.044845454545455	0.128697727272727	0.142315340909091	0.169691477272727	0.142953409090909		1
000078:	0.391213636363636	0.094304545454545	0.141865909090909	0.031739204545455	0.097528409090909	0.156761931818182	0.086586363636364		1
000079:	0.518307954545455	0.120188068181818	0.038607386363636	0.112667613636364	0.048852272727273	0.081261363636364	0.080115340909091		1
000080:	0.048456818181818	0.155692613636364	0.013701704545455	0.289561931818182	0.025751136363636	0.427446022727273	0.039389772727273		1
000081:	0.730774431818182	0.083234659090909	0.024916477272727	0.023072159090909	0.025825568181818	0.084414204545455	0.027762500000000		1
000082:	0.706347159090909	0.045579545454545	0.048201704545455	0.024014772727273	0.022232386363636	0.116525568181818	0.037098863636364		1
000083:	0.604444318181818	0.075880681818182	0.223743750000000	0.021053977272727	0.022581250000000	0.022291477272727	0.030004545454545		1
000084:	0.015543750000000	0.017398295454545	0.008203409090909	0.023668181818182	0.016240340909091	0.023313068181818	0.895632954545455		1
000085:	0.150703409090909	0.343180113636364	0.067327272727273	0.077229545454545	0.068615909090909	0.143227272727273	0.149716477272727		1
000086:	0.204026704545455	0.126901136363636	0.096177272727273	0.091181250000000	0.118665340909091	0.117688636363636	0.245359659090909		1
000087:	0.694001704545455	0.119595454545455	0.026397159090909	0.038659659090909	0.022485795454545	0.066311931818182	0.032548295454545		1
000088:	0.089960227272727	0.655332386363636	0.019152272727273	0.064961363636364	0.021825568181818	0.101844318181818	0.046923863636364		1
000089:	0.196921022727273	0.473355113636364	0.033253409090909	0.087898295454545	0.029083522727273	0.137995454545455	0.041493181818182		1
000090:	0.264022159090909	0.136656818181818	0.029565340909091	0.331948295454545	0.030039204545455	0.058834659090909	0.148933522727273		1
000091:	0.116152840909091	0.116167045454545	0.062971590909091	0.419721590909091	0.163984090909091	0.062390909090909	0.058611931818182		1
000092:	0.798345454545455	0.035614204545455	0.014950568181818	0.045751704545455	0.016886363636364	0.043534090909091	0.044917613636364		1
000093:	0.558357954545455	0.083116477272727	0.053331818181818	0.134344318181818	0.051583522727273	0.066465340909091	0.052800568181818		1
000094:	0.552094886363636	0.140750568181818	0.051176704545455	0.082499431818182	0.038019318181818	0.083231818181818	0.052227272727273		1
000095:	0.678185795454545	0.043306818181818	0.030596022727273	0.025522159090909	0.029899431818182	0.104289772727273	0.088200000000000		1
000096:	0.074807386363636	0.033925568181818	0.012424431818182	0.028178409090909	0.010779545454545	0.039987500000000	0.799897159090909		1
000097:	0.582754545454545	0.240210227272727	0.018178409090909	0.065494318181818	0.023273863636364	0.041236931818182	0.028851704545455		1
000098:	0.788747159090909	0.087015909090909	0.017287500000000	0.034864204545455	0.012328977272727	0.043350568181818	0.016405681818182		1
000099:	0.241220454545455	0.167853409090909	0.036844886363636	0.048745454545455	0.027187500000000	0.084235227272727	0.393913068181818		1
000100:	0.076927272727273	0.054522159090909	0.016653977272727	0.028131818181818	0.011194318181818	0.068010795454545	0.744559659090909		1
000101:	0.024119318181818	0.735661931818182	0.127488068181818	0.021283522727273	0.008090909090909	0.029947727272727	0.053408522727273		1
000102:	0.172888636363636	0.347456818181818	0.029822159090909	0.064537500000000	0.026261931818182	0.120836363636364	0.238196590909091		1
000103:	0.460018181818182	0.063668181818182	0.021236931818182	0.173165340909091	0.041876136363636	0.169357386363636	0.070677840909091		1
000104:	0.288126704545455	0.065315909090909	0.028464204545455	0.038332386363636	0.017891477272727	0.185557954545455	0.376311363636364		1
000105:	0.148227840909091	0.397431250000000	0.011457954545455	0.069938068181818	0.007089204545455	0.063605113636364	0.302250568181818		1
000106:	0.195135795454545	0.447385227272727	0.023813636363636	0.086467045454545	0.047286363636364	0.143134659090909	0.056777272727273		1
000107:	0.097238636363636	0.226543750000000	0.029736363636364	0.041194886363636	0.028731818181818	0.137558522727273	0.438996022727273		1
000108:	0.036019886363636	0.061561931818182	0.028023863636364	0.046719318181818	0.021055681818182	0.052925000000000	0.753694318181818		1
000109:	0.244767045454545	0.346038636363636	0.020141477272727	0.075150568181818	0.056627840909091	0.155055113636364	0.102219318181818		1
000110:	0.031126704545455	0.043400568181818	0.022721590909091	0.620746022727273	0.150159090909091	0.041269886363636	0.090576136363636		1
000111:	0.125831818181818	0.120952272727273	0.063768181818182	0.050486363636364	0.037621590909091	0.302382386363636	0.298957386363636		1
000112:	0.033950000000000	0.647876136363636	0.022198295454545	0.078019886363636	0.023199431818182	0.066539772727273	0.128216477272727		1
000113:	0.384334090909091	0.102093750000000	0.056161931818182	0.056064772727273	0.027458522727273	0.240653977272727	0.133232954545455		1
000114:	0.231613068181818	0.263172159090909	0.091252272727273	0.145173295454545	0.118889772727273	0.106281818181818	0.043617613636364		1
000115:	0.259897159090909	0.069914204545455	0.037241477272727	0.208240340909091	0.030890909090909	0.155845454545455	0.237970454545455		1
000116:	0.397120454545455	0.067978977272727	0.091082954545455	0.039984090909091	0.051177272727273	0.218385795454545	0.134270454545455		1
000117:	0.087586931818182	0.474297727272727	0.097350568181818	0.058509090909091	0.033300000000000	0.185361363636364	0.063594318181818		1
000118:	0.527575568181818	0.050118181818182	0.023923863636364	0.025784090909091	0.086814772727273	0.173039772727273	0.112743750000000		1
000119:	0.239082954545455	0.375128977272727	0.024718750000000	0.062209090909091	0.025064204545455	0.067970454545455	0.205825568181818		1
000120:	0.058773863636364	0.078697159090909	0.033115909090909	0.034940909090909	0.025696590909091	0.622714204545455	0.146061363636364		1
000121:	0.308795454545455	0.119835795454545	0.028293750000000	0.158271590909091	0.044338068181818	0.123217045454545	0.217248295454545		1
000122:	0.500611363636364	0.302155113636364	0.022493750000000	0.053318750000000	0.008616477272727	0.059247159090909	0.053557386363636		1
000123:	0.723186931818182	0.056734090909091	0.016713636363636	0.024233522727273	0.022842613636364	0.118339772727273	0.037949431818182		1
000124:	0.066284090909091	0.254942613636364	0.042181818181818	0.364680681818182	0.047169886363636	0.111093181818182	0.113647727272727		1
000125:	0.089168750000000	0.094425000000000	0.091422727272727	0.048745454545455	0.065939772727273	0.449094318181818	0.161203977272727		1
000126:	0.020920454545455	0.025714772727273	0.029809090909091	0.014755113636364	0.666759090909091	0.222606250000000	0.019435227272727		1
000127:	0.487866477272727	0.132264772727273	0.027859659090909	0.034013068181818	0.028498295454545	0.150367613636364	0.139130113636364		1
000128:	0.294166477272727	0.091092045454545	0.044286931818182	0.061325000000000	0.024986363636364	0.428659090909091	0.055484090909091		1
000129:	0.000663636363636	0.011890340909091	0.000289204545455	0.974744318181818	0.000604545454545	0.001239204545455	0.010568750000000		1
000130:	0.725605681818182	0.034326136363636	0.031888068181818	0.024417613636364	0.022373863636364	0.111885795454545	0.049502840909091		1
000131:	0.371875568181818	0.230140909090909	0.025315909090909	0.062373295454545	0.097465340909091	0.122469318181818	0.090359659090909		1
000132:	0.038517613636364	0.128864772727273	0.030573863636364	0.031179545454545	0.013328977272727	0.086462500000000	0.671072727272727		1
000133:	0.082982386363636	0.150997727272727	0.033550000000000	0.088672159090909	0.416272727272727	0.168538068181818	0.058986931818182		1
000134:	0.172686363636364	0.058505113636364	0.285478977272727	0.278657386363636	0.020350568181818	0.107973295454545	0.076348295454545		1
000135:	0.184911363636364	0.187188068181818	0.027598863636364	0.532336363636364	0.010973295454545	0.040304545454545	0.016687500000000		1
000136:	0.877676704545455	0.024973863636364	0.022226704545455	0.010254545454545	0.005906818181818	0.041625000000000	0.017336363636364		1
000137:	0.114815340909091	0.118484659090909	0.061644886363636	0.535628977272727	0.025297727272727	0.076462500000000	0.067665909090909		1
000138:	0.231322727272727	0.213467045454545	0.116221590909091	0.068763068181818	0.047428409090909	0.274063068181818	0.048734090909091		1
000139:	0.233479545454545	0.312518750000000	0.061008522727273	0.053303977272727	0.040916477272727	0.219613068181818	0.079159659090909		1
000140:	0.152561931818182	0.104345454545455	0.023650000000000	0.604817045454546	0.018651136363636	0.053899431818182	0.042075000000000		1
000141:	0.037993181818182	0.059307954545455	0.048577840909091	0.026828977272727	0.028386931818182	0.226531818181818	0.572373295454545		1
000142:	0.705885227272727	0.080451136363636	0.014692613636364	0.053790340909091	0.019959659090909	0.031798295454545	0.093422727272727		1
000143:	0.311825000000000	0.239711931818182	0.019410227272727	0.025684090909091	0.015469318181818	0.344252272727273	0.043647159090909		1
000144:	0.093263636363636	0.383919886363636	0.033502272727273	0.028356250000000	0.015707954545455	0.214602840909091	0.230647159090909		1
000145:	0.142214204545455	0.036494318181818	0.028651704545455	0.019892045454545	0.010000000000000	0.103196022727273	0.659551704545455		1
000146:	0.691117045454545	0.080414204545455	0.045321022727273	0.035371590909091	0.075934090909091	0.029678409090909	0.042163636363636		1
000147:	0.476256250000000	0.103654545454545	0.073105681818182	0.019830113636364	0.016744318181818	0.230859090909091	0.079550000000000		1
000148:	0.686819886363636	0.081051704545455	0.029165340909091	0.027495454545455	0.019822159090909	0.119928977272727	0.035716477272727		1
000149:	0.174339772727273	0.259613636363636	0.183328409090909	0.086253409090909	0.036465909090909	0.153819318181818	0.106179545454545		1
000150:	0.126669886363636	0.429739204545455	0.024846590909091	0.208714772727273	0.023911931818182	0.075235227272727	0.110882386363636		1
000151:	0.085731818181818	0.231810795454545	0.037135227272727	0.045260227272727	0.030666477272727	0.320740340909091	0.248655113636364		1
000152:	0.176232386363636	0.122171022727273	0.040554545454545	0.170215909090909	0.068201136363636	0.294897727272727	0.127727272727273		1
000153:	0.202553977272727	0.488250568181818	0.035803977272727	0.077759659090909	0.035360227272727	0.079101704545455	0.081169886363636		1
000154:	0.289878409090909	0.067585795454545	0.041283522727273	0.024221590909091	0.023814772727273	0.169308522727273	0.383907386363636		1
000155:	0.435678409090909	0.115486363636364	0.028141477272727	0.084664772727273	0.016969318181818	0.065762500000000	0.253297159090909		1
000156:	0.042053409090909	0.290948295454545	0.043744318181818	0.033603977272727	0.022807954545455	0.082056818181818	0.484785227272727		1
000157:	0.014994318181818	0.008293181818182	0.043181818181818	0.005343750000000	0.014611363636364	0.257457954545455	0.656117613636364		1
000158:	0.081410227272727	0.143184090909091	0.236346022727273	0.029534659090909	0.108917613636364	0.265234659090909	0.135372727272727		1
000159:	0.026077840909091	0.114629545454545	0.119002840909091	0.059655681818182	0.084009659090909	0.085305113636364	0.511319318181818		1
000160:	0.006049431818182	0.003536363636364	0.108118181818182	0.306172159090909	0.004127840909091	0.515163068181818	0.056832954545455		1
000161:	0.032831818181818	0.019113636363636	0.805040340909091	0.014409659090909	0.021539204545455	0.064913068181818	0.042152272727273		1
000162:	0.016182386363636	0.001830113636364	0.073286931818182	0.844955113636364	0.011153977272727	0.045518181818182	0.007073295454545		1
000163:	0.350745454545455	0.039627272727273	0.078094886363636	0.009594318181818	0.016319886363636	0.463360795454545	0.042257386363636		1
000164:	0.056614772727273	0.017263636363636	0.227327272727273	0.009302840909091	0.032561363636364	0.206462500000000	0.450467613636364		1
000165:	0.072989204545455	0.018531818181818	0.227556818181818	0.010617613636364	0.025944318181818	0.569279545454545	0.075080681818182		1
000166:	0.042931250000000	0.000960227272727	0.012039772727273	0.000378409090909	0.939342045454545	0.003031818181818	0.001316477272727		1
000167:	0.257916477272727	0.104942045454545	0.069094318181818	0.029399431818182	0.088134659090909	0.392738636363636	0.057774431818182		1
000168:	0.247692045454545	0.334434659090909	0.012012500000000	0.028915340909091	0.012026704545455	0.110864204545455	0.254054545454545		1
000169:	0.462405113636364	0.304210795454545	0.030553977272727	0.040664772727273	0.020003409090909	0.104009659090909	0.038152272727273		1
000170:	0.868374431818182	0.026522727272727	0.008331250000000	0.022103977272727	0.004588636363636	0.049538636363636	0.020540340909091		1
000171:	0.021571590909091	0.022664204545455	0.018709659090909	0.025527272727273	0.006249431818182	0.018753977272727	0.886523863636364		1
000172:	0.393960227272727	0.154609090909091	0.070184659090909	0.093403409090909	0.048122727272727	0.179196022727273	0.060523863636364		1
000173:	0.341636931818182	0.241778977272727	0.031000568181818	0.027193750000000	0.024114772727273	0.272381818181818	0.061893181818182		1
000174:	0.685040340909091	0.065476136363636	0.113980113636364	0.042998863636364	0.008064204545455	0.034145454545455	0.050294886363636		1
000175:	0.015588068181818	0.019181250000000	0.011619318181818	0.012627272727273	0.003302272727273	0.018564204545455	0.919117613636364		1
000176:	0.174845454545455	0.335183522727273	0.044231818181818	0.043497727272727	0.034016477272727	0.251449431818182	0.116775568181818		1
000177:	0.666505113636364	0.132909659090909	0.014203409090909	0.030667045454545	0.005696590909091	0.071357386363636	0.078660795454545		1
000178:	0.558460227272727	0.166192045454545	0.020767613636364	0.043942613636364	0.012493750000000	0.062488636363636	0.135655113636364		1
000179:	0.022726136363636	0.067149431818182	0.009079545454545	0.016925000000000	0.016237500000000	0.041796022727273	0.826086363636364		1
000180:	0.026704545454545	0.063400000000000	0.018294318181818	0.017753977272727	0.006535227272727	0.037019318181818	0.830292613636364		1
000181:	0.023093181818182	0.036817045454545	0.013612500000000	0.010998863636364	0.006120454545455	0.046109659090909	0.863248295454545		1
000182:	0.140930113636364	0.252078409090909	0.035173863636364	0.209034090909091	0.044233522727273	0.105598295454545	0.212951704545455		1
000183:	0.031972159090909	0.050853977272727	0.031239204545455	0.016800000000000	0.007975000000000	0.081573295454545	0.779586363636364		1
000184:	0.372322727272727	0.106200568181818	0.022936931818182	0.349082954545455	0.017461931818182	0.055019886363636	0.076975000000000		1
000185:	0.079099431818182	0.280021590909091	0.057228977272727	0.333229545454545	0.053032386363636	0.094816477272727	0.102571590909091		1
000186:	0.027260795454545	0.068915909090909	0.023184090909091	0.019051136363636	0.015452840909091	0.043351136363636	0.802784090909091		1
000187:	0.024400000000000	0.033187500000000	0.006835795454545	0.035766477272727	0.011006250000000	0.029842045454545	0.858961931818182		1
000188:	0.081153409090909	0.119151704545455	0.024058522727273	0.036900000000000	0.146788636363636	0.064884090909091	0.527063636363636		1
000189:	0.735063068181818	0.060333522727273	0.021843181818182	0.021214772727273	0.009438068181818	0.110035227272727	0.042072159090909		1
000190:	0.387335795454545	0.139975000000000	0.041918181818182	0.065961363636364	0.020223863636364	0.303640340909091	0.040945454545455		1
000191:	0.369788636363636	0.333596022727273	0.019507386363636	0.034460795454545	0.015631818181818	0.175769886363636	0.051245454545455		1
000192:	0.118524431818182	0.524057954545455	0.038926136363636	0.057272159090909	0.031986363636364	0.112862500000000	0.116370454545455		1
000193:	0.190315909090909	0.355340340909091	0.049655681818182	0.086675000000000	0.027821022727273	0.083210227272727	0.206981818181818		1
000194:	0.365318181818182	0.079893750000000	0.108010227272727	0.149981250000000	0.019632386363636	0.068564772727273	0.208599431818182		1
000195:	0.001871590909091	0.930196022727273	0.000742045454545	0.062459090909091	0.000647727272727	0.002238636363636	0.001844886363636		1
000196:	0.034953409090909	0.030542613636364	0.110028977272727	0.008742613636364	0.127406818181818	0.603385227272727	0.084940340909091		1
000197:	0.118542613636364	0.156902840909091	0.249152272727273	0.024742045454545	0.063038068181818	0.280878977272727	0.106743181818182		1
000198:	0.068383522727273	0.165764772727273	0.367534659090909	0.143582954545455	0.032776704545455	0.118267613636364	0.103689772727273		1
000199:	0.062836931818182	0.014122159090909	0.187765340909091	0.008201136363636	0.037595454545455	0.636757386363636	0.052721590909091		1
000200:	0.076786931818182	0.044597727272727	0.208893181818182	0.025773863636364	0.046856250000000	0.545985795454546	0.051106250000000		1
000201:	0.028707954545455	0.016618181818182	0.057877272727273	0.011355681818182	0.018746590909091	0.110237500000000	0.756456818181818		1
000202:	0.407199431818182	0.206633522727273	0.053361363636364	0.094335227272727	0.061695454545455	0.076497727272727	0.100277272727273		1
000203:	0.771695454545455	0.041011931818182	0.008643181818182	0.020074431818182	0.007818181818182	0.104308522727273	0.046448295454545		1
000204:	0.243751704545455	0.085031818181818	0.078447159090909	0.038614204545455	0.073064204545455	0.168114204545455	0.312976704545455		1
000205:	0.443969886363636	0.084158522727273	0.031580113636364	0.058239772727273	0.018603977272727	0.043619318181818	0.319828409090909		1
000206:	0.630517613636364	0.073513636363636	0.026402272727273	0.110750568181818	0.010383522727273	0.046073295454545	0.102359090909091		1
000207:	0.116756818181818	0.549206818181818	0.028558522727273	0.057221590909091	0.050615340909091	0.168292045454545	0.029348863636364		1
000208:	0.094090909090909	0.162680113636364	0.060702272727273	0.040461931818182	0.018051136363636	0.370165909090909	0.253847727272727		1
000209:	0.041457954545455	0.140680113636364	0.027381818181818	0.018940340909091	0.155329545454545	0.223858522727273	0.392351704545455		1
000210:	0.196662500000000	0.122943181818182	0.088419318181818	0.044694886363636	0.030479545454545	0.260613068181818	0.256187500000000		1
000211:	0.341344886363636	0.046797727272727	0.111059090909091	0.037593750000000	0.033219886363636	0.322591477272727	0.107393181818182		1
000212:	0.089998863636364	0.095751136363636	0.209943750000000	0.024588636363636	0.094772727272727	0.314530113636364	0.170414772727273		1
000213:	0.048078977272727	0.022031818181818	0.526353977272727	0.007813068181818	0.020989204545455	0.226984090909091	0.147748863636364		1
000214:	0.116386363636364	0.102229545454545	0.124275000000000	0.045677272727273	0.058148863636364	0.492037500000000	0.061245454545455		1
000215:	0.099749431818182	0.049731250000000	0.233586931818182	0.020098863636364	0.124757386363636	0.193861363636364	0.278214772727273		1
000216:	0.037163068181818	0.033005681818182	0.285061363636364	0.022769318181818	0.031232954545455	0.165963068181818	0.424804545454545		1
000217:	0.042139772727273	0.021683522727273	0.400640909090909	0.018167045454545	0.084344318181818	0.348511363636364	0.084513068181818		1
000218:	0.076531250000000	0.021191477272727	0.120201136363636	0.011540340909091	0.059407386363636	0.563384090909091	0.147744318181818		1
000219:	0.176544886363636	0.016960795454545	0.286663068181818	0.011374431818182	0.023463068181818	0.439659090909091	0.045334659090909		1
000220:	0.056564772727273	0.012619886363636	0.113873295454545	0.008538636363636	0.021606818181818	0.704812500000000	0.081984090909091		1
000221:	0.099491477272727	0.018278409090909	0.156692613636364	0.016186931818182	0.054976136363636	0.542909659090909	0.111464772727273		1
000222:	0.025986931818182	0.013053977272727	0.053700000000000	0.007844318181818	0.059952272727273	0.145915340909091	0.693547159090909		1
000223:	0.317967613636364	0.058307386363636	0.078314772727273	0.047690340909091	0.040571590909091	0.143422159090909	0.313726136363636		1
000224:	0.002535795454545	0.002658522727273	0.003942613636364	0.684263636363636	0.013160227272727	0.291093750000000	0.002345454545455		1
000225:	0.764251136363636	0.029150568181818	0.025186931818182	0.097582954545455	0.032044886363636	0.021523863636364	0.030259659090909		1
000226:	0.339906818181818	0.110308522727273	0.031444318181818	0.055894886363636	0.199348863636364	0.164523295454545	0.098573295454545		1
000227:	0.226832386363636	0.269092613636364	0.032377272727273	0.161617613636364	0.191266477272727	0.053248863636364	0.065564772727273		1
000228:	0.023678977272727	0.017546022727273	0.043786931818182	0.724600568181818	0.145400568181818	0.020010227272727	0.024976704545455		1
000229:	0.734481250000000	0.018557954545455	0.017892045454545	0.070677840909091	0.089748295454545	0.029291477272727	0.039351136363636		1
000230:	0.031763636363636	0.022620454545455	0.190544886363636	0.050319886363636	0.533230113636364	0.060611363636364	0.110909659090909		1
000231:	0.275592613636364	0.146561363636364	0.108529545454545	0.312233522727273	0.083532386363636	0.042494318181818	0.031056250000000		1
000232:	0.045536363636364	0.034158522727273	0.034797727272727	0.123692045454545	0.502458522727273	0.095810795454545	0.163546022727273		1
000233:	0.159346022727273	0.378117613636364	0.054789204545455	0.248042613636364	0.101536931818182	0.031203977272727	0.026963636363636		1
000234:	0.092049431818182	0.069998295454545	0.016421590909091	0.639507954545455	0.111259090909091	0.044305113636364	0.026458522727273		1
000235:	0.018797727272727	0.008367613636364	0.008455113636364	0.900115909090909	0.019846022727273	0.017073295454545	0.027344318181818		1
000236:	0.011444318181818	0.009350568181818	0.043833522727273	0.274697727272727	0.477006250000000	0.007270454545455	0.176397159090909		1
000237:	0.192140909090909	0.081890909090909	0.024103409090909	0.540631818181818	0.087623295454545	0.027861363636364	0.045748295454545		1
000238:	0.028019886363636	0.022082954545455	0.030688636363636	0.048713636363636	0.027102840909091	0.016696022727273	0.826696022727273		1
000239:	0.239568750000000	0.063676136363636	0.043968750000000	0.261356250000000	0.212370454545455	0.061984659090909	0.117075000000000		1
000240:	0.034872727272727	0.033685227272727	0.012026136363636	0.041896022727273	0.824588068181818	0.030180113636364	0.022751704545455		1
000241:	0.096342613636364	0.212407954545455	0.039842045454545	0.135922727272727	0.112499431818182	0.081875568181818	0.321109659090909		1
000242:	0.077975000000000	0.223719886363636	0.075243750000000	0.480567613636364	0.042209659090909	0.033094318181818	0.067189772727273		1
000243:	0.019378409090909	0.043909090909091	0.027753409090909	0.191215340909091	0.625131250000000	0.012094886363636	0.080517613636364		1
000244:	0.137227272727273	0.068072727272727	0.048647727272727	0.106467045454545	0.511508522727273	0.071083522727273	0.056993181818182		1
000245:	0.412039772727273	0.082555113636364	0.032386931818182	0.074466477272727	0.321818181818182	0.041028977272727	0.035704545454545		1
000246:	0.155920454545455	0.104244886363636	0.045495454545455	0.446256250000000	0.157606250000000	0.032811931818182	0.057664772727273		1
000247:	0.235947727272727	0.107509659090909	0.062630681818182	0.298235795454545	0.127567613636364	0.083848295454545	0.084260227272727		1
000248:	0.619009659090909	0.015191477272727	0.030979545454545	0.045117613636364	0.210697159090909	0.046069886363636	0.032934659090909		1
000249:	0.059516477272727	0.048048863636364	0.023002272727273	0.392597727272727	0.412555113636364	0.026160227272727	0.038119318181818		1
000250:	0.584089772727273	0.078317613636364	0.021948295454545	0.187018750000000	0.059869886363636	0.025207954545455	0.043547727272727		1
000251:	0.203626136363636	0.183750568181818	0.026176136363636	0.212398295454545	0.241076704545455	0.066630681818182	0.066341477272727		1
000252:	0.066814204545455	0.053939204545455	0.082785227272727	0.100610795454545	0.470530681818182	0.037685795454545	0.187634090909091		1
000253:	0.199525000000000	0.024980113636364	0.034914772727273	0.249754545454545	0.443473295454545	0.012195454545455	0.035156818181818		1
000254:	0.140982954545455	0.040144318181818	0.047286931818182	0.284976136363636	0.224279545454545	0.130114204545455	0.132215909090909		1
000255:	0.227532386363636	0.048184090909091	0.064328977272727	0.267797159090909	0.238656818181818	0.064623863636364	0.088876704545455		1
000256:	0.780293181818182	0.035298863636364	0.025751704545455	0.033138068181818	0.062885227272727	0.034694886363636	0.027938068181818		1
000257:	0.070425568181818	0.025333522727273	0.131138068181818	0.075325000000000	0.103441477272727	0.048608522727273	0.545727840909091		1
000258:	0.593707386363636	0.083328409090909	0.023056250000000	0.034657954545455	0.072991477272727	0.141042613636364	0.051215909090909		1
000259:	0.016811363636364	0.053889772727273	0.023601704545455	0.016007386363636	0.016540340909091	0.017002840909091	0.856146590909091		1
000260:	0.071203977272727	0.114901704545455	0.034877840909091	0.065221590909091	0.636262500000000	0.038562500000000	0.038969886363636		1
000261:	0.109932954545455	0.026217613636364	0.036675568181818	0.125371022727273	0.354662500000000	0.049759090909091	0.297381250000000		1
000262:	0.025632954545455	0.181065340909091	0.102824431818182	0.047370454545455	0.129947727272727	0.018528409090909	0.494630681818182		1
000263:	0.199389772727273	0.123454545454545	0.085847159090909	0.074657386363636	0.097850568181818	0.319899431818182	0.098901136363636		1
000264:	0.072126136363636	0.019637500000000	0.028301704545455	0.036348863636364	0.050423295454545	0.036538636363636	0.756623863636364		1
000265:	0.652650568181818	0.019454545454545	0.052702272727273	0.047193181818182	0.078753409090909	0.110303977272727	0.038942045454545		1
000266:	0.853776136363636	0.020951136363636	0.008807954545455	0.024937500000000	0.058623295454545	0.011182386363636	0.021721590909091		1
000267:	0.266284659090909	0.055914772727273	0.025212500000000	0.248712500000000	0.309565909090909	0.060184090909091	0.034125568181818		1
000268:	0.540364772727273	0.029841477272727	0.039696590909091	0.044306250000000	0.098382386363636	0.116002272727273	0.131406250000000		1
000269:	0.213208522727273	0.055831818181818	0.051757386363636	0.566544886363636	0.052682954545455	0.023202840909091	0.036771590909091		1
000270:	0.013070454545455	0.008757954545455	0.009427840909091	0.012100568181818	0.009175000000000	0.008062500000000	0.939405681818182		1
000271:	0.031238068181818	0.019610795454545	0.023118181818182	0.551564772727273	0.122751704545455	0.024996022727273	0.226720454545455		1
000272:	0.047315340909091	0.078084659090909	0.081213068181818	0.361669886363636	0.216888068181818	0.050461931818182	0.164367045454545		1
000273:	0.395003977272727	0.016480113636364	0.124695454545455	0.080447159090909	0.067283522727273	0.010717613636364	0.305372159090909		1
000274:	0.168790340909091	0.030155681818182	0.061195454545455	0.571050000000000	0.082516477272727	0.024493750000000	0.061798295454545		1
000275:	0.602960227272727	0.067301704545455	0.031692045454545	0.067716477272727	0.123504545454545	0.041827840909091	0.064997159090909		1
000276:	0.020088068181818	0.016239772727273	0.038468181818182	0.263426704545455	0.081739772727273	0.072531250000000	0.507506250000000		1
000277:	0.075387500000000	0.022448863636364	0.039398295454545	0.686052272727273	0.077220454545455	0.025925000000000	0.073567613636364		1
000278:	0.605412500000000	0.036154545454545	0.039286931818182	0.131823863636364	0.089496022727273	0.060064204545455	0.037761931818182		1
000279:	0.179293181818182	0.034535795454545	0.025356250000000	0.680652272727273	0.040052272727273	0.018056250000000	0.022053977272727		1
000280:	0.044094886363636	0.035323295454545	0.016206818181818	0.121762500000000	0.266122159090909	0.112498863636364	0.403991477272727		1
000281:	0.029917613636364	0.031634659090909	0.038135227272727	0.334146022727273	0.045659659090909	0.029597159090909	0.490909659090909		1
000282:	0.111965909090909	0.207981818181818	0.046947727272727	0.250814772727273	0.160566477272727	0.098846590909091	0.122876704545455		1
000283:	0.016909090909091	0.015397159090909	0.056342613636364	0.028281250000000	0.084562500000000	0.015205113636364	0.783302272727273		1
000284:	0.230411931818182	0.028227840909091	0.031326136363636	0.319806818181818	0.278884090909091	0.043362500000000	0.067980681818182		1
000285:	0.003347159090909	0.002092613636364	0.003836363636364	0.755535227272727	0.229593181818182	0.002345454545455	0.003250000000000		1
000286:	0.177036363636364	0.056328409090909	0.053602840909091	0.344793181818182	0.092540909090909	0.052274431818182	0.223423863636364		1
000287:	0.352036931818182	0.018915340909091	0.031239772727273	0.282097727272727	0.054734090909091	0.032138068181818	0.228838068181818		1
000288:	0.313057954545455	0.038975568181818	0.057165340909091	0.355923295454545	0.127168750000000	0.026375568181818	0.081333522727273		1
