Estimated Clustering Probabilities for Samples
Sample	***Cluster  01***	***Cluster  02***	***Cluster  03***	***Cluster  04***	***Cluster  05***	***Cluster  06***	***Cluster  07***	***Cluster  08***	
000001:	0.080015340909091	0.022198295454545	0.138942613636364	0.124774431818182	0.067497159090909	0.058806250000000	0.053316477272727	0.454449431818182		1
000002:	0.019253977272727	0.003302272727273	0.040811931818182	0.087889772727273	0.011773295454545	0.024931250000000	0.015869886363636	0.796167613636364		1
000003:	0.214938068181818	0.010599431818182	0.025992045454545	0.025779545454545	0.016776704545455	0.488612500000000	0.038143181818182	0.179158522727273		1
000004:	0.106882386363636	0.006859659090909	0.033259659090909	0.380271022727273	0.012426136363636	0.022485795454545	0.019955681818182	0.417859659090909		1
000005:	0.040441477272727	0.006980113636364	0.078877272727273	0.098173863636364	0.028928409090909	0.049330113636364	0.068674431818182	0.628594318181818		1
000006:	0.204089204545455	0.002717045454545	0.064307954545455	0.064407386363636	0.122590340909091	0.038725568181818	0.011044886363636	0.492117613636364		1
000007:	0.021966477272727	0.009530113636364	0.022101136363636	0.097903977272727	0.032793750000000	0.116064204545455	0.104850568181818	0.594789772727273		1
000008:	0.018713636363636	0.769835227272727	0.001763636363636	0.059001136363636	0.002729545454545	0.002310227272727	0.000752840909091	0.144893750000000		1
000009:	0.039182386363636	0.006846590909091	0.042052840909091	0.160777840909091	0.012890909090909	0.019535227272727	0.046562500000000	0.672151704545455		1
000010:	0.069919886363636	0.013021022727273	0.077415909090909	0.209530113636364	0.030793181818182	0.046197159090909	0.057742613636364	0.495380113636364		1
000011:	0.101071590909091	0.035114772727273	0.172987500000000	0.037716477272727	0.093942045454545	0.454000000000000	0.048260227272727	0.056907386363636		1
000012:	0.072145454545455	0.084676704545455	0.218209090909091	0.154294318181818	0.026417613636364	0.068718181818182	0.312061363636364	0.063477272727273		1
000013:	0.210940909090909	0.346575000000000	0.134219318181818	0.108038636363636	0.026638068181818	0.042848863636364	0.091682386363636	0.039056818181818		1
000014:	0.436746022727273	0.046767613636364	0.029884090909091	0.410626704545455	0.017380681818182	0.014982386363636	0.022228409090909	0.021384090909091		1
000015:	0.125302272727273	0.845838068181818	0.015428977272727	0.002036363636364	0.001881250000000	0.003559659090909	0.003875000000000	0.002078409090909		1
000016:	0.512626704545455	0.036535795454545	0.039253977272727	0.177781818181818	0.018513636363636	0.027831818181818	0.134680681818182	0.052775568181818		1
000017:	0.070890340909091	0.037600000000000	0.491232954545455	0.090980113636364	0.057403977272727	0.064006818181818	0.061364772727273	0.126521022727273		1
000018:	0.064261931818182	0.563978409090909	0.157073295454545	0.069071590909091	0.016780113636364	0.018182954545455	0.077456250000000	0.033195454545455		1
000019:	0.025644886363636	0.078273863636364	0.226025000000000	0.033523863636364	0.013135795454545	0.224439772727273	0.361236363636364	0.037720454545455		1
000020:	0.324256818181818	0.046461931818182	0.138850568181818	0.231460795454545	0.025939772727273	0.088275000000000	0.030353409090909	0.114401704545455		1
000021:	0.030569886363636	0.065436931818182	0.530902272727273	0.032398295454545	0.105753977272727	0.116552840909091	0.093330113636364	0.025055681818182		1
000022:	0.065359659090909	0.045845454545455	0.113359090909091	0.075670454545455	0.028519318181818	0.034296022727273	0.608067613636364	0.028882386363636		1
000023:	0.091298863636364	0.096976136363636	0.119359090909091	0.133356818181818	0.052669886363636	0.131179545454545	0.343030681818182	0.032128977272727		1
000024:	0.829510795454545	0.036347159090909	0.021265909090909	0.073256818181818	0.005706250000000	0.010624431818182	0.005230113636364	0.018058522727273		1
000025:	0.005658522727273	0.000838636363636	0.002198863636364	0.001413068181818	0.000392045454545	0.000141477272727	0.988528977272727	0.000828409090909		1
000026:	0.019880681818182	0.082130113636364	0.150639204545455	0.024074431818182	0.017715909090909	0.024140909090909	0.661671022727273	0.019747727272727		1
000027:	0.042934090909091	0.152901704545455	0.583653409090909	0.060067045454545	0.018397159090909	0.035437500000000	0.072544886363636	0.034064204545455		1
000028:	0.021551136363636	0.025450000000000	0.198810795454545	0.447174431818182	0.198321022727273	0.035013636363636	0.038698863636364	0.034980113636364		1
000029:	0.141523863636364	0.116046590909091	0.390119318181818	0.064953977272727	0.037784090909091	0.098507954545455	0.091731818181818	0.059332386363636		1
000030:	0.039303409090909	0.040625568181818	0.046350000000000	0.050693750000000	0.019253977272727	0.035669318181818	0.744362500000000	0.023741477272727		1
000031:	0.014752272727273	0.231407954545455	0.087515340909091	0.004616477272727	0.012600000000000	0.630525568181818	0.010860795454545	0.007721590909091		1
000032:	0.054259090909091	0.102769886363636	0.602967613636364	0.025623863636364	0.032499431818182	0.101980113636364	0.048087500000000	0.031812500000000		1
000033:	0.118067045454545	0.073831250000000	0.132600000000000	0.034286931818182	0.046951136363636	0.139885795454545	0.387996022727273	0.066381818181818		1
000034:	0.510727272727273	0.085148863636364	0.038503977272727	0.300581818181818	0.008352272727273	0.010918181818182	0.016515340909091	0.029252272727273		1
000035:	0.041271022727273	0.184890909090909	0.335662500000000	0.025598863636364	0.038370454545455	0.274681818181818	0.069730681818182	0.029793750000000		1
000036:	0.078240909090909	0.058760795454545	0.306916477272727	0.289211931818182	0.064350568181818	0.053761931818182	0.093594886363636	0.055162500000000		1
000037:	0.079662500000000	0.260628977272727	0.399647159090909	0.056111931818182	0.021011363636364	0.066220454545455	0.095203977272727	0.021513636363636		1
000038:	0.041784659090909	0.161031250000000	0.007390340909091	0.016228977272727	0.002680681818182	0.003423295454545	0.765216477272727	0.002244318181818		1
000039:	0.071888636363636	0.274946022727273	0.236268181818182	0.112065909090909	0.023189204545455	0.052649431818182	0.140281818181818	0.088710795454545		1
000040:	0.550986931818182	0.089340340909091	0.044930681818182	0.190144886363636	0.019123295454545	0.015100000000000	0.022551136363636	0.067822727272727		1
000041:	0.149589772727273	0.116222159090909	0.396713636363636	0.111620454545455	0.028920454545455	0.051490909090909	0.088386363636364	0.057056250000000		1
000042:	0.090476136363636	0.126971590909091	0.230597727272727	0.044765909090909	0.020646022727273	0.046215909090909	0.386868181818182	0.053458522727273		1
000043:	0.078496590909091	0.058702272727273	0.297584659090909	0.130625568181818	0.032255681818182	0.263013636363636	0.053181818181818	0.086139772727273		1
000044:	0.034175000000000	0.056487500000000	0.102863068181818	0.053064204545455	0.020421590909091	0.086102840909091	0.594793750000000	0.052092045454545		1
000045:	0.046493750000000	0.115410227272727	0.646452272727273	0.036352840909091	0.026557954545455	0.054602272727273	0.035910227272727	0.038220454545455		1
000046:	0.084103409090909	0.124919318181818	0.121750000000000	0.058892613636364	0.168581818181818	0.051455681818182	0.323244318181818	0.067052840909091		1
000047:	0.263150000000000	0.081193181818182	0.133985227272727	0.151061931818182	0.035067613636364	0.042221590909091	0.108869886363636	0.184450568181818		1
000048:	0.055597159090909	0.044573863636364	0.074140340909091	0.132227272727273	0.027389204545455	0.376904545454545	0.108293750000000	0.180873863636364		1
000049:	0.012634659090909	0.014099431818182	0.013696590909091	0.011710227272727	0.007867045454545	0.762699431818182	0.022945454545455	0.154347159090909		1
000050:	0.010371022727273	0.004623295454545	0.079408522727273	0.025542045454545	0.652205681818182	0.004942045454545	0.203409659090909	0.019497727272727		1
000051:	0.291139204545455	0.010764204545455	0.024752840909091	0.567208522727273	0.009437500000000	0.016553977272727	0.036261363636364	0.043882386363636		1
000052:	0.702206818181818	0.022234090909091	0.038387500000000	0.121934659090909	0.005947159090909	0.008630681818182	0.027689204545455	0.072969886363636		1
000053:	0.195671590909091	0.039160227272727	0.144663068181818	0.095798863636364	0.033276704545455	0.031719318181818	0.326351704545455	0.133358522727273		1
000054:	0.080901136363636	0.292492613636364	0.149344318181818	0.086494886363636	0.037509090909091	0.103702840909091	0.133826704545455	0.115728409090909		1
000055:	0.071534659090909	0.022308522727273	0.040358522727273	0.680890909090909	0.019463068181818	0.066509659090909	0.035339772727273	0.063594886363636		1
000056:	0.026255113636364	0.090777272727273	0.033802272727273	0.645998863636364	0.008313636363636	0.024471022727273	0.120867613636364	0.049514204545455		1
000057:	0.070703409090909	0.058762500000000	0.238138068181818	0.119796590909091	0.038786363636364	0.034401704545455	0.190828977272727	0.248582386363636		1
000058:	0.027867613636364	0.023325568181818	0.045442613636364	0.020567613636364	0.014484090909091	0.670755681818182	0.158348295454545	0.039208522727273		1
000059:	0.025585227272727	0.078718750000000	0.285289772727273	0.055651704545455	0.023384090909091	0.082648295454545	0.392843181818182	0.055878977272727		1
000060:	0.063452272727273	0.029950000000000	0.087933522727273	0.091686931818182	0.039925000000000	0.163172159090909	0.400967613636364	0.122912500000000		1
000061:	0.040873295454545	0.022744886363636	0.071059659090909	0.057803977272727	0.024686931818182	0.396624431818182	0.340463068181818	0.045743750000000		1
000062:	0.459519318181818	0.023515340909091	0.031142613636364	0.202409659090909	0.018410227272727	0.061306818181818	0.042468181818182	0.161227840909091		1
000063:	0.327261931818182	0.033693750000000	0.039315340909091	0.176990340909091	0.018695454545455	0.022712500000000	0.052289204545455	0.329041477272727		1
000064:	0.423879545454545	0.020935795454545	0.029989772727273	0.219727272727273	0.048881250000000	0.020027840909091	0.035141477272727	0.201417045454545		1
000065:	0.034268181818182	0.023415909090909	0.064436363636364	0.104651136363636	0.033981818181818	0.107042613636364	0.513247727272727	0.118956250000000		1
000066:	0.107850000000000	0.046963636363636	0.297256818181818	0.115942613636364	0.017406818181818	0.039698863636364	0.270306818181818	0.104574431818182		1
000067:	0.308396022727273	0.022670454545455	0.038122727272727	0.248777272727273	0.019353409090909	0.029225000000000	0.023080113636364	0.310375000000000		1
000068:	0.004841477272727	0.011681818181818	0.109237500000000	0.006648295454545	0.008480113636364	0.810722727272727	0.038659090909091	0.009728977272727		1
000069:	0.076378977272727	0.041379545454545	0.269569886363636	0.184398295454545	0.021803977272727	0.126194886363636	0.195875568181818	0.084398863636364		1
000070:	0.132232954545455	0.056169318181818	0.069593750000000	0.233600568181818	0.045325568181818	0.054494318181818	0.342857954545455	0.065725568181818		1
000071:	0.005622727272727	0.002133522727273	0.004399431818182	0.001577840909091	0.005278409090909	0.926368181818182	0.049913636363636	0.004706250000000		1
000072:	0.074616477272727	0.025360227272727	0.076551136363636	0.087736363636364	0.035392613636364	0.104752840909091	0.482682954545455	0.112907386363636		1
000073:	0.034440909090909	0.019667613636364	0.128263636363636	0.682050000000000	0.018634659090909	0.017218181818182	0.046269886363636	0.053455113636364		1
000074:	0.211985795454545	0.235430113636364	0.091686931818182	0.180667613636364	0.033210227272727	0.030832954545455	0.161609659090909	0.054576704545455		1
000075:	0.083595454545455	0.142162500000000	0.223498295454545	0.122496022727273	0.049346022727273	0.205783522727273	0.092551704545455	0.080566477272727		1
000076:	0.021146022727273	0.379898863636364	0.073281250000000	0.038373295454545	0.247184090909091	0.120613636363636	0.060010227272727	0.059492613636364		1
000077:	0.088061363636364	0.118823863636364	0.119910227272727	0.101815340909091	0.123685227272727	0.098579545454545	0.189777840909091	0.159346590909091		1
000078:	0.099871590909091	0.028864772727273	0.105502840909091	0.117614204545455	0.031907954545455	0.203719318181818	0.229965340909091	0.182553977272727		1
000079:	0.059772727272727	0.111278409090909	0.324905681818182	0.056926704545455	0.036414204545455	0.080765340909091	0.152979545454545	0.176957386363636		1
000080:	0.027653977272727	0.161041477272727	0.286005681818182	0.046175000000000	0.042848863636364	0.139453409090909	0.225847159090909	0.070974431818182		1
000081:	0.040422159090909	0.031855113636364	0.125471022727273	0.259393750000000	0.027839204545455	0.108242613636364	0.298034659090909	0.108741477272727		1
000082:	0.024859090909091	0.014147159090909	0.024827272727273	0.323561363636364	0.014812500000000	0.039486363636364	0.509554545454545	0.048751704545455		1
000083:	0.030010795454545	0.045444886363636	0.109802840909091	0.169761931818182	0.050356250000000	0.181544318181818	0.338223295454545	0.074855681818182		1
000084:	0.752327272727273	0.023188068181818	0.042227272727273	0.035825000000000	0.058455113636364	0.041264204545455	0.016341477272727	0.030371590909091		1
000085:	0.113947727272727	0.060309659090909	0.277589204545455	0.109158522727273	0.054616477272727	0.117614204545455	0.080568750000000	0.186195454545455		1
000086:	0.312060227272727	0.123135227272727	0.104563636363636	0.078671590909091	0.058091477272727	0.060808522727273	0.157663636363636	0.105005681818182		1
000087:	0.010466477272727	0.015361931818182	0.073247727272727	0.013592045454545	0.006066477272727	0.007573863636364	0.821815340909091	0.051876136363636		1
000088:	0.032635795454545	0.068938068181818	0.545557386363636	0.055581250000000	0.025656250000000	0.028356250000000	0.161952272727273	0.081322727272727		1
000089:	0.927928977272727	0.002126704545455	0.021000000000000	0.001015340909091	0.000872159090909	0.001402272727273	0.008030681818182	0.037623863636364		1
000090:	0.084824431818182	0.321148295454545	0.055461931818182	0.126427272727273	0.016218181818182	0.020107954545455	0.335306818181818	0.040505113636364		1
000091:	0.112659659090909	0.273166477272727	0.085996022727273	0.024147727272727	0.088994318181818	0.098586363636364	0.255572727272727	0.060876704545455		1
000092:	0.029511363636364	0.029309090909091	0.023309090909091	0.075795454545455	0.025736363636364	0.061560227272727	0.712698295454545	0.042080113636364		1
000093:	0.041507386363636	0.159777272727273	0.259246590909091	0.200964204545455	0.066853409090909	0.043768181818182	0.073276704545455	0.154606250000000		1
000094:	0.061629545454545	0.108315909090909	0.113635227272727	0.055442045454545	0.044578977272727	0.148764204545455	0.372918750000000	0.094715340909091		1
000095:	0.057796022727273	0.032608522727273	0.066947159090909	0.322755681818182	0.033260795454545	0.071877840909091	0.336176136363636	0.078577840909091		1
000096:	0.431275000000000	0.013949431818182	0.045860795454545	0.379384090909091	0.008306818181818	0.012845454545455	0.066770454545455	0.041607954545455		1
000097:	0.037385795454545	0.046865340909091	0.239735795454545	0.051759659090909	0.015437500000000	0.121820454545455	0.442393750000000	0.044601704545455		1
000098:	0.017802840909091	0.025547159090909	0.183718750000000	0.030268181818182	0.008959659090909	0.132403977272727	0.564676136363636	0.036623295454545		1
000099:	0.148142613636364	0.045083522727273	0.097343181818182	0.111550568181818	0.015450000000000	0.385122727272727	0.142997727272727	0.054309659090909		1
000100:	0.149843181818182	0.034596590909091	0.063191477272727	0.280094886363636	0.013661931818182	0.034821590909091	0.338913636363636	0.084876704545455		1
000101:	0.057281250000000	0.022834090909091	0.662615909090909	0.034354545454545	0.008990340909091	0.043811931818182	0.072016477272727	0.098095454545455		1
000102:	0.215009090909091	0.060972727272727	0.247365340909091	0.114465909090909	0.022125000000000	0.038078409090909	0.223917613636364	0.078065909090909		1
000103:	0.032937500000000	0.054926136363636	0.081125000000000	0.071870454545455	0.027957386363636	0.264293750000000	0.409667613636364	0.057222159090909		1
000104:	0.668431250000000	0.014328409090909	0.064947727272727	0.096950568181818	0.008502840909091	0.011344318181818	0.031589204545455	0.103905681818182		1
000105:	0.266239772727273	0.066188068181818	0.343685795454545	0.061107954545455	0.013505681818182	0.020688636363636	0.171329545454545	0.057254545454545		1
000106:	0.033934090909091	0.049580113636364	0.615476136363636	0.045534659090909	0.029036363636364	0.032419318181818	0.126268181818182	0.067751136363636		1
000107:	0.001852840909091	0.514964772727273	0.004377840909091	0.002423295454545	0.003379545454545	0.001413636363636	0.458967045454545	0.012621022727273		1
000108:	0.715146022727273	0.019973863636364	0.055253977272727	0.140020454545455	0.012160227272727	0.008590340909091	0.028544886363636	0.020310227272727		1
000109:	0.045570454545455	0.063769886363636	0.378843750000000	0.066640340909091	0.100877272727273	0.134634659090909	0.134238068181818	0.075425568181818		1
000110:	0.091840909090909	0.549546590909091	0.044002840909091	0.046597727272727	0.074563636363636	0.055651136363636	0.086434659090909	0.051362500000000		1
000111:	0.334171022727273	0.043422727272727	0.068685227272727	0.094721022727273	0.039634659090909	0.061039204545455	0.221955681818182	0.136370454545455		1
000112:	0.059052840909091	0.151507954545455	0.308168750000000	0.017648863636364	0.014814772727273	0.109163068181818	0.281718750000000	0.057925000000000		1
000113:	0.076233522727273	0.053348863636364	0.108653977272727	0.146604545454545	0.024055113636364	0.039336931818182	0.416232954545455	0.135534090909091		1
000114:	0.031507386363636	0.028915340909091	0.059602272727273	0.028384659090909	0.046511363636364	0.026421590909091	0.639159090909091	0.139498295454545		1
000115:	0.032972159090909	0.040605681818182	0.071937500000000	0.078005113636364	0.015270454545455	0.086278977272727	0.619817613636364	0.055112500000000		1
000116:	0.159436931818182	0.032809090909091	0.058242045454545	0.382308522727273	0.021203409090909	0.028664772727273	0.205135227272727	0.112200000000000		1
000117:	0.047995454545455	0.076598295454545	0.404202272727273	0.165272159090909	0.031013068181818	0.046264204545455	0.056669318181818	0.171985227272727		1
000118:	0.123388068181818	0.038750568181818	0.055556250000000	0.359787500000000	0.038539772727273	0.089422159090909	0.120425568181818	0.174130113636364		1
000119:	0.118731818181818	0.074814772727273	0.296447727272727	0.118914204545455	0.023848295454545	0.052218181818182	0.258803977272727	0.056221022727273		1
000120:	0.107069886363636	0.014349431818182	0.038195454545455	0.037828977272727	0.008351704545455	0.018830681818182	0.076196022727273	0.699177840909091		1
000121:	0.075240909090909	0.126107386363636	0.091086363636364	0.139116477272727	0.041914204545455	0.089293750000000	0.377390909090909	0.059850000000000		1
000122:	0.006078977272727	0.005096022727273	0.182303409090909	0.779359090909091	0.003317613636364	0.012109659090909	0.008305113636364	0.003430113636364		1
000123:	0.022876704545455	0.027265340909091	0.059075000000000	0.039414204545455	0.014470454545455	0.300644318181818	0.492296022727273	0.043957954545455		1
000124:	0.038647159090909	0.085336931818182	0.341552840909091	0.043188068181818	0.090210227272727	0.121763636363636	0.126274431818182	0.153026704545455		1
000125:	0.073358522727273	0.038795454545455	0.134063636363636	0.089461363636364	0.148670454545455	0.112278977272727	0.039891477272727	0.363480113636364		1
000126:	0.012452272727273	0.010438068181818	0.009679545454545	0.012922159090909	0.582801704545455	0.008634090909091	0.003950000000000	0.359122159090909		1
000127:	0.122728409090909	0.081428409090909	0.177203409090909	0.155081818181818	0.041173295454545	0.073989772727273	0.153692613636364	0.194702272727273		1
000128:	0.049075568181818	0.022751704545455	0.122484090909091	0.099275000000000	0.021184090909091	0.031472159090909	0.577509659090909	0.076247727272727		1
000129:	0.023188068181818	0.238139204545455	0.194263636363636	0.051282386363636	0.029435227272727	0.062942613636364	0.353721022727273	0.047027840909091		1
000130:	0.059905113636364	0.046916477272727	0.052246590909091	0.078665340909091	0.058279545454545	0.301521022727273	0.336917045454545	0.065548863636364		1
000131:	0.039230681818182	0.057974431818182	0.221179545454545	0.082429545454545	0.031964772727273	0.101062500000000	0.339977840909091	0.126180681818182		1
000132:	0.542131250000000	0.025393181818182	0.130547159090909	0.131585795454545	0.014988068181818	0.042003977272727	0.022257386363636	0.091093181818182		1
000133:	0.174677840909091	0.107514204545455	0.196075000000000	0.029466477272727	0.300302840909091	0.026761931818182	0.062082954545455	0.103118750000000		1
000134:	0.055047727272727	0.096760795454545	0.149877840909091	0.056426704545455	0.019763068181818	0.118234659090909	0.302552272727273	0.201336931818182		1
000135:	0.023675000000000	0.287664772727273	0.256773295454545	0.048401136363636	0.020114772727273	0.048227840909091	0.241423863636364	0.073719318181818		1
000136:	0.041935795454545	0.047972727272727	0.056753409090909	0.064946590909091	0.028508522727273	0.048825000000000	0.584494318181818	0.126563636363636		1
000137:	0.022102840909091	0.094857954545455	0.081109090909091	0.023614772727273	0.031655113636364	0.026201704545455	0.693779545454545	0.026678977272727		1
000138:	0.034823295454545	0.037119886363636	0.172671022727273	0.142002272727273	0.042961931818182	0.061017045454545	0.303355113636364	0.206049431818182		1
000139:	0.039257954545455	0.039745454545455	0.307906250000000	0.189764772727273	0.110034090909091	0.047948863636364	0.138598295454545	0.126744318181818		1
000140:	0.015871590909091	0.813789204545455	0.091381250000000	0.012730113636364	0.014113068181818	0.006463636363636	0.027657954545455	0.017993181818182		1
000141:	0.494686931818182	0.031813636363636	0.053009090909091	0.072611363636364	0.049526704545455	0.047269886363636	0.066938068181818	0.184144318181818		1
000142:	0.054806250000000	0.059735227272727	0.136538068181818	0.114103409090909	0.013628409090909	0.018695454545455	0.561851704545455	0.040641477272727		1
000143:	0.054713636363636	0.051064772727273	0.413490909090909	0.068475568181818	0.020801704545455	0.202739772727273	0.069663068181818	0.119050568181818		1
000144:	0.004148295454545	0.057444886363636	0.010428977272727	0.061590909090909	0.009734090909091	0.003773295454545	0.845922159090909	0.006957386363636		1
000145:	0.446023863636364	0.059044318181818	0.051702272727273	0.292803977272727	0.028634090909091	0.038090909090909	0.030952840909091	0.052747727272727		1
000146:	0.034238636363636	0.259936363636364	0.157671590909091	0.304173295454545	0.045359659090909	0.024905113636364	0.057823863636364	0.115891477272727		1
000147:	0.036984659090909	0.021601704545455	0.084717613636364	0.126144318181818	0.010158522727273	0.055131250000000	0.522078409090909	0.143183522727273		1
000148:	0.012130681818182	0.015628977272727	0.023859090909091	0.031602840909091	0.005040909090909	0.010891477272727	0.874130681818182	0.026715340909091		1
000149:	0.050469318181818	0.041165340909091	0.127403977272727	0.349068181818182	0.014886931818182	0.308501136363636	0.030636363636364	0.077868750000000		1
000150:	0.059740340909091	0.170117045454545	0.472118750000000	0.051886363636364	0.019168750000000	0.044602272727273	0.118196022727273	0.064170454545455		1
000151:	0.147510795454545	0.031902272727273	0.069107954545455	0.060430113636364	0.027521022727273	0.027381250000000	0.072103977272727	0.564042613636364		1
000152:	0.086859659090909	0.078958522727273	0.104227272727273	0.178822727272727	0.053361363636364	0.193432954545455	0.186382386363636	0.117955113636364		1
000153:	0.070571590909091	0.053080113636364	0.539483522727273	0.131352840909091	0.024817045454545	0.043296022727273	0.082858522727273	0.054540340909091		1
000154:	0.280338068181818	0.036856250000000	0.043583522727273	0.382539204545455	0.021908522727273	0.025205113636364	0.099550000000000	0.110019318181818		1
000155:	0.192313068181818	0.063269318181818	0.082983522727273	0.346567613636364	0.014873295454545	0.049386931818182	0.205510795454545	0.045095454545455		1
000156:	0.256197727272727	0.043942613636364	0.422706250000000	0.073828409090909	0.023351704545455	0.047164772727273	0.077527840909091	0.055280681818182		1
000157:	0.031903409090909	0.742965340909091	0.008814772727273	0.022355681818182	0.070201704545455	0.007633522727273	0.002571022727273	0.113554545454545		1
000158:	0.110433522727273	0.012521590909091	0.112922727272727	0.098598295454545	0.091043181818182	0.059998295454545	0.050086931818182	0.464395454545455		1
000159:	0.450715340909091	0.034196590909091	0.114418750000000	0.075376704545455	0.110173863636364	0.039551136363636	0.028881250000000	0.146686363636364		1
000160:	0.070989204545455	0.012492613636364	0.015749431818182	0.026567045454545	0.341010795454545	0.031967045454545	0.027210227272727	0.474013636363636		1
000161:	0.034707386363636	0.007181818181818	0.013530681818182	0.122746022727273	0.033228977272727	0.026589772727273	0.008428409090909	0.753586931818182		1
000162:	0.029951136363636	0.333407386363636	0.113989772727273	0.048600568181818	0.133002840909091	0.048338068181818	0.045305113636364	0.247405113636364		1
000163:	0.039170454545455	0.008640909090909	0.031621590909091	0.311053977272727	0.025276136363636	0.142549431818182	0.031653977272727	0.410033522727273		1
000164:	0.141038636363636	0.007484090909091	0.013244886363636	0.237599431818182	0.035485227272727	0.020739772727273	0.050740340909091	0.493667613636364		1
000165:	0.040530113636364	0.012830113636364	0.016897159090909	0.069319318181818	0.026165909090909	0.028531250000000	0.025864204545455	0.779861931818182		1
000166:	0.009059090909091	0.002675568181818	0.008828977272727	0.568839772727273	0.007388636363636	0.008731250000000	0.010651704545455	0.383825000000000		1
000167:	0.050071022727273	0.024318181818182	0.076926136363636	0.245414772727273	0.059913636363636	0.066943181818182	0.140969318181818	0.335443750000000		1
000168:	0.154788636363636	0.037690340909091	0.218214204545455	0.238786931818182	0.017681818181818	0.114062500000000	0.120074431818182	0.098701136363636		1
000169:	0.031773863636364	0.037761931818182	0.218963068181818	0.109587500000000	0.015209090909091	0.444299431818182	0.064662500000000	0.077742613636364		1
000170:	0.027320454545455	0.015946590909091	0.019400568181818	0.014283522727273	0.004686363636364	0.051894318181818	0.801222727272727	0.065245454545455		1
000171:	0.457125568181818	0.017501136363636	0.025527840909091	0.428767045454545	0.004403409090909	0.010369318181818	0.013701704545455	0.042603977272727		1
000172:	0.046484659090909	0.059185795454545	0.112953977272727	0.384104545454545	0.032470454545455	0.054346022727273	0.158300568181818	0.152153977272727		1
000173:	0.034941477272727	0.026788636363636	0.343948295454545	0.143759659090909	0.018966477272727	0.090197727272727	0.151217045454545	0.190180681818182		1
000174:	0.014026704545455	0.037058522727273	0.091651136363636	0.024606818181818	0.004814772727273	0.008318750000000	0.786236363636364	0.033286931818182		1
000175:	0.816979545454545	0.029514204545455	0.027782954545455	0.033304545454545	0.021363068181818	0.010473863636364	0.024615340909091	0.035966477272727		1
000176:	0.125844318181818	0.034840909090909	0.207452840909091	0.048001136363636	0.099916477272727	0.048311363636364	0.260994318181818	0.174638636363636		1
000177:	0.068336363636364	0.039818750000000	0.127057386363636	0.104685795454545	0.012623863636364	0.071923295454545	0.492048863636364	0.083505681818182		1
000178:	0.087534090909091	0.052725568181818	0.071661363636364	0.461656250000000	0.005740909090909	0.058826704545455	0.205818181818182	0.056036931818182		1
000179:	0.041980681818182	0.016695454545455	0.064706818181818	0.125276704545455	0.002976136363636	0.028996590909091	0.014476136363636	0.704891477272727		1
000180:	0.805064772727273	0.021616477272727	0.033695454545455	0.047096590909091	0.007547727272727	0.017871590909091	0.019896022727273	0.047211363636364		1
000181:	0.001675000000000	0.159382954545455	0.004459090909091	0.001797159090909	0.000615340909091	0.001155113636364	0.001565909090909	0.829349431818182		1
000182:	0.074051704545455	0.101448295454545	0.183848295454545	0.359228977272727	0.016738636363636	0.049778977272727	0.139989772727273	0.074915340909091		1
000183:	0.637731818181818	0.015300568181818	0.048882386363636	0.147139772727273	0.016723863636364	0.020302840909091	0.069978409090909	0.043940340909091		1
000184:	0.051267045454545	0.039044886363636	0.113307386363636	0.105741477272727	0.011140340909091	0.030867613636364	0.489967613636364	0.158663636363636		1
000185:	0.116043750000000	0.171457954545455	0.210984659090909	0.060821022727273	0.015987500000000	0.059719886363636	0.295260227272727	0.069725000000000		1
000186:	0.801426704545455	0.027083522727273	0.036111363636364	0.035579545454545	0.037588636363636	0.013028977272727	0.025267613636364	0.023913636363636		1
000187:	0.787797159090909	0.024192045454545	0.038911363636364	0.058800568181818	0.012531250000000	0.014045454545455	0.017519318181818	0.046202840909091		1
000188:	0.172198863636364	0.043684090909091	0.075631818181818	0.072059090909091	0.066609090909091	0.245122727272727	0.097342613636364	0.227351704545455		1
000189:	0.021645454545455	0.018134090909091	0.081165340909091	0.111655681818182	0.011157386363636	0.473450000000000	0.248178409090909	0.034613636363636		1
000190:	0.050211931818182	0.042734090909091	0.124843750000000	0.073942613636364	0.020947727272727	0.049631818181818	0.294388068181818	0.343300000000000		1
000191:	0.054156818181818	0.028885795454545	0.333868181818182	0.282441477272727	0.010990909090909	0.063444886363636	0.137505681818182	0.088706250000000		1
000192:	0.063152840909091	0.086801704545455	0.563539204545455	0.031595454545455	0.043730681818182	0.044909659090909	0.090219318181818	0.076051136363636		1
000193:	0.107669886363636	0.057213636363636	0.322317045454545	0.082955681818182	0.012757386363636	0.145412500000000	0.199744318181818	0.071929545454545		1
000194:	0.052690340909091	0.042918750000000	0.046656818181818	0.030723863636364	0.015586931818182	0.061403409090909	0.673894318181818	0.076125568181818		1
000195:	0.109390340909091	0.024927272727273	0.577859659090909	0.059246590909091	0.011915340909091	0.031486931818182	0.126659090909091	0.058514772727273		1
000196:	0.206894886363636	0.016626704545455	0.045533522727273	0.075067045454545	0.103393750000000	0.131728409090909	0.037047159090909	0.383708522727273		1
000197:	0.326118181818182	0.012325568181818	0.144246022727273	0.061216477272727	0.049930113636364	0.053559090909091	0.059094886363636	0.293509659090909		1
000198:	0.080079545454545	0.075721590909091	0.178590340909091	0.109850000000000	0.054513068181818	0.051281250000000	0.088642045454545	0.361322159090909		1
000199:	0.022832954545455	0.011995454545455	0.017177840909091	0.082231818181818	0.071663068181818	0.039168750000000	0.014631818181818	0.740298295454546		1
000200:	0.037552272727273	0.017989204545455	0.031253409090909	0.061726136363636	0.033750000000000	0.029557386363636	0.022239204545455	0.765932386363636		1
000201:	0.203172159090909	0.008865909090909	0.017872727272727	0.252705113636364	0.029845454545455	0.026175000000000	0.058669318181818	0.402694318181818		1
000202:	0.116897727272727	0.128123295454545	0.111286931818182	0.128039204545455	0.023986363636364	0.048131818181818	0.303455681818182	0.140078977272727		1
000203:	0.007121022727273	0.010902840909091	0.012522159090909	0.005973863636364	0.000935227272727	0.878119318181818	0.003792045454545	0.080633522727273		1
000204:	0.279373863636364	0.043101704545455	0.041634090909091	0.229985795454545	0.034733522727273	0.053261931818182	0.160505113636364	0.157403977272727		1
000205:	0.091367045454545	0.060318181818182	0.064243750000000	0.132108522727273	0.036081250000000	0.047254545454545	0.435447727272727	0.133178977272727		1
000206:	0.077000000000000	0.032884659090909	0.037110795454545	0.009365909090909	0.661864204545455	0.006217613636364	0.158259659090909	0.017297159090909		1
000207:	0.027711363636364	0.036630681818182	0.540803977272727	0.032684090909091	0.048592045454545	0.153453409090909	0.048849431818182	0.111275000000000		1
000208:	0.105553409090909	0.030551136363636	0.114260795454545	0.248002272727273	0.039138068181818	0.037889772727273	0.297670454545455	0.126934090909091		1
000209:	0.334738068181818	0.021384090909091	0.068280681818182	0.365525568181818	0.039682954545455	0.024771022727273	0.033369318181818	0.112248295454545		1
000210:	0.116340909090909	0.039574431818182	0.129927272727273	0.405835795454545	0.035154545454545	0.091091477272727	0.064443750000000	0.117631818181818		1
000211:	0.057307386363636	0.030842613636364	0.103219318181818	0.533077272727273	0.028875000000000	0.044377272727273	0.050342045454545	0.151959090909091		1
000212:	0.095500000000000	0.022737500000000	0.025550568181818	0.051631250000000	0.555779545454545	0.018147727272727	0.019530113636364	0.211123295454545		1
000213:	0.051676136363636	0.014119886363636	0.029859090909091	0.629192045454545	0.055161931818182	0.026043181818182	0.027017613636364	0.166930113636364		1
000214:	0.038361363636364	0.070625568181818	0.068285795454545	0.066001704545455	0.045696022727273	0.188588636363636	0.045314772727273	0.477126136363636		1
000215:	0.064848863636364	0.039514204545455	0.093977272727273	0.083720454545455	0.121475568181818	0.231703409090909	0.252500000000000	0.112260227272727		1
000216:	0.177226704545455	0.015756250000000	0.043833522727273	0.177556250000000	0.119855113636364	0.029898295454545	0.040146590909091	0.395727272727273		1
000217:	0.120432954545455	0.085396022727273	0.021566477272727	0.169225000000000	0.038898863636364	0.016676704545455	0.030626704545455	0.517177272727273		1
000218:	0.045673295454545	0.010334090909091	0.023068181818182	0.151303409090909	0.050139772727273	0.069125568181818	0.042325000000000	0.608030681818182		1
000219:	0.006592045454545	0.003123295454545	0.004266477272727	0.026272727272727	0.043381250000000	0.005990340909091	0.018386363636364	0.891987500000000		1
000220:	0.028616477272727	0.006132954545455	0.006676704545455	0.094347727272727	0.046088636363636	0.018400568181818	0.053023295454545	0.746713636363636		1
000221:	0.018919318181818	0.005852840909091	0.014906818181818	0.055626704545455	0.018316477272727	0.038030113636364	0.612542045454545	0.235805681818182		1
000222:	0.167130681818182	0.011889204545455	0.021397159090909	0.146372159090909	0.034568750000000	0.021242613636364	0.066837500000000	0.530561931818182		1
000223:	0.165386931818182	0.056685227272727	0.049161363636364	0.150483522727273	0.058878409090909	0.119907954545455	0.142707954545455	0.256788636363636		1
000224:	0.051098863636364	0.103188636363636	0.043402840909091	0.033218181818182	0.038366477272727	0.111369318181818	0.592614204545455	0.026741477272727		1
000225:	0.009350000000000	0.048293750000000	0.062224431818182	0.346084090909091	0.033293750000000	0.006763636363636	0.457590909090909	0.036399431818182		1
000226:	0.107326136363636	0.039860227272727	0.069532954545455	0.079810795454545	0.109471590909091	0.036090340909091	0.501714204545455	0.056193750000000		1
000227:	0.061913068181818	0.090810795454545	0.323644318181818	0.026625568181818	0.079461931818182	0.050270454545455	0.290697159090909	0.076576704545455		1
000228:	0.023435227272727	0.719757954545455	0.018930113636364	0.021518181818182	0.125406818181818	0.016698863636364	0.032890909090909	0.041361931818182		1
000229:	0.019022159090909	0.063218750000000	0.015385795454545	0.066411931818182	0.032976704545455	0.043949431818182	0.695777272727273	0.063257954545455		1
000230:	0.051586931818182	0.042570454545455	0.022559090909091	0.024196022727273	0.253228409090909	0.052714772727273	0.381367613636364	0.171776704545455		1
000231:	0.043827840909091	0.097525000000000	0.182020454545455	0.050063636363636	0.068235795454545	0.100446590909091	0.368457386363636	0.089423295454545		1
000232:	0.170620454545455	0.084657386363636	0.043809659090909	0.134621022727273	0.301476704545455	0.045965909090909	0.099581818181818	0.119267045454545		1
000233:	0.040118750000000	0.103843181818182	0.100089204545455	0.021014772727273	0.065565340909091	0.262318181818182	0.378089204545455	0.028961363636364		1
000234:	0.010597727272727	0.247638636363636	0.014606818181818	0.004111931818182	0.029197727272727	0.008754545454545	0.639934659090909	0.045157954545455		1
000235:	0.030931250000000	0.713577840909091	0.031689772727273	0.041289772727273	0.038093181818182	0.025890909090909	0.102947159090909	0.015580113636364		1
000236:	0.256622727272727	0.161635795454545	0.057033522727273	0.038882386363636	0.228214772727273	0.095365909090909	0.122806250000000	0.039438636363636		1
000237:	0.039393750000000	0.318278977272727	0.096857386363636	0.020993750000000	0.063114204545455	0.174071022727273	0.261975568181818	0.025315340909091		1
000238:	0.419274431818182	0.064793750000000	0.028200000000000	0.065107954545455	0.059701704545455	0.123723863636364	0.190910227272727	0.048288068181818		1
000239:	0.021462500000000	0.016393181818182	0.007586931818182	0.007140340909091	0.011734090909091	0.908171022727273	0.018006818181818	0.009505113636364		1
000240:	0.017407954545455	0.036563636363636	0.022699431818182	0.015065909090909	0.794923863636364	0.024126704545455	0.079127840909091	0.010084659090909		1
000241:	0.228454545454545	0.093900568181818	0.139142613636364	0.055644318181818	0.106246022727273	0.055214772727273	0.133279545454545	0.188117613636364		1
000242:	0.045671022727273	0.283030681818182	0.277240340909091	0.036313068181818	0.058382954545455	0.081802272727273	0.156631250000000	0.060928409090909		1
000243:	0.020677272727273	0.204741477272727	0.032746590909091	0.012938636363636	0.627642045454545	0.035662500000000	0.038088636363636	0.027502840909091		1
000244:	0.062619886363636	0.098303409090909	0.040344318181818	0.033547159090909	0.186605681818182	0.401961363636364	0.130961363636364	0.045656818181818		1
000245:	0.026152272727273	0.053340340909091	0.028191477272727	0.023798863636364	0.078263636363636	0.181263068181818	0.572813068181818	0.036177272727273		1
000246:	0.020190340909091	0.295483522727273	0.055935227272727	0.025892613636364	0.070065909090909	0.358453977272727	0.154940909090909	0.019037500000000		1
000247:	0.053580681818182	0.293906818181818	0.088796022727273	0.048456818181818	0.128003977272727	0.066207954545455	0.253965340909091	0.067082386363636		1
000248:	0.023671022727273	0.030080681818182	0.011362500000000	0.013428977272727	0.038406250000000	0.827691477272727	0.028460795454545	0.026898295454545		1
000249:	0.027689204545455	0.310193750000000	0.030402840909091	0.013857954545455	0.251265340909091	0.055148295454545	0.278875568181818	0.032567045454545		1
000250:	0.090310795454545	0.052967045454545	0.015839772727273	0.011398295454545	0.019009659090909	0.083564772727273	0.719131250000000	0.007778409090909		1
000251:	0.049490340909091	0.183622727272727	0.131028409090909	0.030397727272727	0.192271590909091	0.043373295454545	0.324264204545455	0.045551704545455		1
000252:	0.134923295454545	0.111565340909091	0.103189772727273	0.034710795454545	0.211676136363636	0.312370454545455	0.027531818181818	0.064032386363636		1
000253:	0.052643181818182	0.619497159090909	0.027334659090909	0.038740909090909	0.110864204545455	0.047025000000000	0.052106250000000	0.051788636363636		1
000254:	0.050941477272727	0.079963636363636	0.019834090909091	0.024271022727273	0.077939204545455	0.031360227272727	0.643797727272727	0.071892613636364		1
000255:	0.010557386363636	0.041414772727273	0.009701704545455	0.007785227272727	0.039733522727273	0.011744318181818	0.831252840909091	0.047810227272727		1
