Estimated Clustering Probabilities for Samples
Sample	***Cluster  01***	***Cluster  02***	***Cluster  03***	***Cluster  04***	***Cluster  05***	***Cluster  06***	***Cluster  07***	***Cluster  08***	
000001:	0.218977840909091	0.050088068181818	0.085090909090909	0.030152272727273	0.007365909090909	0.101365909090909	0.478428977272727	0.028530113636364		1
000002:	0.698036363636364	0.015717613636364	0.061645454545455	0.053082954545455	0.008676136363636	0.125737500000000	0.020849431818182	0.016254545454545		1
000003:	0.867271022727273	0.014365909090909	0.047587500000000	0.023349431818182	0.010521022727273	0.013562500000000	0.018055681818182	0.005286931818182		1
000004:	0.790505113636364	0.001571590909091	0.002107954545455	0.000514772727273	0.000267045454545	0.202096022727273	0.001737500000000	0.001200000000000		1
000005:	0.518302272727273	0.009272727272727	0.023736363636364	0.017066477272727	0.002448295454545	0.387415909090909	0.020918750000000	0.020839204545455		1
000006:	0.000284659090909	0.000142045454545	0.000173295454545	0.000044318181818	0.000006250000000	0.998981818181818	0.000236363636364	0.000131250000000		1
000007:	0.589863068181818	0.044813068181818	0.032117613636364	0.020473295454545	0.005901136363636	0.252846022727273	0.018116477272727	0.035869318181818		1
000008:	0.611535227272727	0.018055113636364	0.040025568181818	0.010910227272727	0.026947727272727	0.246777840909091	0.027329545454545	0.018418750000000		1
000009:	0.513043181818182	0.032871022727273	0.143661931818182	0.019064204545455	0.015498295454545	0.215078409090909	0.027335227272727	0.033447727272727		1
000010:	0.005269318181818	0.000215340909091	0.000756818181818	0.977472727272727	0.000155681818182	0.001576704545455	0.000869886363636	0.013683522727273		1
000011:	0.200051704545455	0.067811363636364	0.234422727272727	0.150521590909091	0.061161363636364	0.056161931818182	0.140521022727273	0.089348295454545		1
000012:	0.043667613636364	0.216068750000000	0.158819886363636	0.126693181818182	0.099544318181818	0.016139772727273	0.146768181818182	0.192298295454545		1
000013:	0.061307386363636	0.023935795454545	0.148227272727273	0.105838636363636	0.226735795454545	0.029727272727273	0.125138636363636	0.279089204545455		1
000014:	0.031230113636364	0.029773863636364	0.540883522727273	0.044125568181818	0.020096590909091	0.214596022727273	0.016395454545455	0.102898863636364		1
000015:	0.395467613636364	0.025853409090909	0.152985795454545	0.037596590909091	0.038507954545455	0.035060227272727	0.218456818181818	0.096071590909091		1
000016:	0.032657386363636	0.011510795454545	0.824365909090909	0.023055113636364	0.019022727272727	0.018717613636364	0.028436931818182	0.042233522727273		1
000017:	0.221832386363636	0.065942613636364	0.143603409090909	0.084913068181818	0.028864204545455	0.037231818181818	0.266507954545455	0.151104545454545		1
000018:	0.044702272727273	0.024564204545455	0.056324431818182	0.039352840909091	0.128587500000000	0.026390340909091	0.033100000000000	0.646978409090909		1
000019:	0.644228409090909	0.004928409090909	0.012010795454545	0.115134659090909	0.009007386363636	0.138572727272727	0.025197159090909	0.050920454545455		1
000020:	0.245757954545455	0.014917045454545	0.478873295454545	0.030240340909091	0.013587500000000	0.028225568181818	0.023630113636364	0.164768181818182		1
000021:	0.028319318181818	0.044930113636364	0.034518750000000	0.528669886363636	0.042256250000000	0.022461931818182	0.091211363636364	0.207632386363636		1
000022:	0.327164204545455	0.014645454545455	0.080758522727273	0.184361363636364	0.040160795454545	0.026078977272727	0.096337500000000	0.230493181818182		1
000023:	0.040485227272727	0.016455113636364	0.053496590909091	0.555855113636364	0.057330113636364	0.182676704545455	0.023411931818182	0.070289204545455		1
000024:	0.043894318181818	0.009631818181818	0.745695454545454	0.039215909090909	0.055425568181818	0.024488068181818	0.024986363636364	0.056662500000000		1
000025:	0.024903977272727	0.010681250000000	0.103948295454545	0.295401136363636	0.163221590909091	0.034696022727273	0.031384090909091	0.335763636363636		1
000026:	0.115857386363636	0.048106818181818	0.048472727272727	0.101617045454545	0.089730113636364	0.030375000000000	0.134465340909091	0.431375568181818		1
000027:	0.159471022727273	0.011097159090909	0.036380113636364	0.026127272727273	0.059519886363636	0.025755681818182	0.029177272727273	0.652471590909091		1
000028:	0.218014772727273	0.156743750000000	0.114548295454545	0.185617613636364	0.044092613636364	0.027358522727273	0.115565909090909	0.138058522727273		1
000029:	0.162038636363636	0.057069318181818	0.136209659090909	0.060785795454545	0.071282954545455	0.062155681818182	0.079515340909091	0.370942613636364		1
000030:	0.077551704545455	0.041087500000000	0.112843750000000	0.421919886363636	0.110948295454545	0.044178977272727	0.115598295454545	0.075871590909091		1
000031:	0.033467045454545	0.016307954545455	0.060673295454545	0.060558522727273	0.063769886363636	0.044648295454545	0.080628409090909	0.639946590909091		1
000032:	0.036029545454545	0.037863636363636	0.075826136363636	0.022342045454545	0.053303977272727	0.066299431818182	0.483765909090909	0.224569318181818		1
000033:	0.143868750000000	0.071163068181818	0.068056250000000	0.094471022727273	0.066797727272727	0.047533522727273	0.346819886363636	0.161289772727273		1
000034:	0.009914204545455	0.006609090909091	0.819968750000000	0.015096022727273	0.092313636363636	0.007794318181818	0.021150568181818	0.027153409090909		1
000035:	0.016443750000000	0.019437500000000	0.062681250000000	0.688689772727273	0.080320454545455	0.036348863636364	0.024946022727273	0.071132386363636		1
000036:	0.159221590909091	0.070215340909091	0.176874431818182	0.132587500000000	0.045114772727273	0.048586363636364	0.101684090909091	0.265715909090909		1
000037:	0.138523295454545	0.020786931818182	0.130437500000000	0.027903977272727	0.093762500000000	0.012812500000000	0.102322159090909	0.473451136363636		1
000038:	0.024643750000000	0.036905681818182	0.080523295454545	0.732296022727273	0.041956818181818	0.019038636363636	0.025656250000000	0.038979545454545		1
000039:	0.069752840909091	0.027201704545455	0.073493181818182	0.081581250000000	0.104036931818182	0.046906818181818	0.375429545454545	0.221597727272727		1
000040:	0.020440909090909	0.009105681818182	0.836650000000000	0.013495454545455	0.056865909090909	0.011078977272727	0.010269318181818	0.042093750000000		1
000041:	0.048115340909091	0.042765909090909	0.323684090909091	0.045015340909091	0.037618181818182	0.038575000000000	0.085385227272727	0.378840909090909		1
000042:	0.055669318181818	0.025906250000000	0.107078409090909	0.251865909090909	0.142324431818182	0.076888636363636	0.164099431818182	0.176167613636364		1
000043:	0.275471022727273	0.027457954545455	0.157614204545455	0.090629545454545	0.046018750000000	0.172789204545455	0.088512500000000	0.141506818181818		1
000044:	0.167981818181818	0.053728409090909	0.131864204545455	0.143245454545455	0.049807386363636	0.039873295454545	0.070188636363636	0.343310795454545		1
000045:	0.051940909090909	0.015163636363636	0.078521590909091	0.014055113636364	0.098658522727273	0.009507954545455	0.223389772727273	0.508762500000000		1
000046:	0.067997727272727	0.173657386363636	0.094733522727273	0.142448295454545	0.064838636363636	0.047438068181818	0.135589772727273	0.273296590909091		1
000047:	0.103657954545455	0.037423863636364	0.099523863636364	0.157483522727273	0.113689204545455	0.163042045454545	0.172535795454545	0.152643750000000		1
000048:	0.826150000000000	0.008093750000000	0.103275000000000	0.009189204545455	0.016232386363636	0.011798295454545	0.012380681818182	0.012880681818182		1
000049:	0.783333522727273	0.001610227272727	0.005483522727273	0.194451704545455	0.001764772727273	0.005041477272727	0.003760227272727	0.004554545454545		1
000050:	0.114718750000000	0.039626136363636	0.513596590909091	0.049940340909091	0.034917613636364	0.072908522727273	0.087228977272727	0.087063068181818		1
000051:	0.066235795454545	0.009762500000000	0.828898295454545	0.015936363636364	0.008817613636364	0.027522727272727	0.022661931818182	0.020164772727273		1
000052:	0.060422727272727	0.017032386363636	0.806394886363636	0.014482954545455	0.015376704545455	0.040684090909091	0.030012500000000	0.015593750000000		1
000053:	0.186510227272727	0.016314772727273	0.393440909090909	0.041659659090909	0.032998295454545	0.068615340909091	0.112589772727273	0.147871022727273		1
000054:	0.092625568181818	0.041998863636364	0.090646590909091	0.263067613636364	0.118140909090909	0.091449431818182	0.102295454545455	0.199775568181818		1
000055:	0.264807386363636	0.022397727272727	0.426597159090909	0.034589772727273	0.023244886363636	0.057814204545455	0.094680681818182	0.075868181818182		1
000056:	0.342602272727273	0.036006818181818	0.102560795454545	0.082491477272727	0.034753409090909	0.057565909090909	0.236349431818182	0.107669886363636		1
000057:	0.146110795454545	0.046285795454545	0.198409659090909	0.068811363636364	0.024169886363636	0.062781818181818	0.084069318181818	0.369361363636364		1
000058:	0.046143181818182	0.035381818181818	0.019605113636364	0.692322159090909	0.067243750000000	0.021974431818182	0.096618181818182	0.020711363636364		1
000059:	0.082231818181818	0.026419886363636	0.029402272727273	0.189606250000000	0.070132386363636	0.025805113636364	0.408892045454545	0.167510227272727		1
000060:	0.231392613636364	0.043142045454545	0.131530681818182	0.219834659090909	0.023323295454545	0.032471022727273	0.262122159090909	0.056183522727273		1
000061:	0.286682386363636	0.026477840909091	0.116405681818182	0.113669886363636	0.038750568181818	0.071406250000000	0.197122727272727	0.149484659090909		1
000062:	0.031790909090909	0.015811363636364	0.861818181818182	0.013534090909091	0.014479545454545	0.014326704545455	0.023943181818182	0.024296022727273		1
000063:	0.072684659090909	0.014524431818182	0.787630681818182	0.010631250000000	0.011442045454545	0.057326704545455	0.020646022727273	0.025114204545455		1
000064:	0.018419318181818	0.003601136363636	0.017261363636364	0.003154545454545	0.002190909090909	0.945707954545455	0.003806250000000	0.005858522727273		1
000065:	0.549655113636364	0.041772727272727	0.108676136363636	0.090151136363636	0.028267613636364	0.058192045454545	0.079347159090909	0.043938068181818		1
000066:	0.123374431818182	0.024319318181818	0.074578977272727	0.031264772727273	0.016868181818182	0.039322727272727	0.557471022727273	0.132800568181818		1
000067:	0.158355681818182	0.036965340909091	0.669413068181818	0.024011363636364	0.017499431818182	0.035022159090909	0.026071022727273	0.032661931818182		1
000068:	0.065848863636364	0.004825000000000	0.037145454545455	0.354285795454545	0.368578409090909	0.012226704545455	0.118528409090909	0.038561363636364		1
000069:	0.162267613636364	0.021834090909091	0.064426704545455	0.114221022727273	0.022217613636364	0.024609659090909	0.440830113636364	0.149593181818182		1
000070:	0.000466477272727	0.001045454545455	0.082236931818182	0.000334659090909	0.000555681818182	0.001546022727273	0.913098295454545	0.000716477272727		1
000071:	0.069200000000000	0.070163068181818	0.057335227272727	0.161831818181818	0.041831818181818	0.022268181818182	0.523973295454545	0.053396590909091		1
000072:	0.393007954545455	0.036612500000000	0.109565909090909	0.120899431818182	0.031397159090909	0.091160227272727	0.167807954545455	0.049548863636364		1
000073:	0.577413068181818	0.028729545454545	0.086273863636364	0.037208522727273	0.028145454545455	0.086797727272727	0.087059090909091	0.068372727272727		1
000074:	0.092569318181818	0.037290909090909	0.170564772727273	0.103948863636364	0.089086931818182	0.038186931818182	0.084300568181818	0.384051704545455		1
000075:	0.225970454545455	0.035186931818182	0.126393181818182	0.044853409090909	0.092442045454545	0.099472159090909	0.050982954545455	0.324698863636364		1
000076:	0.064958522727273	0.557793750000000	0.031956818181818	0.083909090909091	0.028051704545455	0.024286363636364	0.111059090909091	0.097984659090909		1
000077:	0.104823863636364	0.249544318181818	0.128133522727273	0.078704545454545	0.078883522727273	0.053318750000000	0.203535227272727	0.103056250000000		1
000078:	0.323977272727273	0.041167613636364	0.121833522727273	0.047451136363636	0.031361363636364	0.035529545454545	0.359922727272727	0.038756818181818		1
000079:	0.074384090909091	0.055206818181818	0.067589772727273	0.359660227272727	0.053831250000000	0.044235227272727	0.281111363636364	0.063981250000000		1
000080:	0.095872727272727	0.046330113636364	0.031740909090909	0.078732386363636	0.383525568181818	0.022180681818182	0.275202840909091	0.066414772727273		1
000081:	0.661134090909091	0.026243181818182	0.048245454545455	0.058439772727273	0.015800000000000	0.058701136363636	0.050783522727273	0.080652840909091		1
000082:	0.157796590909091	0.043609090909091	0.101765909090909	0.094182954545455	0.017710795454545	0.146328977272727	0.342288068181818	0.096317613636364		1
000083:	0.476925568181818	0.036896022727273	0.036450568181818	0.035333522727273	0.037578977272727	0.046496590909091	0.213171590909091	0.117147159090909		1
000084:	0.029457954545455	0.024819318181818	0.754042045454545	0.086492613636364	0.022054545454545	0.034807386363636	0.023777840909091	0.024548295454545		1
000085:	0.182954545454545	0.069584659090909	0.114943181818182	0.099352272727273	0.043713636363636	0.040743750000000	0.084075568181818	0.364632386363636		1
000086:	0.066633522727273	0.045904545454545	0.445241477272727	0.173516477272727	0.087290340909091	0.042521022727273	0.043638068181818	0.095254545454545		1
000087:	0.060427272727273	0.013951136363636	0.118480113636364	0.017714772727273	0.007297727272727	0.191423863636364	0.549385227272727	0.041319886363636		1
000088:	0.102175568181818	0.028622727272727	0.046094318181818	0.050298863636364	0.029786931818182	0.019782954545455	0.332297159090909	0.390941477272727		1
000089:	0.071186931818182	0.050287500000000	0.078048863636364	0.064959090909091	0.047393750000000	0.055047727272727	0.230331250000000	0.402744886363636		1
000090:	0.085486363636364	0.023967045454545	0.106268750000000	0.160425000000000	0.076523295454545	0.030401704545455	0.053427840909091	0.463500000000000		1
000091:	0.031534659090909	0.070019318181818	0.043827840909091	0.650138636363636	0.063253977272727	0.032861363636364	0.037272727272727	0.071091477272727		1
000092:	0.248331818181818	0.046786931818182	0.094957954545455	0.162402272727273	0.059200000000000	0.079029545454545	0.207538068181818	0.101753409090909		1
000093:	0.148483522727273	0.056420454545455	0.117854545454545	0.021871022727273	0.069872727272727	0.040904545454545	0.199305113636364	0.345288068181818		1
000094:	0.159870454545455	0.063102272727273	0.077629545454545	0.085061931818182	0.081483522727273	0.039598863636364	0.332757386363636	0.160496022727273		1
000095:	0.403205681818182	0.051018181818182	0.173787500000000	0.071951704545455	0.030684659090909	0.078253977272727	0.128247727272727	0.062850568181818		1
000096:	0.081867613636364	0.015955113636364	0.785817045454545	0.010522159090909	0.020646590909091	0.020264204545455	0.033226136363636	0.031701136363636		1
000097:	0.081913636363636	0.013241477272727	0.026168750000000	0.102931818181818	0.031139204545455	0.021614772727273	0.578010795454545	0.144979545454545		1
000098:	0.131380681818182	0.017183522727273	0.036207386363636	0.417031250000000	0.025292045454545	0.028450568181818	0.215355113636364	0.129099431818182		1
000099:	0.084398295454545	0.015003977272727	0.335914772727273	0.265644886363636	0.024792045454545	0.046373295454545	0.078401704545455	0.149471022727273		1
000100:	0.177673863636364	0.011938068181818	0.480921590909091	0.082047159090909	0.036950000000000	0.042640340909091	0.074873295454545	0.092955681818182		1
000101:	0.106702840909091	0.018660227272727	0.080211931818182	0.042065909090909	0.019859659090909	0.074689772727273	0.104072727272727	0.553736931818182		1
000102:	0.011109659090909	0.000301704545455	0.912205681818182	0.003286363636364	0.007714204545455	0.001453409090909	0.060552840909091	0.003376136363636		1
000103:	0.174857954545455	0.027705681818182	0.050478977272727	0.058523863636364	0.383839772727273	0.017069318181818	0.241963636363636	0.045560795454545		1
000104:	0.090197727272727	0.015285227272727	0.688694318181818	0.051727840909091	0.019518750000000	0.031251136363636	0.038025568181818	0.065299431818182		1
000105:	0.075187500000000	0.023332386363636	0.216403409090909	0.085523863636364	0.040450568181818	0.037594318181818	0.104640340909091	0.416867613636364		1
000106:	0.160650568181818	0.037031818181818	0.055735227272727	0.051173295454545	0.046906818181818	0.030800568181818	0.250697727272727	0.367003977272727		1
000107:	0.101475568181818	0.028461931818182	0.449486931818182	0.123803977272727	0.036455681818182	0.031980113636364	0.050857386363636	0.177478409090909		1
000108:	0.049801136363636	0.014795454545455	0.755166477272727	0.026077840909091	0.028744886363636	0.019835227272727	0.045270454545455	0.060308522727273		1
000109:	0.144080681818182	0.027484659090909	0.081590340909091	0.277306818181818	0.038289772727273	0.038459090909091	0.193518750000000	0.199269886363636		1
000110:	0.041061931818182	0.061668181818182	0.091825568181818	0.068910227272727	0.475990909090909	0.176611363636364	0.029428977272727	0.054502840909091		1
000111:	0.184256250000000	0.045936363636364	0.330336363636364	0.144418750000000	0.028277272727273	0.067356250000000	0.099034090909091	0.100384659090909		1
000112:	0.046657386363636	0.028182954545455	0.073546590909091	0.015799431818182	0.021003409090909	0.021507954545455	0.027797727272727	0.765504545454545		1
000113:	0.193378977272727	0.027611363636364	0.137663636363636	0.031590909090909	0.019049431818182	0.048090909090909	0.484470454545455	0.058144318181818		1
000114:	0.060779545454545	0.060537500000000	0.044018750000000	0.580434090909091	0.037407386363636	0.041540909090909	0.119809090909091	0.055472727272727		1
000115:	0.211134090909091	0.042165340909091	0.117607386363636	0.155107954545455	0.077978977272727	0.063685227272727	0.167925000000000	0.164396022727273		1
000116:	0.001067045454545	0.003139204545455	0.002706250000000	0.989532386363636	0.000304545454545	0.000885795454545	0.000748295454545	0.001616477272727		1
000117:	0.115247159090909	0.047998863636364	0.091285795454545	0.040173295454545	0.030636931818182	0.102018181818182	0.216909659090909	0.355730113636364		1
000118:	0.275671590909091	0.062443181818182	0.348373863636364	0.056580681818182	0.031048295454545	0.076082954545455	0.078475000000000	0.071324431818182		1
000119:	0.076050000000000	0.025787500000000	0.243414204545455	0.185888068181818	0.029507954545455	0.027746022727273	0.200584659090909	0.211021590909091		1
000120:	0.509546022727273	0.034606250000000	0.203603409090909	0.025521590909091	0.033196022727273	0.059282954545455	0.043118750000000	0.091125000000000		1
000121:	0.065153409090909	0.021248295454545	0.097611931818182	0.641537500000000	0.024534090909091	0.029641477272727	0.033453977272727	0.086819318181818		1
000122:	0.180160227272727	0.019157386363636	0.066826704545455	0.040986363636364	0.018727840909091	0.044946590909091	0.251450000000000	0.377744886363636		1
000123:	0.455977272727273	0.050072159090909	0.041663636363636	0.172964204545455	0.045713068181818	0.028826704545455	0.132023295454545	0.072759659090909		1
000124:	0.077498295454545	0.053623295454545	0.271335795454545	0.214889772727273	0.056197727272727	0.054384659090909	0.076922159090909	0.195148295454545		1
000125:	0.177902840909091	0.246309659090909	0.073378977272727	0.294131250000000	0.024246590909091	0.084496590909091	0.050488068181818	0.049046022727273		1
000126:	0.042864204545455	0.779935795454545	0.042200568181818	0.027485795454545	0.021409659090909	0.029728409090909	0.024434090909091	0.031941477272727		1
000127:	0.366755113636364	0.031280113636364	0.167923295454545	0.100170454545455	0.060404545454545	0.078250000000000	0.088102840909091	0.107113636363636		1
000128:	0.052091477272727	0.450160795454545	0.048442613636364	0.028092613636364	0.007921590909091	0.008084090909091	0.033032954545455	0.372173863636364		1
000129:	0.204378977272727	0.013475000000000	0.028485795454545	0.263915340909091	0.045860795454545	0.038021022727273	0.174986363636364	0.230876704545455		1
000130:	0.750873863636364	0.021646590909091	0.049690340909091	0.059063636363636	0.032906250000000	0.023899431818182	0.034196022727273	0.027723863636364		1
000131:	0.146942613636364	0.089097159090909	0.076382386363636	0.212371022727273	0.021279545454545	0.037615909090909	0.224083522727273	0.192227840909091		1
000132:	0.056553977272727	0.014622159090909	0.716878409090909	0.026495454545455	0.010296022727273	0.015726704545455	0.039279545454545	0.120147727272727		1
000133:	0.124318750000000	0.089973295454545	0.076713068181818	0.057843750000000	0.096828409090909	0.116223863636364	0.341486931818182	0.096611931818182		1
000134:	0.053680681818182	0.014806818181818	0.027967613636364	0.152671590909091	0.027623295454545	0.013925568181818	0.681303409090909	0.028021022727273		1
000135:	0.081562500000000	0.029485795454545	0.027261931818182	0.139497159090909	0.166614772727273	0.062662500000000	0.146476704545455	0.346438636363636		1
000136:	0.347928977272727	0.030503977272727	0.107406818181818	0.138764204545455	0.057912500000000	0.135171022727273	0.111423295454545	0.070889204545455		1
000137:	0.104673863636364	0.044052272727273	0.064413068181818	0.335091477272727	0.080865909090909	0.049025000000000	0.103407954545455	0.218470454545455		1
000138:	0.023272159090909	0.405994886363636	0.031805681818182	0.013309090909091	0.053646022727273	0.016868181818182	0.389450568181818	0.065653409090909		1
000139:	0.187853977272727	0.063562500000000	0.065322727272727	0.034121590909091	0.062734659090909	0.045163068181818	0.463772727272727	0.077468750000000		1
000140:	0.096478409090909	0.026093750000000	0.069776704545455	0.067506818181818	0.332794318181818	0.036609659090909	0.077327272727273	0.293413068181818		1
000141:	0.233243750000000	0.071855681818182	0.529109090909091	0.023574431818182	0.026515909090909	0.042530113636364	0.029310227272727	0.043860795454545		1
000142:	0.080371590909091	0.021742045454545	0.107175568181818	0.132314772727273	0.036109659090909	0.065473295454545	0.135968750000000	0.420844318181818		1
000143:	0.055227840909091	0.017974431818182	0.022981818181818	0.017763636363636	0.006669318181818	0.016178409090909	0.806817613636364	0.056386931818182		1
000144:	0.289712500000000	0.028916477272727	0.257605113636364	0.021206250000000	0.019660795454545	0.048296590909091	0.111467613636364	0.223134659090909		1
000145:	0.065047159090909	0.014523295454545	0.765375568181818	0.026406818181818	0.018740909090909	0.024578977272727	0.049042045454545	0.036285227272727		1
000146:	0.322269318181818	0.018197727272727	0.118219886363636	0.031105681818182	0.060042045454545	0.036672727272727	0.199313636363636	0.214178977272727		1
000147:	0.653373863636364	0.019200000000000	0.037112500000000	0.090720454545455	0.013077840909091	0.082784090909091	0.045637500000000	0.058093750000000		1
000148:	0.798171590909091	0.014580113636364	0.041147727272727	0.041303409090909	0.007066477272727	0.013165909090909	0.023399431818182	0.061165340909091		1
000149:	0.202717045454545	0.028307386363636	0.151464772727273	0.185039204545455	0.043332954545455	0.192345454545455	0.053220454545455	0.143572727272727		1
000150:	0.038628409090909	0.011649431818182	0.033922727272727	0.050214204545455	0.042053977272727	0.018207954545455	0.580547727272727	0.224775568181818		1
000151:	0.243007386363636	0.031273863636364	0.377424431818182	0.030518750000000	0.050302840909091	0.038681818181818	0.148123863636364	0.080667045454545		1
000152:	0.130981250000000	0.034375000000000	0.098148863636364	0.444861363636364	0.064091477272727	0.065965340909091	0.062002840909091	0.099573863636364		1
000153:	0.100413068181818	0.022722159090909	0.156073295454545	0.059989204545455	0.032263636363636	0.023955681818182	0.124422159090909	0.480160795454545		1
000154:	0.098750568181818	0.010457954545455	0.766826136363636	0.012910795454545	0.016615909090909	0.019051136363636	0.030257954545455	0.045129545454545		1
000155:	0.190310795454545	0.021909090909091	0.356300000000000	0.066335227272727	0.071994886363636	0.029684659090909	0.098556818181818	0.164908522727273		1
000156:	0.156647159090909	0.026823295454545	0.339915909090909	0.038543181818182	0.021197159090909	0.026840340909091	0.084995454545455	0.305037500000000		1
000157:	0.088485795454545	0.018878409090909	0.816137500000000	0.009143181818182	0.006375000000000	0.032134659090909	0.019247727272727	0.009597727272727		1
000158:	0.218876704545455	0.166706818181818	0.160689772727273	0.060411931818182	0.026447727272727	0.227672727272727	0.087057954545455	0.052136363636364		1
000159:	0.064397727272727	0.146251136363636	0.326010227272727	0.126073863636364	0.037716477272727	0.174385795454545	0.039434659090909	0.085730113636364		1
000160:	0.059953977272727	0.188203977272727	0.077802272727273	0.015450568181818	0.010693181818182	0.627165909090909	0.011318750000000	0.009411363636364		1
000161:	0.028575000000000	0.017479545454545	0.019207954545455	0.006151704545455	0.004427272727273	0.904459659090909	0.011152272727273	0.008546590909091		1
000162:	0.087137500000000	0.078151136363636	0.022500568181818	0.042804545454545	0.031946022727273	0.194273295454545	0.021754545454545	0.521432386363636		1
000163:	0.761664772727273	0.026779545454545	0.029877840909091	0.015317045454545	0.011864772727273	0.094532954545455	0.044246590909091	0.015716477272727		1
000164:	0.189409659090909	0.100375568181818	0.578874431818182	0.026588636363636	0.009377840909091	0.067747727272727	0.016892613636364	0.010733522727273		1
000165:	0.809834659090909	0.034573863636364	0.075663068181818	0.012548863636364	0.007647727272727	0.032830113636364	0.012951704545455	0.013950000000000		1
000166:	0.729625568181818	0.049290909090909	0.064477272727273	0.010855681818182	0.009123863636364	0.089383522727273	0.024269318181818	0.022973863636364		1
000167:	0.020020454545455	0.019390340909091	0.008072159090909	0.002743750000000	0.197044886363636	0.748448863636364	0.002231250000000	0.002048295454545		1
000168:	0.149482954545455	0.023121590909091	0.512387500000000	0.053508522727273	0.021420454545455	0.024597159090909	0.091011363636364	0.124470454545455		1
000169:	0.151280681818182	0.013993750000000	0.048514204545455	0.055307954545455	0.022756250000000	0.032411363636364	0.547035227272727	0.128700568181818		1
000170:	0.844246022727273	0.016334090909091	0.023396022727273	0.018277272727273	0.020607954545455	0.030881250000000	0.018005681818182	0.028251704545455		1
000171:	0.179114772727273	0.007844318181818	0.670569318181818	0.019197727272727	0.015773295454545	0.028373295454545	0.037060227272727	0.042067045454545		1
000172:	0.463306250000000	0.028167613636364	0.089627840909091	0.024420454545455	0.088872727272727	0.080536363636364	0.114834090909091	0.110234659090909		1
000173:	0.334418750000000	0.002681818181818	0.017286931818182	0.029075568181818	0.003445454545455	0.005823295454545	0.579484659090909	0.027783522727273		1
000174:	0.306933522727273	0.015596590909091	0.063744318181818	0.065431250000000	0.061096590909091	0.040376704545455	0.230938636363636	0.215882386363636		1
000175:	0.043833522727273	0.006934659090909	0.840812500000000	0.013718181818182	0.012892613636364	0.023998295454545	0.021463068181818	0.036347159090909		1
000176:	0.228424431818182	0.039477272727273	0.110338636363636	0.254656250000000	0.033242045454545	0.041353977272727	0.097662500000000	0.194844886363636		1
000177:	0.189224431818182	0.038612500000000	0.153884659090909	0.174748863636364	0.021542045454545	0.053478409090909	0.255476704545455	0.113032386363636		1
000178:	0.313617613636364	0.014552272727273	0.207515340909091	0.087423863636364	0.025894886363636	0.060299431818182	0.138069318181818	0.152627272727273		1
000179:	0.024172727272727	0.004389204545455	0.883309659090909	0.007259659090909	0.008863068181818	0.014772727272727	0.023105681818182	0.034127272727273		1
000180:	0.048465909090909	0.007630113636364	0.817650568181818	0.013677840909091	0.018500568181818	0.032157386363636	0.023010795454545	0.038906818181818		1
000181:	0.047819886363636	0.002203977272727	0.898768181818182	0.018366477272727	0.005198295454545	0.004822727272727	0.012800000000000	0.010020454545455		1
000182:	0.141455681818182	0.025301136363636	0.127618181818182	0.286898295454545	0.059688636363636	0.067232954545455	0.089772159090909	0.202032954545455		1
000183:	0.047730681818182	0.002006818181818	0.777348295454545	0.066210795454545	0.024564204545455	0.007423295454545	0.029949431818182	0.044766477272727		1
000184:	0.163659659090909	0.011675000000000	0.046673295454545	0.592498295454545	0.026075000000000	0.037366477272727	0.051023863636364	0.071028409090909		1
000185:	0.088782954545455	0.142425568181818	0.093169886363636	0.122055113636364	0.111131250000000	0.061679545454545	0.050519318181818	0.330236363636364		1
000186:	0.062254545454545	0.028802840909091	0.580365340909091	0.058921590909091	0.055597159090909	0.063677272727273	0.086248863636364	0.064132386363636		1
000187:	0.023993750000000	0.005093181818182	0.844211931818182	0.014960227272727	0.029669318181818	0.011444886363636	0.049458522727273	0.021168181818182		1
000188:	0.119802840909091	0.050250000000000	0.390214772727273	0.163788068181818	0.029004545454545	0.156689204545455	0.035201704545455	0.055048863636364		1
000189:	0.558701704545455	0.005811931818182	0.225864204545455	0.024526136363636	0.014476136363636	0.023643181818182	0.100165909090909	0.046810795454545		1
000190:	0.664960227272727	0.025477272727273	0.039425568181818	0.025651136363636	0.070735795454545	0.037294318181818	0.046576704545455	0.089878977272727		1
000191:	0.214977840909091	0.025276704545455	0.064890340909091	0.029690340909091	0.017691477272727	0.020815909090909	0.446816477272727	0.179840909090909		1
000192:	0.085210795454545	0.048717613636364	0.095545454545455	0.265713068181818	0.036903977272727	0.052178977272727	0.146853977272727	0.268876136363636		1
000193:	0.027951704545455	0.000225000000000	0.000968750000000	0.007123295454545	0.000334659090909	0.958172159090909	0.002081250000000	0.003143181818182		1
000194:	0.077634090909091	0.017965909090909	0.073032386363636	0.482081818181818	0.087709090909091	0.096459090909091	0.066581250000000	0.098536363636364		1
000195:	0.125521022727273	0.018782386363636	0.098139204545455	0.045685795454545	0.026876136363636	0.055235795454545	0.317566477272727	0.312193181818182		1
000196:	0.127486931818182	0.210030113636364	0.330433522727273	0.087307386363636	0.014509090909091	0.126961363636364	0.058127272727273	0.045144318181818		1
000197:	0.455000000000000	0.072951136363636	0.136431250000000	0.031479545454545	0.017801136363636	0.157413636363636	0.035240909090909	0.093682386363636		1
000198:	0.146350568181818	0.085535227272727	0.101237500000000	0.074656250000000	0.039944886363636	0.183833522727273	0.045158522727273	0.323283522727273		1
000199:	0.609418750000000	0.033260795454545	0.114861363636364	0.013194318181818	0.012218750000000	0.148055681818182	0.047236363636364	0.021753977272727		1
000200:	0.354263068181818	0.146910227272727	0.102915909090909	0.083647159090909	0.013622727272727	0.209360227272727	0.047922727272727	0.041357954545455		1
000201:	0.019473295454545	0.023840909090909	0.811539204545455	0.028237500000000	0.003617045454545	0.101492045454545	0.007793750000000	0.004006250000000		1
000202:	0.252390909090909	0.012567045454545	0.092010227272727	0.360834090909091	0.022661363636364	0.085272727272727	0.059255681818182	0.115007954545455		1
000203:	0.470569318181818	0.012434090909091	0.073661931818182	0.019714204545455	0.039200568181818	0.248307386363636	0.046446022727273	0.089666477272727		1
000204:	0.357606250000000	0.065114772727273	0.185246590909091	0.167089772727273	0.043828409090909	0.068667045454545	0.057686363636364	0.054760795454545		1
000205:	0.224221590909091	0.037777272727273	0.482066477272727	0.052661931818182	0.042698295454545	0.042282386363636	0.055133522727273	0.063158522727273		1
000206:	0.211925568181818	0.017426704545455	0.079286363636364	0.390386363636364	0.078728409090909	0.061675000000000	0.097178409090909	0.063393181818182		1
000207:	0.117508522727273	0.047914772727273	0.029025000000000	0.054346022727273	0.042510795454545	0.061317613636364	0.462238068181818	0.185139204545455		1
000208:	0.251456250000000	0.019401136363636	0.136693750000000	0.046544886363636	0.021861931818182	0.104300568181818	0.314702272727273	0.105039204545455		1
000209:	0.004419886363636	0.001271590909091	0.740746590909091	0.000661363636364	0.008607386363636	0.040900000000000	0.199531818181818	0.003861363636364		1
000210:	0.428126704545455	0.038058522727273	0.205085227272727	0.056084659090909	0.020581818181818	0.083222727272727	0.100976136363636	0.067864204545455		1
000211:	0.681078409090909	0.023326136363636	0.046383522727273	0.011817045454545	0.021861363636364	0.030889772727273	0.132824431818182	0.051819318181818		1
000212:	0.265412500000000	0.137197727272727	0.332709090909091	0.030918181818182	0.021380113636364	0.111354545454545	0.059721590909091	0.041306250000000		1
000213:	0.293440340909091	0.048427272727273	0.540403977272727	0.012643750000000	0.010178977272727	0.041780113636364	0.031146590909091	0.021978977272727		1
000214:	0.520051136363636	0.112874431818182	0.065707386363636	0.069797159090909	0.040767613636364	0.099002840909091	0.038310795454545	0.053488636363636		1
000215:	0.200555681818182	0.166074431818182	0.062369318181818	0.222546590909091	0.061986931818182	0.104488636363636	0.140787500000000	0.041190909090909		1
000216:	0.090796022727273	0.046251704545455	0.212572727272727	0.013519886363636	0.038559090909091	0.545282954545455	0.029840340909091	0.023177272727273		1
000217:	0.640655113636364	0.110276704545455	0.099481250000000	0.014717045454545	0.024186931818182	0.071537500000000	0.027816477272727	0.011328977272727		1
000218:	0.517206250000000	0.074136363636364	0.187210795454545	0.034952272727273	0.012377272727273	0.126108522727273	0.021306250000000	0.026702272727273		1
000219:	0.451059090909091	0.089522159090909	0.139252272727273	0.018436931818182	0.017686363636364	0.231820454545455	0.028867613636364	0.023355113636364		1
000220:	0.395696022727273	0.086666477272727	0.302603977272727	0.016814772727273	0.009650000000000	0.130197727272727	0.031513068181818	0.026857954545455		1
000221:	0.514469886363636	0.060125568181818	0.271142613636364	0.018362500000000	0.018465909090909	0.073607954545455	0.030114772727273	0.013710795454545		1
000222:	0.261242045454545	0.050963068181818	0.505846590909091	0.017225000000000	0.009189204545455	0.133006818181818	0.011861931818182	0.010665340909091		1
000223:	0.144322159090909	0.101168750000000	0.213767613636364	0.066194886363636	0.202221590909091	0.130410795454545	0.095028409090909	0.046885795454545		1
000224:	0.035668181818182	0.041129545454545	0.081100000000000	0.321869886363636	0.099422727272727	0.025834090909091	0.301021022727273	0.093954545454545		1
000225:	0.039678977272727	0.059740340909091	0.046289772727273	0.113643750000000	0.059008522727273	0.035871022727273	0.472285795454545	0.173481818181818		1
000226:	0.026831818181818	0.089648863636364	0.065406250000000	0.549885227272727	0.068637500000000	0.053225000000000	0.104436363636364	0.041928977272727		1
000227:	0.061202840909091	0.076843181818182	0.050625000000000	0.384631250000000	0.061454545454545	0.032648295454545	0.212318181818182	0.120276704545455		1
000228:	0.031896022727273	0.133608522727273	0.024600000000000	0.060248863636364	0.420824431818182	0.234025568181818	0.017972727272727	0.076823863636364		1
000229:	0.000386931818182	0.001032386363636	0.000753977272727	0.000226704545455	0.002173295454545	0.000387500000000	0.994034659090909	0.001004545454545		1
000230:	0.040014204545455	0.467022727272727	0.060854545454545	0.199082954545455	0.053816477272727	0.145396590909091	0.012177272727273	0.021635227272727		1
000231:	0.078002840909091	0.101694318181818	0.045456250000000	0.319855113636364	0.060018181818182	0.145648295454545	0.073707386363636	0.175617613636364		1
000232:	0.067559090909091	0.225086363636364	0.286624431818182	0.084738636363636	0.208298295454545	0.051296590909091	0.033096590909091	0.043300000000000		1
000233:	0.030511363636364	0.076866477272727	0.043695454545455	0.414202840909091	0.101986931818182	0.028682386363636	0.151023295454545	0.153031250000000		1
000234:	0.034673295454545	0.073383522727273	0.042652272727273	0.059955681818182	0.458515340909091	0.031238636363636	0.186699431818182	0.112881818181818		1
000235:	0.016263636363636	0.043530681818182	0.056154545454545	0.090502272727273	0.534218750000000	0.043065340909091	0.024809090909091	0.191455681818182		1
000236:	0.036185227272727	0.293932386363636	0.130984090909091	0.199485795454545	0.144510795454545	0.090130681818182	0.034578977272727	0.070192045454545		1
000237:	0.035603977272727	0.062231250000000	0.040402272727273	0.162690340909091	0.326756818181818	0.027390340909091	0.236490909090909	0.108434090909091		1
000238:	0.176090340909091	0.056128977272727	0.617300568181818	0.017457386363636	0.043458522727273	0.024529545454545	0.022400000000000	0.042634659090909		1
000239:	0.048940909090909	0.176204545454545	0.124328409090909	0.274110795454545	0.164193181818182	0.029635795454545	0.097839204545455	0.084747159090909		1
000240:	0.023542045454545	0.441490909090909	0.037487500000000	0.376976136363636	0.037740340909091	0.019497159090909	0.026239772727273	0.037026136363636		1
000241:	0.042290340909091	0.130862500000000	0.243082954545455	0.093091477272727	0.078542613636364	0.054590909090909	0.228511931818182	0.129027272727273		1
000242:	0.014221022727273	0.033136363636364	0.033210795454545	0.434302272727273	0.101015909090909	0.036673863636364	0.061417045454545	0.286022727272727		1
000243:	0.003903977272727	0.248578977272727	0.030309090909091	0.600510227272727	0.068598295454545	0.007699431818182	0.022955681818182	0.017444318181818		1
000244:	0.057557386363636	0.379159659090909	0.068504545454545	0.104354545454545	0.132904545454545	0.129085795454545	0.078130113636364	0.050303409090909		1
000245:	0.043605681818182	0.165320454545455	0.034265340909091	0.506546590909091	0.074939204545455	0.024604545454545	0.099815909090909	0.050902272727273		1
000246:	0.032514204545455	0.111462500000000	0.046900568181818	0.198492045454545	0.318088068181818	0.024273295454545	0.055282954545455	0.212986363636364		1
000247:	0.053567613636364	0.153522727272727	0.047178977272727	0.042988636363636	0.262782386363636	0.069704545454545	0.251142045454545	0.119113068181818		1
000248:	0.012725568181818	0.026199431818182	0.014044318181818	0.895117613636364	0.023438068181818	0.010217045454545	0.005615909090909	0.012642045454545		1
000249:	0.018501704545455	0.092073295454545	0.037408522727273	0.510039204545455	0.223296590909091	0.020735227272727	0.045192045454545	0.052753409090909		1
000250:	0.017646022727273	0.033332386363636	0.027954545454545	0.677123295454545	0.057952840909091	0.015102840909091	0.133406818181818	0.037481250000000		1
000251:	0.008604545454545	0.059203977272727	0.033609659090909	0.311178409090909	0.101724431818182	0.141085227272727	0.326050000000000	0.018543750000000		1
000252:	0.015026136363636	0.649624431818182	0.084426136363636	0.097621022727273	0.064665909090909	0.048321590909091	0.015227272727273	0.025087500000000		1
000253:	0.002754545454545	0.018378977272727	0.010717045454545	0.025851704545455	0.909319886363636	0.016968750000000	0.010461931818182	0.005547159090909		1
000254:	0.034186931818182	0.144176704545455	0.050952840909091	0.436102840909091	0.168977272727273	0.069655113636364	0.041923295454545	0.054025000000000		1
000255:	0.061587500000000	0.174802840909091	0.069641477272727	0.316451136363636	0.210411931818182	0.036686363636364	0.095482386363636	0.034936363636364		1
