Estimated Clustering Probabilities for Samples
Sample	***Cluster  01***	***Cluster  02***	***Cluster  03***	***Cluster  04***	***Cluster  05***	***Cluster  06***	***Cluster  07***	***Cluster  08***	
000001:	0.001877840909091	0.001449431818182	0.000777272727273	0.000177272727273	0.000463636363636	0.994668181818182	0.000219318181818	0.000367045454545		1
000002:	0.478998295454545	0.007784090909091	0.163576704545455	0.043042045454545	0.049284090909091	0.087046590909091	0.122477840909091	0.047790340909091		1
000003:	0.012501704545455	0.000993750000000	0.004607954545455	0.720367613636364	0.008577272727273	0.004682954545455	0.003507954545455	0.244760795454545		1
000004:	0.398513636363636	0.013169318181818	0.228834090909091	0.021392045454545	0.025859659090909	0.203856818181818	0.069025000000000	0.039349431818182		1
000005:	0.663436363636364	0.006888636363636	0.045250568181818	0.023021022727273	0.048115909090909	0.035807386363636	0.104836931818182	0.072643181818182		1
000006:	0.104948863636364	0.005140340909091	0.026669886363636	0.012276136363636	0.023935227272727	0.731716477272727	0.033437500000000	0.061875568181818		1
000007:	0.162258522727273	0.808701704545455	0.006444318181818	0.002374431818182	0.008859090909091	0.002573863636364	0.005470454545455	0.003317613636364		1
000008:	0.877220454545454	0.004639204545455	0.024042045454545	0.010850000000000	0.014786931818182	0.032440340909091	0.022312500000000	0.013708522727273		1
000009:	0.698336931818182	0.003734090909091	0.014872727272727	0.021742045454545	0.011531818181818	0.044082386363636	0.141385795454545	0.064314204545455		1
000010:	0.680572727272727	0.004085795454545	0.038680113636364	0.014083522727273	0.175976704545455	0.030825000000000	0.025476136363636	0.030300000000000		1
000011:	0.090152272727273	0.125606250000000	0.176231818181818	0.042918181818182	0.237459659090909	0.186538068181818	0.042843750000000	0.098250000000000		1
000012:	0.081886931818182	0.217664772727273	0.028575568181818	0.028327840909091	0.134748863636364	0.158847159090909	0.128250568181818	0.221698295454545		1
000013:	0.049003409090909	0.247014204545455	0.058482386363636	0.022108522727273	0.041915909090909	0.234793750000000	0.017746590909091	0.328935227272727		1
000014:	0.034459090909091	0.048207386363636	0.014436931818182	0.101154545454545	0.005627840909091	0.768703409090909	0.005640909090909	0.021769886363636		1
000015:	0.463319318181818	0.054417045454545	0.079342045454545	0.034687500000000	0.084107954545455	0.134362500000000	0.026413636363636	0.123350000000000		1
000016:	0.013855681818182	0.012430113636364	0.013856818181818	0.004640340909091	0.005132386363636	0.927791477272727	0.002353409090909	0.019939772727273		1
000017:	0.008318181818182	0.009243181818182	0.010299431818182	0.006200568181818	0.903640340909091	0.026126136363636	0.001857386363636	0.034314772727273		1
000018:	0.050105681818182	0.616426704545455	0.024846022727273	0.023540909090909	0.044068181818182	0.047040340909091	0.024811931818182	0.169160227272727		1
000019:	0.091893750000000	0.129468181818182	0.048072727272727	0.030155681818182	0.482119318181818	0.062773863636364	0.018467045454545	0.137049431818182		1
000020:	0.196482386363636	0.056987500000000	0.070255113636364	0.046005681818182	0.108761931818182	0.292359659090909	0.029477272727273	0.199670454545455		1
000021:	0.022813068181818	0.045175000000000	0.124294886363636	0.066902272727273	0.325635795454545	0.047504545454545	0.009062500000000	0.358611931818182		1
000022:	0.095790909090909	0.093403977272727	0.060362500000000	0.018031250000000	0.208698863636364	0.110275000000000	0.021075000000000	0.392362500000000		1
000023:	0.025810795454545	0.110947727272727	0.078367045454545	0.048472159090909	0.406153977272727	0.124205113636364	0.010606818181818	0.195436363636364		1
000024:	0.018797159090909	0.029224431818182	0.095639204545455	0.019461931818182	0.011958522727273	0.762838636363636	0.020376136363636	0.041703977272727		1
000025:	0.065913636363636	0.232471590909091	0.274343181818182	0.029473863636364	0.111856250000000	0.127844886363636	0.041346590909091	0.116750000000000		1
000026:	0.052474431818182	0.105723295454545	0.021438636363636	0.017625000000000	0.575067613636364	0.050927272727273	0.020994318181818	0.155749431818182		1
000027:	0.028429545454545	0.141572159090909	0.229702840909091	0.010857386363636	0.051880113636364	0.076901136363636	0.068701136363636	0.391955681818182		1
000028:	0.055056250000000	0.044895454545455	0.073039204545455	0.187993181818182	0.371164204545455	0.065609659090909	0.026473295454545	0.175768750000000		1
000029:	0.061018750000000	0.091918750000000	0.031721590909091	0.092272727272727	0.063906818181818	0.387723295454545	0.021415909090909	0.250022159090909		1
000030:	0.118361363636364	0.078285795454545	0.544203977272727	0.035962500000000	0.084282386363636	0.043643181818182	0.006407954545455	0.088852840909091		1
000031:	0.014517613636364	0.482328409090909	0.010862500000000	0.009625000000000	0.018181250000000	0.023753977272727	0.047416477272727	0.393314772727273		1
000032:	0.049825568181818	0.060430113636364	0.037359659090909	0.024100000000000	0.063610227272727	0.081385227272727	0.023854545454545	0.659434659090909		1
000033:	0.034658522727273	0.037486363636364	0.012249431818182	0.044867613636364	0.280618181818182	0.101680113636364	0.017161363636364	0.471278409090909		1
000034:	0.017551136363636	0.032104545454545	0.015622727272727	0.012717613636364	0.014409090909091	0.847084659090909	0.020026136363636	0.040484090909091		1
000035:	0.050757386363636	0.053575568181818	0.043392613636364	0.027789772727273	0.290729545454545	0.028359659090909	0.112567045454545	0.392828409090909		1
000036:	0.419736931818182	0.057692613636364	0.027219886363636	0.045742613636364	0.106986931818182	0.108487500000000	0.013737500000000	0.220396022727273		1
000037:	0.067693181818182	0.080649431818182	0.030600568181818	0.025700568181818	0.055773863636364	0.134007386363636	0.018743181818182	0.586831818181818		1
000038:	0.040921022727273	0.129276136363636	0.073822727272727	0.075842613636364	0.409622159090909	0.125930113636364	0.065099431818182	0.079485795454545		1
000039:	0.045741477272727	0.252366477272727	0.048809090909091	0.018884659090909	0.097122727272727	0.138014772727273	0.034098295454545	0.364962500000000		1
000040:	0.010600568181818	0.035384659090909	0.011893750000000	0.011908522727273	0.018083522727273	0.865405681818182	0.016453977272727	0.030269318181818		1
000041:	0.128235795454545	0.079708522727273	0.077080681818182	0.029381818181818	0.055534659090909	0.182929545454545	0.050036363636364	0.397092613636364		1
000042:	0.034563068181818	0.184546022727273	0.082769318181818	0.034414204545455	0.050346590909091	0.083342045454545	0.027028977272727	0.502989772727273		1
000043:	0.130326704545455	0.053968750000000	0.072614772727273	0.034180113636364	0.164032386363636	0.153902272727273	0.035631250000000	0.355343750000000		1
000044:	0.223276704545455	0.058639204545455	0.035368750000000	0.038480681818182	0.167181818181818	0.083993750000000	0.026357386363636	0.366701704545455		1
000045:	0.052392613636364	0.125010227272727	0.032715909090909	0.030738068181818	0.056535795454545	0.046234659090909	0.018685795454545	0.637686931818182		1
000046:	0.001798863636364	0.000693181818182	0.100413068181818	0.000781250000000	0.001096022727273	0.001657954545455	0.000905681818182	0.892653977272727		1
000047:	0.073629545454545	0.052264204545455	0.076125000000000	0.056916477272727	0.086247727272727	0.369277272727273	0.107553977272727	0.177985795454545		1
000048:	0.119135227272727	0.016613636363636	0.065457954545455	0.072292613636364	0.504273295454545	0.132987500000000	0.049409090909091	0.039830681818182		1
000049:	0.198118750000000	0.048369886363636	0.021538068181818	0.046607386363636	0.448105113636364	0.149711363636364	0.028556818181818	0.058992613636364		1
000050:	0.070492613636364	0.134499431818182	0.146716477272727	0.017692045454545	0.067839772727273	0.335801136363636	0.082754545454545	0.144203977272727		1
000051:	0.113155113636364	0.015722159090909	0.144483522727273	0.040216477272727	0.015979545454545	0.620506818181818	0.023846022727273	0.026090340909091		1
000052:	0.078577272727273	0.011041477272727	0.045507954545455	0.022633522727273	0.030198295454545	0.768584659090909	0.016050000000000	0.027406818181818		1
000053:	0.833042045454545	0.003325000000000	0.001682386363636	0.007063068181818	0.136049431818182	0.006862500000000	0.001798863636364	0.010176704545455		1
000054:	0.039746590909091	0.104139772727273	0.128263068181818	0.023257954545455	0.496080113636364	0.043223863636364	0.050488636363636	0.114800000000000		1
000055:	0.560805113636364	0.029055113636364	0.036173295454545	0.027582386363636	0.064979545454545	0.148938636363636	0.050116477272727	0.082349431818182		1
000056:	0.467785795454545	0.060855681818182	0.076697727272727	0.032817045454545	0.167907386363636	0.070432954545455	0.033143181818182	0.090360227272727		1
000057:	0.203142613636364	0.059129545454545	0.017776136363636	0.026860795454545	0.059466477272727	0.082313068181818	0.054592613636364	0.496718750000000		1
000058:	0.035167613636364	0.019632954545455	0.013993181818182	0.025209659090909	0.828165909090909	0.028775568181818	0.013363068181818	0.035692045454545		1
000059:	0.052222159090909	0.056639204545455	0.044346022727273	0.031840340909091	0.469303409090909	0.032725568181818	0.019122159090909	0.293801136363636		1
000060:	0.074657386363636	0.020917613636364	0.237054545454545	0.014061363636364	0.534734090909091	0.058901704545455	0.013846590909091	0.045826704545455		1
000061:	0.190052840909091	0.048015340909091	0.080755113636364	0.028521022727273	0.379123295454545	0.094792045454545	0.034301136363636	0.144439204545455		1
000062:	0.080843750000000	0.006489772727273	0.145631250000000	0.016101136363636	0.019632954545455	0.697276704545455	0.008604545454545	0.025419886363636		1
000063:	0.071810795454545	0.019731250000000	0.050612500000000	0.027759659090909	0.021765340909091	0.727360227272727	0.045946590909091	0.035013636363636		1
000064:	0.270093750000000	0.017239204545455	0.072334090909091	0.060432386363636	0.024062500000000	0.452160227272727	0.077953409090909	0.025724431818182		1
000065:	0.391509659090909	0.024240340909091	0.031634090909091	0.045089772727273	0.269871022727273	0.123003409090909	0.050247159090909	0.064404545454545		1
000066:	0.186313068181818	0.032142045454545	0.032053977272727	0.020973863636364	0.092338068181818	0.068222159090909	0.043055681818182	0.524901136363636		1
000067:	0.207786363636364	0.025157386363636	0.028158522727273	0.026857954545455	0.026350000000000	0.534682954545455	0.118951704545455	0.032055113636364		1
000068:	0.062781818181818	0.065649431818182	0.038932386363636	0.024917613636364	0.614952272727273	0.029103977272727	0.016342045454545	0.147320454545455		1
000069:	0.160765340909091	0.018963636363636	0.023009659090909	0.027809659090909	0.417062500000000	0.044875568181818	0.022712500000000	0.284801136363636		1
000070:	0.150903977272727	0.037871022727273	0.035774431818182	0.232057954545455	0.043256818181818	0.338103977272727	0.018824431818182	0.143207386363636		1
000071:	0.008967613636364	0.010266477272727	0.009034659090909	0.010004545454545	0.864736931818182	0.012749431818182	0.010921022727273	0.073319318181818		1
000072:	0.363981250000000	0.038314772727273	0.056268181818182	0.063791477272727	0.196485227272727	0.120805113636364	0.049397159090909	0.110956818181818		1
000073:	0.682854545454545	0.044397727272727	0.028665909090909	0.027489772727273	0.054114204545455	0.053368750000000	0.039488068181818	0.069621022727273		1
000074:	0.077897159090909	0.341922727272727	0.161636363636364	0.023530113636364	0.034626136363636	0.195397159090909	0.020563636363636	0.144426704545455		1
000075:	0.046363636363636	0.093542613636364	0.432209090909091	0.042661363636364	0.030688636363636	0.075431250000000	0.186364204545455	0.092739204545455		1
000076:	0.110934090909091	0.119219886363636	0.028857954545455	0.309064204545455	0.217105681818182	0.046927272727273	0.045802272727273	0.122088636363636		1
000077:	0.005028977272727	0.010025568181818	0.691809659090909	0.053544886363636	0.197798863636364	0.015432386363636	0.003609659090909	0.022750000000000		1
000078:	0.079789772727273	0.020297159090909	0.369076136363636	0.029361363636364	0.275890340909091	0.068921590909091	0.055353977272727	0.101309659090909		1
000079:	0.034238636363636	0.039644318181818	0.122323295454545	0.025606250000000	0.605767613636364	0.043858522727273	0.016801704545455	0.111759659090909		1
000080:	0.057659090909091	0.113671022727273	0.038753977272727	0.032326136363636	0.525628977272727	0.031846022727273	0.021610795454545	0.178503977272727		1
000081:	0.788306818181818	0.020377840909091	0.014289772727273	0.023601136363636	0.042767045454545	0.027167613636364	0.016059659090909	0.067430113636364		1
000082:	0.175279545454545	0.025518750000000	0.055205681818182	0.031844886363636	0.394197727272727	0.119142613636364	0.112252840909091	0.086557954545455		1
000083:	0.536905113636364	0.067010795454545	0.038023295454545	0.030439204545455	0.093126704545455	0.023741477272727	0.023973295454545	0.186780113636364		1
000084:	0.018025568181818	0.025169886363636	0.019662500000000	0.020928977272727	0.024109090909091	0.862839772727273	0.012439772727273	0.016824431818182		1
000085:	0.199895454545455	0.081632386363636	0.053639772727273	0.037069886363636	0.065739204545455	0.066335227272727	0.026774431818182	0.468913636363636		1
000086:	0.098268750000000	0.047666477272727	0.025785227272727	0.032566477272727	0.098237500000000	0.608597159090909	0.015172727272727	0.073705681818182		1
000087:	0.036793181818182	0.022838636363636	0.022849431818182	0.015686931818182	0.168655681818182	0.026019318181818	0.402728409090909	0.304428409090909		1
000088:	0.080931250000000	0.050309090909091	0.030475568181818	0.044602840909091	0.073556250000000	0.055567613636364	0.026921590909091	0.637635795454545		1
000089:	0.046235227272727	0.040856250000000	0.023831818181818	0.056081250000000	0.044055113636364	0.035977840909091	0.023665909090909	0.729296590909091		1
000090:	0.071984090909091	0.340205113636364	0.143956250000000	0.024805113636364	0.055684659090909	0.145927272727273	0.021677272727273	0.195760227272727		1
000091:	0.033955681818182	0.147686931818182	0.065006818181818	0.245475000000000	0.204753977272727	0.048489204545455	0.042855113636364	0.211777272727273		1
000092:	0.056456250000000	0.043687500000000	0.027995454545455	0.018453409090909	0.646961363636364	0.048246022727273	0.072838068181818	0.085361931818182		1
000093:	0.238051136363636	0.244412500000000	0.027238068181818	0.073674431818182	0.051461363636364	0.069156250000000	0.078499431818182	0.217506818181818		1
000094:	0.070387500000000	0.100121022727273	0.026912500000000	0.042929545454545	0.426567045454545	0.038294886363636	0.034130681818182	0.260656818181818		1
000095:	0.365091477272727	0.021605113636364	0.045240340909091	0.036361931818182	0.137519318181818	0.307186363636364	0.048785227272727	0.038210227272727		1
000096:	0.028684090909091	0.041478409090909	0.046965909090909	0.010000568181818	0.018705681818182	0.811111363636364	0.012509659090909	0.030544318181818		1
000097:	0.037267613636364	0.083973295454545	0.023886363636364	0.010777272727273	0.170102272727273	0.017552840909091	0.293596590909091	0.362843750000000		1
000098:	0.016788636363636	0.013196590909091	0.010188068181818	0.027395454545455	0.827935227272727	0.012784659090909	0.010440909090909	0.081270454545455		1
000099:	0.137815909090909	0.048476704545455	0.073610227272727	0.031874431818182	0.120301136363636	0.329916477272727	0.047329545454545	0.210675568181818		1
000100:	0.231662500000000	0.028833522727273	0.031719886363636	0.017659659090909	0.045663068181818	0.525207386363636	0.037386931818182	0.081867045454545		1
000101:	0.018477272727273	0.006480681818182	0.011511363636364	0.007831818181818	0.017430113636364	0.043239204545455	0.021265340909091	0.873764204545455		1
000102:	0.144085795454545	0.048700000000000	0.052417613636364	0.030485227272727	0.169211931818182	0.275505681818182	0.032708522727273	0.246885227272727		1
000103:	0.083650568181818	0.140540340909091	0.062500000000000	0.067416477272727	0.356082954545455	0.090969886363636	0.031472159090909	0.167367613636364		1
000104:	0.217498863636364	0.021284659090909	0.052611931818182	0.043273863636364	0.056094318181818	0.482540340909091	0.058131818181818	0.068564204545455		1
000105:	0.114016477272727	0.100500568181818	0.048099431818182	0.020398295454545	0.045676136363636	0.159489772727273	0.024650568181818	0.487168750000000		1
000106:	0.087001704545455	0.047598295454545	0.023782954545455	0.021131250000000	0.170936363636364	0.088319318181818	0.023641477272727	0.537588636363636		1
000107:	0.125711363636364	0.020648863636364	0.050818750000000	0.035987500000000	0.055243181818182	0.462044318181818	0.018037500000000	0.231508522727273		1
000108:	0.086041477272727	0.059286363636364	0.122569886363636	0.017194318181818	0.048107386363636	0.470472159090909	0.112304545454545	0.084023863636364		1
000109:	0.252348295454545	0.084970454545455	0.040152272727273	0.045070454545455	0.117363636363636	0.063418181818182	0.064998863636364	0.331677840909091		1
000110:	0.049036363636364	0.481664772727273	0.112728409090909	0.087008522727273	0.054796590909091	0.112763068181818	0.036842613636364	0.065159659090909		1
000111:	0.074221590909091	0.039915909090909	0.324718181818182	0.018249431818182	0.165685795454545	0.167557386363636	0.112083522727273	0.097568181818182		1
000112:	0.031994318181818	0.038447159090909	0.086186363636364	0.027106818181818	0.026798863636364	0.052369318181818	0.013183522727273	0.723913636363636		1
000113:	0.094064204545455	0.015022727272727	0.005202840909091	0.005219318181818	0.166407386363636	0.015430681818182	0.672828977272727	0.025823863636364		1
000114:	0.034782954545455	0.021214204545455	0.018534090909091	0.035471590909091	0.687553409090909	0.021832386363636	0.063082954545455	0.117528409090909		1
000115:	0.090010795454545	0.053627840909091	0.210409659090909	0.057121022727273	0.189272727272727	0.081271022727273	0.031597159090909	0.286689772727273		1
000116:	0.414078409090909	0.034651136363636	0.036617613636364	0.028503409090909	0.182892613636364	0.233649431818182	0.021100568181818	0.048506818181818		1
000117:	0.080872159090909	0.064978409090909	0.034980113636364	0.055311931818182	0.060251136363636	0.109938068181818	0.108461931818182	0.485206250000000		1
000118:	0.416271022727273	0.023098295454545	0.135442613636364	0.053218181818182	0.055631818181818	0.182489204545455	0.048971022727273	0.084877840909091		1
000119:	0.037512500000000	0.021092045454545	0.040577840909091	0.022054545454545	0.099840909090909	0.301689204545455	0.012265909090909	0.464967045454545		1
000120:	0.572896590909091	0.028430681818182	0.029777272727273	0.018630113636364	0.054992613636364	0.086260227272727	0.018689204545455	0.190323295454545		1
000121:	0.090407386363636	0.109747727272727	0.083947159090909	0.036955681818182	0.357931250000000	0.144350000000000	0.031940909090909	0.144719886363636		1
000122:	0.287154545454545	0.022388068181818	0.065866477272727	0.014905681818182	0.155988068181818	0.068885795454545	0.020050000000000	0.364761363636364		1
000123:	0.168956250000000	0.097979545454545	0.029015340909091	0.024115909090909	0.551523295454545	0.039926136363636	0.035194318181818	0.053289204545455		1
000124:	0.047042045454545	0.059202272727273	0.072581818181818	0.040863636363636	0.477817045454545	0.041692045454545	0.079282386363636	0.181518750000000		1
000125:	0.115778977272727	0.041363068181818	0.090010227272727	0.106953977272727	0.231086931818182	0.173238068181818	0.169863636363636	0.071705113636364		1
000126:	0.029055681818182	0.022566477272727	0.023110795454545	0.771721590909091	0.078598295454545	0.021631250000000	0.014980113636364	0.038335795454545		1
000127:	0.287222159090909	0.057887500000000	0.091311363636364	0.043318750000000	0.163515909090909	0.166044318181818	0.048917045454545	0.141782954545455		1
000128:	0.233161363636364	0.041155681818182	0.156375568181818	0.042246022727273	0.323244318181818	0.071290340909091	0.049761363636364	0.082765340909091		1
000129:	0.072984659090909	0.318719318181818	0.022358522727273	0.011244318181818	0.305424431818182	0.013353409090909	0.008032386363636	0.247882954545455		1
000130:	0.005113068181818	0.001092613636364	0.005260227272727	0.001410227272727	0.060662500000000	0.916395454545455	0.006547727272727	0.003518181818182		1
000131:	0.302178977272727	0.015609090909091	0.013908522727273	0.016231250000000	0.395178409090909	0.085989204545455	0.027727272727273	0.143177272727273		1
000132:	0.127990340909091	0.022607386363636	0.166068181818182	0.014985227272727	0.029556250000000	0.340385795454545	0.028027272727273	0.270379545454545		1
000133:	0.043453977272727	0.149518750000000	0.079896590909091	0.079553977272727	0.314960227272727	0.071005113636364	0.138610227272727	0.123001136363636		1
000134:	0.071519886363636	0.284111931818182	0.104838636363636	0.081096022727273	0.126089772727273	0.071897727272727	0.100357954545455	0.160088068181818		1
000135:	0.046255113636364	0.030081818181818	0.004903409090909	0.350022159090909	0.019293181818182	0.008567045454545	0.005139772727273	0.535737500000000		1
000136:	0.185612500000000	0.043398863636364	0.077384659090909	0.019256818181818	0.391792045454545	0.176890340909091	0.037530113636364	0.068134659090909		1
000137:	0.053988068181818	0.120978977272727	0.047784090909091	0.026009090909091	0.382196590909091	0.098561931818182	0.020096022727273	0.250385227272727		1
000138:	0.153885795454545	0.117731818181818	0.060419318181818	0.091601136363636	0.309152272727273	0.066509659090909	0.071162500000000	0.129537500000000		1
000139:	0.249036363636364	0.056395454545455	0.035422727272727	0.025465340909091	0.176842613636364	0.080120454545455	0.070978409090909	0.305738636363636		1
000140:	0.031677840909091	0.557264772727273	0.059114204545455	0.016717045454545	0.165962500000000	0.043683522727273	0.012987500000000	0.112592613636364		1
000141:	0.044530113636364	0.026141477272727	0.013056818181818	0.105276136363636	0.013757954545455	0.701201704545454	0.041863068181818	0.054172727272727		1
000142:	0.129894318181818	0.068748863636364	0.031209659090909	0.018738636363636	0.140478977272727	0.130009659090909	0.022157386363636	0.458762500000000		1
000143:	0.333975568181818	0.022905681818182	0.039131250000000	0.015352840909091	0.281959659090909	0.071372727272727	0.028769318181818	0.206532954545455		1
000144:	0.223473295454545	0.022039204545455	0.030177840909091	0.023952840909091	0.056143750000000	0.129059090909091	0.022994886363636	0.492159090909091		1
000145:	0.035457954545455	0.034284090909091	0.026112500000000	0.010247727272727	0.031759090909091	0.774817613636364	0.035457954545455	0.051863068181818		1
000146:	0.352644886363636	0.118604545454545	0.037434090909091	0.037921590909091	0.057523863636364	0.106998295454545	0.069329545454545	0.219543181818182		1
000147:	0.160831818181818	0.024151704545455	0.140765909090909	0.017111363636364	0.135535795454545	0.054390909090909	0.340555113636364	0.126657386363636		1
000148:	0.135905681818182	0.028406250000000	0.034263636363636	0.014219318181818	0.573672159090909	0.046540909090909	0.049198863636364	0.117793181818182		1
000149:	0.155075568181818	0.078014204545455	0.289640909090909	0.021194886363636	0.087906818181818	0.106752840909091	0.064198863636364	0.197215909090909		1
000150:	0.051788636363636	0.122139772727273	0.061390909090909	0.020885227272727	0.216710227272727	0.066109659090909	0.019907386363636	0.441068181818182		1
000151:	0.213673863636364	0.042755113636364	0.129392613636364	0.038897727272727	0.127425000000000	0.287373295454545	0.041538636363636	0.118943750000000		1
000152:	0.270298295454545	0.107660227272727	0.122010227272727	0.040822727272727	0.203390909090909	0.127944886363636	0.026913068181818	0.100959659090909		1
000153:	0.097648295454545	0.067861363636364	0.039601704545455	0.034207954545455	0.073372159090909	0.114157386363636	0.027523863636364	0.545627272727273		1
000154:	0.588175000000000	0.033049431818182	0.044994318181818	0.018436931818182	0.039346022727273	0.189850000000000	0.034998863636364	0.051149431818182		1
000155:	0.131613636363636	0.081884659090909	0.083177272727273	0.028829545454545	0.104556818181818	0.313948295454545	0.029923863636364	0.226065909090909		1
000156:	0.048610227272727	0.025114772727273	0.048630681818182	0.016497159090909	0.078225568181818	0.585586931818182	0.025692613636364	0.171642045454545		1
000157:	0.180524431818182	0.003056818181818	0.731785227272727	0.005038636363636	0.007124431818182	0.062719318181818	0.003396590909091	0.006354545454545		1
000158:	0.144805681818182	0.019513636363636	0.110971590909091	0.143120454545455	0.038461931818182	0.142173295454545	0.171531818181818	0.229421590909091		1
000159:	0.066011931818182	0.037302272727273	0.473201704545455	0.075904545454545	0.019842613636364	0.127134090909091	0.110545454545455	0.090057386363636		1
000160:	0.050832386363636	0.013041477272727	0.090971590909091	0.532993181818182	0.030202840909091	0.055722727272727	0.212662500000000	0.013573295454545		1
000161:	0.001340909090909	0.968236931818182	0.000278409090909	0.026803409090909	0.001586931818182	0.000502840909091	0.001155681818182	0.000094886363636		1
000162:	0.110225000000000	0.313578409090909	0.044327272727273	0.132773863636364	0.022982954545455	0.027165340909091	0.209334659090909	0.139612500000000		1
000163:	0.752632386363636	0.008438068181818	0.028743750000000	0.024881818181818	0.023298295454545	0.044442613636364	0.088060795454545	0.029502272727273		1
000164:	0.845905113636364	0.002397727272727	0.020096022727273	0.073156818181818	0.006221022727273	0.035131818181818	0.012646590909091	0.004444886363636		1
000165:	0.904951704545455	0.001771590909091	0.015081250000000	0.021317613636364	0.007664772727273	0.027009090909091	0.018022727272727	0.004181250000000		1
000166:	0.784269886363636	0.017173863636364	0.026486931818182	0.023304545454545	0.033100568181818	0.041637500000000	0.047617045454545	0.026409659090909		1
000167:	0.541975568181818	0.018968750000000	0.089535795454545	0.090623863636364	0.083470454545455	0.057768750000000	0.055777840909091	0.061878977272727		1
000168:	0.062996022727273	0.035982954545455	0.036892613636364	0.011351136363636	0.561578977272727	0.168614772727273	0.026639204545455	0.095944318181818		1
000169:	0.136460795454545	0.034759659090909	0.045122727272727	0.052695454545455	0.193696590909091	0.053928977272727	0.030490340909091	0.452845454545455		1
000170:	0.472903409090909	0.029615340909091	0.044907386363636	0.011748863636364	0.319339772727273	0.039126704545455	0.037712500000000	0.044646022727273		1
000171:	0.073889204545455	0.047015340909091	0.046018750000000	0.018743750000000	0.019743750000000	0.689318181818182	0.051833522727273	0.053437500000000		1
000172:	0.481398295454545	0.038947159090909	0.042942613636364	0.063768750000000	0.100726704545455	0.149229545454545	0.018718750000000	0.104268181818182		1
000173:	0.538870454545455	0.022964772727273	0.022608522727273	0.021561931818182	0.061895454545455	0.047808522727273	0.035472727272727	0.248817613636364		1
000174:	0.235257954545455	0.164581250000000	0.055335227272727	0.017441477272727	0.260704545454545	0.081151136363636	0.049073295454545	0.136455113636364		1
000175:	0.029299431818182	0.022271590909091	0.050046022727273	0.022249431818182	0.031806250000000	0.795904545454545	0.021813068181818	0.026609659090909		1
000176:	0.123300000000000	0.051453977272727	0.085852272727273	0.023493750000000	0.168763068181818	0.135623863636364	0.035663068181818	0.375850000000000		1
000177:	0.168821590909091	0.042773863636364	0.040493181818182	0.014018750000000	0.403305681818182	0.070990340909091	0.018563636363636	0.241032954545455		1
000178:	0.410634659090909	0.048413636363636	0.058855113636364	0.012259659090909	0.116103409090909	0.146560227272727	0.025268750000000	0.181904545454545		1
000179:	0.052577272727273	0.018493750000000	0.052809659090909	0.005617045454545	0.022407954545455	0.747969318181818	0.028538068181818	0.071586931818182		1
000180:	0.095806250000000	0.026979545454545	0.032594318181818	0.013730681818182	0.016476136363636	0.738501136363636	0.022285795454545	0.053626136363636		1
000181:	0.055824431818182	0.019138068181818	0.036600568181818	0.017951136363636	0.033412500000000	0.742972159090909	0.054956250000000	0.039144886363636		1
000182:	0.156342613636364	0.155075000000000	0.148694318181818	0.032177272727273	0.071325568181818	0.173954545454545	0.031587500000000	0.230843181818182		1
000183:	0.050726136363636	0.014101704545455	0.042432386363636	0.008007954545455	0.051179545454545	0.779543750000000	0.018406250000000	0.035602272727273		1
000184:	0.007668750000000	0.140370454545455	0.007909090909091	0.001671022727273	0.008752272727273	0.015693750000000	0.798497159090909	0.019437500000000		1
000185:	0.119623863636364	0.170582954545455	0.065263068181818	0.034366477272727	0.178736931818182	0.127074431818182	0.065857386363636	0.238494886363636		1
000186:	0.040793750000000	0.030311363636364	0.262338068181818	0.059401136363636	0.038168750000000	0.492317613636364	0.010816477272727	0.065852840909091		1
000187:	0.037181250000000	0.021124431818182	0.021794886363636	0.011565909090909	0.023885227272727	0.836338068181818	0.012847727272727	0.035262500000000		1
000188:	0.051847727272727	0.021575000000000	0.044055681818182	0.091901136363636	0.076472727272727	0.615928977272727	0.031346590909091	0.066872159090909		1
000189:	0.641379545454545	0.022496590909091	0.018711363636364	0.016397727272727	0.161478409090909	0.044377272727273	0.027618181818182	0.067540909090909		1
000190:	0.437536363636364	0.002789204545455	0.001132954545455	0.001265340909091	0.487796022727273	0.061208522727273	0.003792045454545	0.004479545454545		1
000191:	0.421145454545455	0.045348295454545	0.022508522727273	0.015799431818182	0.136531250000000	0.049653409090909	0.027458522727273	0.281555113636364		1
000192:	0.024450568181818	0.015717613636364	0.039440909090909	0.022765340909091	0.235966477272727	0.040425000000000	0.020811931818182	0.600422159090909		1
000193:	0.167224431818182	0.048205113636364	0.021607954545455	0.017875000000000	0.062632954545455	0.139975000000000	0.032073295454545	0.510406250000000		1
000194:	0.106058522727273	0.115964204545455	0.052394318181818	0.028086931818182	0.213912500000000	0.174457386363636	0.125844886363636	0.183281250000000		1
000195:	0.070747727272727	0.028617045454545	0.039122159090909	0.009507386363636	0.197076704545455	0.053526136363636	0.014485795454545	0.586917045454545		1
000196:	0.086637500000000	0.012503409090909	0.092143181818182	0.319118750000000	0.068843181818182	0.219190909090909	0.161948863636364	0.039614204545455		1
000197:	0.530543750000000	0.019959090909091	0.049468181818182	0.066221022727273	0.042382954545455	0.114748295454545	0.068593181818182	0.108083522727273		1
000198:	0.054838068181818	0.051476704545455	0.006973863636364	0.024444318181818	0.008377840909091	0.098150000000000	0.634511363636364	0.121227840909091		1
000199:	0.555908522727273	0.024879545454545	0.100932954545455	0.049806818181818	0.023321590909091	0.078562500000000	0.140056818181818	0.026531250000000		1
000200:	0.312402840909091	0.026017045454545	0.305540909090909	0.059658522727273	0.062122727272727	0.081289772727273	0.100294886363636	0.052673295454545		1
000201:	0.091054545454545	0.014609659090909	0.031093181818182	0.040622159090909	0.021740340909091	0.728819318181818	0.053835227272727	0.018225568181818		1
000202:	0.066665909090909	0.091902840909091	0.111970454545455	0.024677272727273	0.339267045454545	0.145343181818182	0.032559090909091	0.187614204545455		1
000203:	0.440211931818182	0.044119886363636	0.043238068181818	0.013835227272727	0.028618181818182	0.124961931818182	0.242287500000000	0.062727272727273		1
000204:	0.207202840909091	0.039246590909091	0.116490340909091	0.044838636363636	0.073014204545455	0.400168750000000	0.052094318181818	0.066944318181818		1
000205:	0.070807386363636	0.009223863636364	0.055480113636364	0.001386363636364	0.815953977272727	0.021656818181818	0.002318181818182	0.023173295454545		1
000206:	0.061421022727273	0.248806818181818	0.351252272727273	0.017372727272727	0.122263636363636	0.092132386363636	0.043051136363636	0.063700000000000		1
000207:	0.072491477272727	0.052116477272727	0.062695454545455	0.054888636363636	0.269345454545455	0.052606250000000	0.037910795454545	0.397945454545455		1
000208:	0.001022727272727	0.000684659090909	0.000360227272727	0.000220454545455	0.993921022727273	0.002163636363636	0.000346590909091	0.001280681818182		1
000209:	0.149638636363636	0.024215340909091	0.146617045454545	0.065044886363636	0.067538068181818	0.393775000000000	0.052246590909091	0.100924431818182		1
000210:	0.180490340909091	0.029856250000000	0.134125568181818	0.036526136363636	0.074153409090909	0.216015340909091	0.094825568181818	0.234007386363636		1
000211:	0.696952272727273	0.041810227272727	0.041292613636364	0.027625568181818	0.037579545454545	0.059022727272727	0.044367045454545	0.051350000000000		1
000212:	0.267052840909091	0.033403977272727	0.077392613636364	0.161625568181818	0.076658522727273	0.205467045454545	0.130233522727273	0.048165909090909		1
000213:	0.757115909090909	0.016988636363636	0.044734090909091	0.031506818181818	0.012695454545455	0.042507386363636	0.048326136363636	0.046125568181818		1
000214:	0.189916477272727	0.033282954545455	0.204281250000000	0.087341477272727	0.091075000000000	0.068752840909091	0.229484659090909	0.095865340909091		1
000215:	0.181353409090909	0.102819886363636	0.043311931818182	0.191343750000000	0.081681250000000	0.062657954545455	0.029332386363636	0.307499431818182		1
000216:	0.148793181818182	0.030377272727273	0.391668181818182	0.052454545454545	0.030870454545455	0.179409090909091	0.113679545454545	0.052747727272727		1
000217:	0.159418750000000	0.018491477272727	0.172814204545455	0.106992613636364	0.020302272727273	0.141867045454545	0.347796022727273	0.032317613636364		1
000218:	0.596202272727273	0.014814204545455	0.065013068181818	0.063153409090909	0.035590909090909	0.083152272727273	0.099209090909091	0.042864772727273		1
000219:	0.623432954545455	0.011232954545455	0.030140340909091	0.093838636363636	0.025573295454545	0.087542045454545	0.102639772727273	0.025600000000000		1
000220:	0.197809659090909	0.008095454545455	0.046138636363636	0.070523295454545	0.023282954545455	0.322065340909091	0.294642613636364	0.037442045454545		1
000221:	0.582043750000000	0.007242045454545	0.033251704545455	0.044620454545455	0.046646022727273	0.222518181818182	0.039225000000000	0.024452840909091		1
000222:	0.193339204545455	0.017492045454545	0.037201136363636	0.043773863636364	0.027025568181818	0.590462500000000	0.076997727272727	0.013707954545455		1
000223:	0.213582954545455	0.055321590909091	0.166456818181818	0.111226136363636	0.084452840909091	0.259703977272727	0.051452840909091	0.057802840909091		1
000224:	0.023384659090909	0.080736931818182	0.032396022727273	0.054727840909091	0.297427272727273	0.050747159090909	0.030331250000000	0.430248863636364		1
000225:	0.090235227272727	0.181010227272727	0.027724431818182	0.027661363636364	0.427875000000000	0.066397159090909	0.028482954545455	0.150613636363636		1
000226:	0.044579545454545	0.096366477272727	0.075590340909091	0.134176136363636	0.367792613636364	0.126894318181818	0.033377272727273	0.121223295454545		1
000227:	0.036936363636364	0.131293181818182	0.051214204545455	0.087931818181818	0.452431250000000	0.043184659090909	0.029012500000000	0.167996022727273		1
000228:	0.012293750000000	0.765752272727273	0.019293750000000	0.097823863636364	0.038130681818182	0.025341477272727	0.029039204545455	0.012325000000000		1
000229:	0.035328409090909	0.097495454545455	0.054764772727273	0.042394886363636	0.693084659090909	0.026807386363636	0.020815909090909	0.029308522727273		1
000230:	0.032620454545455	0.049629545454545	0.091073863636364	0.465706250000000	0.128328977272727	0.057469886363636	0.156336363636364	0.018834659090909		1
000231:	0.061180681818182	0.111776704545455	0.113413068181818	0.114167045454545	0.243917613636364	0.041196022727273	0.055931818181818	0.258417045454545		1
000232:	0.061553977272727	0.085604545454545	0.069326136363636	0.181431250000000	0.196820454545455	0.305317045454545	0.042142613636364	0.057803977272727		1
000233:	0.042739204545455	0.095984659090909	0.021348863636364	0.057323295454545	0.616284090909091	0.029331250000000	0.035842613636364	0.101146022727273		1
000234:	0.017057386363636	0.531959090909091	0.022289204545455	0.054414772727273	0.251932954545455	0.030188068181818	0.016809090909091	0.075349431818182		1
000235:	0.007902840909091	0.870010795454545	0.012294318181818	0.027701704545455	0.021223295454545	0.029086931818182	0.010193750000000	0.021586363636364		1
000236:	0.021623863636364	0.181700000000000	0.250161931818182	0.159189772727273	0.074973295454545	0.232143750000000	0.043666477272727	0.036540909090909		1
000237:	0.019913636363636	0.344595454545455	0.033236931818182	0.072181250000000	0.306340340909091	0.035426136363636	0.027392613636364	0.160913636363636		1
000238:	0.068523863636364	0.098595454545455	0.026717613636364	0.055055681818182	0.077242613636364	0.605359090909091	0.022958522727273	0.045547159090909		1
000239:	0.014906818181818	0.199060795454545	0.160189204545455	0.061768181818182	0.432884090909091	0.067112500000000	0.013778977272727	0.050299431818182		1
000240:	0.000240909090909	0.002074431818182	0.044000000000000	0.003692045454545	0.948360227272727	0.000635227272727	0.000384659090909	0.000612500000000		1
000241:	0.034422159090909	0.107864772727273	0.100684659090909	0.106435227272727	0.085705113636364	0.265367045454545	0.035269886363636	0.264251136363636		1
000242:	0.026730113636364	0.139546590909091	0.056532386363636	0.044556818181818	0.152551704545455	0.029111931818182	0.034546590909091	0.516423863636364		1
000243:	0.019528409090909	0.207407386363636	0.277278977272727	0.354528409090909	0.065458522727273	0.029361363636364	0.021742613636364	0.024694318181818		1
000244:	0.016053409090909	0.051623863636364	0.039303977272727	0.070682386363636	0.708916477272727	0.045014204545455	0.034544318181818	0.033861363636364		1
000245:	0.012299431818182	0.019022159090909	0.067214204545455	0.034976136363636	0.821964772727273	0.014632954545455	0.020110795454545	0.009779545454545		1
000246:	0.043850568181818	0.503316477272727	0.029364772727273	0.105733522727273	0.143634090909091	0.044675568181818	0.024805113636364	0.104619886363636		1
000247:	0.002373295454545	0.046710795454545	0.199239772727273	0.003176136363636	0.000944886363636	0.002808522727273	0.743997159090909	0.000749431818182		1
000248:	0.012902272727273	0.029627272727273	0.046330681818182	0.064146590909091	0.787646022727273	0.022044318181818	0.017525568181818	0.019777272727273		1
000249:	0.015281250000000	0.284340340909091	0.070065340909091	0.110827272727273	0.415607386363636	0.039357954545455	0.018806250000000	0.045714204545455		1
000250:	0.023937500000000	0.127606818181818	0.065321022727273	0.047314772727273	0.571912500000000	0.040032386363636	0.016770454545455	0.107104545454545		1
000251:	0.028710795454545	0.144471590909091	0.060436363636364	0.112538636363636	0.483278409090909	0.055073295454545	0.024129545454545	0.091361363636364		1
000252:	0.037886363636364	0.147793181818182	0.075772159090909	0.345126704545455	0.110433522727273	0.203764772727273	0.034883522727273	0.044339772727273		1
000253:	0.023359659090909	0.552327840909091	0.059078409090909	0.097956250000000	0.095743750000000	0.045231818181818	0.097547159090909	0.028755113636364		1
000254:	0.023389204545455	0.153439204545455	0.448914204545455	0.067076136363636	0.117514772727273	0.071754545454545	0.098240340909091	0.019671590909091		1
000255:	0.024980681818182	0.137096590909091	0.040785227272727	0.050247159090909	0.632035795454545	0.050481250000000	0.026984090909091	0.037389204545455		1
