Estimated Clustering Probabilities for Samples
Sample	***Cluster  01***	***Cluster  02***	***Cluster  03***	***Cluster  04***	***Cluster  05***	***Cluster  06***	***Cluster  07***	***Cluster  08***	
000001:	0.002877272727273	0.000584659090909	0.003673295454545	0.988908522727273	0.001676704545455	0.001252840909091	0.000928977272727	0.000097727272727		1
000002:	0.499415340909091	0.030809659090909	0.282892613636364	0.061435795454545	0.033029545454545	0.039361931818182	0.031125000000000	0.021930113636364		1
000003:	0.357623295454545	0.038271590909091	0.182373295454545	0.053400568181818	0.033193750000000	0.031221022727273	0.291601704545455	0.012314772727273		1
000004:	0.242577272727273	0.032986931818182	0.613070454545455	0.020731818181818	0.017166477272727	0.049752272727273	0.019494886363636	0.004219886363636		1
000005:	0.602251704545455	0.019384659090909	0.125173863636364	0.068157954545455	0.054381818181818	0.032402840909091	0.059195454545455	0.039051704545455		1
000006:	0.407548295454545	0.030488636363636	0.208368181818182	0.021068750000000	0.059136931818182	0.247476704545455	0.018046022727273	0.007866477272727		1
000007:	0.469459090909091	0.078593750000000	0.149077840909091	0.151330681818182	0.033004545454545	0.054414204545455	0.055310227272727	0.008809659090909		1
000008:	0.883801704545455	0.022044318181818	0.033178977272727	0.009550000000000	0.011181250000000	0.018653409090909	0.016955113636364	0.004635227272727		1
000009:	0.896234090909091	0.013451136363636	0.022781818181818	0.011086363636364	0.020414772727273	0.021699431818182	0.010034090909091	0.004298295454545		1
000010:	0.720900000000000	0.026047727272727	0.067647727272727	0.031996590909091	0.070218181818182	0.049998863636364	0.026681818181818	0.006509090909091		1
000011:	0.072480681818182	0.050084659090909	0.239301704545455	0.358575000000000	0.070193750000000	0.111668750000000	0.062449431818182	0.035246022727273		1
000012:	0.063698295454545	0.045169886363636	0.036443750000000	0.105194886363636	0.268178977272727	0.147002272727273	0.231073295454545	0.103238636363636		1
000013:	0.024420454545455	0.014453409090909	0.019271022727273	0.019188636363636	0.106781818181818	0.044711363636364	0.055559659090909	0.715613636363636		1
000014:	0.046238068181818	0.007138636363636	0.005722159090909	0.105394886363636	0.012346022727273	0.793786931818182	0.007731818181818	0.021641477272727		1
000015:	0.248281250000000	0.027647727272727	0.071962500000000	0.024935227272727	0.093422727272727	0.174068750000000	0.306063636363636	0.053618181818182		1
000016:	0.027769886363636	0.017012500000000	0.021400000000000	0.040743181818182	0.028621022727273	0.808848863636364	0.030030113636364	0.025574431818182		1
000017:	0.078126704545455	0.050700568181818	0.051798863636364	0.204296590909091	0.343433522727273	0.124072159090909	0.112202840909091	0.035368750000000		1
000018:	0.046607954545455	0.014635795454545	0.022340340909091	0.042959090909091	0.246494318181818	0.042394886363636	0.026496022727273	0.558071590909091		1
000019:	0.121314204545455	0.031733522727273	0.075184659090909	0.160726704545455	0.132613068181818	0.056952272727273	0.302096590909091	0.119378977272727		1
000020:	0.113272727272727	0.037443750000000	0.147201136363636	0.031350568181818	0.228080681818182	0.342586363636364	0.043888068181818	0.056176704545455		1
000021:	0.006663636363636	0.010250000000000	0.006936363636364	0.730708522727273	0.153240340909091	0.025334659090909	0.024819318181818	0.042047159090909		1
000022:	0.043403409090909	0.021862500000000	0.035121022727273	0.049817613636364	0.167268181818182	0.100006250000000	0.528689204545455	0.053831818181818		1
000023:	0.051400568181818	0.048428409090909	0.090700000000000	0.363260795454545	0.125357386363636	0.066586363636364	0.154477840909091	0.099788636363636		1
000024:	0.015671022727273	0.018080113636364	0.014352272727273	0.013983522727273	0.039446590909091	0.838187500000000	0.011130113636364	0.049148863636364		1
000025:	0.035785227272727	0.021140909090909	0.073194886363636	0.157818750000000	0.081378409090909	0.149600000000000	0.276749431818182	0.204332386363636		1
000026:	0.022429545454545	0.038078409090909	0.024813636363636	0.015952840909091	0.097826136363636	0.038862500000000	0.721528409090909	0.040508522727273		1
000027:	0.031792045454545	0.016075568181818	0.028122727272727	0.020711931818182	0.590688636363636	0.056061931818182	0.070118181818182	0.186428977272727		1
000028:	0.075923295454545	0.112687500000000	0.025671590909091	0.482678977272727	0.132729545454545	0.069046590909091	0.067398295454545	0.033864204545455		1
000029:	0.118270454545455	0.024271590909091	0.024027840909091	0.021941477272727	0.318531250000000	0.321146022727273	0.116382386363636	0.055428977272727		1
000030:	0.067502272727273	0.056218181818182	0.072472727272727	0.069951136363636	0.071966477272727	0.109913068181818	0.465952840909091	0.086023295454545		1
000031:	0.071915340909091	0.029206818181818	0.027881250000000	0.023042613636364	0.265357954545455	0.102777840909091	0.101859090909091	0.377959090909091		1
000032:	0.025231818181818	0.101168181818182	0.041726136363636	0.020626704545455	0.512553977272727	0.125886931818182	0.068293181818182	0.104513068181818		1
000033:	0.027901136363636	0.068589204545455	0.031689204545455	0.033027840909091	0.179248863636364	0.085461363636364	0.517318181818182	0.056764204545455		1
000034:	0.010497727272727	0.004524431818182	0.008261931818182	0.010309090909091	0.030157954545455	0.905521022727273	0.009607954545455	0.021119886363636		1
000035:	0.034000568181818	0.048126136363636	0.023030681818182	0.460572727272727	0.123726136363636	0.047761363636364	0.041693750000000	0.221088636363636		1
000036:	0.080164772727273	0.068563636363636	0.075667613636364	0.158503977272727	0.329596590909091	0.125498863636364	0.076731818181818	0.085272727272727		1
000037:	0.059437500000000	0.020592045454545	0.034046590909091	0.048702840909091	0.590636363636364	0.074048863636364	0.080300000000000	0.092235795454545		1
000038:	0.113433522727273	0.069618181818182	0.166587500000000	0.144117045454545	0.097053977272727	0.191517045454545	0.064554545454545	0.153118181818182		1
000039:	0.029921022727273	0.062057954545455	0.222853977272727	0.079598295454545	0.178090340909091	0.099214204545455	0.157758522727273	0.170505681818182		1
000040:	0.032489772727273	0.024488636363636	0.043099431818182	0.048342613636364	0.058803409090909	0.723403409090909	0.022321590909091	0.047051136363636		1
000041:	0.073203409090909	0.027957386363636	0.039197159090909	0.040205113636364	0.420171022727273	0.260843181818182	0.063002272727273	0.075420454545455		1
000042:	0.021535227272727	0.013382954545455	0.116609090909091	0.055426704545455	0.368350568181818	0.229820454545455	0.066428977272727	0.128446022727273		1
000043:	0.015724431818182	0.013701136363636	0.052339204545455	0.061221590909091	0.069954545454545	0.398076136363636	0.370034659090909	0.018948295454545		1
000044:	0.154215340909091	0.037132386363636	0.039457954545455	0.094602840909091	0.334748863636364	0.160086363636364	0.124631250000000	0.055125000000000		1
000045:	0.032564204545455	0.015908522727273	0.019640909090909	0.025947159090909	0.680725568181818	0.052569318181818	0.075829545454545	0.096814772727273		1
000046:	0.000611363636364	0.000064772727273	0.000707954545455	0.997651136363636	0.000280113636364	0.000325000000000	0.000184659090909	0.000175000000000		1
000047:	0.159991477272727	0.058823863636364	0.059894318181818	0.189638068181818	0.218718181818182	0.191190909090909	0.047504545454545	0.074238636363636		1
000048:	0.220554545454545	0.032544886363636	0.085869886363636	0.303965909090909	0.068444318181818	0.064855113636364	0.202820454545455	0.020944886363636		1
000049:	0.186454545454545	0.028606250000000	0.069667613636364	0.103330113636364	0.154639772727273	0.099468181818182	0.319099431818182	0.038734090909091		1
000050:	0.007169318181818	0.003576704545455	0.004432954545455	0.147457954545455	0.014472727272727	0.762063636363636	0.054934659090909	0.005892045454545		1
000051:	0.067385227272727	0.010198863636364	0.059548295454545	0.034527272727273	0.022659659090909	0.785143750000000	0.013639204545455	0.006897727272727		1
000052:	0.043088068181818	0.009943181818182	0.022997159090909	0.011849431818182	0.018803977272727	0.859416477272727	0.024013068181818	0.009888636363636		1
000053:	0.126121022727273	0.019478409090909	0.076636931818182	0.049965340909091	0.081136931818182	0.119642045454545	0.482750568181818	0.044268750000000		1
000054:	0.053300000000000	0.043322727272727	0.058994318181818	0.108932954545455	0.170971590909091	0.087648295454545	0.092419886363636	0.384410227272727		1
000055:	0.272820454545455	0.011005681818182	0.069419318181818	0.012670454545455	0.043303409090909	0.046105681818182	0.532826136363636	0.011848863636364		1
000056:	0.164797727272727	0.032546590909091	0.064233522727273	0.029042613636364	0.075298295454545	0.065496590909091	0.538838636363636	0.029746022727273		1
000057:	0.233969318181818	0.036367045454545	0.128745454545455	0.056478977272727	0.263731818181818	0.084314204545455	0.158913068181818	0.037480113636364		1
000058:	0.053076136363636	0.014742045454545	0.019684659090909	0.248035227272727	0.037321022727273	0.027839204545455	0.576640340909091	0.022661363636364		1
000059:	0.059898295454545	0.021115909090909	0.053992045454545	0.135428977272727	0.482634090909091	0.023509090909091	0.186776136363636	0.036645454545455		1
000060:	0.202515340909091	0.026669886363636	0.037856250000000	0.095627840909091	0.052798295454545	0.067627272727273	0.482578977272727	0.034326136363636		1
000061:	0.131772159090909	0.026356250000000	0.051552272727273	0.092851704545455	0.125123863636364	0.070783522727273	0.465860795454545	0.035699431818182		1
000062:	0.051217613636364	0.014877840909091	0.026160227272727	0.016553977272727	0.030748863636364	0.812689772727273	0.032423863636364	0.015327840909091		1
000063:	0.098531818181818	0.020939204545455	0.016790909090909	0.009778977272727	0.019842045454545	0.795940909090909	0.028094318181818	0.010081818181818		1
000064:	0.257011363636364	0.071876136363636	0.219046022727273	0.036006818181818	0.038263068181818	0.323744318181818	0.029382386363636	0.024669886363636		1
000065:	0.355637500000000	0.035738636363636	0.069771022727273	0.047472727272727	0.035931250000000	0.053024431818182	0.369216477272727	0.033207954545455		1
000066:	0.130447727272727	0.022617613636364	0.031469318181818	0.025753977272727	0.185016477272727	0.061773863636364	0.509558522727273	0.033362500000000		1
000067:	0.093440340909091	0.020868181818182	0.443798863636364	0.009366477272727	0.208802840909091	0.180968181818182	0.019168750000000	0.023586363636364		1
000068:	0.074447159090909	0.017290340909091	0.028991477272727	0.046100568181818	0.111397727272727	0.028107386363636	0.667335795454545	0.026329545454545		1
000069:	0.153744318181818	0.028682386363636	0.066409659090909	0.098125000000000	0.290873863636364	0.112790909090909	0.224280113636364	0.025093750000000		1
000070:	0.105344318181818	0.092380681818182	0.114911931818182	0.143087500000000	0.137305113636364	0.201635227272727	0.132355113636364	0.072980113636364		1
000071:	0.023876704545455	0.016064772727273	0.012350000000000	0.024102272727273	0.111763636363636	0.026481250000000	0.766667045454545	0.018694318181818		1
000072:	0.240937500000000	0.056022727272727	0.053169318181818	0.098536363636364	0.060202272727273	0.096090909090909	0.356673295454545	0.038367613636364		1
000073:	0.552040340909091	0.036233522727273	0.071929545454545	0.056059090909091	0.068219886363636	0.052953409090909	0.126401704545455	0.036162500000000		1
000074:	0.000962500000000	0.000595454545455	0.995044886363636	0.000811363636364	0.000954545454545	0.000428409090909	0.000252840909091	0.000950000000000		1
000075:	0.163217613636364	0.049694318181818	0.062149431818182	0.193994318181818	0.237364204545455	0.095064204545455	0.103085227272727	0.095430681818182		1
000076:	0.010384090909091	0.327638068181818	0.003443181818182	0.006428977272727	0.016878409090909	0.006047159090909	0.057276704545455	0.571903409090909		1
000077:	0.113307386363636	0.143477272727273	0.096832386363636	0.037838636363636	0.121336363636364	0.113262500000000	0.284062500000000	0.089882954545455		1
000078:	0.173438068181818	0.040836363636364	0.074939772727273	0.067886363636364	0.116109659090909	0.222762500000000	0.282899431818182	0.021127840909091		1
000079:	0.030130681818182	0.013390340909091	0.015582954545455	0.067694318181818	0.567418181818182	0.034043181818182	0.237697159090909	0.034043181818182		1
000080:	0.055448863636364	0.041078409090909	0.038228409090909	0.106102840909091	0.136458522727273	0.036591477272727	0.466631250000000	0.119460227272727		1
000081:	0.448914204545455	0.036491477272727	0.024910227272727	0.079809090909091	0.134639204545455	0.038635795454545	0.217557386363636	0.019042613636364		1
000082:	0.113605681818182	0.037813068181818	0.223661931818182	0.022432954545455	0.031342045454545	0.058287500000000	0.491734090909091	0.021122727272727		1
000083:	0.298450568181818	0.045998295454545	0.051847159090909	0.039253409090909	0.103788636363636	0.038107386363636	0.365695454545455	0.056859090909091		1
000084:	0.020692045454545	0.017050568181818	0.085036363636364	0.020586363636364	0.017163068181818	0.778310795454545	0.020590340909091	0.040570454545455		1
000085:	0.106271022727273	0.117456250000000	0.078275000000000	0.072778409090909	0.355917613636364	0.111786931818182	0.102728977272727	0.054785795454545		1
000086:	0.087851704545455	0.098925568181818	0.186528977272727	0.069570454545455	0.176056250000000	0.250035795454545	0.058989772727273	0.072041477272727		1
000087:	0.088203977272727	0.012386363636364	0.011611363636364	0.030650568181818	0.104006250000000	0.044489772727273	0.679028977272727	0.029622727272727		1
000088:	0.093773863636364	0.023918750000000	0.026150568181818	0.024651704545455	0.587373863636364	0.048437500000000	0.139609659090909	0.056084090909091		1
000089:	0.093968750000000	0.043301704545455	0.111095454545455	0.072120454545455	0.462348863636364	0.057223863636364	0.112200568181818	0.047740340909091		1
000090:	0.070076704545455	0.015312500000000	0.094836931818182	0.069971022727273	0.126398863636364	0.158130113636364	0.182206818181818	0.283067045454545		1
000091:	0.042564204545455	0.084178977272727	0.035788068181818	0.346130681818182	0.043930681818182	0.074534659090909	0.227773295454545	0.145099431818182		1
000092:	0.118509659090909	0.031980113636364	0.036779545454545	0.035148863636364	0.045350000000000	0.072070454545455	0.588455113636364	0.071706250000000		1
000093:	0.192791477272727	0.061970454545455	0.064473295454545	0.024214772727273	0.144315340909091	0.090493750000000	0.297788068181818	0.123952840909091		1
000094:	0.093468181818182	0.051121022727273	0.047115909090909	0.039404545454545	0.161060227272727	0.045230113636364	0.494580681818182	0.068019318181818		1
000095:	0.334365340909091	0.032196590909091	0.031328409090909	0.110127840909091	0.045688068181818	0.092528409090909	0.325146022727273	0.028619318181818		1
000096:	0.044487500000000	0.012065909090909	0.017277840909091	0.008402272727273	0.019001704545455	0.816801704545455	0.066909090909091	0.015053977272727		1
000097:	0.014214772727273	0.002107954545455	0.003667045454545	0.045467613636364	0.909839772727273	0.007902272727273	0.013734659090909	0.003065909090909		1
000098:	0.029340340909091	0.008441477272727	0.013734659090909	0.024972727272727	0.048626136363636	0.012848295454545	0.832609659090909	0.029426704545455		1
000099:	0.092584659090909	0.021323295454545	0.087438636363636	0.177755681818182	0.136136363636364	0.355891477272727	0.094909090909091	0.033960795454545		1
000100:	0.104876136363636	0.014900000000000	0.297909090909091	0.026740340909091	0.053059090909091	0.381938068181818	0.094141477272727	0.026435795454545		1
000101:	0.102650568181818	0.020870454545455	0.035153977272727	0.155497727272727	0.523972159090909	0.082609090909091	0.043879545454545	0.035366477272727		1
000102:	0.033853977272727	0.805011363636364	0.002282386363636	0.001981818181818	0.013383522727273	0.003631818181818	0.128817613636364	0.011037500000000		1
000103:	0.112586363636364	0.039965340909091	0.039096022727273	0.141788068181818	0.106886363636364	0.052280113636364	0.378253409090909	0.129144318181818		1
000104:	0.072931818181818	0.016348863636364	0.083563068181818	0.026644318181818	0.113359659090909	0.471698863636364	0.201435227272727	0.014018181818182		1
000105:	0.056709090909091	0.014264204545455	0.027763636363636	0.028294886363636	0.207463068181818	0.130654545454545	0.408588636363636	0.126261931818182		1
000106:	0.006206250000000	0.000917613636364	0.001418181818182	0.013568181818182	0.004933522727273	0.001653409090909	0.968967045454545	0.002335795454545		1
000107:	0.147106250000000	0.027702840909091	0.058602272727273	0.081756250000000	0.209068750000000	0.388937500000000	0.055213636363636	0.031612500000000		1
000108:	0.032808522727273	0.010600000000000	0.031453977272727	0.014172159090909	0.057532386363636	0.783526704545455	0.022367045454545	0.047539204545455		1
000109:	0.093645454545455	0.066597727272727	0.036725000000000	0.166938636363636	0.382183522727273	0.071818750000000	0.093466477272727	0.088624431818182		1
000110:	0.015199431818182	0.056325568181818	0.010765909090909	0.025496590909091	0.025187500000000	0.032930113636364	0.027717045454545	0.806377840909091		1
000111:	0.082326136363636	0.035371590909091	0.233633522727273	0.182889204545455	0.085214772727273	0.226153977272727	0.124871022727273	0.029539772727273		1
000112:	0.064344318181818	0.040581250000000	0.071530681818182	0.077881818181818	0.420568181818182	0.140165340909091	0.056563068181818	0.128365340909091		1
000113:	0.192286363636364	0.031554545454545	0.038297159090909	0.030882954545455	0.078931250000000	0.138575568181818	0.465206818181818	0.024265340909091		1
000114:	0.064946022727273	0.083862500000000	0.051639204545455	0.080821022727273	0.083936363636364	0.047821590909091	0.515961931818182	0.071011363636364		1
000115:	0.134631250000000	0.042544886363636	0.058007386363636	0.129234090909091	0.195728409090909	0.078483522727273	0.271734090909091	0.089636363636364		1
000116:	0.969884090909091	0.006121590909091	0.002303409090909	0.009072727272727	0.005456250000000	0.003626136363636	0.001332954545455	0.002202840909091		1
000117:	0.013486931818182	0.001569318181818	0.003067613636364	0.846677840909091	0.114171022727273	0.004492613636364	0.002222727272727	0.014311931818182		1
000118:	0.199453409090909	0.062817613636364	0.176293750000000	0.106424431818182	0.092435795454545	0.207232386363636	0.121088636363636	0.034253977272727		1
000119:	0.038353977272727	0.019577272727273	0.035944886363636	0.339727840909091	0.166517045454545	0.062526136363636	0.200513068181818	0.136839772727273		1
000120:	0.321871022727273	0.028072727272727	0.113668181818182	0.128356250000000	0.114902272727273	0.202150000000000	0.054676704545455	0.036302840909091		1
000121:	0.046814772727273	0.018132386363636	0.032459090909091	0.586898295454545	0.057484090909091	0.051310795454545	0.134674431818182	0.072226136363636		1
000122:	0.032768181818182	0.009173863636364	0.031743181818182	0.029450000000000	0.208571590909091	0.028200568181818	0.631214204545455	0.028878409090909		1
000123:	0.393518750000000	0.017509090909091	0.234686931818182	0.020710227272727	0.080709659090909	0.026940340909091	0.173829545454545	0.052095454545455		1
000124:	0.160625000000000	0.059435227272727	0.042144318181818	0.250396022727273	0.318303977272727	0.059984090909091	0.056106818181818	0.053004545454545		1
000125:	0.162356818181818	0.142780113636364	0.181253409090909	0.186312500000000	0.068631818181818	0.099902840909091	0.123887500000000	0.034875000000000		1
000126:	0.080847727272727	0.676093750000000	0.038384659090909	0.041064772727273	0.055590340909091	0.054752840909091	0.027063636363636	0.026202272727273		1
000127:	0.149353409090909	0.035592045454545	0.094839772727273	0.135210795454545	0.161119886363636	0.218501136363636	0.136056818181818	0.069326136363636		1
000128:	0.229088636363636	0.022356818181818	0.105567613636364	0.232244886363636	0.055412500000000	0.109205681818182	0.202784090909091	0.043339772727273		1
000129:	0.010192045454545	0.004650000000000	0.019228977272727	0.005892613636364	0.018861931818182	0.008581250000000	0.924643181818182	0.007950000000000		1
000130:	0.105984090909091	0.036579545454545	0.085330113636364	0.178797727272727	0.043605113636364	0.113780113636364	0.392300568181818	0.043622727272727		1
000131:	0.059250000000000	0.014909659090909	0.041335227272727	0.124339772727273	0.261484659090909	0.076305681818182	0.397292613636364	0.025082386363636		1
000132:	0.095006818181818	0.026778977272727	0.043898863636364	0.035369886363636	0.159918750000000	0.572175000000000	0.043102840909091	0.023748863636364		1
000133:	0.140350568181818	0.121955681818182	0.084937500000000	0.156523295454545	0.148798295454545	0.119828409090909	0.103578409090909	0.124027840909091		1
000134:	0.142756250000000	0.045510227272727	0.087712500000000	0.169124431818182	0.120076704545455	0.079334659090909	0.193225000000000	0.162260227272727		1
000135:	0.093844318181818	0.016472727272727	0.014878409090909	0.021852840909091	0.225273295454545	0.023035227272727	0.554868181818182	0.049775000000000		1
000136:	0.219855681818182	0.033081818181818	0.093818750000000	0.041581818181818	0.045048863636364	0.060067613636364	0.467250568181818	0.039294886363636		1
000137:	0.051305681818182	0.033690340909091	0.028066477272727	0.149315340909091	0.134734090909091	0.071082954545455	0.375103977272727	0.156701136363636		1
000138:	0.295263068181818	0.091461363636364	0.070195454545455	0.085598295454545	0.115339772727273	0.066491477272727	0.222830113636364	0.052820454545455		1
000139:	0.135442613636364	0.286756818181818	0.027259659090909	0.025691477272727	0.279266477272727	0.038316477272727	0.044000568181818	0.163265909090909		1
000140:	0.012352840909091	0.001921590909091	0.003689204545455	0.009081250000000	0.010031818181818	0.095401704545455	0.022545454545455	0.844976136363636		1
000141:	0.127162500000000	0.043580113636364	0.389390340909091	0.066926704545455	0.038911363636364	0.271759090909091	0.021310795454545	0.040959090909091		1
000142:	0.224592045454545	0.016246022727273	0.040900000000000	0.034688068181818	0.086231818181818	0.056372727272727	0.400801136363636	0.140168181818182		1
000143:	0.133456818181818	0.022160227272727	0.048890909090909	0.040554545454545	0.427309659090909	0.059336931818182	0.246697727272727	0.021593181818182		1
000144:	0.123750000000000	0.001713068181818	0.002121022727273	0.012488068181818	0.848917613636364	0.009003409090909	0.001152272727273	0.000854545454545		1
000145:	0.102651704545455	0.019975000000000	0.037757386363636	0.068456250000000	0.042451704545455	0.691325000000000	0.019726704545455	0.017656250000000		1
000146:	0.014371022727273	0.001161363636364	0.002922727272727	0.018211363636364	0.005050000000000	0.015389204545455	0.689236931818182	0.253657386363636		1
000147:	0.013655113636364	0.823953977272727	0.013484659090909	0.004194318181818	0.022012500000000	0.112819318181818	0.007515340909091	0.002364772727273		1
000148:	0.224108522727273	0.015711931818182	0.028928409090909	0.248805681818182	0.074047727272727	0.038522159090909	0.246974431818182	0.122901136363636		1
000149:	0.223920454545455	0.041309090909091	0.062214204545455	0.123236363636364	0.192355681818182	0.112289772727273	0.126627272727273	0.118047159090909		1
000150:	0.061340340909091	0.015346022727273	0.036648863636364	0.061446590909091	0.609214204545454	0.059518181818182	0.061885227272727	0.094600568181818		1
000151:	0.200586363636364	0.046327840909091	0.042886363636364	0.072769318181818	0.129294886363636	0.230786363636364	0.230264772727273	0.047084090909091		1
000152:	0.148001136363636	0.050624431818182	0.108869318181818	0.117527840909091	0.099329545454545	0.220994318181818	0.156403977272727	0.098249431818182		1
000153:	0.099383522727273	0.021806250000000	0.031402840909091	0.051875568181818	0.550165909090909	0.080244318181818	0.084659659090909	0.080461931818182		1
000154:	0.536720454545455	0.026465909090909	0.081933522727273	0.043521590909091	0.051408522727273	0.184518181818182	0.050186363636364	0.025245454545455		1
000155:	0.075442613636364	0.042157954545455	0.039567045454545	0.034698295454545	0.065606818181818	0.334000568181818	0.370494318181818	0.038032386363636		1
000156:	0.073356818181818	0.019880113636364	0.044305113636364	0.047511363636364	0.458671590909091	0.282015909090909	0.035861363636364	0.038397727272727		1
000157:	0.099857954545455	0.071521590909091	0.072688068181818	0.028888068181818	0.017715909090909	0.674523863636364	0.023123295454545	0.011681250000000		1
000158:	0.198708522727273	0.195875000000000	0.106297159090909	0.188711931818182	0.129552272727273	0.101515340909091	0.032701136363636	0.046638636363636		1
000159:	0.057032954545455	0.133641477272727	0.122017613636364	0.098736363636364	0.061427272727273	0.438442045454545	0.033942045454545	0.054760227272727		1
000160:	0.089506818181818	0.778685227272727	0.044318750000000	0.026682954545455	0.011396022727273	0.024886363636364	0.015893750000000	0.008630113636364		1
000161:	0.486292045454545	0.016958522727273	0.008551704545455	0.009144318181818	0.463592613636364	0.007345454545455	0.006528977272727	0.001586363636364		1
000162:	0.150785227272727	0.231426136363636	0.052592613636364	0.095993750000000	0.223327840909091	0.032360227272727	0.034480681818182	0.179033522727273		1
000163:	0.810977272727273	0.028840340909091	0.051734659090909	0.029696022727273	0.022712500000000	0.017959090909091	0.032575568181818	0.005504545454545		1
000164:	0.427958522727273	0.055494318181818	0.051902840909091	0.012146022727273	0.008951704545455	0.416703977272727	0.014772159090909	0.012070454545455		1
000165:	0.796347727272727	0.049321022727273	0.049359659090909	0.016779545454545	0.013669886363636	0.045231250000000	0.022767613636364	0.006523295454545		1
000166:	0.802517613636364	0.022812500000000	0.104405113636364	0.011064772727273	0.012454545454545	0.025643181818182	0.015835795454545	0.005266477272727		1
000167:	0.303817613636364	0.053153977272727	0.093961363636364	0.277179545454545	0.032399431818182	0.080099431818182	0.150446022727273	0.008942613636364		1
000168:	0.015345454545455	0.002953409090909	0.878884090909091	0.004469318181818	0.035673863636364	0.057175000000000	0.002031818181818	0.003467045454545		1
000169:	0.110867045454545	0.017639772727273	0.039698863636364	0.066493750000000	0.509306818181818	0.039903409090909	0.182784090909091	0.033306250000000		1
000170:	0.619609659090909	0.019074431818182	0.050503409090909	0.046193181818182	0.034965340909091	0.027029545454545	0.171335795454545	0.031288636363636		1
000171:	0.426517613636364	0.011490340909091	0.017789772727273	0.014353977272727	0.035132386363636	0.307663068181818	0.170639204545455	0.016413636363636		1
000172:	0.414842045454545	0.068305681818182	0.059202840909091	0.049972727272727	0.119390909090909	0.057254545454545	0.167886363636364	0.063144886363636		1
000173:	0.335114772727273	0.016472727272727	0.033973863636364	0.062486363636364	0.273502840909091	0.045612500000000	0.206105681818182	0.026731250000000		1
000174:	0.032147727272727	0.008002272727273	0.021112500000000	0.013431250000000	0.046254545454545	0.024888068181818	0.794021590909091	0.060142045454545		1
000175:	0.038491477272727	0.008155113636364	0.019307954545455	0.030390340909091	0.037459090909091	0.839007954545455	0.017448863636364	0.009739204545455		1
000176:	0.165689772727273	0.028159659090909	0.140367613636364	0.093227272727273	0.271710795454545	0.083196022727273	0.196932954545455	0.020715909090909		1
000177:	0.062711363636364	0.013222159090909	0.055995454545455	0.033158522727273	0.101698863636364	0.052064204545455	0.660620454545455	0.020528977272727		1
000178:	0.139458522727273	0.020875568181818	0.135455681818182	0.043864772727273	0.266259659090909	0.187231818181818	0.167388068181818	0.039465909090909		1
000179:	0.008217613636364	0.000809659090909	0.126856818181818	0.002868181818182	0.012643181818182	0.843837500000000	0.002770454545455	0.001996590909091		1
000180:	0.028177840909091	0.004474431818182	0.041387500000000	0.015442613636364	0.045256250000000	0.847802840909091	0.007562500000000	0.009896022727273		1
000181:	0.082468750000000	0.023396590909091	0.109225000000000	0.022385227272727	0.052156818181818	0.672341477272727	0.019427840909091	0.018598295454545		1
000182:	0.073043181818182	0.016174431818182	0.106561363636364	0.073588068181818	0.206534659090909	0.133936931818182	0.250738636363636	0.139422727272727		1
000183:	0.032837500000000	0.009241477272727	0.039784659090909	0.009654545454545	0.031572159090909	0.842149431818182	0.023497159090909	0.011263068181818		1
000184:	0.088156818181818	0.008802840909091	0.035984090909091	0.563533522727273	0.047772727272727	0.048732386363636	0.176994886363636	0.030022727272727		1
000185:	0.107664204545455	0.067628977272727	0.097230681818182	0.075416477272727	0.261452272727273	0.123588068181818	0.116830113636364	0.150189204545455		1
000186:	0.004377840909091	0.000890340909091	0.000917613636364	0.963213068181818	0.016546590909091	0.006001136363636	0.001427272727273	0.006626136363636		1
000187:	0.013246590909091	0.009402272727273	0.009066477272727	0.043328409090909	0.019475000000000	0.874947727272727	0.010417045454545	0.020116477272727		1
000188:	0.104849431818182	0.034638636363636	0.072150568181818	0.293007386363636	0.115889204545455	0.289888068181818	0.045611363636364	0.043965340909091		1
000189:	0.192404545454545	0.030524431818182	0.066013636363636	0.047147159090909	0.165443750000000	0.059252272727273	0.422599431818182	0.016614772727273		1
000190:	0.006634090909091	0.345243181818182	0.592253409090909	0.002322727272727	0.041856250000000	0.002415909090909	0.004290340909091	0.004984090909091		1
000191:	0.216011931818182	0.025673295454545	0.075979545454545	0.032475568181818	0.466302272727273	0.057835795454545	0.103765909090909	0.021955681818182		1
000192:	0.058214204545455	0.028733522727273	0.050834659090909	0.352544886363636	0.317676136363636	0.069338068181818	0.082069886363636	0.040588636363636		1
000193:	0.152814204545455	0.025269318181818	0.067228409090909	0.189100000000000	0.207914204545455	0.191657954545455	0.116261931818182	0.049753977272727		1
000194:	0.116886931818182	0.018911931818182	0.061094886363636	0.066700000000000	0.068111931818182	0.104532954545455	0.456603409090909	0.107157954545455		1
000195:	0.077833522727273	0.022621590909091	0.050994886363636	0.116094318181818	0.630822727272727	0.031295454545455	0.031673295454545	0.038664204545455		1
000196:	0.481569318181818	0.142893750000000	0.112907954545455	0.066285795454545	0.029071590909091	0.131876704545455	0.022974431818182	0.012420454545455		1
000197:	0.059223295454545	0.013459659090909	0.023244886363636	0.006873295454545	0.021239204545455	0.008917045454545	0.862622159090909	0.004420454545455		1
000198:	0.282491477272727	0.099786363636364	0.072540340909091	0.065892613636364	0.199218750000000	0.080938636363636	0.079962500000000	0.119169318181818		1
000199:	0.877344318181818	0.009739204545455	0.025260227272727	0.057172159090909	0.014249431818182	0.006147727272727	0.005563636363636	0.004523295454545		1
000200:	0.050805681818182	0.659513636363636	0.018404545454545	0.232680681818182	0.004522159090909	0.016472727272727	0.015647727272727	0.001952840909091		1
000201:	0.166511931818182	0.046215340909091	0.085855681818182	0.022813068181818	0.014804545454545	0.624305681818182	0.029107954545455	0.010385795454545		1
000202:	0.084372727272727	0.035438068181818	0.072394886363636	0.072800568181818	0.131503977272727	0.123753977272727	0.431615909090909	0.048119886363636		1
000203:	0.758675568181818	0.014118750000000	0.048329545454545	0.043145454545455	0.028163636363636	0.033749431818182	0.058639772727273	0.015177840909091		1
000204:	0.402739204545455	0.038642613636364	0.064106250000000	0.207809090909091	0.059048863636364	0.115612500000000	0.076630113636364	0.035411363636364		1
000205:	0.251982954545455	0.031592613636364	0.102939772727273	0.045613068181818	0.073621590909091	0.303035795454545	0.142405113636364	0.048809090909091		1
000206:	0.085019318181818	0.023206250000000	0.044844886363636	0.368843750000000	0.062000568181818	0.111969886363636	0.205840340909091	0.098275000000000		1
000207:	0.088265909090909	0.031036363636364	0.070409659090909	0.187920454545455	0.380014204545455	0.029827272727273	0.178092613636364	0.034433522727273		1
000208:	0.307024431818182	0.018409659090909	0.079458522727273	0.107756250000000	0.095636931818182	0.259796022727273	0.073946022727273	0.057972159090909		1
000209:	0.151227840909091	0.060886363636364	0.072481250000000	0.118153977272727	0.051909090909091	0.492776136363636	0.030593181818182	0.021972159090909		1
000210:	0.309218750000000	0.033695454545455	0.236282954545455	0.121907954545455	0.074585795454545	0.155642613636364	0.045961363636364	0.022705113636364		1
000211:	0.611915340909091	0.066080113636364	0.150077840909091	0.025206818181818	0.052808522727273	0.064051704545455	0.014709090909091	0.015150568181818		1
000212:	0.314149431818182	0.034422159090909	0.204443750000000	0.012381250000000	0.260089204545455	0.138897727272727	0.023260227272727	0.012356250000000		1
000213:	0.532934090909091	0.056753409090909	0.090944886363636	0.035578977272727	0.042967045454545	0.161170454545455	0.061473863636364	0.018177272727273		1
000214:	0.230586931818182	0.086465340909091	0.119753977272727	0.370911931818182	0.048114204545455	0.053116477272727	0.067117613636364	0.023933522727273		1
000215:	0.146092045454545	0.100175000000000	0.061011931818182	0.401874431818182	0.057623295454545	0.084335795454545	0.115069886363636	0.033817613636364		1
000216:	0.043478409090909	0.042749431818182	0.722294318181818	0.011809090909091	0.015125568181818	0.150932386363636	0.006542613636364	0.007068181818182		1
000217:	0.532647727272727	0.137372159090909	0.132297159090909	0.029938636363636	0.035967045454545	0.079989772727273	0.027559090909091	0.024228409090909		1
000218:	0.713613068181818	0.057024431818182	0.052964772727273	0.032868750000000	0.018569886363636	0.081080113636364	0.028225000000000	0.015653977272727		1
000219:	0.738511363636364	0.104823863636364	0.053346022727273	0.033003409090909	0.013305681818182	0.032388636363636	0.016456818181818	0.008164204545455		1
000220:	0.689981818181818	0.060156818181818	0.053172159090909	0.021668181818182	0.011985795454545	0.123787500000000	0.024113636363636	0.015134090909091		1
000221:	0.812521590909091	0.040005681818182	0.035731250000000	0.018272727272727	0.006478409090909	0.045967045454545	0.036201136363636	0.004822159090909		1
000222:	0.490688636363636	0.066934659090909	0.076115340909091	0.038613636363636	0.014104545454545	0.248095454545455	0.049565340909091	0.015882386363636		1
000223:	0.142320454545455	0.100551704545455	0.140815909090909	0.165139204545455	0.075803409090909	0.198962500000000	0.085939772727273	0.090467045454545		1
000224:	0.021896022727273	0.033959659090909	0.014689772727273	0.012235795454545	0.027759659090909	0.065302840909091	0.780463068181818	0.043693181818182		1
000225:	0.013447727272727	0.018484659090909	0.006229545454545	0.005796022727273	0.009341477272727	0.017511931818182	0.900369318181818	0.028819318181818		1
000226:	0.037361931818182	0.110928409090909	0.055626136363636	0.033612500000000	0.071433522727273	0.125846022727273	0.522965909090909	0.042225568181818		1
000227:	0.032038636363636	0.060520454545455	0.029550000000000	0.038811363636364	0.122131818181818	0.050559090909091	0.571934090909091	0.094454545454545		1
000228:	0.019255681818182	0.132547727272727	0.012700000000000	0.024707954545455	0.017623295454545	0.018473863636364	0.038800000000000	0.735891477272727		1
000229:	0.048572159090909	0.045878977272727	0.043187500000000	0.028207386363636	0.021603409090909	0.031798863636364	0.733037500000000	0.047714204545455		1
000230:	0.036772159090909	0.540644318181818	0.031493750000000	0.186522159090909	0.016276136363636	0.108917045454545	0.035790909090909	0.043583522727273		1
000231:	0.061726704545455	0.111244318181818	0.034272159090909	0.169152840909091	0.155048295454545	0.037492045454545	0.353419318181818	0.077644318181818		1
000232:	0.076660795454545	0.255558522727273	0.034816477272727	0.034654545454545	0.033395454545455	0.305358522727273	0.196325000000000	0.063230681818182		1
000233:	0.030937500000000	0.055016477272727	0.022855681818182	0.105718181818182	0.126718750000000	0.041216477272727	0.512005113636364	0.105531818181818		1
000234:	0.014869886363636	0.034622727272727	0.010343181818182	0.015199431818182	0.012963636363636	0.027802840909091	0.790180681818182	0.094017613636364		1
000235:	0.018784090909091	0.035755681818182	0.021048863636364	0.021530113636364	0.071967613636364	0.077937500000000	0.167077840909091	0.585898295454545		1
000236:	0.025565340909091	0.171689204545455	0.092509659090909	0.092559659090909	0.025301136363636	0.389475568181818	0.076141477272727	0.126757954545455		1
000237:	0.002652840909091	0.153619886363636	0.004792613636364	0.025848863636364	0.611360227272727	0.005830681818182	0.020133522727273	0.175761363636364		1
000238:	0.037310795454545	0.053467045454545	0.028311363636364	0.018898295454545	0.031655113636364	0.699606818181818	0.051127840909091	0.079622727272727		1
000239:	0.021131250000000	0.087766477272727	0.068445454545455	0.055490909090909	0.043664772727273	0.144137500000000	0.419564204545455	0.159799431818182		1
000240:	0.016500568181818	0.571680681818182	0.028051704545455	0.150439204545455	0.038057954545455	0.044527840909091	0.091576704545455	0.059165340909091		1
000241:	0.014442613636364	0.063382386363636	0.083659090909091	0.449593181818182	0.063423863636364	0.065883522727273	0.049493181818182	0.210122159090909		1
000242:	0.001735795454545	0.571220454545455	0.266010795454545	0.002094886363636	0.002964204545455	0.024547727272727	0.104449431818182	0.026976704545455		1
000243:	0.022200568181818	0.477761931818182	0.028923295454545	0.025896022727273	0.057065909090909	0.054718181818182	0.081756250000000	0.251677840909091		1
000244:	0.037055681818182	0.107540340909091	0.060780681818182	0.058618750000000	0.040676704545455	0.058901136363636	0.547801136363636	0.088625568181818		1
000245:	0.032953977272727	0.167851136363636	0.022621590909091	0.028017613636364	0.025055113636364	0.035890340909091	0.632065909090909	0.055544318181818		1
000246:	0.018498295454545	0.069654545454545	0.021444318181818	0.029237500000000	0.032902840909091	0.036733522727273	0.396852272727273	0.394676704545455		1
000247:	0.024958522727273	0.164667045454545	0.029776704545455	0.179121590909091	0.156478977272727	0.126965909090909	0.088705113636364	0.229326136363636		1
000248:	0.015106250000000	0.182509659090909	0.009089772727273	0.018085227272727	0.008538636363636	0.043490340909091	0.702038068181818	0.021142045454545		1
000249:	0.007550000000000	0.099309090909091	0.006536931818182	0.010791477272727	0.004555113636364	0.028059659090909	0.137013068181818	0.706184659090909		1
000250:	0.011722727272727	0.030672727272727	0.009027272727273	0.014538068181818	0.016575568181818	0.029267045454545	0.812692045454545	0.075504545454545		1
000251:	0.016732954545455	0.064549431818182	0.030112500000000	0.024651704545455	0.029710227272727	0.056950000000000	0.729894318181818	0.047398863636364		1
000252:	0.029453977272727	0.342434659090909	0.028343181818182	0.138917045454545	0.028780113636364	0.157861931818182	0.116857386363636	0.157351704545455		1
000253:	0.027099431818182	0.129865340909091	0.030254545454545	0.070465340909091	0.043289204545455	0.057638068181818	0.128715909090909	0.512672159090909		1
000254:	0.018123295454545	0.137852272727273	0.031616477272727	0.473196022727273	0.013439204545455	0.058915340909091	0.198223863636364	0.068633522727273		1
000255:	0.005856818181818	0.007884090909091	0.002553409090909	0.238771022727273	0.689430113636364	0.007637500000000	0.008141477272727	0.039725568181818		1
