Estimated Clustering Probabilities for Samples
Sample	***Cluster  01***	***Cluster  02***	***Cluster  03***	***Cluster  04***	***Cluster  05***	***Cluster  06***	***Cluster  07***	***Cluster  08***	
000001:	0.057214772727273	0.203526704545455	0.118313636363636	0.150899431818182	0.010461363636364	0.090655113636364	0.272171022727273	0.096757954545455		1
000002:	0.035703409090909	0.596093181818182	0.153669318181818	0.075127272727273	0.004351136363636	0.039839772727273	0.017738068181818	0.077477840909091		1
000003:	0.035243750000000	0.293071590909091	0.361629545454545	0.090576704545455	0.013405113636364	0.036180681818182	0.122669886363636	0.047222727272727		1
000004:	0.025060227272727	0.644607386363636	0.062292045454545	0.044290340909091	0.006568181818182	0.039377272727273	0.036764772727273	0.141039772727273		1
000005:	0.055163636363636	0.616657386363636	0.145532954545455	0.061213068181818	0.008636931818182	0.036736363636364	0.041882954545455	0.034176704545455		1
000006:	0.072440909090909	0.444590909090909	0.040215340909091	0.060871022727273	0.020309090909091	0.057773863636364	0.016972727272727	0.286826136363636		1
000007:	0.029236363636364	0.398886931818182	0.222992045454545	0.116992613636364	0.007603977272727	0.143046590909091	0.032135227272727	0.049106250000000		1
000008:	0.030169318181818	0.875171590909091	0.022059090909091	0.018765340909091	0.003671022727273	0.025459090909091	0.011116477272727	0.013588068181818		1
000009:	0.020575568181818	0.886107386363636	0.014419318181818	0.012792613636364	0.006923863636364	0.016688068181818	0.008111363636364	0.034381818181818		1
000010:	0.005498863636364	0.148785227272727	0.011345454545455	0.020646022727273	0.793532386363636	0.006622727272727	0.009773295454545	0.003796022727273		1
000011:	0.059123295454545	0.049182954545455	0.035984659090909	0.329221022727273	0.037211363636364	0.011552272727273	0.267746590909091	0.209977840909091		1
000012:	0.250505681818182	0.040597159090909	0.101761931818182	0.069164204545455	0.139943181818182	0.049022159090909	0.089628977272727	0.259376704545455		1
000013:	0.208465909090909	0.032053977272727	0.058870454545455	0.027723863636364	0.377373295454545	0.021909659090909	0.133906250000000	0.139696590909091		1
000014:	0.034318750000000	0.024568750000000	0.012533522727273	0.014644886363636	0.034407954545455	0.014285227272727	0.040044318181818	0.825196590909091		1
000015:	0.123948863636364	0.112644886363636	0.460886363636364	0.030889772727273	0.061002840909091	0.028626704545455	0.099514772727273	0.082485795454545		1
000016:	0.008899431818182	0.005510227272727	0.004553977272727	0.006258522727273	0.009363068181818	0.003009659090909	0.006342045454545	0.956063068181818		1
000017:	0.073509090909091	0.028410227272727	0.674600000000000	0.056250568181818	0.020726136363636	0.010355113636364	0.026544886363636	0.109603977272727		1
000018:	0.316573295454545	0.063725000000000	0.036517613636364	0.028556818181818	0.410031250000000	0.017883522727273	0.066662500000000	0.060050000000000		1
000019:	0.143033522727273	0.094275000000000	0.209691477272727	0.046144886363636	0.072738068181818	0.028910227272727	0.340339772727273	0.064867045454545		1
000020:	0.236276704545455	0.103322159090909	0.051943181818182	0.046530681818182	0.037257954545455	0.035053977272727	0.047015909090909	0.442599431818182		1
000021:	0.872147159090909	0.006072159090909	0.009338636363636	0.062732386363636	0.014403409090909	0.006706818181818	0.021084090909091	0.007515340909091		1
000022:	0.226591477272727	0.026269886363636	0.008381250000000	0.010641477272727	0.021000568181818	0.007330681818182	0.670171590909091	0.029613068181818		1
000023:	0.159848863636364	0.050680113636364	0.193768750000000	0.256014772727273	0.127256818181818	0.034519886363636	0.110986931818182	0.066923863636364		1
000024:	0.046536363636364	0.014793181818182	0.013006250000000	0.014606250000000	0.052257386363636	0.008913068181818	0.011501704545455	0.838385795454546		1
000025:	0.137686931818182	0.041830681818182	0.063485795454545	0.050497727272727	0.376996022727273	0.029290340909091	0.181890340909091	0.118322159090909		1
000026:	0.273147727272727	0.041730113636364	0.037030681818182	0.023468750000000	0.081701704545455	0.022212500000000	0.480163068181818	0.040545454545455		1
000027:	0.719182954545455	0.043846022727273	0.022132386363636	0.020831250000000	0.101018181818182	0.017960795454545	0.030823295454545	0.044205113636364		1
000028:	0.092144886363636	0.161381818181818	0.018511931818182	0.593448295454545	0.033518750000000	0.012119886363636	0.019263636363636	0.069610795454545		1
000029:	0.011596022727273	0.970073863636364	0.000632954545455	0.000786363636364	0.014510795454545	0.000390340909091	0.000494886363636	0.001514772727273		1
000030:	0.067548295454545	0.004718750000000	0.033319886363636	0.010824431818182	0.032822159090909	0.596582954545455	0.210915909090909	0.043267613636364		1
000031:	0.497857386363636	0.037189772727273	0.037327272727273	0.017208522727273	0.226110795454545	0.020974431818182	0.103802272727273	0.059529545454545		1
000032:	0.613793181818182	0.020397159090909	0.035058522727273	0.041315909090909	0.057279545454545	0.019100568181818	0.052993750000000	0.160061363636364		1
000033:	0.151000000000000	0.044397159090909	0.022961931818182	0.019116477272727	0.042703409090909	0.033948295454545	0.603379545454545	0.082493181818182		1
000034:	0.052463068181818	0.016142613636364	0.019296022727273	0.024491477272727	0.048552272727273	0.013634659090909	0.018563636363636	0.806856250000000		1
000035:	0.380946590909091	0.048571590909091	0.096124431818182	0.123095454545455	0.194627272727273	0.058261363636364	0.053281250000000	0.045092045454545		1
000036:	0.203143750000000	0.041161363636364	0.144185795454545	0.022097159090909	0.115636931818182	0.016165909090909	0.023305681818182	0.434303409090909		1
000037:	0.572339772727273	0.044116477272727	0.070943750000000	0.029309659090909	0.065714204545455	0.020385795454545	0.072366477272727	0.124823863636364		1
000038:	0.059010227272727	0.091268181818182	0.030939204545455	0.178477840909091	0.209988636363636	0.063366477272727	0.280334659090909	0.086614772727273		1
000039:	0.264880681818182	0.045136363636364	0.080627272727273	0.021022159090909	0.179711931818182	0.014192045454545	0.125748295454545	0.268681250000000		1
000040:	0.106272727272727	0.111161363636364	0.010747727272727	0.014711931818182	0.042307386363636	0.013709659090909	0.013671590909091	0.687417613636364		1
000041:	0.369046590909091	0.064725568181818	0.031057954545455	0.105511931818182	0.079245454545455	0.027868750000000	0.053175568181818	0.269368181818182		1
000042:	0.262219886363636	0.048751704545455	0.108043181818182	0.112504545454545	0.255962500000000	0.029345454545455	0.081002272727273	0.102170454545455		1
000043:	0.168127840909091	0.125104545454545	0.318159090909091	0.050427272727273	0.044073295454545	0.044354545454545	0.093297159090909	0.156456250000000		1
000044:	0.108494318181818	0.264157954545455	0.421747727272727	0.052496022727273	0.035980113636364	0.020428977272727	0.045453977272727	0.051240909090909		1
000045:	0.740972159090909	0.028286363636364	0.032928977272727	0.010593750000000	0.099894886363636	0.024337500000000	0.024725568181818	0.038260795454545		1
000046:	0.395742045454545	0.041401136363636	0.246757954545455	0.025092045454545	0.087065340909091	0.064527840909091	0.075067613636364	0.064346022727273		1
000047:	0.219227840909091	0.135568181818182	0.069398295454545	0.226857954545455	0.055537500000000	0.044249431818182	0.061032386363636	0.188128409090909		1
000048:	0.045753977272727	0.226513068181818	0.399925568181818	0.069715909090909	0.034736931818182	0.097886363636364	0.083111363636364	0.042356818181818		1
000049:	0.042972159090909	0.066478409090909	0.301177272727273	0.083703977272727	0.047523863636364	0.024740340909091	0.314790909090909	0.118613068181818		1
000050:	0.090040340909091	0.126284659090909	0.154257954545455	0.187605681818182	0.049916477272727	0.049128409090909	0.138880113636364	0.203886363636364		1
000051:	0.100674431818182	0.056629545454545	0.005476136363636	0.010862500000000	0.006418181818182	0.010617045454545	0.022097727272727	0.787224431818182		1
000052:	0.033863068181818	0.080703977272727	0.033503977272727	0.050389204545455	0.013027272727273	0.026985227272727	0.039080681818182	0.722446590909091		1
000053:	0.175702840909091	0.182894886363636	0.119219318181818	0.083244318181818	0.037813636363636	0.030459659090909	0.266093750000000	0.104571590909091		1
000054:	0.098825000000000	0.096912500000000	0.056520454545455	0.116483522727273	0.371888636363636	0.051872159090909	0.149536931818182	0.057960795454545		1
000055:	0.035290909090909	0.073693750000000	0.786758522727273	0.007898295454545	0.018901136363636	0.022968181818182	0.041250000000000	0.013239204545455		1
000056:	0.112217045454545	0.222642045454545	0.122859659090909	0.024317613636364	0.032813636363636	0.045902840909091	0.326268750000000	0.112978409090909		1
000057:	0.236469318181818	0.289275000000000	0.050926704545455	0.038488636363636	0.052667613636364	0.040611931818182	0.154887500000000	0.136673295454545		1
000058:	0.039191477272727	0.032509090909091	0.426214204545455	0.012877272727273	0.065051704545455	0.015754545454545	0.391457954545455	0.016943750000000		1
000059:	0.165123863636364	0.036773863636364	0.691371590909091	0.010796022727273	0.024035227272727	0.014616477272727	0.044657386363636	0.012625568181818		1
000060:	0.066968750000000	0.099794318181818	0.518047727272727	0.025128409090909	0.014528409090909	0.024263068181818	0.162820454545455	0.088448863636364		1
000061:	0.173340909090909	0.055292613636364	0.481177840909091	0.032682386363636	0.039403977272727	0.048526136363636	0.125514204545455	0.044061931818182		1
000062:	0.019121022727273	0.075493181818182	0.014804545454545	0.014069886363636	0.009318750000000	0.021628409090909	0.039323863636364	0.806240340909091		1
000063:	0.022167045454545	0.059197159090909	0.013513636363636	0.014903977272727	0.011378409090909	0.015302272727273	0.029045454545455	0.834492045454545		1
000064:	0.018002840909091	0.153979545454545	0.022364772727273	0.045720454545455	0.013927272727273	0.046177272727273	0.017799431818182	0.682028409090909		1
000065:	0.094968750000000	0.307098295454545	0.095913636363636	0.033620454545455	0.047399431818182	0.062955113636364	0.292444318181818	0.065600000000000		1
000066:	0.310118181818182	0.194344886363636	0.134150568181818	0.030446022727273	0.043817045454545	0.033181250000000	0.177096022727273	0.076846022727273		1
000067:	0.027937500000000	0.342205113636364	0.014167045454545	0.021818181818182	0.015796022727273	0.010979545454545	0.044035795454545	0.523060795454545		1
000068:	0.222528409090909	0.235703977272727	0.064732386363636	0.034447159090909	0.036382386363636	0.014275568181818	0.362546022727273	0.029384090909091		1
000069:	0.192205681818182	0.031553409090909	0.481467045454545	0.015137500000000	0.022793750000000	0.013802840909091	0.183919318181818	0.059120454545455		1
000070:	0.005956250000000	0.003767613636364	0.002661931818182	0.961596022727273	0.004694886363636	0.005005113636364	0.003048863636364	0.013269318181818		1
000071:	0.130278977272727	0.057722727272727	0.100294318181818	0.032513636363636	0.078519318181818	0.044771022727273	0.527447727272727	0.028452272727273		1
000072:	0.099953977272727	0.157202840909091	0.165594886363636	0.022944886363636	0.055681250000000	0.076561363636364	0.247198295454545	0.174862500000000		1
000073:	0.064697159090909	0.330192045454545	0.189073863636364	0.014425000000000	0.035418750000000	0.033685227272727	0.269580681818182	0.062927272727273		1
000074:	0.320353977272727	0.087271022727273	0.075800000000000	0.035096590909091	0.163282954545455	0.031826136363636	0.130316477272727	0.156052840909091		1
000075:	0.180120454545455	0.084965340909091	0.318188636363636	0.036264204545455	0.100143750000000	0.078767045454545	0.107342045454545	0.094208522727273		1
000076:	0.122380681818182	0.070558522727273	0.063052272727273	0.063277272727273	0.153897159090909	0.369045454545455	0.114736931818182	0.043051704545455		1
000077:	0.155621590909091	0.134039772727273	0.047003977272727	0.051191477272727	0.119567045454545	0.191505113636364	0.174581250000000	0.126489772727273		1
000078:	0.099848295454545	0.102876136363636	0.167474431818182	0.110219886363636	0.033700000000000	0.045705681818182	0.312832954545455	0.127342613636364		1
000079:	0.172059090909091	0.077684090909091	0.173909090909091	0.035161363636364	0.072038636363636	0.041318181818182	0.362014772727273	0.065814772727273		1
000080:	0.281467045454545	0.048957386363636	0.084784090909091	0.051286363636364	0.169584659090909	0.041910795454545	0.293206818181818	0.028802840909091		1
000081:	0.114475000000000	0.027502840909091	0.027001704545455	0.007773863636364	0.009774431818182	0.014980681818182	0.582282954545455	0.216208522727273		1
000082:	0.038330113636364	0.078000568181818	0.227897159090909	0.098995454545455	0.020695454545455	0.030143750000000	0.458164204545455	0.047773295454545		1
000083:	0.184715340909091	0.277175568181818	0.174371590909091	0.022590909090909	0.068848295454545	0.054196590909091	0.179999431818182	0.038102272727273		1
000084:	0.032486931818182	0.017985795454545	0.015101136363636	0.015693750000000	0.031989772727273	0.019728977272727	0.062554545454545	0.804459090909091		1
000085:	0.185055681818182	0.337235227272727	0.167001704545455	0.042889204545455	0.077186363636364	0.041282954545455	0.092302840909091	0.057046022727273		1
000086:	0.038374431818182	0.025732954545455	0.008191477272727	0.231710227272727	0.047173295454545	0.008003977272727	0.007242613636364	0.633571022727273		1
000087:	0.249176704545455	0.068399431818182	0.147056250000000	0.045348295454545	0.040261931818182	0.021962500000000	0.374773295454545	0.053021590909091		1
000088:	0.611547159090909	0.076919318181818	0.063810227272727	0.042217613636364	0.043795454545455	0.036420454545455	0.082704545454545	0.042585227272727		1
000089:	0.645960795454545	0.050156818181818	0.030836931818182	0.032088636363636	0.026742613636364	0.038821022727273	0.140922727272727	0.034470454545455		1
000090:	0.384444318181818	0.053924431818182	0.054036363636364	0.034079545454545	0.121528977272727	0.022372727272727	0.158093750000000	0.171519886363636		1
000091:	0.071481250000000	0.032952272727273	0.026897159090909	0.069073863636364	0.126325568181818	0.098468750000000	0.538425000000000	0.036376136363636		1
000092:	0.113455113636364	0.084503409090909	0.092425000000000	0.022406250000000	0.068101704545455	0.042528977272727	0.523178409090909	0.053401136363636		1
000093:	0.357390340909091	0.208827840909091	0.045647727272727	0.016996022727273	0.154857954545455	0.049362500000000	0.101206818181818	0.065710795454545		1
000094:	0.285690909090909	0.063457954545455	0.034439772727273	0.029840909090909	0.056079545454545	0.042877272727273	0.443146590909091	0.044467045454545		1
000095:	0.042977840909091	0.153065340909091	0.371768181818182	0.016186363636364	0.026087500000000	0.051667045454545	0.240577272727273	0.097670454545455		1
000096:	0.024182954545455	0.039960795454545	0.049645454545455	0.022863636363636	0.011735795454545	0.025281818181818	0.019119886363636	0.807209659090909		1
000097:	0.194064772727273	0.228959090909091	0.120118750000000	0.011623863636364	0.074938636363636	0.012613636363636	0.314107386363636	0.043573863636364		1
000098:	0.122935227272727	0.026341477272727	0.227781818181818	0.021614204545455	0.016173863636364	0.011784090909091	0.556840909090909	0.016528409090909		1
000099:	0.121119886363636	0.047962500000000	0.101950568181818	0.033719886363636	0.068530681818182	0.020103409090909	0.414352840909091	0.192260227272727		1
000100:	0.053711931818182	0.214218750000000	0.069934090909091	0.018884659090909	0.016950000000000	0.017536363636364	0.039567613636364	0.569196590909091		1
000101:	0.725393181818182	0.058294318181818	0.040952272727273	0.024472159090909	0.018190340909091	0.014764772727273	0.051956818181818	0.065976136363636		1
000102:	0.333924431818182	0.161044318181818	0.030582954545455	0.036269886363636	0.030831818181818	0.018876136363636	0.115914204545455	0.272556250000000		1
000103:	0.075589772727273	0.039979545454545	0.162013068181818	0.047810227272727	0.137338636363636	0.032717045454545	0.464765340909091	0.039786363636364		1
000104:	0.051524431818182	0.100258522727273	0.110296022727273	0.017711363636364	0.041902272727273	0.010144886363636	0.025473863636364	0.642688636363636		1
000105:	0.265622159090909	0.052010795454545	0.025378977272727	0.024405113636364	0.043477840909091	0.020432386363636	0.289203409090909	0.279469318181818		1
000106:	0.623964204545455	0.107129545454545	0.077239204545455	0.041984090909091	0.058590340909091	0.022989772727273	0.033048863636364	0.035053977272727		1
000107:	0.014241477272727	0.004606250000000	0.359421022727273	0.003640909090909	0.004152840909091	0.001943750000000	0.005111363636364	0.606882386363636		1
000108:	0.105153409090909	0.101380113636364	0.047384090909091	0.046242613636364	0.112012500000000	0.017822727272727	0.045125568181818	0.524878977272727		1
000109:	0.293351704545455	0.136748295454545	0.151584090909091	0.052477272727273	0.079058522727273	0.052291477272727	0.185444886363636	0.049043750000000		1
000110:	0.050681818181818	0.065357386363636	0.017430681818182	0.024473295454545	0.509180681818182	0.037689772727273	0.045414204545455	0.249772159090909		1
000111:	0.094360227272727	0.098303409090909	0.132939772727273	0.095189204545455	0.045386363636364	0.059309090909091	0.138158522727273	0.336353409090909		1
000112:	0.461719318181818	0.047872727272727	0.043593181818182	0.152188636363636	0.072027840909091	0.051007954545455	0.051977840909091	0.119612500000000		1
000113:	0.098703977272727	0.175184659090909	0.071011931818182	0.042007954545455	0.029519318181818	0.021993181818182	0.281205113636364	0.280373863636364		1
000114:	0.062859659090909	0.061448863636364	0.027165340909091	0.037317613636364	0.032038068181818	0.069056250000000	0.597089204545455	0.113025000000000		1
000115:	0.182440340909091	0.185901136363636	0.103798295454545	0.041407386363636	0.081651704545455	0.099877840909091	0.192401136363636	0.112522159090909		1
000116:	0.085629545454545	0.278259090909091	0.085432954545455	0.033299431818182	0.042671590909091	0.047254545454545	0.174471022727273	0.252981818181818		1
000117:	0.573081250000000	0.092584659090909	0.051264204545455	0.044958522727273	0.034392045454545	0.050657954545455	0.049745454545455	0.103315909090909		1
000118:	0.035350568181818	0.127229545454545	0.636726704545455	0.017247727272727	0.017465909090909	0.020447159090909	0.065724431818182	0.079807954545455		1
000119:	0.293108522727273	0.059712500000000	0.187136931818182	0.047097727272727	0.050549431818182	0.029334659090909	0.236060227272727	0.097000000000000		1
000120:	0.155739772727273	0.414221590909091	0.243177272727273	0.023560227272727	0.023455681818182	0.035880113636364	0.036493750000000	0.067471590909091		1
000121:	0.143509659090909	0.093266477272727	0.133988068181818	0.077476136363636	0.131793181818182	0.038094318181818	0.314378409090909	0.067493750000000		1
000122:	0.719048295454545	0.036775568181818	0.142053977272727	0.006956818181818	0.010136363636364	0.005231818181818	0.051429545454545	0.028367613636364		1
000123:	0.034567045454545	0.049038068181818	0.058388068181818	0.016453977272727	0.025725000000000	0.021711363636364	0.749161931818182	0.044954545454545		1
000124:	0.263417045454545	0.072259090909091	0.113772727272727	0.194352840909091	0.112748863636364	0.082050568181818	0.126880113636364	0.034518750000000		1
000125:	0.074137500000000	0.172760227272727	0.072740909090909	0.184907954545455	0.042685227272727	0.229428409090909	0.121663068181818	0.101676704545455		1
000126:	0.036518181818182	0.231741477272727	0.012259090909091	0.271089204545455	0.075767045454545	0.126864772727273	0.190248295454545	0.055511931818182		1
000127:	0.197211363636364	0.210950000000000	0.114469318181818	0.070449431818182	0.058981818181818	0.030992613636364	0.132054545454545	0.184890909090909		1
000128:	0.083336363636364	0.330273863636364	0.273148863636364	0.072176704545455	0.033647159090909	0.057820454545455	0.085911363636364	0.063685227272727		1
000129:	0.351526136363636	0.041989772727273	0.062688068181818	0.021869886363636	0.201703409090909	0.028203977272727	0.258419886363636	0.033598863636364		1
000130:	0.044802840909091	0.083505113636364	0.235817045454545	0.021002840909091	0.037774431818182	0.026325568181818	0.474490909090909	0.076281250000000		1
000131:	0.495469318181818	0.090456818181818	0.058077272727273	0.033253409090909	0.066305681818182	0.017204545454545	0.203089772727273	0.036143181818182		1
000132:	0.188333522727273	0.171596022727273	0.046093750000000	0.037702272727273	0.024375000000000	0.021538636363636	0.031807954545455	0.478552840909091		1
000133:	0.174944318181818	0.082781250000000	0.074122159090909	0.094102272727273	0.160156818181818	0.211047159090909	0.126925000000000	0.075921022727273		1
000134:	0.166125000000000	0.142397159090909	0.072179545454545	0.054268750000000	0.175278977272727	0.034440909090909	0.241566477272727	0.113743181818182		1
000135:	0.502262500000000	0.107486363636364	0.046134090909091	0.024385795454545	0.173795454545455	0.025349431818182	0.097467613636364	0.023118750000000		1
000136:	0.081242613636364	0.195306250000000	0.144983522727273	0.083018181818182	0.045817613636364	0.030852272727273	0.295862500000000	0.122917045454545		1
000137:	0.101167613636364	0.038820454545455	0.288307386363636	0.024436931818182	0.328874431818182	0.019923295454545	0.168475568181818	0.029994318181818		1
000138:	0.162136363636364	0.248734659090909	0.073174431818182	0.056609090909091	0.078942045454545	0.094057954545455	0.236811931818182	0.049533522727273		1
000139:	0.302375568181818	0.197206250000000	0.147884659090909	0.058093750000000	0.079882386363636	0.044308522727273	0.094517045454545	0.075731818181818		1
000140:	0.158239772727273	0.040953977272727	0.044344318181818	0.016357386363636	0.534221022727273	0.016102840909091	0.097682386363636	0.092098295454545		1
000141:	0.055238068181818	0.056686363636364	0.069343181818182	0.300144318181818	0.035145454545455	0.075665340909091	0.039651136363636	0.368126136363636		1
000142:	0.327176704545455	0.111080681818182	0.102088068181818	0.037742045454545	0.054086931818182	0.017115909090909	0.272037500000000	0.078672159090909		1
000143:	0.160078977272727	0.117012500000000	0.398738068181818	0.090489204545455	0.029593750000000	0.021911931818182	0.125605681818182	0.056569886363636		1
000144:	0.209046022727273	0.402140340909091	0.045625000000000	0.105598295454545	0.037680113636364	0.027863068181818	0.055825000000000	0.116222159090909		1
000145:	0.044656818181818	0.102634659090909	0.027131250000000	0.037153977272727	0.021231818181818	0.018187500000000	0.041513068181818	0.707490909090909		1
000146:	0.195562500000000	0.457420454545455	0.049913068181818	0.023356818181818	0.137110227272727	0.021325000000000	0.030912500000000	0.084399431818182		1
000147:	0.104766477272727	0.260998863636364	0.147731818181818	0.033386363636364	0.032634659090909	0.026526136363636	0.305067613636364	0.088888068181818		1
000148:	0.074403977272727	0.118710227272727	0.336214204545455	0.023755681818182	0.045105681818182	0.017459090909091	0.338917045454545	0.045434090909091		1
000149:	0.113610227272727	0.328943750000000	0.308975568181818	0.043458522727273	0.049760795454545	0.018165340909091	0.063790340909091	0.073295454545455		1
000150:	0.104808522727273	0.691456818181818	0.003865909090909	0.001515909090909	0.182697727272727	0.003175568181818	0.007263068181818	0.005216477272727		1
000151:	0.100325568181818	0.192843750000000	0.065536931818182	0.166255113636364	0.085915909090909	0.045439204545455	0.096756818181818	0.246926704545455		1
000152:	0.049065340909091	0.044410227272727	0.034802840909091	0.070818750000000	0.089868750000000	0.025390340909091	0.599802840909091	0.085840909090909		1
000153:	0.431313068181818	0.002392045454545	0.003472159090909	0.001536363636364	0.002164204545455	0.551952272727273	0.003070454545455	0.004099431818182		1
000154:	0.056038068181818	0.181394886363636	0.111842045454545	0.024675000000000	0.031307386363636	0.028782954545455	0.219040340909091	0.346919318181818		1
000155:	0.114003977272727	0.076019886363636	0.052635795454545	0.036836931818182	0.094818181818182	0.020380113636364	0.202026704545455	0.403278409090909		1
000156:	0.315839772727273	0.058325568181818	0.068630681818182	0.074761931818182	0.030680113636364	0.026532954545455	0.064597159090909	0.360631818181818		1
000157:	0.009600000000000	0.072266477272727	0.020140340909091	0.017093181818182	0.017488636363636	0.050121590909091	0.013534659090909	0.799755113636364		1
000158:	0.053520454545455	0.219738068181818	0.044460795454545	0.160363068181818	0.024218750000000	0.298079545454545	0.045928409090909	0.153690909090909		1
000159:	0.095620454545455	0.117809659090909	0.039017045454545	0.196295454545455	0.045919318181818	0.139577840909091	0.022914772727273	0.342845454545455		1
000160:	0.016275568181818	0.120365909090909	0.019338068181818	0.062597159090909	0.009980681818182	0.687840340909091	0.017793181818182	0.065809090909091		1
000161:	0.027468181818182	0.551301704545455	0.030010795454545	0.029791477272727	0.015193750000000	0.252092045454545	0.028853977272727	0.065288068181818		1
000162:	0.275523295454545	0.176864204545455	0.047043181818182	0.043421590909091	0.130257954545455	0.255286363636364	0.038671590909091	0.032931818181818		1
000163:	0.022701136363636	0.613209090909091	0.212770454545455	0.023582386363636	0.019126136363636	0.051754545454545	0.029622159090909	0.027234090909091		1
000164:	0.010806818181818	0.450734659090909	0.092173863636364	0.027636363636364	0.006796022727273	0.077888068181818	0.012690909090909	0.321273295454545		1
000165:	0.013438636363636	0.730225568181818	0.047326704545455	0.017309659090909	0.006893750000000	0.042440909090909	0.058932386363636	0.083432386363636		1
000166:	0.000707386363636	0.009282386363636	0.873044318181818	0.003573295454545	0.000806250000000	0.108746022727273	0.001197159090909	0.002643181818182		1
000167:	0.032470454545455	0.572885227272727	0.090623863636364	0.068154545454545	0.012963068181818	0.089949431818182	0.090407954545455	0.042545454545455		1
000168:	0.217586363636364	0.159877272727273	0.031085227272727	0.192199431818182	0.014506818181818	0.009626136363636	0.186146022727273	0.188972727272727		1
000169:	0.130647727272727	0.058226704545455	0.646111363636364	0.022871022727273	0.018305681818182	0.012969886363636	0.082156250000000	0.028711363636364		1
000170:	0.077434659090909	0.195847727272727	0.205738636363636	0.015351704545455	0.016329545454545	0.035463068181818	0.431583522727273	0.022251136363636		1
000171:	0.056504545454545	0.252647159090909	0.098328409090909	0.046875568181818	0.034309090909091	0.029990909090909	0.169957954545455	0.311386363636364		1
000172:	0.142705113636364	0.236912500000000	0.244870454545455	0.030827272727273	0.061628977272727	0.038855113636364	0.146477272727273	0.097723295454545		1
000173:	0.306456250000000	0.323160227272727	0.133350000000000	0.048218181818182	0.017211931818182	0.025503409090909	0.084797159090909	0.061302840909091		1
000174:	0.253434090909091	0.079358522727273	0.387088068181818	0.049042613636364	0.013651136363636	0.006493181818182	0.182374431818182	0.028557954545455		1
000175:	0.006796590909091	0.002809090909091	0.006242613636364	0.004978977272727	0.002082954545455	0.001372159090909	0.003603977272727	0.972113636363636		1
000176:	0.255435227272727	0.057657386363636	0.096660227272727	0.279179545454545	0.033002840909091	0.026754545454545	0.116970454545455	0.134339772727273		1
000177:	0.191186363636364	0.101177840909091	0.252018181818182	0.030527272727273	0.028717045454545	0.013061931818182	0.282686363636364	0.100625000000000		1
000178:	0.212372159090909	0.009789772727273	0.060736363636364	0.002930113636364	0.006873295454545	0.693671590909091	0.004881818181818	0.008744886363636		1
000179:	0.033655681818182	0.025503977272727	0.008746590909091	0.025690909090909	0.006557386363636	0.004571590909091	0.008136363636364	0.887137500000000		1
000180:	0.027007386363636	0.028402272727273	0.017080681818182	0.022301136363636	0.016253409090909	0.005203409090909	0.010132386363636	0.873619318181818		1
000181:	0.047214772727273	0.089526136363636	0.020986363636364	0.045509659090909	0.019705681818182	0.011823295454545	0.013828409090909	0.751405681818182		1
000182:	0.178592613636364	0.083120454545455	0.132173295454545	0.074707954545455	0.135555113636364	0.034721022727273	0.195992613636364	0.165136931818182		1
000183:	0.043861931818182	0.040502272727273	0.031740909090909	0.023462500000000	0.011629545454545	0.005647727272727	0.025036363636364	0.818118750000000		1
000184:	0.154724431818182	0.158286363636364	0.143927840909091	0.092648863636364	0.059571590909091	0.043305113636364	0.185568181818182	0.161967613636364		1
000185:	0.326439772727273	0.170536363636364	0.068940909090909	0.058993750000000	0.196494886363636	0.048524431818182	0.056818181818182	0.073251704545455		1
000186:	0.054181818181818	0.037373295454545	0.095906818181818	0.197702272727273	0.041178977272727	0.029464772727273	0.034994886363636	0.509197159090909		1
000187:	0.028738636363636	0.022601136363636	0.019605681818182	0.013948295454545	0.016697159090909	0.009436931818182	0.014660227272727	0.874311931818182		1
000188:	0.086887500000000	0.065281818181818	0.285251136363636	0.096297727272727	0.038435795454545	0.049440340909091	0.039350568181818	0.339055113636364		1
000189:	0.077053977272727	0.514435227272727	0.212789772727273	0.018611931818182	0.019203977272727	0.019171022727273	0.087565340909091	0.051168750000000		1
000190:	0.121385795454545	0.448959090909091	0.156770454545455	0.032617045454545	0.040814772727273	0.023060227272727	0.137763068181818	0.038629545454545		1
000191:	0.292182954545455	0.325077840909091	0.153803409090909	0.040396022727273	0.030850000000000	0.022036931818182	0.043768181818182	0.091884659090909		1
000192:	0.413970454545455	0.070380681818182	0.057139204545455	0.059726136363636	0.047851136363636	0.031226704545455	0.264750568181818	0.054955113636364		1
000193:	0.278839204545455	0.157602272727273	0.136280113636364	0.092630113636364	0.070824431818182	0.020478409090909	0.142271022727273	0.101074431818182		1
000194:	0.130552272727273	0.054863068181818	0.023782386363636	0.010898295454545	0.427235795454545	0.007307954545455	0.306328409090909	0.039031818181818		1
000195:	0.352726704545455	0.057611931818182	0.058765340909091	0.025051136363636	0.012145454545455	0.006121022727273	0.095477840909091	0.392100568181818		1
000196:	0.001746590909091	0.017618181818182	0.001451136363636	0.074873863636364	0.000698295454545	0.664867045454545	0.001102272727273	0.237642613636364		1
000197:	0.138390909090909	0.438749431818182	0.093899431818182	0.090254545454545	0.012843750000000	0.064564772727273	0.035469318181818	0.125827840909091		1
000198:	0.219307386363636	0.313443750000000	0.054425568181818	0.042588636363636	0.038247159090909	0.114346022727273	0.102796590909091	0.114844886363636		1
000199:	0.024060795454545	0.762483522727273	0.018240909090909	0.013050000000000	0.016586363636364	0.066979545454545	0.015367613636364	0.083231250000000		1
000200:	0.034870454545455	0.547488068181818	0.051326136363636	0.059023295454545	0.022905113636364	0.145483522727273	0.067527272727273	0.071376136363636		1
000201:	0.010637500000000	0.017635227272727	0.007380681818182	0.006856250000000	0.004824431818182	0.012261931818182	0.004817613636364	0.935586363636364		1
000202:	0.129289772727273	0.085084659090909	0.060989204545455	0.041175000000000	0.044765340909091	0.030638636363636	0.461707386363636	0.146350000000000		1
000203:	0.050085795454545	0.089617045454545	0.536614204545454	0.015596590909091	0.036988068181818	0.010258522727273	0.026548863636364	0.234290909090909		1
000204:	0.063436363636364	0.138651704545455	0.348109090909091	0.069394318181818	0.067393750000000	0.082360227272727	0.053118181818182	0.177536363636364		1
000205:	0.065521590909091	0.162760795454545	0.130397727272727	0.040434090909091	0.053476136363636	0.028050568181818	0.219996590909091	0.299362500000000		1
000206:	0.046555681818182	0.196063636363636	0.189581250000000	0.013102272727273	0.043440340909091	0.012107954545455	0.219517045454545	0.279631818181818		1
000207:	0.371411931818182	0.074594886363636	0.095168750000000	0.082572727272727	0.041363068181818	0.047657386363636	0.249731250000000	0.037500000000000		1
000208:	0.160077840909091	0.193675568181818	0.195188068181818	0.077014204545455	0.044138068181818	0.041484090909091	0.052143750000000	0.236278409090909		1
000209:	0.092305113636364	0.212572727272727	0.119640340909091	0.166598295454545	0.028765340909091	0.047467045454545	0.046601704545455	0.286049431818182		1
000210:	0.237058522727273	0.200321590909091	0.181957954545455	0.037177272727273	0.024500000000000	0.035543750000000	0.043156818181818	0.240284090909091		1
000211:	0.077063636363636	0.321896590909091	0.327341477272727	0.044431818181818	0.024768181818182	0.047449431818182	0.075200568181818	0.081848295454545		1
000212:	0.061601136363636	0.306360795454545	0.119272159090909	0.048455113636364	0.033335795454545	0.225748295454545	0.026518181818182	0.178708522727273		1
000213:	0.028472727272727	0.469247159090909	0.040138636363636	0.060913636363636	0.020015340909091	0.194673863636364	0.033173295454545	0.153365340909091		1
000214:	0.071756818181818	0.278725568181818	0.331788068181818	0.076773295454545	0.026802272727273	0.086002272727273	0.057368750000000	0.070782954545455		1
000215:	0.094896590909091	0.148501136363636	0.123609659090909	0.112550568181818	0.035193181818182	0.247789204545455	0.130956250000000	0.106503409090909		1
000216:	0.033587500000000	0.277918181818182	0.025664772727273	0.121219886363636	0.020728977272727	0.110376136363636	0.013504545454545	0.397000000000000		1
000217:	0.020939772727273	0.511614204545455	0.038732386363636	0.054096590909091	0.024686363636364	0.235663068181818	0.024972159090909	0.089295454545455		1
000218:	0.028557386363636	0.490170454545455	0.058874431818182	0.096543181818182	0.016239772727273	0.126996022727273	0.037586363636364	0.145032386363636		1
000219:	0.016011363636364	0.682330681818182	0.015288636363636	0.081194886363636	0.055437500000000	0.075114204545455	0.016363068181818	0.058259659090909		1
000220:	0.018703977272727	0.611860795454545	0.027443750000000	0.027666477272727	0.007652272727273	0.087011363636364	0.030124431818182	0.189536931818182		1
000221:	0.019651136363636	0.459444886363636	0.019034659090909	0.015931250000000	0.008996590909091	0.044222727272727	0.361641477272727	0.071077272727273		1
000222:	0.012853409090909	0.574311363636364	0.022523295454545	0.021082954545455	0.015064772727273	0.076574431818182	0.019251704545455	0.258338068181818		1
000223:	0.063019318181818	0.165236363636364	0.097845454545455	0.060711931818182	0.042902272727273	0.090273295454545	0.249405113636364	0.230606250000000		1
000224:	0.085598295454545	0.016674431818182	0.021237500000000	0.011852272727273	0.062987500000000	0.034768750000000	0.718821590909091	0.048059659090909		1
000225:	0.061225000000000	0.020394886363636	0.018328977272727	0.011072159090909	0.050492613636364	0.023675000000000	0.773700000000000	0.041111363636364		1
000226:	0.088849431818182	0.025511363636364	0.021586363636364	0.041885795454545	0.044989772727273	0.072330113636364	0.607263068181818	0.097584090909091		1
000227:	0.063189204545455	0.033178977272727	0.015510795454545	0.028563636363636	0.081421022727273	0.048788068181818	0.692439204545455	0.036909090909091		1
000228:	0.020059090909091	0.019584659090909	0.006944886363636	0.013471590909091	0.786638636363636	0.109532386363636	0.020414204545455	0.023354545454545		1
000229:	0.019624431818182	0.030635795454545	0.023347727272727	0.012243181818182	0.059655681818182	0.038646590909091	0.791948295454545	0.023898295454545		1
000230:	0.019009090909091	0.026313068181818	0.015678409090909	0.068040909090909	0.038878977272727	0.465861363636364	0.304415340909091	0.061802840909091		1
000231:	0.178163068181818	0.058631250000000	0.019265909090909	0.022755113636364	0.063528977272727	0.069639772727273	0.551865909090909	0.036150000000000		1
000232:	0.047365909090909	0.103128409090909	0.054842613636364	0.066473295454545	0.117753977272727	0.312388068181818	0.098376136363636	0.199671590909091		1
000233:	0.276384090909091	0.015839772727273	0.034618181818182	0.028080681818182	0.071469886363636	0.055045454545455	0.485880113636364	0.032681818181818		1
000234:	0.072275000000000	0.008619318181818	0.010173295454545	0.007260795454545	0.713327272727273	0.039418750000000	0.117252272727273	0.031673295454545		1
000235:	0.090523863636364	0.067770454545455	0.033526704545455	0.007513068181818	0.612955113636364	0.036072727272727	0.072025568181818	0.079612500000000		1
000236:	0.043557954545455	0.025431250000000	0.017761931818182	0.374427272727273	0.144539204545455	0.135119886363636	0.091365909090909	0.167796590909091		1
000237:	0.058486931818182	0.016408522727273	0.017043181818182	0.010090909090909	0.223274431818182	0.034358522727273	0.600147159090909	0.040190340909091		1
000238:	0.069460795454545	0.022255113636364	0.014161931818182	0.010238636363636	0.063278409090909	0.030181250000000	0.024498863636364	0.765925000000000		1
000239:	0.526843750000000	0.004080113636364	0.003846590909091	0.001259090909091	0.414560227272727	0.021106250000000	0.017348295454545	0.010955681818182		1
000240:	0.447350000000000	0.001614204545455	0.000852840909091	0.000707386363636	0.087193181818182	0.452552272727273	0.004147159090909	0.005582954545455		1
000241:	0.183995454545455	0.051901136363636	0.033964204545455	0.040586363636364	0.072290909090909	0.148269886363636	0.173255681818182	0.295736363636364		1
000242:	0.498697727272727	0.026251136363636	0.050034090909091	0.026943181818182	0.210401136363636	0.045940909090909	0.095403977272727	0.046327840909091		1
000243:	0.058492613636364	0.013413636363636	0.012002840909091	0.036026704545455	0.293714772727273	0.495582954545455	0.049717045454545	0.041049431818182		1
000244:	0.045427272727273	0.129855681818182	0.049121022727273	0.048481818181818	0.141642613636364	0.172626136363636	0.343714204545455	0.069131250000000		1
000245:	0.007475000000000	0.780637500000000	0.002859659090909	0.002704545454545	0.150861931818182	0.011795454545455	0.028077840909091	0.015588068181818		1
000246:	0.096171590909091	0.018527840909091	0.030389204545455	0.018677272727273	0.261356250000000	0.062526704545455	0.476323295454545	0.036027840909091		1
000247:	0.115283522727273	0.028184659090909	0.064773295454545	0.038059090909091	0.290816477272727	0.189432954545455	0.172620454545455	0.100829545454545		1
000248:	0.010477272727273	0.019643750000000	0.072061363636364	0.012714772727273	0.035562500000000	0.080441477272727	0.710936363636364	0.058162500000000		1
000249:	0.030525000000000	0.013232386363636	0.020537500000000	0.016575568181818	0.344868750000000	0.100263068181818	0.448793181818182	0.025204545454545		1
000250:	0.172307954545455	0.011696022727273	0.010899431818182	0.007656250000000	0.053382954545455	0.022700000000000	0.690034659090909	0.031322727272727		1
000251:	0.109551704545455	0.044468750000000	0.033899431818182	0.040388636363636	0.139365909090909	0.142470454545455	0.432325000000000	0.057530113636364		1
000252:	0.031746590909091	0.031851136363636	0.134815909090909	0.031863068181818	0.150073295454545	0.347757386363636	0.143977272727273	0.127915340909091		1
000253:	0.035322727272727	0.032159659090909	0.039265909090909	0.020284659090909	0.654626136363636	0.130926704545455	0.037040909090909	0.050373295454545		1
000254:	0.033863636363636	0.033343181818182	0.030565340909091	0.036330681818182	0.270092045454545	0.093598295454545	0.429393181818182	0.072813636363636		1
000255:	0.043316477272727	0.027165340909091	0.023713068181818	0.013186363636364	0.114411363636364	0.053001704545455	0.679108522727273	0.046097159090909		1
