Estimated Clustering Probabilities for Samples
Sample	***Cluster  01***	***Cluster  02***	***Cluster  03***	***Cluster  04***	***Cluster  05***	***Cluster  06***	***Cluster  07***	***Cluster  08***	
000001:	0.093575568181818	0.118906818181818	0.074507386363636	0.093929545454545	0.083582954545455	0.020084090909091	0.464115909090909	0.051297727272727		1
000002:	0.099199431818182	0.028180681818182	0.091777272727273	0.038173863636364	0.040335227272727	0.017125568181818	0.254797159090909	0.430410795454545		1
000003:	0.060413068181818	0.091877272727273	0.081763068181818	0.027446590909091	0.076355681818182	0.038055113636364	0.550231818181818	0.073857386363636		1
000004:	0.546218750000000	0.025139204545455	0.111397159090909	0.023155113636364	0.032236363636364	0.025164204545455	0.070661931818182	0.166027272727273		1
000005:	0.111057954545455	0.302234090909091	0.368512500000000	0.045603409090909	0.067374431818182	0.007640340909091	0.042073295454545	0.055503977272727		1
000006:	0.487015340909091	0.074448863636364	0.056398863636364	0.056156818181818	0.055514204545455	0.071542613636364	0.069861363636364	0.129061931818182		1
000007:	0.049936931818182	0.022963636363636	0.282695454545455	0.025031250000000	0.154219318181818	0.029145454545455	0.221444886363636	0.214563068181818		1
000008:	0.062364772727273	0.019134090909091	0.159036363636364	0.033778977272727	0.035712500000000	0.035640909090909	0.051669318181818	0.602663068181818		1
000009:	0.092981250000000	0.033269318181818	0.205930113636364	0.028300568181818	0.018985795454545	0.023301136363636	0.016095454545455	0.581136363636364		1
000010:	0.233457954545455	0.055971022727273	0.156573863636364	0.149385227272727	0.053270454545455	0.050323863636364	0.054291477272727	0.246726136363636		1
000011:	0.095294318181818	0.063974431818182	0.057080681818182	0.037522727272727	0.072711931818182	0.022135795454545	0.603828409090909	0.047451704545455		1
000012:	0.149346022727273	0.092051704545455	0.392646022727273	0.165523863636364	0.029139204545455	0.090394886363636	0.048421590909091	0.032476704545455		1
000013:	0.165670454545455	0.177296590909091	0.079286931818182	0.335795454545455	0.025723295454545	0.133849431818182	0.044361931818182	0.038015909090909		1
000014:	0.920310795454545	0.007053409090909	0.013359090909091	0.008563636363636	0.011944318181818	0.011992613636364	0.010596022727273	0.016180113636364		1
000015:	0.147363068181818	0.033888068181818	0.569882386363636	0.054112500000000	0.022598295454545	0.020497727272727	0.108592613636364	0.043065340909091		1
000016:	0.848473295454545	0.026688068181818	0.031977272727273	0.017225568181818	0.013767613636364	0.013340909090909	0.034649431818182	0.013877840909091		1
000017:	0.039932954545455	0.091841477272727	0.121063636363636	0.623826704545455	0.020692613636364	0.006905113636364	0.078771022727273	0.016966477272727		1
000018:	0.085858522727273	0.024039204545455	0.091364204545455	0.645688636363636	0.023880681818182	0.078342613636364	0.019926704545455	0.030899431818182		1
000019:	0.040234090909091	0.069553409090909	0.271443181818182	0.043217045454545	0.026001136363636	0.047298295454545	0.470731818181818	0.031521022727273		1
000020:	0.451248863636364	0.058592045454545	0.173057386363636	0.136205681818182	0.038771022727273	0.017336363636364	0.068188068181818	0.056600568181818		1
000021:	0.019847159090909	0.693764772727273	0.056669318181818	0.093181250000000	0.056728409090909	0.010660795454545	0.056982954545455	0.012165340909091		1
000022:	0.082039772727273	0.080185227272727	0.545903977272727	0.170264772727273	0.020189772727273	0.023126704545455	0.034201704545455	0.044088068181818		1
000023:	0.064688636363636	0.341067045454545	0.086844318181818	0.095578409090909	0.110660227272727	0.031401136363636	0.231990340909091	0.037769886363636		1
000024:	0.939761931818182	0.006888068181818	0.005681250000000	0.007135227272727	0.008797159090909	0.004840909090909	0.006479545454545	0.020415909090909		1
000025:	0.197214204545455	0.440486363636364	0.061343750000000	0.093878977272727	0.024689204545455	0.125100568181818	0.031608522727273	0.025678409090909		1
000026:	0.051725000000000	0.269007954545455	0.328544318181818	0.209400568181818	0.027642045454545	0.028150568181818	0.062693750000000	0.022835795454545		1
000027:	0.035341477272727	0.108952272727273	0.055360795454545	0.639880113636364	0.019855113636364	0.069802840909091	0.044648295454545	0.026159090909091		1
000028:	0.001521022727273	0.001913636363636	0.004334659090909	0.004517613636364	0.001911931818182	0.002066477272727	0.190749431818182	0.792985227272727		1
000029:	0.140874431818182	0.091901704545455	0.153846022727273	0.287079545454545	0.075191477272727	0.038659659090909	0.134152272727273	0.078294886363636		1
000030:	0.136177272727273	0.277263068181818	0.201528977272727	0.031121590909091	0.122527272727273	0.053502840909091	0.123984659090909	0.053894318181818		1
000031:	0.036678409090909	0.116271022727273	0.222696022727273	0.494472727272727	0.015863068181818	0.040667613636364	0.035840909090909	0.037510227272727		1
000032:	0.048705681818182	0.726827272727273	0.089881250000000	0.085735227272727	0.021619886363636	0.007546590909091	0.012484659090909	0.007199431818182		1
000033:	0.073580113636364	0.272264772727273	0.250884090909091	0.120332954545455	0.075580681818182	0.030492045454545	0.119063068181818	0.057802272727273		1
000034:	0.932011363636364	0.005348863636364	0.016153409090909	0.014692613636364	0.012656250000000	0.004996022727273	0.007567045454545	0.006574431818182		1
000035:	0.009739204545455	0.317082954545455	0.110400000000000	0.066741477272727	0.065079545454545	0.004505681818182	0.398814204545455	0.027636931818182		1
000036:	0.128647727272727	0.088047159090909	0.280818181818182	0.199741477272727	0.112717613636364	0.023992045454545	0.107735227272727	0.058300568181818		1
000037:	0.074151136363636	0.247446022727273	0.073472727272727	0.355372727272727	0.024144886363636	0.026242613636364	0.033131818181818	0.166038068181818		1
000038:	0.115567045454545	0.140576136363636	0.060508522727273	0.061027840909091	0.321390340909091	0.051255681818182	0.130974431818182	0.118700000000000		1
000039:	0.114759090909091	0.200719318181818	0.137677272727273	0.232096590909091	0.045656250000000	0.140148863636364	0.042497159090909	0.086445454545455		1
000040:	0.652382954545455	0.029419318181818	0.060608522727273	0.032192045454545	0.049277272727273	0.034741477272727	0.083231250000000	0.058147159090909		1
000041:	0.335619318181818	0.057975568181818	0.114154545454545	0.346355681818182	0.031452840909091	0.044985227272727	0.035684090909091	0.033772727272727		1
000042:	0.076280681818182	0.644130681818182	0.043023295454545	0.042150568181818	0.043914204545455	0.044042613636364	0.086714772727273	0.019743181818182		1
000043:	0.006617613636364	0.008726704545455	0.031601136363636	0.472713068181818	0.011222727272727	0.002567613636364	0.374955681818182	0.091595454545455		1
000044:	0.060110795454545	0.093855681818182	0.182001704545455	0.479997727272727	0.035561363636364	0.030138068181818	0.068470454545455	0.049864204545455		1
000045:	0.040336363636364	0.041303977272727	0.078086931818182	0.734555681818182	0.014321590909091	0.031629545454545	0.033455681818182	0.026310227272727		1
000046:	0.083811931818182	0.460543181818182	0.065620454545455	0.122978409090909	0.105935227272727	0.083025000000000	0.051190909090909	0.026894886363636		1
000047:	0.116257954545455	0.272730113636364	0.070743750000000	0.240363636363636	0.087919886363636	0.048196022727273	0.038103409090909	0.125685227272727		1
000048:	0.060706818181818	0.045444886363636	0.204119886363636	0.026398863636364	0.042638068181818	0.025752840909091	0.441088636363636	0.153850000000000		1
000049:	0.065891477272727	0.177622159090909	0.227026136363636	0.057187500000000	0.051085227272727	0.060507954545455	0.315559659090909	0.045119886363636		1
000050:	0.363548863636364	0.257694318181818	0.076880681818182	0.089667613636364	0.047088068181818	0.050275568181818	0.053444318181818	0.061400568181818		1
000051:	0.860089772727273	0.011048295454545	0.017408522727273	0.014686363636364	0.015754545454545	0.015567045454545	0.021965340909091	0.043480113636364		1
000052:	0.921007954545455	0.013711363636364	0.024422727272727	0.007756250000000	0.012723863636364	0.005530113636364	0.005969318181818	0.008878409090909		1
000053:	0.207957954545455	0.254359090909091	0.159661363636364	0.148090340909091	0.052791477272727	0.062536363636364	0.064855681818182	0.049747727272727		1
000054:	0.061410795454545	0.366250568181818	0.099447727272727	0.102285795454545	0.043604545454545	0.214108522727273	0.070301704545455	0.042590340909091		1
000055:	0.078135227272727	0.012780113636364	0.781181250000000	0.066765340909091	0.018039204545455	0.008033522727273	0.017870454545455	0.017194886363636		1
000056:	0.147188636363636	0.082150568181818	0.598524431818182	0.070632386363636	0.019049431818182	0.024502272727273	0.027886931818182	0.030065340909091		1
000057:	0.131820454545455	0.134760227272727	0.285945454545455	0.272118750000000	0.043252840909091	0.029955681818182	0.041827272727273	0.060319318181818		1
000058:	0.031666477272727	0.199606250000000	0.242699431818182	0.050701136363636	0.023891477272727	0.052265340909091	0.365505113636364	0.033664772727273		1
000059:	0.006192613636364	0.000865909090909	0.002176704545455	0.046992045454545	0.012718750000000	0.924914772727273	0.002753409090909	0.003385795454545		1
000060:	0.016066477272727	0.054330681818182	0.374996022727273	0.004087500000000	0.007707386363636	0.003976136363636	0.022168181818182	0.516667613636364		1
000061:	0.064480113636364	0.192048295454545	0.538970454545455	0.024139204545455	0.024602840909091	0.023705113636364	0.103998295454545	0.028055681818182		1
000062:	0.244155113636364	0.003588636363636	0.020232954545455	0.028453977272727	0.009079545454545	0.002393750000000	0.684765909090909	0.007330113636364		1
000063:	0.835270454545455	0.043285227272727	0.013775568181818	0.010647727272727	0.015952272727273	0.004937500000000	0.055247727272727	0.020883522727273		1
000064:	0.873940909090909	0.009749431818182	0.023172159090909	0.008501704545455	0.024627272727273	0.010088636363636	0.021521590909091	0.028398295454545		1
000065:	0.075773295454545	0.095493750000000	0.433265909090909	0.026512500000000	0.055864772727273	0.026826136363636	0.156051704545455	0.130211931818182		1
000066:	0.090204545454545	0.110034659090909	0.525896022727273	0.155657386363636	0.022764204545455	0.020278409090909	0.035572159090909	0.039592613636364		1
000067:	0.789621022727273	0.019151704545455	0.069356818181818	0.010424431818182	0.028298295454545	0.012143750000000	0.042174431818182	0.028829545454545		1
000068:	0.031903409090909	0.552697727272727	0.077707386363636	0.085113636363636	0.016052272727273	0.025011363636364	0.187206250000000	0.024307954545455		1
000069:	0.082017045454545	0.167235795454545	0.442723295454545	0.159184090909091	0.035635227272727	0.020935795454545	0.056265909090909	0.036002840909091		1
000070:	0.207081818181818	0.145607386363636	0.168286363636364	0.116813636363636	0.074911931818182	0.048290909090909	0.206220454545455	0.032787500000000		1
000071:	0.168085227272727	0.464006250000000	0.034282954545455	0.176707954545455	0.043703409090909	0.025359090909091	0.072056250000000	0.015798863636364		1
000072:	0.065476704545455	0.045878977272727	0.597875568181818	0.026043181818182	0.030733522727273	0.011477840909091	0.042338068181818	0.180176136363636		1
000073:	0.050331818181818	0.038555681818182	0.770044886363636	0.024152272727273	0.015164772727273	0.014424431818182	0.030270454545455	0.057055681818182		1
000074:	0.178366477272727	0.131001704545455	0.151354545454545	0.302386363636364	0.024911931818182	0.131477272727273	0.049497727272727	0.031003977272727		1
000075:	0.075842045454545	0.209069886363636	0.159698295454545	0.057271590909091	0.032298295454545	0.064482386363636	0.350430681818182	0.050906818181818		1
000076:	0.020305113636364	0.058766477272727	0.141643750000000	0.160631818181818	0.469821022727273	0.032838068181818	0.079436363636364	0.036557386363636		1
000077:	0.136001704545455	0.178658522727273	0.161793181818182	0.062645454545455	0.198588068181818	0.072940909090909	0.134092045454545	0.055280113636364		1
000078:	0.095290909090909	0.107025000000000	0.191605681818182	0.046616477272727	0.059805681818182	0.025788636363636	0.382663068181818	0.091204545454545		1
000079:	0.068020454545455	0.510741477272727	0.047736931818182	0.137055113636364	0.045071590909091	0.057797159090909	0.078988068181818	0.054589204545455		1
000080:	0.034359090909091	0.652139204545455	0.114053977272727	0.033406818181818	0.020052840909091	0.032597159090909	0.087705113636364	0.025685795454545		1
000081:	0.018577272727273	0.021590340909091	0.519611931818182	0.033503977272727	0.013135795454545	0.010157386363636	0.310686363636364	0.072736931818182		1
000082:	0.067609090909091	0.061709090909091	0.696202272727273	0.027414204545455	0.026203409090909	0.012131250000000	0.055538636363636	0.053192045454545		1
000083:	0.023571590909091	0.098227840909091	0.611559659090909	0.073332954545455	0.026342613636364	0.037963068181818	0.095893750000000	0.033108522727273		1
000084:	0.893890909090909	0.012935227272727	0.018007954545455	0.010459659090909	0.010195454545455	0.009946022727273	0.035778977272727	0.008785795454545		1
000085:	0.090497159090909	0.067063068181818	0.217664772727273	0.352176704545455	0.067700000000000	0.035133522727273	0.055028977272727	0.114735795454545		1
000086:	0.204960795454545	0.098031818181818	0.211561931818182	0.137439204545455	0.168615909090909	0.054429545454545	0.091636931818182	0.033323863636364		1
000087:	0.045559090909091	0.067364204545455	0.728261363636364	0.039188636363636	0.024096590909091	0.018392613636364	0.044205681818182	0.032931818181818		1
000088:	0.031739772727273	0.105222727272727	0.056401704545455	0.671796590909091	0.040073295454545	0.024118750000000	0.042175000000000	0.028472159090909		1
000089:	0.035601136363636	0.551189772727273	0.043669318181818	0.144239204545455	0.025043750000000	0.157409659090909	0.024268750000000	0.018578409090909		1
000090:	0.143226136363636	0.065121022727273	0.157165909090909	0.417856818181818	0.028223295454545	0.089388636363636	0.058364204545455	0.040653977272727		1
000091:	0.044275000000000	0.634823863636364	0.036278409090909	0.046459090909091	0.076090909090909	0.092455681818182	0.037091477272727	0.032525568181818		1
000092:	0.047061931818182	0.178212500000000	0.202280113636364	0.282718750000000	0.083296022727273	0.029920454545455	0.053118750000000	0.123391477272727		1
000093:	0.071240340909091	0.045235795454545	0.166879545454545	0.126936931818182	0.030006818181818	0.331138068181818	0.045102840909091	0.183459659090909		1
000094:	0.058527272727273	0.500514772727273	0.191167613636364	0.088837500000000	0.042090909090909	0.031601136363636	0.044840909090909	0.042419886363636		1
000095:	0.077218181818182	0.031664772727273	0.713088636363636	0.028792613636364	0.030557386363636	0.015575568181818	0.031361363636364	0.071741477272727		1
000096:	0.710619318181818	0.008323295454545	0.194547159090909	0.011176136363636	0.012567045454545	0.013341477272727	0.039364204545455	0.010061363636364		1
000097:	0.028284659090909	0.375107386363636	0.092735795454545	0.181852272727273	0.019042613636364	0.092794886363636	0.182973295454545	0.027209090909091		1
000098:	0.011142045454545	0.159450568181818	0.354685795454545	0.200199431818182	0.012207954545455	0.031169318181818	0.209251704545455	0.021893181818182		1
000099:	0.283873863636364	0.156297159090909	0.141491477272727	0.143562500000000	0.035448295454545	0.023793750000000	0.161854545454545	0.053678409090909		1
000100:	0.436411363636364	0.025259090909091	0.163126136363636	0.040013636363636	0.032559090909091	0.021542613636364	0.233009090909091	0.048078977272727		1
000101:	0.067914772727273	0.132731250000000	0.109794886363636	0.575476136363636	0.019575000000000	0.017586931818182	0.028321590909091	0.048599431818182		1
000102:	0.220081250000000	0.168653409090909	0.185405113636364	0.169831818181818	0.059316477272727	0.041283522727273	0.072350568181818	0.083077840909091		1
000103:	0.041900000000000	0.461737500000000	0.195301136363636	0.035984090909091	0.052642045454545	0.069648863636364	0.103244886363636	0.039541477272727		1
000104:	0.524315909090909	0.040709659090909	0.144953409090909	0.043567045454545	0.024848863636364	0.025594886363636	0.152942613636364	0.043067613636364		1
000105:	0.185214204545455	0.219449431818182	0.087034659090909	0.351315340909091	0.015171022727273	0.018846590909091	0.017062500000000	0.105906250000000		1
000106:	0.066921590909091	0.411482386363636	0.121238636363636	0.213156818181818	0.035808522727273	0.034203977272727	0.063419886363636	0.053768181818182		1
000107:	0.070113068181818	0.019225000000000	0.539932386363636	0.173582386363636	0.011601704545455	0.010917613636364	0.060387500000000	0.114240340909091		1
000108:	0.739189204545455	0.035680113636364	0.053377272727273	0.044096590909091	0.027858522727273	0.035252840909091	0.031025000000000	0.033520454545455		1
000109:	0.072366477272727	0.231471590909091	0.280702840909091	0.202445454545455	0.042509659090909	0.039775000000000	0.070302840909091	0.060426136363636		1
000110:	0.145274431818182	0.057554545454545	0.039624431818182	0.075427840909091	0.101647727272727	0.529739204545455	0.028610795454545	0.022121022727273		1
000111:	0.497348863636364	0.083605113636364	0.068580113636364	0.078044886363636	0.056459659090909	0.020364772727273	0.141163068181818	0.054433522727273		1
000112:	0.142121590909091	0.103682954545455	0.042464204545455	0.517423863636364	0.036004545454545	0.039260795454545	0.080189772727273	0.038852272727273		1
000113:	0.112869886363636	0.075443181818182	0.346654545454545	0.111864204545455	0.052855113636364	0.018448295454545	0.213871590909091	0.067993181818182		1
000114:	0.048227840909091	0.485911363636364	0.093087500000000	0.070311931818182	0.167448295454545	0.024407386363636	0.051276136363636	0.059329545454545		1
000115:	0.141252272727273	0.297769886363636	0.188638068181818	0.108645454545455	0.061539204545455	0.045048295454545	0.103043750000000	0.054063068181818		1
000116:	0.171743181818182	0.094540340909091	0.551540909090909	0.036559090909091	0.022147159090909	0.019280681818182	0.039548863636364	0.064639772727273		1
000117:	0.078119318181818	0.303015909090909	0.156276136363636	0.260379545454545	0.030597727272727	0.027326704545455	0.046716477272727	0.097568181818182		1
000118:	0.200519318181818	0.028763636363636	0.335278409090909	0.032313068181818	0.100617613636364	0.020269318181818	0.161126136363636	0.121112500000000		1
000119:	0.129603409090909	0.406357386363636	0.116266477272727	0.187144318181818	0.023569886363636	0.031827840909091	0.059666477272727	0.045564204545455		1
000120:	0.111292045454545	0.027344318181818	0.653335227272727	0.028781250000000	0.029677272727273	0.024338068181818	0.037581818181818	0.087650000000000		1
000121:	0.056386363636364	0.318423863636364	0.082028977272727	0.204659659090909	0.034768181818182	0.083692613636364	0.136522159090909	0.083518181818182		1
000122:	0.016805113636364	0.043876704545455	0.810526704545455	0.081834659090909	0.007453409090909	0.010576136363636	0.012300568181818	0.016626704545455		1
000123:	0.041084090909091	0.085230681818182	0.414496022727273	0.033671590909091	0.041007386363636	0.048025000000000	0.298726136363636	0.037759090909091		1
000124:	0.037003977272727	0.245418750000000	0.054637500000000	0.196705681818182	0.122025000000000	0.028629545454545	0.247509659090909	0.068069886363636		1
000125:	0.082523295454545	0.043631250000000	0.112853977272727	0.011875000000000	0.534172159090909	0.013700000000000	0.077005681818182	0.124238636363636		1
000126:	0.024505113636364	0.039172727272727	0.022137500000000	0.015678977272727	0.826896022727273	0.012726136363636	0.028046022727273	0.030837500000000		1
000127:	0.125325568181818	0.062430681818182	0.159502840909091	0.079050000000000	0.054310227272727	0.052217045454545	0.412808522727273	0.054355113636364		1
000128:	0.062227840909091	0.177382954545455	0.223551136363636	0.039391477272727	0.028989772727273	0.020205681818182	0.263371590909091	0.184879545454545		1
000129:	0.033031250000000	0.229473295454545	0.100852840909091	0.418040909090909	0.021467045454545	0.115110227272727	0.051923863636364	0.030100568181818		1
000130:	0.009582954545455	0.011592045454545	0.005002840909091	0.012613636363636	0.004746590909091	0.003522727272727	0.943605113636364	0.009334090909091		1
000131:	0.061235795454545	0.215023863636364	0.153390909090909	0.238500568181818	0.035780681818182	0.043023863636364	0.222960227272727	0.030084090909091		1
000132:	0.502590340909091	0.043989204545455	0.173102272727273	0.112579545454545	0.025785227272727	0.022999431818182	0.069549431818182	0.049404545454545		1
000133:	0.086775000000000	0.426518181818182	0.037709659090909	0.045719318181818	0.104597727272727	0.112256818181818	0.140269886363636	0.046153409090909		1
000134:	0.073906250000000	0.315113636363636	0.097356250000000	0.120367045454545	0.158857386363636	0.085829545454545	0.090722159090909	0.057847727272727		1
000135:	0.023803977272727	0.082596022727273	0.047580681818182	0.576948295454545	0.013748295454545	0.042564772727273	0.188252840909091	0.024505113636364		1
000136:	0.114884659090909	0.258438068181818	0.267032386363636	0.024397159090909	0.054843750000000	0.027801704545455	0.185611363636364	0.066990909090909		1
000137:	0.023904545454545	0.662177272727273	0.061282386363636	0.136968181818182	0.024360795454545	0.039126704545455	0.038479545454545	0.013700568181818		1
000138:	0.045921022727273	0.158542045454545	0.388324431818182	0.040169886363636	0.174020454545455	0.027616477272727	0.133591477272727	0.031814204545455		1
000139:	0.077505113636364	0.381938636363636	0.221199431818182	0.060060227272727	0.061311363636364	0.038699431818182	0.061552272727273	0.097733522727273		1
000140:	0.028086363636364	0.050094318181818	0.020077840909091	0.134178977272727	0.021892045454545	0.656175568181818	0.067073295454545	0.022421590909091		1
000141:	0.540479545454545	0.036878409090909	0.116064772727273	0.036920454545455	0.145578977272727	0.030820454545455	0.044026136363636	0.049231250000000		1
000142:	0.033655681818182	0.083378409090909	0.523743181818182	0.245960795454545	0.015154545454545	0.027171022727273	0.049698863636364	0.021237500000000		1
000143:	0.042566477272727	0.151531250000000	0.259462500000000	0.064953409090909	0.031605681818182	0.031023863636364	0.371888636363636	0.046968181818182		1
000144:	0.002660227272727	0.004071022727273	0.079153977272727	0.003063636363636	0.238415340909091	0.669653977272727	0.000858522727273	0.002123295454545		1
000145:	0.579217613636364	0.017342613636364	0.032071590909091	0.031901704545455	0.021065340909091	0.029168181818182	0.262338636363636	0.026894318181818		1
000146:	0.094031250000000	0.076707954545455	0.273993181818182	0.105548295454545	0.085391477272727	0.252978409090909	0.032842045454545	0.078507386363636		1
000147:	0.142423863636364	0.056347159090909	0.311203409090909	0.123704545454545	0.182539772727273	0.016760795454545	0.116290340909091	0.050730113636364		1
000148:	0.041579545454545	0.041143750000000	0.348259090909091	0.034755681818182	0.029743181818182	0.034581250000000	0.376167045454545	0.093770454545455		1
000149:	0.092013636363636	0.078136931818182	0.148496022727273	0.420607954545455	0.043459090909091	0.031462500000000	0.090621590909091	0.095202272727273		1
000150:	0.045631250000000	0.436911931818182	0.055795454545455	0.271543181818182	0.028103977272727	0.038036931818182	0.096790340909091	0.027186931818182		1
000151:	0.281885227272727	0.058207386363636	0.112174431818182	0.063639772727273	0.124827272727273	0.028618750000000	0.229313068181818	0.101334090909091		1
000152:	0.173907386363636	0.131415340909091	0.275456818181818	0.047894318181818	0.072663636363636	0.043192045454545	0.213796590909091	0.041673863636364		1
000153:	0.071575568181818	0.062552272727273	0.183036363636364	0.551207954545455	0.024906250000000	0.027739204545455	0.039734090909091	0.039248295454545		1
000154:	0.389613636363636	0.031457954545455	0.350422159090909	0.025836363636364	0.027129545454545	0.015630113636364	0.045964772727273	0.113945454545455		1
000155:	0.291225568181818	0.081960227272727	0.283490909090909	0.121519886363636	0.031914204545455	0.069165909090909	0.074237500000000	0.046485795454545		1
000156:	0.411051704545455	0.032424431818182	0.170062500000000	0.171109090909091	0.096109090909091	0.017947727272727	0.074339772727273	0.026955681818182		1
000157:	0.912022159090909	0.009682954545455	0.018768181818182	0.009522159090909	0.016676704545455	0.011478409090909	0.012173863636364	0.009675568181818		1
000158:	0.096927840909091	0.179761931818182	0.048378977272727	0.307357386363636	0.158815340909091	0.037434090909091	0.088494318181818	0.082830113636364		1
000159:	0.370309659090909	0.057643750000000	0.043228409090909	0.215211931818182	0.129613636363636	0.061730681818182	0.051672159090909	0.070589772727273		1
000160:	0.037022159090909	0.016218750000000	0.016967045454545	0.015903409090909	0.824221022727273	0.011506250000000	0.017523863636364	0.060637500000000		1
000161:	0.110468181818182	0.029206250000000	0.043004545454545	0.066825000000000	0.073602272727273	0.040716477272727	0.049115909090909	0.587061363636364		1
000162:	0.032235227272727	0.064050568181818	0.058805681818182	0.418778977272727	0.175229545454545	0.116142045454545	0.021309090909091	0.113448863636364		1
000163:	0.026751704545455	0.028792045454545	0.773994318181818	0.031003977272727	0.027946022727273	0.012703977272727	0.037993181818182	0.060814772727273		1
000164:	0.798310227272727	0.009299431818182	0.053046022727273	0.023638636363636	0.014292045454545	0.010551704545455	0.031023295454545	0.059838636363636		1
000165:	0.079113636363636	0.021102840909091	0.287227272727273	0.020613068181818	0.027464204545455	0.025170454545455	0.052651704545455	0.486656818181818		1
000166:	0.041528409090909	0.018829545454545	0.629238636363636	0.036432954545455	0.011632954545455	0.012643181818182	0.020402840909091	0.229291477272727		1
000167:	0.075735795454545	0.055552272727273	0.585426136363636	0.052125568181818	0.055253977272727	0.024850568181818	0.071585795454545	0.079469886363636		1
000168:	0.338369318181818	0.044062500000000	0.152285227272727	0.072409659090909	0.108894886363636	0.134467045454545	0.109093181818182	0.040418181818182		1
000169:	0.027140340909091	0.106427272727273	0.401161931818182	0.220897159090909	0.035064204545455	0.027455681818182	0.157217045454545	0.024636363636364		1
000170:	0.021594886363636	0.017943750000000	0.678119318181818	0.020280113636364	0.031776704545455	0.021619886363636	0.157515909090909	0.051149431818182		1
000171:	0.599849431818182	0.051121022727273	0.179736363636364	0.031131250000000	0.031009659090909	0.036817045454545	0.030496590909091	0.039838636363636		1
000172:	0.044688068181818	0.050044318181818	0.614564204545455	0.143531818181818	0.036740340909091	0.030026704545455	0.018353977272727	0.062050568181818		1
000173:	0.022117045454545	0.055882386363636	0.851159090909091	0.032187500000000	0.011034090909091	0.004988636363636	0.010634659090909	0.011996590909091		1
000174:	0.052119886363636	0.100651136363636	0.434681250000000	0.205484659090909	0.029322727272727	0.086823863636364	0.037354545454545	0.053561931818182		1
000175:	0.861285227272727	0.021730113636364	0.019802840909091	0.015575000000000	0.012550000000000	0.014539772727273	0.041730681818182	0.012786363636364		1
000176:	0.070438636363636	0.156888068181818	0.236759659090909	0.127263068181818	0.080963068181818	0.024458522727273	0.260967045454545	0.042261931818182		1
000177:	0.115016477272727	0.351132386363636	0.285598863636364	0.056882386363636	0.027680113636364	0.037803409090909	0.081900000000000	0.043986363636364		1
000178:	0.185611363636364	0.063484090909091	0.425628977272727	0.129670454545455	0.022843181818182	0.034868750000000	0.070426136363636	0.067467045454545		1
000179:	0.921803409090909	0.011785795454545	0.013550000000000	0.012989204545455	0.012750000000000	0.006577840909091	0.012752840909091	0.007790909090909		1
000180:	0.868828409090909	0.011002840909091	0.023973863636364	0.023455681818182	0.024011931818182	0.013176136363636	0.017266477272727	0.018284659090909		1
000181:	0.811335227272727	0.002170454545455	0.015093750000000	0.002434659090909	0.011100568181818	0.001539204545455	0.011130113636364	0.145196022727273		1
000182:	0.218106818181818	0.106865340909091	0.225430681818182	0.165325000000000	0.096678409090909	0.085222727272727	0.063073863636364	0.039297159090909		1
000183:	0.768406250000000	0.023264204545455	0.019879545454545	0.012482954545455	0.011617045454545	0.015475000000000	0.103343750000000	0.045531250000000		1
000184:	0.054744886363636	0.228408522727273	0.548551136363636	0.019061363636364	0.009930113636364	0.048206250000000	0.077154545454545	0.013943181818182		1
000185:	0.158989772727273	0.110124431818182	0.080813636363636	0.163408522727273	0.056250568181818	0.237769318181818	0.055217045454545	0.137426704545455		1
000186:	0.637616477272727	0.047890909090909	0.038622159090909	0.027163068181818	0.039309090909091	0.035106818181818	0.152311363636364	0.021980113636364		1
000187:	0.828308522727273	0.029602840909091	0.016459659090909	0.011621022727273	0.014715909090909	0.016950000000000	0.048034090909091	0.034307954545455		1
000188:	0.332518750000000	0.069232954545455	0.063292613636364	0.032946022727273	0.233390909090909	0.031868750000000	0.125247727272727	0.111502272727273		1
000189:	0.051287500000000	0.041593181818182	0.813476136363636	0.023430113636364	0.017480113636364	0.008490340909091	0.026296590909091	0.017946022727273		1
000190:	0.032247727272727	0.052913636363636	0.607556818181818	0.052777272727273	0.042456250000000	0.039253409090909	0.092615340909091	0.080179545454545		1
000191:	0.039803977272727	0.031779545454545	0.661596022727273	0.134346590909091	0.053794318181818	0.018500000000000	0.029223863636364	0.030955681818182		1
000192:	0.059321590909091	0.580426136363636	0.188832386363636	0.040653409090909	0.041073863636364	0.017788636363636	0.031294886363636	0.040609090909091		1
000193:	0.050117613636364	0.049232954545455	0.102981250000000	0.147448295454545	0.006500000000000	0.040797727272727	0.293608522727273	0.309313636363636		1
000194:	0.086554545454545	0.174792045454545	0.204463636363636	0.062307954545455	0.042983522727273	0.092921590909091	0.102417613636364	0.233559090909091		1
000195:	0.047126704545455	0.220598863636364	0.372603977272727	0.197975568181818	0.019528409090909	0.019252840909091	0.091655681818182	0.031257954545455		1
000196:	0.158488068181818	0.065697159090909	0.036064204545455	0.021366477272727	0.567682954545455	0.011101136363636	0.079455113636364	0.060144886363636		1
000197:	0.098581818181818	0.045981250000000	0.449763636363636	0.175521590909091	0.055861931818182	0.018402272727273	0.030174431818182	0.125713068181818		1
000198:	0.027153977272727	0.008934090909091	0.002999431818182	0.119683522727273	0.002267045454545	0.011929545454545	0.004828409090909	0.822203977272727		1
000199:	0.110932954545455	0.029288068181818	0.337990909090909	0.128297159090909	0.040478409090909	0.021492045454545	0.038439772727273	0.293080681818182		1
000200:	0.085723863636364	0.057400000000000	0.104412500000000	0.076405113636364	0.084513068181818	0.035172727272727	0.076026136363636	0.480346590909091		1
000201:	0.822853977272727	0.016862500000000	0.025980113636364	0.013481250000000	0.014949431818182	0.033244318181818	0.051533522727273	0.021094886363636		1
000202:	0.224349431818182	0.216151136363636	0.120211931818182	0.211167045454545	0.067458522727273	0.036438068181818	0.061997159090909	0.062226704545455		1
000203:	0.097172727272727	0.028894886363636	0.297797727272727	0.042641477272727	0.041688636363636	0.028974431818182	0.339002840909091	0.123827272727273		1
000204:	0.273125568181818	0.051988636363636	0.200586931818182	0.035058522727273	0.123725568181818	0.047541477272727	0.187025568181818	0.080947727272727		1
000205:	0.268339772727273	0.044132386363636	0.165197159090909	0.034869886363636	0.046494886363636	0.036165909090909	0.376172727272727	0.028627272727273		1
000206:	0.105267045454545	0.054843750000000	0.173134659090909	0.054027272727273	0.048700568181818	0.212844886363636	0.289993750000000	0.061188068181818		1
000207:	0.037659659090909	0.262309090909091	0.107473863636364	0.271118750000000	0.090764772727273	0.020397727272727	0.176390340909091	0.033885795454545		1
000208:	0.297460795454545	0.041511363636364	0.223517613636364	0.055061363636364	0.059778409090909	0.022991477272727	0.178063068181818	0.121615909090909		1
000209:	0.467911363636364	0.044480681818182	0.084742613636364	0.031243181818182	0.033232386363636	0.039139204545455	0.255285795454545	0.043964772727273		1
000210:	0.165111363636364	0.046591477272727	0.151982954545455	0.321227840909091	0.026656818181818	0.058611363636364	0.174429545454545	0.055388636363636		1
000211:	0.075260227272727	0.026963068181818	0.623526704545455	0.054778409090909	0.028342613636364	0.040657386363636	0.095023863636364	0.055447727272727		1
000212:	0.425365909090909	0.020394886363636	0.056147159090909	0.032553409090909	0.308885227272727	0.015291477272727	0.021013636363636	0.120348295454545		1
000213:	0.196401704545455	0.088647727272727	0.318489204545455	0.030652272727273	0.094802272727273	0.028226136363636	0.051297727272727	0.191482954545455		1
000214:	0.065767613636364	0.065522159090909	0.133917613636364	0.080086363636364	0.204980113636364	0.020180681818182	0.345297727272727	0.084247727272727		1
000215:	0.091150568181818	0.201626136363636	0.131254545454545	0.115264772727273	0.057162500000000	0.055150568181818	0.309776704545455	0.038614204545455		1
000216:	0.542380681818182	0.045572159090909	0.051278409090909	0.041748863636364	0.063717045454545	0.030237500000000	0.047798863636364	0.177266477272727		1
000217:	0.129376704545455	0.152969886363636	0.066786931818182	0.059668750000000	0.093552272727273	0.048735795454545	0.071906818181818	0.377002840909091		1
000218:	0.303606250000000	0.037657954545455	0.365543750000000	0.055517613636364	0.076796590909091	0.015620454545455	0.065100568181818	0.080156818181818		1
000219:	0.160791477272727	0.025627840909091	0.127748295454545	0.039437500000000	0.162094886363636	0.020993750000000	0.042281818181818	0.421024431818182		1
000220:	0.413310227272727	0.030238636363636	0.330784659090909	0.032306250000000	0.032540909090909	0.015447727272727	0.032303977272727	0.113067613636364		1
000221:	0.126121022727273	0.034285227272727	0.505106818181818	0.025843750000000	0.037050568181818	0.014119886363636	0.122399431818182	0.135073295454545		1
000222:	0.831736931818182	0.009822727272727	0.062217613636364	0.011407954545455	0.016908522727273	0.011927840909091	0.020205681818182	0.035772727272727		1
000223:	0.323739772727273	0.089519318181818	0.242076704545455	0.154730113636364	0.044467045454545	0.055934090909091	0.034551704545455	0.054981250000000		1
000224:	0.046655113636364	0.724519886363636	0.039225000000000	0.051624431818182	0.025182954545455	0.030947159090909	0.062657954545455	0.019187500000000		1
000225:	0.044852272727273	0.462528409090909	0.187893750000000	0.173959090909091	0.026864204545455	0.043582386363636	0.035376704545455	0.024943181818182		1
000226:	0.193963068181818	0.484668181818182	0.099601704545455	0.062381250000000	0.053302840909091	0.018292613636364	0.060926136363636	0.026864204545455		1
000227:	0.014992045454545	0.522358522727273	0.019648295454545	0.369863068181818	0.018186931818182	0.023549431818182	0.015563636363636	0.015838068181818		1
000228:	0.008527840909091	0.006241477272727	0.008836931818182	0.802114772727273	0.142869886363636	0.016068750000000	0.007530113636364	0.007810227272727		1
000229:	0.023940340909091	0.154134090909091	0.242733522727273	0.051450000000000	0.025502840909091	0.154272727272727	0.310046022727273	0.037920454545455		1
000230:	0.058212500000000	0.317771022727273	0.029672159090909	0.023804545454545	0.411938068181818	0.024169886363636	0.042446022727273	0.091985795454545		1
000231:	0.032410795454545	0.610836931818182	0.071089772727273	0.104205113636364	0.042394318181818	0.023669886363636	0.049227840909091	0.066165340909091		1
000232:	0.182594886363636	0.075411363636364	0.102593181818182	0.040278409090909	0.177038636363636	0.101859659090909	0.215802272727273	0.104421590909091		1
000233:	0.027686931818182	0.733513636363636	0.039951704545455	0.075193181818182	0.019133522727273	0.014719318181818	0.065880681818182	0.023921022727273		1
000234:	0.019311363636364	0.507632386363636	0.053337500000000	0.171109090909091	0.043667613636364	0.086295454545455	0.059265340909091	0.059381250000000		1
000235:	0.057517613636364	0.055109659090909	0.037026136363636	0.095790340909091	0.017681250000000	0.680775000000000	0.031209659090909	0.024890340909091		1
000236:	0.306872159090909	0.210171022727273	0.051596590909091	0.062649431818182	0.166707954545455	0.038035227272727	0.112053409090909	0.051914204545455		1
000237:	0.045181250000000	0.481617613636364	0.110659659090909	0.102356250000000	0.078656250000000	0.103575000000000	0.041508522727273	0.036445454545455		1
000238:	0.398929545454545	0.031081818181818	0.278152840909091	0.033839772727273	0.024303977272727	0.022425000000000	0.042028409090909	0.169238636363636		1
000239:	0.000665909090909	0.240252272727273	0.000621590909091	0.689167045454545	0.000600568181818	0.000440340909091	0.067063068181818	0.001189204545455		1
000240:	0.104289204545455	0.093964204545455	0.035745454545455	0.027975568181818	0.639781250000000	0.013459090909091	0.071718750000000	0.013066477272727		1
000241:	0.030026704545455	0.118644886363636	0.019540909090909	0.691229545454545	0.051467045454545	0.010892613636364	0.067119318181818	0.011078977272727		1
000242:	0.027283522727273	0.696526136363636	0.024130113636364	0.125184090909091	0.027811363636364	0.019917613636364	0.034569318181818	0.044577840909091		1
000243:	0.042855681818182	0.045295454545455	0.020025568181818	0.059989204545455	0.410656250000000	0.312772159090909	0.088753977272727	0.019651704545455		1
000244:	0.068565909090909	0.243912500000000	0.162765340909091	0.030631250000000	0.265743750000000	0.061482386363636	0.121500568181818	0.045398295454545		1
000245:	0.031434090909091	0.485071590909091	0.189127840909091	0.033684090909091	0.066631818181818	0.015995454545455	0.133787500000000	0.044267613636364		1
000246:	0.034725568181818	0.401108522727273	0.093038636363636	0.117732954545455	0.107667045454545	0.118864204545455	0.064561363636364	0.062301704545455		1
000247:	0.055577272727273	0.350259659090909	0.079502840909091	0.072838068181818	0.063581818181818	0.100918750000000	0.227610795454545	0.049710795454545		1
000248:	0.025522727272727	0.129603977272727	0.055519886363636	0.022123295454545	0.073976704545455	0.020290909090909	0.650988636363636	0.021973863636364		1
000249:	0.029473863636364	0.602717045454545	0.028821022727273	0.071943750000000	0.120481250000000	0.049249431818182	0.080613636363636	0.016700000000000		1
000250:	0.034463636363636	0.769634659090909	0.033526704545455	0.060717613636364	0.014487500000000	0.033284659090909	0.038789204545455	0.015096022727273		1
000251:	0.033338068181818	0.689940340909091	0.035251704545455	0.047459659090909	0.094564204545455	0.034231250000000	0.032234090909091	0.032980681818182		1
000252:	0.032365909090909	0.005181250000000	0.166621590909091	0.754623295454545	0.007030681818182	0.019019318181818	0.008167613636364	0.006990340909091		1
000253:	0.067505113636364	0.181289204545455	0.029745454545455	0.042988068181818	0.083180113636364	0.423338068181818	0.098188636363636	0.073765340909091		1
000254:	0.080471022727273	0.460177840909091	0.066107954545455	0.045448863636364	0.136066477272727	0.044476136363636	0.141903409090909	0.025348295454545		1
000255:	0.051389204545455	0.497797727272727	0.049668750000000	0.037385795454545	0.049350568181818	0.127969318181818	0.116845454545455	0.069593181818182		1
