Estimated Clustering Probabilities for Samples
Sample	***Cluster  01***	***Cluster  02***	***Cluster  03***	***Cluster  04***	
000001:	0.423192045454545	0.442266477272727	0.043636931818182	0.090904545454545		1
000002:	0.749044318181818	0.138266477272727	0.023650568181818	0.089038636363636		1
000003:	0.555348295454545	0.355112500000000	0.026090909090909	0.063448295454545		1
000004:	0.044787500000000	0.035159659090909	0.012380113636364	0.907672727272727		1
000005:	0.197684090909091	0.740588068181818	0.012934090909091	0.048793750000000		1
000006:	0.248076136363636	0.141930113636364	0.073164772727273	0.536828977272727		1
000007:	0.781426704545455	0.162584090909091	0.019326136363636	0.036663068181818		1
000008:	0.703924431818182	0.166303409090909	0.032703409090909	0.097068750000000		1
000009:	0.218558522727273	0.293767613636364	0.027788068181818	0.459885795454545		1
000010:	0.210872727272727	0.695990340909091	0.030094886363636	0.063042045454545		1
000011:	0.465703977272727	0.352153409090909	0.040516477272727	0.141626136363636		1
000012:	0.042152272727273	0.721473295454545	0.109895454545455	0.126478977272727		1
000013:	0.049470454545455	0.240910227272727	0.496181818181818	0.213437500000000		1
000014:	0.019452272727273	0.029411931818182	0.012284090909091	0.938851704545455		1
000015:	0.049414772727273	0.750213068181818	0.019872727272727	0.180499431818182		1
000016:	0.042868750000000	0.032684659090909	0.012974431818182	0.911472159090909		1
000017:	0.080990909090909	0.837810227272727	0.015287500000000	0.065911363636364		1
000018:	0.030964772727273	0.210472159090909	0.704075568181818	0.054487500000000		1
000019:	0.071900568181818	0.851010795454545	0.042775568181818	0.034313068181818		1
000020:	0.069588068181818	0.669291477272727	0.030598863636364	0.230521590909091		1
000021:	0.209472727272727	0.698521590909091	0.071659659090909	0.020346022727273		1
000022:	0.038779545454545	0.874009090909091	0.026482386363636	0.060728977272727		1
000023:	0.273232386363636	0.575698863636364	0.099140340909091	0.051928409090909		1
000024:	0.023619886363636	0.025122727272727	0.032573863636364	0.918683522727273		1
000025:	0.116760795454545	0.302198863636364	0.420042045454545	0.160998295454545		1
000026:	0.037359090909091	0.902972727272727	0.039184659090909	0.020483522727273		1
000027:	0.043923295454545	0.668756818181818	0.256326136363636	0.030993750000000		1
000028:	0.494460227272727	0.440050000000000	0.026611931818182	0.038877840909091		1
000029:	0.076597159090909	0.812656818181818	0.041839204545455	0.068906818181818		1
000030:	0.216403977272727	0.677379545454545	0.040426704545455	0.065789772727273		1
000031:	0.040803409090909	0.484286363636364	0.445622727272727	0.029287500000000		1
000032:	0.059979545454545	0.797981818181818	0.078527840909091	0.063510795454545		1
000033:	0.109486931818182	0.823261931818182	0.026922727272727	0.040328409090909		1
000034:	0.022204545454545	0.039030681818182	0.009914772727273	0.928850000000000		1
000035:	0.482729545454545	0.241696590909091	0.239851136363636	0.035722727272727		1
000036:	0.163744886363636	0.734757386363636	0.020043181818182	0.081454545454545		1
000037:	0.034002272727273	0.830235795454545	0.048379545454545	0.087382386363636		1
000038:	0.680619886363636	0.157818750000000	0.081122159090909	0.080439204545455		1
000039:	0.070027272727273	0.767769886363636	0.100495454545455	0.061707386363636		1
000040:	0.046552840909091	0.053785227272727	0.021113636363636	0.878548295454545		1
000041:	0.048846022727273	0.808384090909091	0.041934659090909	0.100835227272727		1
000042:	0.076171590909091	0.407690340909091	0.407910227272727	0.108227840909091		1
000043:	0.163235227272727	0.701270454545455	0.016914204545455	0.118580113636364		1
000044:	0.045255113636364	0.864970454545455	0.026303977272727	0.063470454545455		1
000045:	0.026078977272727	0.823636363636364	0.129972159090909	0.020312500000000		1
000046:	0.163146022727273	0.316820454545455	0.451723295454545	0.068310227272727		1
000047:	0.266525568181818	0.330770454545455	0.238938068181818	0.163765909090909		1
000048:	0.303815909090909	0.605287500000000	0.027427272727273	0.063469318181818		1
000049:	0.062448863636364	0.866085227272727	0.027913636363636	0.043552272727273		1
000050:	0.090571590909091	0.413944318181818	0.124762500000000	0.370721590909091		1
000051:	0.027681818181818	0.022501136363636	0.011340909090909	0.938476136363636		1
000052:	0.065044318181818	0.047905113636364	0.012680681818182	0.874369886363636		1
000053:	0.043909090909091	0.780378977272727	0.066542613636364	0.109169318181818		1
000054:	0.100365340909091	0.323569886363636	0.536711363636364	0.039353409090909		1
000055:	0.068855681818182	0.551323295454546	0.022803409090909	0.357017613636364		1
000056:	0.038163068181818	0.832336931818182	0.035107386363636	0.094392613636364		1
000057:	0.040372727272727	0.825439204545454	0.046692045454545	0.087496022727273		1
000058:	0.039922159090909	0.900030681818182	0.042597727272727	0.017449431818182		1
000059:	0.021864204545455	0.913703977272727	0.053176136363636	0.011255681818182		1
000060:	0.049266477272727	0.874673863636364	0.011822727272727	0.064236931818182		1
000061:	0.035966477272727	0.905308522727273	0.021148295454545	0.037576704545455		1
000062:	0.038527272727273	0.020918181818182	0.008914204545455	0.931640340909091		1
000063:	0.024871022727273	0.028045454545455	0.012097727272727	0.934985795454545		1
000064:	0.102664772727273	0.034636363636364	0.007727840909091	0.854971022727273		1
000065:	0.279171022727273	0.632160227272727	0.018230113636364	0.070438636363636		1
000066:	0.030352840909091	0.896164204545455	0.024219886363636	0.049263068181818		1
000067:	0.059793181818182	0.037748295454545	0.009649431818182	0.892809090909091		1
000068:	0.026433522727273	0.922446590909091	0.031031818181818	0.020088068181818		1
000069:	0.028466477272727	0.915080113636364	0.018940909090909	0.037512500000000		1
000070:	0.162139772727273	0.438335227272727	0.107671022727273	0.291853977272727		1
000071:	0.038776136363636	0.919388636363636	0.026477840909091	0.015357386363636		1
000072:	0.120367045454545	0.713273863636364	0.020034090909091	0.146325000000000		1
000073:	0.071217045454545	0.852886363636364	0.013985795454545	0.061910795454545		1
000074:	0.052696590909091	0.151344886363636	0.626855681818182	0.169102840909091		1
000075:	0.068385227272727	0.830991477272727	0.061003409090909	0.039619886363636		1
000076:	0.619700000000000	0.240731818181818	0.122507386363636	0.017060795454545		1
000077:	0.492436931818182	0.338671590909091	0.118360795454545	0.050530681818182		1
000078:	0.175005681818182	0.755740909090909	0.008568750000000	0.060684659090909		1
000079:	0.063938636363636	0.842849431818182	0.048539204545455	0.044672727272727		1
000080:	0.090523295454545	0.730068181818182	0.165351136363636	0.014057386363636		1
000081:	0.041579545454545	0.917978977272727	0.008419886363636	0.032021590909091		1
000082:	0.098999431818182	0.825031818181818	0.011847159090909	0.064121590909091		1
000083:	0.036742045454545	0.928466477272727	0.016917045454545	0.017874431818182		1
000084:	0.809485795454545	0.001546022727273	0.187996590909091	0.000971590909091		1
000085:	0.168092045454545	0.700990340909091	0.063647727272727	0.067269886363636		1
000086:	0.129965340909091	0.349333522727273	0.104513068181818	0.416188068181818		1
000087:	0.024098295454545	0.939678977272727	0.010697159090909	0.025525568181818		1
000088:	0.027368750000000	0.924863636363636	0.027514204545455	0.020253409090909		1
000089:	0.077967045454545	0.838438636363636	0.052760795454545	0.030833522727273		1
000090:	0.046390909090909	0.260261363636364	0.571509659090909	0.121838068181818		1
000091:	0.245674431818182	0.168999431818182	0.559843181818182	0.025482954545455		1
000092:	0.057699431818182	0.888647727272727	0.026315340909091	0.027337500000000		1
000093:	0.061977272727273	0.725742613636364	0.139548295454545	0.072731818181818		1
000094:	0.048917045454545	0.883628409090909	0.040540340909091	0.026914204545455		1
000095:	0.097590909090909	0.788498863636364	0.011455113636364	0.102455113636364		1
000096:	0.024121590909091	0.029013068181818	0.010422727272727	0.936442613636364		1
000097:	0.021470454545455	0.942735227272727	0.021243181818182	0.014551136363636		1
000098:	0.027811931818182	0.948359090909091	0.013487500000000	0.010341477272727		1
000099:	0.094772159090909	0.546632386363636	0.060661931818182	0.297933522727273		1
000100:	0.047934659090909	0.128317045454545	0.014402840909091	0.809345454545455		1
000101:	0.036271022727273	0.891764204545455	0.024221022727273	0.047743750000000		1
000102:	0.070811931818182	0.749067045454545	0.051281250000000	0.128839772727273		1
000103:	0.221679545454545	0.599418181818182	0.136476704545455	0.042425568181818		1
000104:	0.024346022727273	0.109168181818182	0.012719318181818	0.853766477272727		1
000105:	0.040331250000000	0.818432954545455	0.054433522727273	0.086802272727273		1
000106:	0.053682386363636	0.854876704545455	0.065584090909091	0.025856818181818		1
000107:	0.055426704545455	0.536922159090909	0.038001704545455	0.369649431818182		1
000108:	0.065525568181818	0.126770454545455	0.049078409090909	0.758625568181818		1
000109:	0.103286363636364	0.790665340909091	0.073865340909091	0.032182954545455		1
000110:	0.141092613636364	0.058400000000000	0.686788636363636	0.113718750000000		1
000111:	0.217530113636364	0.384252272727273	0.040330681818182	0.357886931818182		1
000112:	0.072371590909091	0.589230681818182	0.229823295454545	0.108574431818182		1
000113:	0.084002840909091	0.806841477272727	0.020380113636364	0.088775568181818		1
000114:	0.322145454545455	0.567664772727273	0.087968181818182	0.022221590909091		1
000115:	0.062205681818182	0.796376136363636	0.062614772727273	0.078803409090909		1
000116:	0.067564772727273	0.312690909090909	0.031490909090909	0.588253409090909		1
000117:	0.064252272727273	0.842582386363636	0.042660227272727	0.050505113636364		1
000118:	0.239637500000000	0.264339204545455	0.022010227272727	0.474013068181818		1
000119:	0.028146590909091	0.838978977272727	0.061454545454545	0.071419886363636		1
000120:	0.141047727272727	0.617550568181818	0.022894886363636	0.218506818181818		1
000121:	0.141640340909091	0.635822159090909	0.179007386363636	0.043530113636364		1
000122:	0.020118750000000	0.927775568181818	0.020739204545455	0.031366477272727		1
000123:	0.112031818181818	0.824747159090909	0.032275000000000	0.030946022727273		1
000124:	0.197827272727273	0.710950000000000	0.063669886363636	0.027552840909091		1
000125:	0.748084659090909	0.173346590909091	0.014732386363636	0.063836363636364		1
000126:	0.932643181818182	0.032716477272727	0.015117613636364	0.019522727272727		1
000127:	0.146662500000000	0.608681250000000	0.058950568181818	0.185705681818182		1
000128:	0.229021022727273	0.691607954545455	0.015952272727273	0.063418750000000		1
000129:	0.028206818181818	0.671731818181818	0.282534090909091	0.017527272727273		1
000130:	0.344660795454545	0.570759090909091	0.035299431818182	0.049280681818182		1
000131:	0.043340340909091	0.887136363636364	0.027624431818182	0.041898863636364		1
000132:	0.030646590909091	0.114907954545455	0.013423863636364	0.841021590909091		1
000133:	0.512736363636364	0.272925568181818	0.178192045454545	0.036146022727273		1
000134:	0.170273863636364	0.542553977272727	0.218853409090909	0.068318750000000		1
000135:	0.025086931818182	0.650398863636364	0.309287500000000	0.015226704545455		1
000136:	0.105269318181818	0.778785795454545	0.018223295454545	0.097721590909091		1
000137:	0.058822727272727	0.536539772727273	0.376590909090909	0.028046590909091		1
000138:	0.227017613636364	0.689864204545454	0.050772727272727	0.032345454545455		1
000139:	0.085225000000000	0.825962500000000	0.040601136363636	0.048211363636364		1
000140:	0.033469318181818	0.118206250000000	0.816052840909091	0.032271590909091		1
000141:	0.489044318181818	0.098061363636364	0.037365340909091	0.375528977272727		1
000142:	0.035397727272727	0.790525568181818	0.115895454545455	0.058181250000000		1
000143:	0.069371022727273	0.876228409090909	0.021067613636364	0.033332954545455		1
000144:	0.076610227272727	0.759081250000000	0.026971590909091	0.137336931818182		1
000145:	0.085348295454545	0.038334090909091	0.031939772727273	0.844377840909091		1
000146:	0.076097727272727	0.494484090909091	0.258695454545455	0.170722727272727		1
000147:	0.194510795454545	0.686577272727273	0.034472727272727	0.084439204545455		1
000148:	0.092188068181818	0.855702272727273	0.025924431818182	0.026185227272727		1
000149:	0.166409659090909	0.731647727272727	0.047014772727273	0.054927840909091		1
000150:	0.040979545454545	0.771302840909091	0.145602840909091	0.042114772727273		1
000151:	0.313323863636364	0.499867613636364	0.033040340909091	0.153768181818182		1
000152:	0.320340909090909	0.526749431818182	0.064365909090909	0.088543750000000		1
000153:	0.045430113636364	0.845004545454546	0.045076704545455	0.064488636363636		1
000154:	0.072920454545455	0.121028409090909	0.007617045454545	0.798434090909091		1
000155:	0.056810795454545	0.434117613636364	0.083167613636364	0.425903977272727		1
000156:	0.048886363636364	0.588453409090909	0.029597727272727	0.333062500000000		1
000157:	0.027748863636364	0.032806818181818	0.011767045454545	0.927677272727273		1
000158:	0.472413636363636	0.371648863636364	0.063656818181818	0.092280681818182		1
000159:	0.132113068181818	0.076872727272727	0.268259090909091	0.522755113636364		1
000160:	0.940023295454545	0.017980681818182	0.014217613636364	0.027778409090909		1
000161:	0.812038068181818	0.077019886363636	0.037231250000000	0.073710795454545		1
000162:	0.325532386363636	0.093851136363636	0.566326704545455	0.014289772727273		1
000163:	0.067421022727273	0.000392045454545	0.000143750000000	0.932043181818182		1
000164:	0.048363636363636	0.040533522727273	0.010110795454545	0.900992045454545		1
000165:	0.436484659090909	0.393964772727273	0.028925000000000	0.140625568181818		1
000166:	0.111012500000000	0.780948863636364	0.015784659090909	0.092253977272727		1
000167:	0.229829545454545	0.660747159090909	0.032285227272727	0.077138068181818		1
000168:	0.150482954545455	0.552514772727273	0.029969318181818	0.267032954545455		1
000169:	0.036733522727273	0.927046022727273	0.018466477272727	0.017753977272727		1
000170:	0.172937500000000	0.771277272727273	0.024002840909091	0.031782386363636		1
000171:	0.054888068181818	0.227177840909091	0.027050000000000	0.690884090909091		1
000172:	0.203184659090909	0.653166477272727	0.071253977272727	0.072394886363636		1
000173:	0.033256818181818	0.913068181818182	0.009328409090909	0.044346590909091		1
000174:	0.021347727272727	0.903490909090909	0.052633522727273	0.022527840909091		1
000175:	0.025325000000000	0.029422159090909	0.017814772727273	0.927438068181818		1
000176:	0.141584090909091	0.768268181818182	0.024309659090909	0.065838068181818		1
000177:	0.032027840909091	0.857088636363636	0.033176704545455	0.077706818181818		1
000178:	0.049406818181818	0.705829545454545	0.039706818181818	0.205056818181818		1
000179:	0.023079545454545	0.047227272727273	0.010161931818182	0.919531250000000		1
000180:	0.023165340909091	0.021415909090909	0.017812500000000	0.937606250000000		1
000181:	0.033886363636364	0.027410227272727	0.007185795454545	0.931517613636364		1
000182:	0.146017613636364	0.486039204545455	0.215500568181818	0.152442613636364		1
000183:	0.032097159090909	0.026159090909091	0.009321590909091	0.932422159090909		1
000184:	0.149731818181818	0.679216477272727	0.059775000000000	0.111276704545455		1
000185:	0.152089772727273	0.282992613636364	0.490504545454545	0.074413068181818		1
000186:	0.087703977272727	0.065334659090909	0.030843181818182	0.816118181818182		1
000187:	0.021657386363636	0.026936931818182	0.010482386363636	0.940923295454545		1
000188:	0.627828409090909	0.101669886363636	0.023003409090909	0.247498295454545		1
000189:	0.043896022727273	0.906818750000000	0.007871590909091	0.041413636363636		1
000190:	0.154184090909091	0.789625000000000	0.024223863636364	0.031967045454545		1
000191:	0.032914772727273	0.911099431818182	0.012709090909091	0.043276704545455		1
000192:	0.105119318181818	0.788315340909091	0.052118181818182	0.054447159090909		1
000193:	0.055451136363636	0.752788636363636	0.080924431818182	0.110835795454545		1
000194:	0.169733522727273	0.609811931818182	0.150534090909091	0.069920454545455		1
000195:	0.022525568181818	0.933838636363636	0.012887500000000	0.030748295454545		1
000196:	0.670697727272727	0.106891477272727	0.014257386363636	0.208153409090909		1
000197:	0.115470454545455	0.780765340909091	0.020215340909091	0.083548863636364		1
000198:	0.174621590909091	0.428875000000000	0.329282386363636	0.067221022727273		1
000199:	0.548979545454545	0.241043750000000	0.034994886363636	0.174981818181818		1
000200:	0.727989204545455	0.197938636363636	0.034207386363636	0.039864772727273		1
000201:	0.023879545454545	0.034617613636364	0.011398863636364	0.930103977272727		1
000202:	0.129457954545455	0.624609659090909	0.103694318181818	0.142238068181818		1
000203:	0.199188636363636	0.608152840909091	0.037390909090909	0.155267613636364		1
000204:	0.374836931818182	0.139794318181818	0.023228977272727	0.462139772727273		1
000205:	0.123106250000000	0.281063068181818	0.044416477272727	0.551414204545455		1
000206:	0.174844886363636	0.494888636363636	0.222621590909091	0.107644886363636		1
000207:	0.210150568181818	0.716100568181818	0.050178409090909	0.023570454545455		1
000208:	0.266994318181818	0.441564772727273	0.030099431818182	0.261341477272727		1
000209:	0.104661931818182	0.243817045454545	0.024937500000000	0.626583522727273		1
000210:	0.057571022727273	0.480998863636364	0.030964204545455	0.430465909090909		1
000211:	0.085649431818182	0.778439772727273	0.019444886363636	0.116465909090909		1
000212:	0.624183522727273	0.105280113636364	0.022682386363636	0.247853977272727		1
000213:	0.198002840909091	0.118434659090909	0.016103409090909	0.667459090909091		1
000214:	0.596636363636364	0.336827840909091	0.023930113636364	0.042605681818182		1
000215:	0.185117613636364	0.660982954545455	0.089081250000000	0.064818181818182		1
000216:	0.194281818181818	0.074302840909091	0.025772727272727	0.705642613636364		1
000217:	0.585236931818182	0.207704545454545	0.050636363636364	0.156422159090909		1
000218:	0.242969886363636	0.398753409090909	0.019642613636364	0.338634090909091		1
000219:	0.715058522727273	0.133237500000000	0.016077272727273	0.135626704545455		1
000220:	0.395137500000000	0.090184659090909	0.010151704545455	0.504526136363636		1
000221:	0.138552272727273	0.391736363636364	0.013443750000000	0.456267613636364		1
000222:	0.056858522727273	0.031068750000000	0.009471022727273	0.902601704545455		1
000223:	0.196317045454545	0.393019886363636	0.190718181818182	0.219944886363636		1
000224:	0.031873295454545	0.807849431818182	0.121403977272727	0.038873295454545		1
000225:	0.020585795454545	0.908188636363636	0.047281250000000	0.023944318181818		1
000226:	0.186834090909091	0.686011363636364	0.038239204545455	0.088915340909091		1
000227:	0.066352840909091	0.832138636363636	0.071434090909091	0.030074431818182		1
000228:	0.111151136363636	0.021110227272727	0.855816477272727	0.011922159090909		1
000229:	0.058677840909091	0.863591477272727	0.055118181818182	0.022612500000000		1
000230:	0.896582954545455	0.041462500000000	0.016291477272727	0.045663068181818		1
000231:	0.083647727272727	0.829132386363636	0.062918750000000	0.024301136363636		1
000232:	0.621740340909091	0.166967613636364	0.058909659090909	0.152382386363636		1
000233:	0.041257386363636	0.914518750000000	0.026341477272727	0.017882386363636		1
000234:	0.066056250000000	0.563947159090909	0.351794318181818	0.018202272727273		1
000235:	0.027361931818182	0.101410227272727	0.829400568181818	0.041827272727273		1
000236:	0.508036363636364	0.141632954545455	0.086281818181818	0.264048863636364		1
000237:	0.055170454545455	0.508505681818182	0.415743181818182	0.020580681818182		1
000238:	0.045169886363636	0.085566477272727	0.018089204545455	0.851174431818182		1
000239:	0.157740340909091	0.705443181818182	0.075090909090909	0.061725568181818		1
000240:	0.871185227272727	0.085225000000000	0.028611363636364	0.014978409090909		1
000241:	0.105797727272727	0.594652272727273	0.102440909090909	0.197109090909091		1
000242:	0.038155113636364	0.791148295454545	0.143976136363636	0.026720454545455		1
000243:	0.534572159090909	0.064390909090909	0.370140909090909	0.030896022727273		1
000244:	0.405320454545455	0.503022727272727	0.041582386363636	0.050074431818182		1
000245:	0.264014204545455	0.702561363636364	0.018575568181818	0.014848863636364		1
000246:	0.079937500000000	0.620999431818182	0.274961931818182	0.024101136363636		1
000247:	0.184460227272727	0.704359090909091	0.077393750000000	0.033786931818182		1
000248:	0.309762500000000	0.634235227272727	0.023328409090909	0.032673863636364		1
000249:	0.259625000000000	0.161708522727273	0.563246590909091	0.015419886363636		1
000250:	0.020232386363636	0.885021590909091	0.068485795454545	0.026260227272727		1
000251:	0.164498295454545	0.657731250000000	0.143982954545455	0.033787500000000		1
000252:	0.730519886363636	0.103898295454545	0.061834659090909	0.103747159090909		1
000253:	0.248436931818182	0.114353409090909	0.595067045454545	0.042142613636364		1
000254:	0.585377272727273	0.175009659090909	0.186228409090909	0.053384659090909		1
000255:	0.245301136363636	0.577274431818182	0.133679545454545	0.043744886363636		1
000256:	0.063493750000000	0.893360227272727	0.018055681818182	0.025090340909091		1
000257:	0.327867045454545	0.038647727272727	0.029165909090909	0.604319318181818		1
000258:	0.065953409090909	0.880155681818182	0.018273295454545	0.035617613636364		1
000259:	0.022232386363636	0.031501704545455	0.025090340909091	0.921175568181818		1
000260:	0.487806818181818	0.140279545454545	0.334523295454545	0.037390340909091		1
000261:	0.316598863636364	0.183506818181818	0.361463068181818	0.138431250000000		1
000262:	0.338189204545455	0.112600568181818	0.128588068181818	0.420622159090909		1
000263:	0.139642613636364	0.771975568181818	0.022456250000000	0.065925568181818		1
000264:	0.032644318181818	0.164284659090909	0.008635795454545	0.794435227272727		1
000265:	0.407433522727273	0.407623863636364	0.047140909090909	0.137801704545455		1
000266:	0.040665340909091	0.867139772727273	0.051607954545455	0.040586931818182		1
000267:	0.177228409090909	0.618619886363636	0.182007954545455	0.022143750000000		1
000268:	0.285191477272727	0.522874431818182	0.060977840909091	0.130956250000000		1
000269:	0.044055113636364	0.378045454545455	0.535405113636364	0.042494318181818		1
000270:	0.021392613636364	0.025432386363636	0.012426136363636	0.940748863636364		1
000271:	0.143390909090909	0.069365340909091	0.701930113636364	0.085313636363636		1
000272:	0.375459659090909	0.175053409090909	0.290776704545455	0.158710227272727		1
000273:	0.072368181818182	0.352677840909091	0.273592045454545	0.301361931818182		1
000274:	0.302944318181818	0.387568750000000	0.264231250000000	0.045255681818182		1
000275:	0.032701136363636	0.882537500000000	0.043475000000000	0.041286363636364		1
000276:	0.035154545454545	0.103668750000000	0.379588636363636	0.481588068181818		1
000277:	0.047532386363636	0.203800568181818	0.660153409090909	0.088513636363636		1
000278:	0.104726136363636	0.841518750000000	0.024479545454545	0.029275568181818		1
000279:	0.021847159090909	0.214587500000000	0.753040340909091	0.010525000000000		1
000280:	0.345978977272727	0.443863068181818	0.056414204545455	0.153743750000000		1
000281:	0.043291477272727	0.053639772727273	0.445050568181818	0.458018181818182		1
000282:	0.115509659090909	0.642038636363636	0.152230113636364	0.090221590909091		1
000283:	0.037589204545455	0.023141477272727	0.014101136363636	0.925168181818182		1
000284:	0.261767045454545	0.226335795454545	0.429507386363636	0.082389772727273		1
000285:	0.077810795454545	0.536710795454545	0.362809659090909	0.022668750000000		1
000286:	0.041461931818182	0.490957954545455	0.238135795454545	0.229444318181818		1
000287:	0.040317045454545	0.520679545454545	0.250208522727273	0.188794886363636		1
000288:	0.156264772727273	0.445006250000000	0.179059090909091	0.219669886363636		1
000289:	0.311147159090909	0.551978409090909	0.026202272727273	0.110672159090909		1
000290:	0.774884659090909	0.041566477272727	0.015401704545455	0.168147159090909		1
000291:	0.046959090909091	0.842563636363636	0.028060227272727	0.082417045454545		1
000292:	0.678367613636364	0.225397727272727	0.039287500000000	0.056947159090909		1
000293:	0.206232954545455	0.698455113636364	0.014998863636364	0.080313068181818		1
000294:	0.090877840909091	0.812326704545455	0.027689204545455	0.069106250000000		1
000295:	0.036871590909091	0.926847727272727	0.011153977272727	0.025126704545455		1
000296:	0.148144318181818	0.196196590909091	0.034316477272727	0.621342613636364		1
000297:	0.106793750000000	0.660066477272727	0.027546022727273	0.205593750000000		1
000298:	0.018309659090909	0.313222159090909	0.623707386363636	0.044760795454545		1
000299:	0.105415340909091	0.803122727272727	0.036894318181818	0.054567613636364		1
000300:	0.119521590909091	0.395336931818182	0.129924431818182	0.355217045454545		1
000301:	0.039428409090909	0.901726136363636	0.019269886363636	0.039575568181818		1
000302:	0.032843750000000	0.018939772727273	0.009722727272727	0.938493750000000		1
000303:	0.036396590909091	0.027075000000000	0.014406818181818	0.922121590909091		1
000304:	0.509423295454545	0.452809090909091	0.020106818181818	0.017660795454545		1
000305:	0.823071590909091	0.038456250000000	0.026071022727273	0.112401136363636		1
000306:	0.075101704545455	0.077959090909091	0.046647159090909	0.800292045454545		1
000307:	0.916644886363636	0.028499431818182	0.012134090909091	0.042721590909091		1
000308:	0.524393181818182	0.389692613636364	0.015989204545455	0.069925000000000		1
000309:	0.085061931818182	0.764411363636364	0.078151704545455	0.072375000000000		1
000310:	0.027105681818182	0.048001136363636	0.010551136363636	0.914342045454545		1
000311:	0.417666477272727	0.391771590909091	0.055090909090909	0.135471022727273		1
000312:	0.064194886363636	0.604002840909091	0.294044886363636	0.037757386363636		1
000313:	0.113469886363636	0.304641477272727	0.541798863636364	0.040089772727273		1
000314:	0.106421022727273	0.354384090909091	0.457201704545455	0.081993181818182		1
000315:	0.068022159090909	0.690825000000000	0.217877840909091	0.023275000000000		1
000316:	0.059887500000000	0.880047727272727	0.015117045454545	0.044947727272727		1
000317:	0.181031250000000	0.680713636363636	0.117080681818182	0.021174431818182		1
000318:	0.527716477272727	0.322028409090909	0.015038636363636	0.135216477272727		1
000319:	0.031394886363636	0.020959659090909	0.008833522727273	0.938811931818182		1
000320:	0.162404545454545	0.256930681818182	0.081170454545455	0.499494318181818		1
000321:	0.657958522727273	0.220870454545455	0.016766477272727	0.104404545454545		1
000322:	0.725078409090909	0.040169886363636	0.017655113636364	0.217096590909091		1
000323:	0.171830681818182	0.258616477272727	0.446799431818182	0.122753409090909		1
000324:	0.796789204545455	0.069415340909091	0.019678977272727	0.114116477272727		1
000325:	0.078246022727273	0.025114204545455	0.039023295454545	0.857616477272727		1
000326:	0.351496590909091	0.562191477272727	0.039292045454545	0.047019886363636		1
000327:	0.444661931818182	0.435976136363636	0.034803977272727	0.084557954545455		1
000328:	0.939686363636364	0.030085227272727	0.014119886363636	0.016108522727273		1
000329:	0.335336931818182	0.470120454545455	0.067522727272727	0.127019886363636		1
000330:	0.840276136363636	0.044824431818182	0.021715909090909	0.093183522727273		1
000331:	0.913349431818182	0.025088068181818	0.031335227272727	0.030227272727273		1
000332:	0.024572159090909	0.028183522727273	0.010217613636364	0.937026704545455		1
000333:	0.025469886363636	0.028877272727273	0.015362500000000	0.930290340909091		1
000334:	0.022998863636364	0.020225568181818	0.011677272727273	0.945098295454545		1
000335:	0.235444318181818	0.671047159090909	0.035050568181818	0.058457954545455		1
000336:	0.052099431818182	0.025880113636364	0.009412500000000	0.912607954545455		1
000337:	0.500003977272727	0.276994318181818	0.038394318181818	0.184607386363636		1
000338:	0.119109090909091	0.688802840909091	0.014504545454545	0.177583522727273		1
000339:	0.608192045454545	0.154285227272727	0.026492045454545	0.211030681818182		1
000340:	0.068600568181818	0.042007954545455	0.006316477272727	0.883075000000000		1
000341:	0.248223863636364	0.680349431818182	0.017816477272727	0.053610227272727		1
000342:	0.663002272727273	0.213743750000000	0.020449431818182	0.102804545454545		1
000343:	0.112792613636364	0.716190340909091	0.021078977272727	0.149938068181818		1
000344:	0.876938068181818	0.083952840909091	0.020886363636364	0.018222727272727		1
000345:	0.933518181818182	0.026586363636364	0.009638636363636	0.030256818181818		1
000346:	0.341034659090909	0.586826704545454	0.014917045454545	0.057221590909091		1
000347:	0.661552272727273	0.007843181818182	0.328710795454545	0.001893750000000		1
000348:	0.789300000000000	0.092443181818182	0.016542045454545	0.101714772727273		1
000349:	0.748305681818182	0.095242613636364	0.032791477272727	0.123660227272727		1
000350:	0.820907386363636	0.109438068181818	0.015647159090909	0.054007386363636		1
000351:	0.895930681818182	0.069206250000000	0.015804545454545	0.019058522727273		1
000352:	0.439134659090909	0.347561363636364	0.039043750000000	0.174260227272727		1
000353:	0.044442045454545	0.024339204545455	0.009020454545455	0.922198295454545		1
000354:	0.100071590909091	0.060944318181818	0.010898295454545	0.828085795454545		1
000355:	0.828468750000000	0.037431250000000	0.022564204545455	0.111535795454545		1
000356:	0.121980681818182	0.256826704545455	0.354516477272727	0.266676136363636		1
000357:	0.000647159090909	0.917993750000000	0.081097727272727	0.000261363636364		1
000358:	0.135405681818182	0.708487500000000	0.088222159090909	0.067884659090909		1
000359:	0.251580113636364	0.387269886363636	0.304578409090909	0.056571590909091		1
000360:	0.100373295454545	0.787285795454545	0.024585227272727	0.087755681818182		1
000361:	0.057804545454545	0.129099431818182	0.754509090909091	0.058586931818182		1
000362:	0.781404545454545	0.073569318181818	0.021172727272727	0.123853409090909		1
000363:	0.023263636363636	0.937432954545454	0.010842613636364	0.028460795454545		1
000364:	0.212245454545455	0.625210227272727	0.141461931818182	0.021082386363636		1
000365:	0.232584659090909	0.691380113636364	0.027452840909091	0.048582386363636		1
000366:	0.071321022727273	0.280930113636364	0.626975000000000	0.020773863636364		1
000367:	0.046452840909091	0.850329545454545	0.085024431818182	0.018193181818182		1
000368:	0.045637500000000	0.688922159090909	0.235410227272727	0.030030113636364		1
000369:	0.114017045454545	0.695814204545455	0.068649431818182	0.121519318181818		1
000370:	0.206374431818182	0.167356250000000	0.039461363636364	0.586807954545455		1
000371:	0.331883522727273	0.623924431818182	0.012558522727273	0.031633522727273		1
000372:	0.021819886363636	0.946558522727273	0.014435795454545	0.017185795454545		1
000373:	0.143375000000000	0.553521022727273	0.232819886363636	0.070284090909091		1
000374:	0.030910795454545	0.915940909090909	0.014442045454545	0.038706250000000		1
000375:	0.240755681818182	0.041448863636364	0.020456818181818	0.697338636363636		1
000376:	0.040468750000000	0.845240340909091	0.037316477272727	0.076974431818182		1
000377:	0.036342045454545	0.016802272727273	0.012690909090909	0.934164772727273		1
000378:	0.032811931818182	0.401286931818182	0.514087500000000	0.051813636363636		1
000379:	0.011710795454545	0.493189772727273	0.485406818181818	0.009692613636364		1
000380:	0.024952272727273	0.675748295454545	0.222123295454545	0.077176136363636		1
000381:	0.016024431818182	0.089997727272727	0.876340909090909	0.017636931818182		1
000382:	0.028192613636364	0.860873863636364	0.058418750000000	0.052514772727273		1
000383:	0.072618750000000	0.818341477272727	0.047390909090909	0.061648863636364		1
000384:	0.038038636363636	0.897999431818182	0.042123863636364	0.021838068181818		1
000385:	0.236246590909091	0.695355681818182	0.052326136363636	0.016071590909091		1
000386:	0.028252840909091	0.327785795454545	0.614430113636364	0.029531250000000		1
000387:	0.034813068181818	0.862347727272727	0.040710227272727	0.062128977272727		1
000388:	0.180730113636364	0.124718750000000	0.535213636363636	0.159337500000000		1
000389:	0.088875000000000	0.856660227272727	0.041096590909091	0.013368181818182		1
000390:	0.741544318181818	0.136208522727273	0.021952272727273	0.100294886363636		1
000391:	0.034840340909091	0.892520454545455	0.057315909090909	0.015323295454545		1
000392:	0.070910227272727	0.170507386363636	0.725132386363636	0.033450000000000		1
000393:	0.069192613636364	0.628636363636364	0.250528409090909	0.051642613636364		1
000394:	0.019872727272727	0.916192613636364	0.030627840909091	0.033306818181818		1
000395:	0.024607386363636	0.909641477272727	0.023411931818182	0.042339204545455		1
000396:	0.147008522727273	0.760872159090909	0.063257386363636	0.028861931818182		1
000397:	0.018782386363636	0.957676136363636	0.010744318181818	0.012797159090909		1
000398:	0.044250000000000	0.902957954545455	0.030883522727273	0.021908522727273		1
000399:	0.028410227272727	0.022223863636364	0.856665909090909	0.092700000000000		1
000400:	0.074684659090909	0.839417613636364	0.063198295454545	0.022699431818182		1
000401:	0.042566477272727	0.798553977272727	0.126489772727273	0.032389772727273		1
000402:	0.033225568181818	0.901223863636364	0.019335795454545	0.046214772727273		1
000403:	0.238668181818182	0.556038636363636	0.147645454545455	0.057647727272727		1
000404:	0.270840909090909	0.518475000000000	0.177539772727273	0.033144318181818		1
000405:	0.025284659090909	0.910821022727273	0.037134090909091	0.026760227272727		1
000406:	0.063090909090909	0.862676704545455	0.011027840909091	0.063204545454545		1
000407:	0.034123863636364	0.929826704545455	0.010650000000000	0.025399431818182		1
000408:	0.489705113636364	0.163394886363636	0.318986363636364	0.027913636363636		1
000409:	0.046774431818182	0.063239204545455	0.011507954545455	0.878478409090909		1
000410:	0.033022727272727	0.036021590909091	0.010317613636364	0.920638068181818		1
000411:	0.036152272727273	0.035026136363636	0.012418750000000	0.916402840909091		1
000412:	0.059763636363636	0.260252840909091	0.643342045454545	0.036641477272727		1
000413:	0.108582954545455	0.840776136363636	0.030872159090909	0.019768750000000		1
000414:	0.031614772727273	0.151084090909091	0.736350000000000	0.080951136363636		1
000415:	0.233732954545455	0.029265340909091	0.646770454545455	0.090231250000000		1
000416:	0.020508522727273	0.030407954545455	0.932521590909091	0.016561931818182		1
000417:	0.001389204545455	0.033794318181818	0.339867045454545	0.624949431818182		1
000418:	0.163006250000000	0.458461363636364	0.309697727272727	0.068834659090909		1
000419:	0.087346590909091	0.089014204545455	0.804759659090909	0.018879545454545		1
000420:	0.785574431818182	0.137503409090909	0.010830681818182	0.066091477272727		1
000421:	0.050368181818182	0.358978409090909	0.314926704545455	0.275726704545455		1
000422:	0.192335227272727	0.444524431818182	0.175511363636364	0.187628977272727		1
000423:	0.760385227272727	0.055349431818182	0.016132954545455	0.168132386363636		1
000424:	0.036082954545455	0.063969886363636	0.882714772727273	0.017232386363636		1
000425:	0.067638068181818	0.076168181818182	0.794319318181818	0.061874431818182		1
000426:	0.681884659090909	0.025153409090909	0.260617045454545	0.032344886363636		1
000427:	0.109218181818182	0.674873295454545	0.092913636363636	0.122994886363636		1
000428:	0.091837500000000	0.768885227272727	0.057205113636364	0.082072159090909		1
000429:	0.398459090909091	0.453927840909091	0.079957954545455	0.067655113636364		1
000430:	0.276741477272727	0.378936363636364	0.285807386363636	0.058514772727273		1
000431:	0.113338636363636	0.561545454545455	0.262830113636364	0.062285795454545		1
000432:	0.262353977272727	0.435342613636364	0.240850568181818	0.061452840909091		1
000433:	0.562281250000000	0.146997727272727	0.167767045454545	0.122953977272727		1
000434:	0.251914772727273	0.630375000000000	0.090752840909091	0.026957386363636		1
000435:	0.351464772727273	0.397048295454545	0.107169318181818	0.144317613636364		1
000436:	0.451696022727273	0.069585227272727	0.407596590909091	0.071122159090909		1
000437:	0.256305681818182	0.237160227272727	0.474036363636364	0.032497727272727		1
000438:	0.180867613636364	0.505501136363636	0.242821590909091	0.070809659090909		1
000439:	0.045409090909091	0.070143750000000	0.821680113636364	0.062767045454545		1
000440:	0.054910227272727	0.171288636363636	0.748615909090909	0.025185227272727		1
000441:	0.021393181818182	0.024505681818182	0.924330681818182	0.029770454545455		1
000442:	0.343972727272727	0.000767045454545	0.052286931818182	0.602973295454545		1
000443:	0.043552272727273	0.028894886363636	0.013368181818182	0.914184659090909		1
000444:	0.335076704545455	0.142662500000000	0.506727272727273	0.015533522727273		1
000445:	0.071133522727273	0.751240909090909	0.145061931818182	0.032563636363636		1
000446:	0.544301136363636	0.325440340909091	0.067486931818182	0.062771590909091		1
000447:	0.076469886363636	0.701048863636364	0.192585227272727	0.029896022727273		1
000448:	0.132560227272727	0.709636363636364	0.118417045454545	0.039386363636364		1
000449:	0.060557386363636	0.898380681818182	0.018723863636364	0.022338068181818		1
000450:	0.020022727272727	0.033101136363636	0.011651704545455	0.935224431818182		1
000451:	0.025559659090909	0.053046590909091	0.016466477272727	0.904927272727273		1
000452:	0.860400568181818	0.042654545454545	0.037006250000000	0.059938636363636		1
000453:	0.044543181818182	0.116769886363636	0.814096590909091	0.024590340909091		1
000454:	0.038792613636364	0.017886931818182	0.017604545454545	0.925715909090909		1
000455:	0.152520454545455	0.364141477272727	0.042156818181818	0.441181250000000		1
000456:	0.574673295454545	0.115185795454545	0.267269318181818	0.042871590909091		1
000457:	0.741859090909091	0.149967613636364	0.016992045454545	0.091181250000000		1
000458:	0.340407954545455	0.557638068181818	0.044593181818182	0.057360795454545		1
000459:	0.728575568181818	0.188698295454545	0.014160227272727	0.068565909090909		1
000460:	0.184534659090909	0.624349431818182	0.029363068181818	0.161752840909091		1
000461:	0.104058522727273	0.678297159090909	0.037936363636364	0.179707954545455		1
000462:	0.491573295454545	0.262111363636364	0.021447727272727	0.224867613636364		1
000463:	0.837548295454545	0.093357954545455	0.016005681818182	0.053088068181818		1
000464:	0.746045454545455	0.088781250000000	0.092561363636364	0.072611931818182		1
000465:	0.349979545454545	0.561818181818182	0.020258522727273	0.067943750000000		1
000466:	0.178831250000000	0.559719318181818	0.016723863636364	0.244725568181818		1
000467:	0.378873863636364	0.436222159090909	0.024765909090909	0.160138068181818		1
000468:	0.088660795454545	0.808013068181818	0.012679545454545	0.090646590909091		1
000469:	0.035735795454545	0.796696590909091	0.150913636363636	0.016653977272727		1
000470:	0.102375568181818	0.593167613636364	0.225736363636364	0.078720454545455		1
000471:	0.030824431818182	0.861551136363636	0.066463636363636	0.041160795454545		1
000472:	0.782365909090909	0.079271590909091	0.059380681818182	0.078981818181818		1
000473:	0.786923295454545	0.141486363636364	0.029930681818182	0.041659659090909		1
000474:	0.039979545454545	0.450951704545455	0.160723295454545	0.348345454545455		1
