   1:   0.0133  0.2501  0.4918  0.0962  0.1486  1
   2:   0.0057  0.0459  0.8207  0.0497  0.0780  1
   3:   0.0137  0.0411  0.8360  0.0399  0.0693  1
   4:   0.0101  0.0372  0.6435  0.2538  0.0555  1
   5:   0.0063  0.0673  0.8643  0.0310  0.0312  1
   6:   0.0172  0.0801  0.4354  0.4063  0.0610  1
   7:   0.1710  0.0284  0.6815  0.0249  0.0941  1
   8:   0.0084  0.0290  0.8665  0.0499  0.0462  1
   9:   0.0074  0.0399  0.8289  0.0893  0.0346  1
  10:   0.0106  0.0775  0.8028  0.0644  0.0448  1
  11:   0.0883  0.1800  0.3452  0.2409  0.1456  1
  12:   0.1799  0.4355  0.1522  0.1981  0.0343  1
  13:   0.3237  0.3132  0.0916  0.2349  0.0367  1
  14:   0.0252  0.0334  0.0362  0.8893  0.0159  1
  15:   0.0420  0.1897  0.5669  0.1722  0.0292  1
  16:   0.0192  0.0335  0.0672  0.8668  0.0133  1
  17:   0.0385  0.4768  0.2904  0.1237  0.0706  1
  18:   0.3034  0.5098  0.0740  0.0905  0.0223  1
  19:   0.1434  0.2497  0.4277  0.0616  0.1176  1
  20:   0.0348  0.3320  0.2176  0.3790  0.0367  1
  21:   0.0559  0.7597  0.0563  0.0387  0.0894  1
  22:   0.0593  0.5990  0.2079  0.1079  0.0259  1
  23:   0.2229  0.3645  0.2229  0.0949  0.0948  1
  24:   0.0318  0.0625  0.0301  0.8651  0.0105  1
  25:   0.3696  0.2950  0.1028  0.1908  0.0417  1
  26:   0.1032  0.6954  0.1226  0.0477  0.0311  1
  27:   0.1201  0.7451  0.0568  0.0595  0.0185  1
  28:   0.0511  0.3472  0.3101  0.0868  0.2048  1
  29:   0.0746  0.5125  0.1971  0.1656  0.0501  1
  30:   0.1872  0.2244  0.3377  0.1649  0.0858  1
  31:   0.1604  0.7168  0.0508  0.0483  0.0237  1
  32:   0.0559  0.7698  0.0604  0.0675  0.0464  1
  33:   0.0690  0.5737  0.1785  0.0869  0.0920  1
  34:   0.0211  0.0467  0.0329  0.8869  0.0123  1
  35:   0.1387  0.5812  0.1001  0.0979  0.0822  1
  36:   0.0509  0.4814  0.2094  0.1667  0.0915  1
  37:   0.0643  0.7060  0.0939  0.1115  0.0243  1
  38:   0.2815  0.1749  0.1755  0.1605  0.2077  1
  39:   0.1638  0.5630  0.0957  0.1475  0.0300  1
  40:   0.0603  0.0606  0.0448  0.8154  0.0190  1
  41:   0.0669  0.5622  0.1291  0.2007  0.0410  1
  42:   0.2172  0.4716  0.0947  0.1158  0.1006  1
  43:   0.0503  0.2875  0.4726  0.1413  0.0483  1
  44:   0.0609  0.5431  0.2376  0.1155  0.0429  1
  45:   0.0889  0.7755  0.0775  0.0372  0.0209  1
  46:   0.1581  0.5031  0.1121  0.0672  0.1595  1
  47:   0.0897  0.3715  0.2686  0.1686  0.1017  1
  48:   0.0267  0.0693  0.8119  0.0578  0.0344  1
  49:   0.0576  0.1830  0.6615  0.0590  0.0389  1
  50:   0.0856  0.2695  0.1981  0.3894  0.0574  1
  51:   0.0131  0.0285  0.1398  0.7957  0.0229  1
  52:   0.0115  0.0332  0.0967  0.8425  0.0162  1
  53:   0.0537  0.4054  0.2363  0.2136  0.0911  1
  54:   0.3500  0.3489  0.1351  0.1007  0.0653  1
  55:   0.0293  0.1140  0.6031  0.2095  0.0441  1
  56:   0.0549  0.2894  0.4990  0.1079  0.0488  1
  57:   0.0413  0.4280  0.3431  0.1381  0.0495  1
  58:   0.1777  0.2618  0.4776  0.0397  0.0432  1
  59:   0.0519  0.5644  0.1530  0.0244  0.2063  1
  60:   0.0278  0.2127  0.6318  0.0888  0.0389  1
  61:   0.0371  0.3029  0.5447  0.0813  0.0340  1
  62:   0.0123  0.0366  0.0659  0.8649  0.0203  1
  63:   0.0141  0.0265  0.1279  0.8079  0.0237  1
  64:   0.0127  0.0294  0.1129  0.7815  0.0635  1
  65:   0.0308  0.1293  0.7289  0.0634  0.0476  1
  66:   0.0281  0.5392  0.3017  0.0961  0.0350  1
  67:   0.0184  0.0345  0.2465  0.6633  0.0372  1
  68:   0.0614  0.5989  0.2743  0.0325  0.0328  1
  69:   0.0225  0.6068  0.2500  0.0818  0.0389  1
  70:   0.0909  0.2263  0.2352  0.3541  0.0936  1
  71:   0.0544  0.6901  0.1694  0.0359  0.0503  1
  72:   0.0310  0.1459  0.6471  0.1158  0.0602  1
  73:   0.0432  0.1596  0.6706  0.0789  0.0477  1
  74:   0.2032  0.4604  0.1023  0.1928  0.0413  1
  75:   0.1520  0.3171  0.2934  0.0764  0.1611  1
  76:   0.1447  0.2238  0.1599  0.0320  0.4396  1
  77:   0.1514  0.2282  0.2859  0.0962  0.2383  1
  78:   0.0283  0.1800  0.6234  0.1058  0.0625  1
  79:   0.1881  0.3635  0.2037  0.0874  0.1572  1
  80:   0.2911  0.3861  0.2127  0.0303  0.0797  1
  81:   0.0191  0.1866  0.7209  0.0384  0.0350  1
  82:   0.0296  0.1937  0.6464  0.0725  0.0578  1
  83:   0.0526  0.3258  0.5450  0.0278  0.0488  1
  84:   0.0243  0.0249  0.0308  0.8996  0.0204  1
  85:   0.0521  0.5101  0.2388  0.1251  0.0739  1
  86:   0.0957  0.1773  0.2308  0.4292  0.0671  1
  87:   0.0345  0.5204  0.3694  0.0493  0.0264  1
  88:   0.0424  0.7766  0.1132  0.0359  0.0319  1
  89:   0.0374  0.7394  0.1056  0.0555  0.0620  1
  90:   0.1795  0.3729  0.2705  0.1324  0.0447  1
  91:   0.3632  0.2826  0.0943  0.0559  0.2040  1
  92:   0.1010  0.3811  0.3983  0.0686  0.0510  1
  93:   0.1417  0.3601  0.3277  0.0874  0.0830  1
  94:   0.1400  0.4372  0.2935  0.0605  0.0689  1
  95:   0.0289  0.1150  0.6739  0.1237  0.0585  1
  96:   0.0167  0.0380  0.0790  0.8509  0.0155  1
  97:   0.0348  0.7681  0.1333  0.0399  0.0239  1
  98:   0.0364  0.5143  0.3972  0.0225  0.0296  1
  99:   0.0488  0.2859  0.2043  0.4200  0.0409  1
 100:   0.0274  0.0848  0.2758  0.5876  0.0245  1
 101:   0.0191  0.7722  0.1161  0.0684  0.0242  1
 102:   0.0468  0.4402  0.2164  0.2593  0.0373  1
 103:   0.2370  0.2234  0.3803  0.0641  0.0952  1
 104:   0.0265  0.0836  0.2737  0.5972  0.0190  1
 105:   0.0405  0.6583  0.1064  0.1749  0.0200  1
 106:   0.0409  0.5656  0.3006  0.0636  0.0293  1
 107:   0.0292  0.2903  0.2239  0.4239  0.0325  1
 108:   0.0437  0.0920  0.0912  0.7538  0.0193  1
 109:   0.0780  0.5733  0.2180  0.0684  0.0623  1
 110:   0.6099  0.1043  0.0640  0.1340  0.0878  1
 111:   0.0328  0.1568  0.2522  0.4710  0.0872  1
 112:   0.0510  0.6864  0.1106  0.1156  0.0364  1
 113:   0.0365  0.2286  0.5650  0.1320  0.0379  1
 114:   0.1365  0.4000  0.1880  0.0424  0.2332  1
 115:   0.0863  0.3769  0.3680  0.1129  0.0559  1
 116:   0.0492  0.1264  0.3951  0.3923  0.0370  1
 117:   0.0385  0.5828  0.2340  0.0695  0.0753  1
 118:   0.0271  0.1042  0.5743  0.2041  0.0903  1
 119:   0.0479  0.6517  0.1219  0.1518  0.0269  1
 120:   0.0467  0.1010  0.7066  0.1195  0.0262  1
 121:   0.1941  0.3359  0.2958  0.1058  0.0684  1
 122:   0.0639  0.6174  0.2239  0.0756  0.0191  1
 123:   0.0791  0.2976  0.5252  0.0543  0.0438  1
 124:   0.1210  0.4542  0.2390  0.0447  0.1410  1
 125:   0.0408  0.0968  0.4697  0.1530  0.2397  1
 126:   0.0332  0.0612  0.1010  0.0420  0.7626  1
 127:   0.0719  0.2725  0.4386  0.1773  0.0397  1
 128:   0.0406  0.1601  0.6913  0.0708  0.0372  1
 129:   0.0966  0.7334  0.1061  0.0283  0.0356  1
 130:   0.0999  0.0884  0.6669  0.0810  0.0639  1
 131:   0.0386  0.5285  0.3116  0.0787  0.0425  1
 132:   0.0253  0.1059  0.2162  0.6296  0.0229  1
 133:   0.2402  0.2566  0.1959  0.0730  0.2342  1
 134:   0.1845  0.4152  0.2726  0.0712  0.0566  1
 135:   0.1642  0.6484  0.1290  0.0249  0.0335  1
 136:   0.0664  0.2061  0.5772  0.0894  0.0609  1
 137:   0.2121  0.5380  0.1331  0.0733  0.0436  1
 138:   0.0866  0.2319  0.5003  0.0503  0.1309  1
 139:   0.0832  0.3323  0.4410  0.0784  0.0650  1
 140:   0.5784  0.2253  0.0972  0.0647  0.0344  1
 141:   0.0375  0.0831  0.2747  0.4988  0.1059  1
 142:   0.0627  0.6079  0.2097  0.0958  0.0238  1
 143:   0.0390  0.3009  0.5703  0.0578  0.0320  1
 144:   0.0227  0.3705  0.3676  0.1982  0.0410  1
 145:   0.0321  0.0590  0.1151  0.7679  0.0259  1
 146:   0.1042  0.3735  0.3653  0.1149  0.0421  1
 147:   0.0229  0.2011  0.6672  0.0766  0.0323  1
 148:   0.1606  0.0733  0.7066  0.0325  0.0269  1
 149:   0.0500  0.4853  0.3036  0.1120  0.0492  1
 150:   0.1180  0.6539  0.1176  0.0777  0.0328  1
 151:   0.0521  0.1652  0.5044  0.2257  0.0526  1
 152:   0.1346  0.2146  0.4746  0.1067  0.0694  1
 153:   0.0465  0.6220  0.1813  0.1239  0.0262  1
 154:   0.0285  0.0590  0.4748  0.4070  0.0306  1
 155:   0.0848  0.2588  0.2439  0.3844  0.0282  1
 156:   0.0294  0.4305  0.1715  0.3375  0.0311  1
 157:   0.0078  0.0206  0.1031  0.8341  0.0344  1
 158:   0.0254  0.1859  0.3484  0.1127  0.3276  1
 159:   0.0428  0.1603  0.2304  0.4243  0.1422  1
 160:   0.0101  0.0159  0.1212  0.0383  0.8145  1
 161:   0.0314  0.0515  0.4275  0.0846  0.4049  1
 162:   0.1419  0.3571  0.1630  0.0296  0.3084  1
 163:   0.0078  0.0388  0.8798  0.0307  0.0429  1
 164:   0.0106  0.0169  0.2950  0.6073  0.0702  1
 165:   0.0135  0.0212  0.8539  0.0482  0.0633  1
 166:   0.0100  0.0219  0.7054  0.0372  0.2255  1
 167:   0.0282  0.0840  0.7285  0.0623  0.0971  1
 168:   0.0422  0.2548  0.3571  0.3077  0.0383  1
 169:   0.0351  0.4635  0.4276  0.0421  0.0317  1
 170:   0.0265  0.0584  0.8701  0.0237  0.0214  1
 171:   0.1027  0.1731  0.1576  0.5399  0.0266  1
 172:   0.0737  0.2313  0.5441  0.0669  0.0839  1
 173:   0.0174  0.3376  0.5711  0.0494  0.0244  1
 174:   0.0623  0.5864  0.2708  0.0570  0.0235  1
 175:   0.0173  0.0386  0.0581  0.8768  0.0091  1
 176:   0.0296  0.4845  0.2858  0.1347  0.0654  1
 177:   0.0470  0.5170  0.2853  0.1324  0.0183  1
 178:   0.0401  0.3596  0.3913  0.1922  0.0169  1
 179:   0.0089  0.0479  0.0709  0.8617  0.0107  1
 180:   0.1198  0.1576  0.0340  0.5276  0.1610  1
 181:   0.0108  0.0422  0.0664  0.8609  0.0197  1
 182:   0.1347  0.3792  0.2058  0.2245  0.0558  1
 183:   0.0114  0.0446  0.0899  0.8421  0.0120  1
 184:   0.0953  0.2788  0.4343  0.1561  0.0354  1
 185:   0.2041  0.4233  0.1944  0.0922  0.0861  1
 186:   0.0504  0.1012  0.1167  0.6978  0.0339  1
 187:   0.0197  0.0346  0.0404  0.8937  0.0116  1
 188:   0.1336  0.0820  0.3629  0.3241  0.0973  1
 189:   0.0192  0.1535  0.7585  0.0453  0.0235  1
 190:   0.0487  0.1631  0.7052  0.0381  0.0449  1
 191:   0.0229  0.4286  0.4553  0.0633  0.0300  1
 192:   0.0785  0.6556  0.0963  0.1230  0.0465  1
 193:   0.0485  0.5390  0.2048  0.1664  0.0413  1
 194:   0.1606  0.2085  0.4834  0.1023  0.0452  1
 195:   0.0225  0.7055  0.2076  0.0469  0.0174  1
 196:   0.0180  0.0470  0.4295  0.2010  0.3047  1
 197:   0.0117  0.1707  0.6663  0.0811  0.0701  1
 198:   0.0556  0.4064  0.2599  0.1008  0.1773  1
 199:   0.0191  0.0334  0.7763  0.0845  0.0866  1
 200:   0.0222  0.0493  0.6550  0.0586  0.2150  1
 201:   0.0097  0.0183  0.1197  0.8099  0.0425  1
 202:   0.0806  0.3830  0.2442  0.2411  0.0512  1
 203:   0.0439  0.1004  0.7219  0.0982  0.0355  1
 204:   0.0429  0.0850  0.5268  0.2634  0.0818  1
 205:   0.0436  0.0946  0.3890  0.4313  0.0414  1
 206:   0.2763  0.1208  0.4292  0.1277  0.0461  1
 207:   0.0414  0.5995  0.2265  0.0360  0.0966  1
 208:   0.0390  0.1412  0.4385  0.3319  0.0494  1
 209:   0.0255  0.0958  0.3878  0.4203  0.0706  1
 210:   0.0290  0.1744  0.5224  0.2294  0.0448  1
 211:   0.0245  0.0795  0.7747  0.0702  0.0510  1
 212:   0.0280  0.0657  0.4164  0.2158  0.2740  1
 213:   0.0177  0.0438  0.6387  0.2267  0.0731  1
 214:   0.0278  0.1109  0.6217  0.0785  0.1610  1
 215:   0.0886  0.1708  0.4511  0.0888  0.2007  1
 216:   0.0263  0.0440  0.4319  0.3499  0.1480  1
 217:   0.0359  0.0343  0.5597  0.1164  0.2536  1
 218:   0.0701  0.0324  0.5597  0.1227  0.2151  1
 219:   0.0167  0.0252  0.6783  0.0847  0.1951  1
 220:   0.0108  0.0223  0.6323  0.2248  0.1098  1
 221:   0.0142  0.0221  0.7853  0.0984  0.0800  1
 222:   0.0111  0.0142  0.2955  0.6047  0.0744  1
 223:   0.0639  0.1167  0.3227  0.3450  0.1517  1
 224:   0.3222  0.4581  0.0568  0.0939  0.0691  1
 225:   0.1828  0.6273  0.0780  0.0511  0.0608  1
 226:   0.1141  0.3633  0.0956  0.1889  0.2382  1
 227:   0.2078  0.5487  0.0622  0.0500  0.1314  1
 228:   0.6865  0.0480  0.0357  0.0289  0.2009  1
 229:   0.3731  0.2043  0.2519  0.0446  0.1260  1
 230:   0.0668  0.0292  0.0550  0.0597  0.7893  1
 231:   0.1691  0.4975  0.1240  0.0392  0.1702  1
 232:   0.2301  0.0515  0.1587  0.3082  0.2514  1
 233:   0.2150  0.5633  0.0503  0.0430  0.1283  1
 234:   0.5879  0.2776  0.0343  0.0283  0.0720  1
 235:   0.7269  0.1367  0.0392  0.0579  0.0394  1
 236:   0.3380  0.0568  0.0413  0.2883  0.2756  1
 237:   0.5080  0.3305  0.0672  0.0322  0.0621  1
 238:   0.0802  0.0512  0.1109  0.7080  0.0498  1
 239:   0.3834  0.2092  0.1189  0.0866  0.2020  1
 240:   0.0906  0.0800  0.0289  0.0408  0.7597  1
 241:   0.1286  0.3715  0.0450  0.3413  0.1136  1
 242:   0.1583  0.7199  0.0343  0.0374  0.0501  1
 243:   0.4006  0.0806  0.0284  0.0542  0.4362  1
 244:   0.1789  0.1529  0.1613  0.0768  0.4301  1
 245:   0.2221  0.2649  0.1117  0.0344  0.3669  1
 246:   0.4594  0.3215  0.0698  0.0391  0.1101  1
 247:   0.3622  0.2750  0.1437  0.0641  0.1550  1
 248:   0.1491  0.0905  0.1316  0.0450  0.5838  1
 249:   0.6008  0.1196  0.0315  0.0286  0.2195  1
 250:   0.3775  0.4563  0.0467  0.0513  0.0682  1
 251:   0.3319  0.3563  0.0548  0.0491  0.2080  1
 252:   0.1833  0.1233  0.0656  0.2276  0.4002  1
 253:   0.6808  0.0616  0.0465  0.0522  0.1589  1
 254:   0.5097  0.0617  0.0675  0.0759  0.2853  1
 255:   0.6405  0.0596  0.0984  0.0696  0.1319  1
 256:   0.1571  0.2708  0.3083  0.0485  0.2153  1
 257:   0.0786  0.0311  0.1228  0.5947  0.1729  1
 258:   0.0583  0.2626  0.5201  0.0628  0.0963  1
 259:   0.1356  0.0968  0.0250  0.7112  0.0314  1
 260:   0.2483  0.1790  0.0507  0.0522  0.4698  1
 261:   0.4232  0.1058  0.0849  0.1587  0.2273  1
 262:   0.1999  0.0672  0.0758  0.4381  0.2190  1
 263:   0.0505  0.2636  0.3421  0.1099  0.2340  1
 264:   0.0529  0.0265  0.0643  0.7950  0.0613  1
 265:   0.0931  0.0304  0.4635  0.0625  0.3506  1
 266:   0.4888  0.1473  0.1482  0.1218  0.0940  1
 267:   0.6675  0.1045  0.0590  0.0306  0.1384  1
 268:   0.1236  0.1037  0.4417  0.1776  0.1535  1
 269:   0.4419  0.3695  0.0814  0.0606  0.0465  1
 270:   0.0290  0.0269  0.0813  0.8250  0.0378  1
 271:   0.6648  0.0447  0.0305  0.1275  0.1325  1
 272:   0.3221  0.1515  0.1625  0.1796  0.1843  1
 273:   0.2843  0.1468  0.0678  0.4181  0.0831  1
 274:   0.5666  0.0949  0.0797  0.0786  0.1801  1
 275:   0.1709  0.4305  0.1820  0.0973  0.1193  1
 276:   0.0738  0.0274  0.0421  0.7872  0.0695  1
 277:   0.7637  0.0622  0.0455  0.0632  0.0653  1
 278:   0.1598  0.3273  0.3013  0.0582  0.1534  1
 279:   0.6694  0.1816  0.0779  0.0214  0.0497  1
 280:   0.1813  0.1379  0.0945  0.2147  0.3715  1
 281:   0.4592  0.0493  0.0473  0.3975  0.0468  1
 282:   0.2489  0.3516  0.0840  0.1531  0.1623  1
 283:   0.0287  0.0146  0.0573  0.8291  0.0703  1
 284:   0.6050  0.0604  0.0726  0.0816  0.1804  1
 285:   0.4480  0.3182  0.0853  0.0335  0.1151  1
 286:   0.4756  0.1422  0.0548  0.2452  0.0822  1
 287:   0.5164  0.1689  0.0497  0.1937  0.0714  1
 288:   0.3116  0.1247  0.1400  0.2493  0.1744  1
 289:   0.0312  0.0705  0.6275  0.1566  0.1142  1
 290:   0.0322  0.0496  0.2320  0.2449  0.4412  1
 291:   0.0203  0.1119  0.7390  0.0960  0.0327  1
 292:   0.0389  0.0580  0.6959  0.0573  0.1499  1
 293:   0.0118  0.0547  0.8397  0.0459  0.0479  1
 294:   0.0184  0.1439  0.6259  0.1575  0.0542  1
 295:   0.0139  0.3822  0.5037  0.0527  0.0474  1
 296:   0.0153  0.0722  0.4142  0.4470  0.0513  1
 297:   0.0438  0.1373  0.4312  0.2607  0.1270  1
 298:   0.1743  0.6125  0.0923  0.0810  0.0399  1
 299:   0.0835  0.1585  0.5849  0.0857  0.0874  1
 300:   0.1423  0.0775  0.3875  0.2692  0.1235  1
 301:   0.0324  0.1215  0.7395  0.0456  0.0611  1
 302:   0.0126  0.0204  0.0490  0.8699  0.0481  1
 303:   0.0132  0.0180  0.0414  0.8931  0.0343  1
 304:   0.0211  0.0463  0.8010  0.0286  0.1029  1
 305:   0.0340  0.0477  0.1794  0.1390  0.5999  1
 306:   0.0394  0.0416  0.0588  0.7736  0.0866  1
 307:   0.0249  0.0234  0.1657  0.0562  0.7297  1
 308:   0.0188  0.0250  0.8320  0.0495  0.0747  1
 309:   0.0801  0.0628  0.7097  0.0892  0.0581  1
 310:   0.0147  0.0306  0.0476  0.8845  0.0226  1
 311:   0.1040  0.0980  0.3299  0.2168  0.2514  1
 312:   0.4895  0.2310  0.1613  0.0522  0.0660  1
 313:   0.5477  0.1760  0.1269  0.0773  0.0721  1
 314:   0.1290  0.5556  0.1072  0.0831  0.1250  1
 315:   0.3403  0.3102  0.2288  0.0390  0.0817  1
 316:   0.0706  0.1382  0.6353  0.0708  0.0851  1
 317:   0.0516  0.6511  0.1167  0.0361  0.1445  1
 318:   0.0224  0.0638  0.5708  0.1337  0.2092  1
 319:   0.0148  0.0218  0.1138  0.8096  0.0401  1
 320:   0.0691  0.1182  0.3510  0.3357  0.1260  1
 321:   0.0225  0.0276  0.8068  0.0479  0.0950  1
 322:   0.0315  0.0336  0.2292  0.1722  0.5335  1
 323:   0.3286  0.1774  0.2219  0.1247  0.1474  1
 324:   0.0320  0.0380  0.4456  0.1603  0.3240  1
 325:   0.0461  0.0193  0.0782  0.7591  0.0972  1
 326:   0.1282  0.0603  0.3427  0.0843  0.3847  1
 327:   0.0272  0.0878  0.5174  0.0900  0.2776  1
 328:   0.0282  0.0165  0.0808  0.0381  0.8363  1
 329:   0.0718  0.0712  0.5374  0.1015  0.2180  1
 330:   0.0394  0.0251  0.1258  0.1414  0.6683  1
 331:   0.0753  0.0157  0.1308  0.0676  0.7106  1
 332:   0.0110  0.0215  0.0704  0.8578  0.0394  1
 333:   0.0194  0.0206  0.0862  0.8264  0.0474  1
 334:   0.0157  0.0178  0.0686  0.8584  0.0395  1
 335:   0.0457  0.0830  0.6809  0.0577  0.1327  1
 336:   0.0116  0.0182  0.0759  0.8245  0.0698  1
 337:   0.1349  0.0291  0.2986  0.1847  0.3528  1
 338:   0.0155  0.0424  0.7165  0.1574  0.0682  1
 339:   0.0224  0.0364  0.5035  0.1132  0.3245  1
 340:   0.0178  0.0177  0.2804  0.5987  0.0854  1
 341:   0.0216  0.0324  0.8464  0.0492  0.0503  1
 342:   0.0233  0.0293  0.6280  0.0856  0.2338  1
 343:   0.0270  0.0347  0.7271  0.1220  0.0893  1
 344:   0.0320  0.0332  0.0928  0.0278  0.8142  1
 345:   0.0152  0.0180  0.1602  0.0439  0.7626  1
 346:   0.0180  0.0443  0.6631  0.0504  0.2241  1
 347:   0.0181  0.0223  0.7152  0.0371  0.2074  1
 348:   0.0187  0.0609  0.3363  0.2060  0.3782  1
 349:   0.0250  0.1540  0.2549  0.1893  0.3768  1
 350:   0.0138  0.1347  0.3234  0.0702  0.4580  1
 351:   0.1886  0.0596  0.2205  0.0276  0.5037  1
 352:   0.0204  0.0691  0.6919  0.1542  0.0645  1
 353:   0.0161  0.0269  0.3035  0.6068  0.0467  1
 354:   0.0112  0.0270  0.3156  0.5958  0.0505  1
 355:   0.0271  0.0371  0.5221  0.1377  0.2759  1
 356:   0.3830  0.0955  0.1337  0.2930  0.0948  1
 357:   0.2941  0.4626  0.0809  0.0443  0.1180  1
 358:   0.0704  0.5736  0.1023  0.1053  0.1484  1
 359:   0.3877  0.1449  0.1329  0.0886  0.2458  1
 360:   0.0471  0.1629  0.5894  0.1016  0.0991  1
 361:   0.2618  0.4843  0.0573  0.0972  0.0994  1
 362:   0.0883  0.0505  0.1680  0.2098  0.4834  1
 363:   0.0316  0.4922  0.2638  0.0575  0.1550  1
 364:   0.4253  0.1727  0.1750  0.0341  0.1929  1
 365:   0.0760  0.2719  0.2699  0.0889  0.2933  1
 366:   0.3821  0.3775  0.1347  0.0415  0.0643  1
 367:   0.3180  0.3522  0.2188  0.0354  0.0756  1
 368:   0.2214  0.5291  0.1301  0.0616  0.0578  1
 369:   0.1227  0.2945  0.2644  0.1758  0.1425  1
 370:   0.1058  0.0732  0.3493  0.3660  0.1057  1
 371:   0.0473  0.0992  0.5538  0.0423  0.2574  1
 372:   0.0602  0.4806  0.3680  0.0343  0.0569  1
 373:   0.2340  0.2570  0.2412  0.0834  0.1844  1
 374:   0.0464  0.4308  0.3608  0.0975  0.0645  1
 375:   0.0276  0.0315  0.1263  0.6635  0.1511  1
 376:   0.1044  0.4001  0.2578  0.1692  0.0684  1
 377:   0.0245  0.0197  0.0515  0.8391  0.0653  1
 378:   0.3060  0.5295  0.0548  0.0708  0.0389  1
 379:   0.3304  0.5517  0.0741  0.0178  0.0260  1
 380:   0.1650  0.5117  0.1314  0.1318  0.0601  1
 381:   0.5561  0.3171  0.0639  0.0279  0.0350  1
 382:   0.0860  0.4746  0.2666  0.1061  0.0667  1
 383:   0.2102  0.2750  0.2947  0.1026  0.1176  1
 384:   0.1707  0.3848  0.3134  0.0494  0.0816  1
 385:   0.1094  0.2792  0.2048  0.0352  0.3714  1
 386:   0.7434  0.1059  0.0678  0.0423  0.0407  1
 387:   0.1126  0.4285  0.2509  0.1355  0.0725  1
 388:   0.4185  0.1614  0.1580  0.0803  0.1818  1
 389:   0.0928  0.3858  0.3184  0.0283  0.1748  1
 390:   0.0704  0.0376  0.2524  0.1461  0.4934  1
 391:   0.1649  0.4607  0.2387  0.0314  0.1043  1
 392:   0.4553  0.3151  0.0466  0.0556  0.1274  1
 393:   0.1506  0.5248  0.1568  0.1015  0.0663  1
 394:   0.0387  0.7264  0.1050  0.0874  0.0426  1
 395:   0.0467  0.4482  0.3635  0.0926  0.0490  1
 396:   0.0932  0.3844  0.1875  0.1460  0.1888  1
 397:   0.0478  0.5739  0.3037  0.0295  0.0452  1
 398:   0.2180  0.2593  0.3375  0.0646  0.1206  1
 399:   0.7327  0.0665  0.0358  0.1241  0.0409  1
 400:   0.3405  0.3277  0.2159  0.0491  0.0668  1
 401:   0.2345  0.5498  0.1020  0.0612  0.0526  1
 402:   0.0788  0.5239  0.2416  0.1013  0.0544  1
 403:   0.2542  0.2511  0.2695  0.1078  0.1175  1
 404:   0.3053  0.2870  0.1880  0.0528  0.1668  1
 405:   0.0819  0.6031  0.1947  0.0865  0.0338  1
 406:   0.0389  0.2690  0.5033  0.1418  0.0470  1
 407:   0.0498  0.2928  0.5675  0.0453  0.0447  1
 408:   0.4456  0.1913  0.1302  0.0435  0.1894  1
 409:   0.0277  0.0239  0.0337  0.8887  0.0259  1
 410:   0.0357  0.0254  0.0327  0.8777  0.0285  1
 411:   0.0302  0.0318  0.0391  0.8668  0.0321  1
 412:   0.5833  0.2208  0.0695  0.0663  0.0602  1
 413:   0.1324  0.3997  0.3242  0.0489  0.0949  1
 414:   0.5061  0.2518  0.0906  0.1090  0.0425  1
 415:   0.5756  0.0559  0.0335  0.1197  0.2153  1
 416:   0.6615  0.2264  0.0323  0.0301  0.0497  1
 417:   0.5595  0.0825  0.1709  0.0902  0.0969  1
 418:   0.5709  0.1754  0.1202  0.0705  0.0630  1
 419:   0.8481  0.0581  0.0295  0.0240  0.0403  1
 420:   0.0776  0.0785  0.2581  0.2601  0.3258  1
 421:   0.3433  0.2926  0.1115  0.2104  0.0422  1
 422:   0.2790  0.2191  0.0762  0.2763  0.1494  1
 423:   0.0738  0.0594  0.1302  0.2706  0.4659  1
 424:   0.7598  0.1572  0.0233  0.0312  0.0285  1
 425:   0.6434  0.1962  0.0441  0.0698  0.0464  1
 426:   0.3730  0.0677  0.0448  0.0557  0.4588  1
 427:   0.1228  0.5112  0.1086  0.1542  0.1032  1
 428:   0.1861  0.3626  0.2731  0.1143  0.0640  1
 429:   0.1476  0.2597  0.3134  0.1240  0.1552  1
 430:   0.2508  0.3679  0.0612  0.0852  0.2350  1
 431:   0.1008  0.6667  0.1025  0.0642  0.0658  1
 432:   0.2890  0.3476  0.1407  0.0905  0.1322  1
 433:   0.2857  0.1198  0.1218  0.2170  0.2556  1
 434:   0.1298  0.5606  0.0953  0.0630  0.1514  1
 435:   0.1170  0.3320  0.1430  0.2569  0.1510  1
 436:   0.4911  0.1061  0.0439  0.0959  0.2631  1
 437:   0.4723  0.2858  0.0426  0.0563  0.1430  1
 438:   0.4769  0.2373  0.0925  0.1024  0.0909  1
 439:   0.7353  0.1321  0.0316  0.0683  0.0327  1
 440:   0.6638  0.1968  0.0321  0.0774  0.0299  1
 441:   0.6839  0.0794  0.0169  0.1971  0.0226  1
 442:   0.8487  0.0509  0.0338  0.0441  0.0224  1
 443:   0.0354  0.0353  0.0328  0.8780  0.0185  1
 444:   0.4312  0.2219  0.1623  0.0219  0.1628  1
 445:   0.3971  0.3005  0.1812  0.0576  0.0635  1
 446:   0.1429  0.3756  0.1547  0.1329  0.1939  1
 447:   0.4378  0.3526  0.1061  0.0411  0.0625  1
 448:   0.3908  0.1752  0.2862  0.0750  0.0729  1
 449:   0.1004  0.4656  0.2939  0.0507  0.0893  1
 450:   0.0237  0.0394  0.0344  0.8844  0.0182  1
 451:   0.0258  0.0376  0.0376  0.8762  0.0228  1
 452:   0.1108  0.0546  0.1894  0.0912  0.5539  1
 453:   0.5011  0.3672  0.0514  0.0301  0.0501  1
 454:   0.0371  0.0284  0.0253  0.8808  0.0285  1
 455:   0.0271  0.1411  0.3913  0.2824  0.1580  1
 456:   0.0095  0.0289  0.8666  0.0442  0.0508  1
 457:   0.0123  0.0308  0.8171  0.0453  0.0945  1
 458:   0.0367  0.0580  0.7694  0.0453  0.0906  1
 459:   0.0110  0.0345  0.8125  0.0492  0.0929  1
 460:   0.0141  0.0387  0.8653  0.0478  0.0341  1
 461:   0.0204  0.1450  0.6061  0.1658  0.0627  1
 462:   0.0293  0.0879  0.4159  0.2248  0.2422  1
 463:   0.0214  0.2015  0.4044  0.0872  0.2855  1
 464:   0.1152  0.0456  0.4496  0.0708  0.3188  1
 465:   0.0336  0.0499  0.7654  0.0594  0.0918  1
 466:   0.0168  0.0460  0.8186  0.0623  0.0563  1
 467:   0.0170  0.0343  0.8234  0.0676  0.0577  1
 468:   0.0125  0.0330  0.8655  0.0527  0.0362  1
 469:   0.2435  0.4234  0.2308  0.0315  0.0708  1
 470:   0.1199  0.5644  0.0795  0.1385  0.0977  1
 471:   0.1215  0.5934  0.1425  0.1022  0.0404  1
 472:   0.1488  0.0586  0.1316  0.1752  0.4858  1
 473:   0.0671  0.0799  0.2748  0.0792  0.4990  1
 474:   0.1268  0.2909  0.0786  0.4584  0.0453  1
 475:   0.0532  0.6705  0.1234  0.1085  0.0444  1
 476:   0.0276  0.0277  0.0395  0.8782  0.0270  1
 477:   0.1684  0.6228  0.0699  0.1063  0.0325  1
 478:   0.2626  0.4126  0.1635  0.0954  0.0659  1
 479:   0.1142  0.1585  0.5415  0.0446  0.1412  1
 480:   0.0672  0.3943  0.1845  0.2842  0.0698  1
 481:   0.0678  0.1940  0.5693  0.1058  0.0631  1
 482:   0.2420  0.1013  0.1248  0.1163  0.4156  1
 483:   0.4055  0.1123  0.2458  0.0389  0.1975  1
 484:   0.0590  0.0808  0.4777  0.3168  0.0657  1
 485:   0.5111  0.2665  0.0765  0.0355  0.1103  1
 486:   0.0799  0.5019  0.2801  0.0607  0.0775  1
 487:   0.0503  0.0580  0.0974  0.1873  0.6069  1
 488:   0.0647  0.5995  0.2097  0.0603  0.0658  1
 489:   0.4677  0.2554  0.0734  0.0543  0.1491  1
 490:   0.1628  0.5312  0.1521  0.0889  0.0650  1
 491:   0.1048  0.0519  0.6225  0.0435  0.1773  1
 492:   0.3768  0.3890  0.1270  0.0481  0.0590  1
 493:   0.1217  0.1093  0.3148  0.2239  0.2303  1
 494:   0.0307  0.0335  0.0466  0.8551  0.0341  1
 495:   0.0933  0.1638  0.5537  0.1290  0.0602  1
 496:   0.0175  0.0588  0.7943  0.0387  0.0908  1
 497:   0.1452  0.1982  0.3984  0.0757  0.1824  1
 498:   0.0349  0.1897  0.4588  0.2301  0.0865  1
 499:   0.0231  0.0477  0.4068  0.3974  0.1250  1
 500:   0.0204  0.1764  0.7079  0.0466  0.0488  1
 501:   0.0673  0.0672  0.6630  0.0522  0.1503  1
 502:   0.0092  0.0267  0.2230  0.6915  0.0496  1
 503:   0.0124  0.0498  0.8087  0.0731  0.0559  1
 504:   0.0148  0.0201  0.1104  0.0161  0.8385  1
 505:   0.0646  0.0728  0.6749  0.0568  0.1309  1
 506:   0.0496  0.1321  0.3891  0.1570  0.2722  1
 507:   0.0405  0.1394  0.6203  0.1031  0.0966  1
 508:   0.0231  0.0696  0.7381  0.0793  0.0899  1
 509:   0.0117  0.0438  0.8345  0.0455  0.0644  1
 510:   0.0166  0.0416  0.5468  0.2295  0.1654  1
 511:   0.0093  0.0336  0.8886  0.0321  0.0364  1
 512:   0.0110  0.0173  0.0994  0.8019  0.0705  1
 513:   0.0361  0.1069  0.5470  0.0426  0.2674  1
 514:   0.0237  0.0308  0.6047  0.0290  0.3119  1
 515:   0.0100  0.0205  0.2414  0.6810  0.0471  1
 516:   0.0147  0.0340  0.6186  0.2801  0.0526  1
 517:   0.0092  0.0291  0.8826  0.0313  0.0478  1
 518:   0.0456  0.0635  0.3978  0.2342  0.2590  1
 519:   0.0218  0.1377  0.0228  0.7481  0.0696  1
 520:   0.1348  0.0702  0.1759  0.0387  0.5805  1
 521:   0.0240  0.0085  0.0933  0.6429  0.2313  1
 522:   0.2962  0.0266  0.3032  0.1963  0.1777  1
 523:   0.5504  0.0196  0.1367  0.0583  0.2350  1
 524:   0.0316  0.0099  0.0362  0.8702  0.0521  1
 525:   0.0895  0.0207  0.3191  0.0764  0.4943  1
 526:   0.1102  0.0793  0.4096  0.1387  0.2622  1
 527:   0.0833  0.0196  0.1096  0.3931  0.3943  1
 528:   0.1320  0.0216  0.0441  0.0491  0.7533  1
 529:   0.1132  0.0542  0.1175  0.1926  0.5224  1
 530:   0.1799  0.0262  0.0768  0.0533  0.6637  1
 531:   0.0743  0.0250  0.3592  0.0858  0.4558  1
 532:   0.0542  0.0415  0.0749  0.0733  0.7560  1
 533:   0.0288  0.0185  0.4972  0.0736  0.3819  1
 534:   0.0825  0.0231  0.3530  0.1401  0.4012  1
 535:   0.0941  0.0105  0.1555  0.0321  0.7078  1
 536:   0.0495  0.0403  0.1686  0.3817  0.3599  1
 537:   0.4336  0.0808  0.1308  0.1706  0.1843  1
 538:   0.1009  0.0409  0.0740  0.0575  0.7268  1
 539:   0.4316  0.0416  0.0918  0.1872  0.2478  1
 540:   0.1413  0.0592  0.2716  0.1960  0.3319  1
 541:   0.0192  0.0119  0.0622  0.8435  0.0632  1
 542:   0.2678  0.0779  0.2855  0.1693  0.1995  1
 543:   0.1146  0.0392  0.2979  0.0548  0.4935  1
 544:   0.0838  0.0134  0.2338  0.1237  0.5453  1
 545:   0.1637  0.0137  0.4212  0.2730  0.1283  1
 546:   0.0567  0.0452  0.7269  0.0438  0.1274  1
 547:   0.0561  0.0329  0.2085  0.1307  0.5718  1
 548:   0.0369  0.0207  0.3939  0.3051  0.2434  1
 549:   0.0300  0.0185  0.1510  0.2970  0.5035  1
 550:   0.1307  0.0403  0.2083  0.4147  0.2061  1
 551:   0.2143  0.0216  0.1514  0.2031  0.4096  1
 552:   0.0992  0.0248  0.0990  0.0301  0.7469  1
 553:   0.1295  0.0322  0.3241  0.0742  0.4399  1
 554:   0.0409  0.0302  0.1192  0.0710  0.7387  1
 555:   0.0458  0.0232  0.1842  0.0486  0.6982  1
 556:   0.1291  0.0174  0.0833  0.2375  0.5327  1
 557:   0.0646  0.0215  0.2878  0.0760  0.5501  1
 558:   0.1876  0.0178  0.0492  0.0785  0.6669  1
 559:   0.0608  0.0959  0.0430  0.0963  0.7040  1
 560:   0.1244  0.0201  0.0500  0.0406  0.7649  1
 561:   0.1516  0.0370  0.0660  0.5197  0.2258  1
 562:   0.0194  0.0120  0.1708  0.6825  0.1153  1
 563:   0.5744  0.0306  0.0994  0.0850  0.2106  1
 564:   0.1061  0.0812  0.1156  0.1205  0.5766  1
 565:   0.0308  0.0179  0.0795  0.4873  0.3844  1
 566:   0.0269  0.0127  0.0706  0.0657  0.8241  1
 567:   0.0218  0.0125  0.0643  0.0587  0.8427  1
 568:   0.0185  0.0121  0.0763  0.0543  0.8388  1
 569:   0.0236  0.0235  0.6500  0.0679  0.2350  1
 570:   0.0219  0.0201  0.5531  0.3088  0.0961  1
 571:   0.0203  0.0111  0.0675  0.0234  0.8777  1
 572:   0.0281  0.0156  0.6699  0.1142  0.1722  1
 573:   0.0181  0.0139  0.2284  0.6316  0.1081  1
 574:   0.0182  0.0204  0.1903  0.1626  0.6085  1
 575:   0.0321  0.0525  0.4937  0.3195  0.1022  1
 576:   0.0387  0.0262  0.1277  0.1053  0.7022  1
 577:   0.2371  0.0543  0.1155  0.2652  0.3279  1
 578:   0.1538  0.0306  0.1691  0.1706  0.4760  1
 579:   0.0657  0.0215  0.1479  0.1630  0.6020  1
 580:   0.2042  0.2525  0.2356  0.0752  0.2326  1
 581:   0.0466  0.0438  0.2689  0.0319  0.6088  1
 582:   0.0409  0.0292  0.5124  0.0423  0.3752  1
 583:   0.1534  0.2448  0.3322  0.1182  0.1514  1
 584:   0.0503  0.0278  0.1577  0.0509  0.7133  1
 585:   0.0221  0.0136  0.1109  0.0248  0.8287  1
 586:   0.0315  0.0166  0.4332  0.0384  0.4803  1
 587:   0.0556  0.0253  0.3357  0.2180  0.3654  1
 588:   0.0312  0.0709  0.3946  0.0548  0.4485  1
 589:   0.0160  0.0139  0.0585  0.8672  0.0444  1
 590:   0.0898  0.0278  0.5544  0.0626  0.2654  1
 591:   0.0157  0.0118  0.4370  0.0521  0.4833  1
 592:   0.0250  0.0157  0.1825  0.0824  0.6944  1
 593:   0.0344  0.0286  0.2661  0.1014  0.5695  1
 594:   0.0555  0.0492  0.5750  0.1040  0.2163  1
 595:   0.1860  0.0311  0.0666  0.5852  0.1311  1
 596:   0.0630  0.0209  0.0664  0.6591  0.1906  1
 597:   0.0873  0.0533  0.2403  0.0885  0.5307  1
 598:   0.0202  0.0084  0.0332  0.8506  0.0876  1
 599:   0.2150  0.0222  0.1149  0.0701  0.5777  1
 600:   0.1290  0.0259  0.0577  0.2533  0.5342  1
 601:   0.0281  0.0126  0.0427  0.0581  0.8586  1
 602:   0.0742  0.0675  0.4027  0.0879  0.3677  1
 603:   0.0392  0.0191  0.1902  0.1695  0.5820  1
 604:   0.0324  0.0235  0.1720  0.6148  0.1573  1
 605:   0.0754  0.0624  0.1522  0.0294  0.6806  1
 606:   0.0862  0.1013  0.5453  0.0611  0.2063  1
 607:   0.1287  0.0301  0.1279  0.1288  0.5845  1
 608:   0.0518  0.0186  0.1595  0.0958  0.6743  1
 609:   0.1047  0.0254  0.2178  0.0814  0.5707  1
 610:   0.1739  0.0070  0.1468  0.0173  0.6550  1
 611:   0.0298  0.0140  0.0918  0.0523  0.8120  1
 612:   0.0960  0.0250  0.0948  0.1109  0.6733  1
 613:   0.4352  0.0358  0.1791  0.0595  0.2904  1
 614:   0.0558  0.0364  0.1037  0.0334  0.7707  1
 615:   0.0233  0.0117  0.0701  0.8252  0.0697  1
 616:   0.0938  0.0375  0.2025  0.4460  0.2202  1
 617:   0.0202  0.0164  0.0494  0.8677  0.0463  1
 618:   0.0579  0.0258  0.0854  0.0397  0.7912  1
 619:   0.0884  0.0202  0.0720  0.1941  0.6254  1
 620:   0.0200  0.4939  0.3755  0.0665  0.0442  1
 621:   0.0882  0.4266  0.3159  0.0809  0.0884  1
 622:   0.0888  0.6169  0.1821  0.0699  0.0422  1
 623:   0.0152  0.0264  0.2071  0.7068  0.0446  1
 624:   0.0204  0.1994  0.6842  0.0543  0.0416  1
 625:   0.0319  0.1472  0.6184  0.0984  0.1041  1
 626:   0.0212  0.0342  0.4048  0.0508  0.4890  1
 627:   0.0456  0.2839  0.5790  0.0463  0.0451  1
 628:   0.0172  0.0295  0.3137  0.4718  0.1679  1
 629:   0.0372  0.2823  0.6008  0.0402  0.0395  1
 630:   0.0215  0.1057  0.7423  0.0744  0.0561  1
 631:   0.0155  0.0293  0.1182  0.8066  0.0305  1
 632:   0.0597  0.0558  0.7634  0.0517  0.0695  1
 633:   0.0195  0.0553  0.7668  0.1079  0.0506  1
 634:   0.0602  0.0525  0.1300  0.6895  0.0678  1
 635:   0.0352  0.0732  0.4082  0.0844  0.3990  1
 636:   0.2940  0.3505  0.1647  0.1183  0.0725  1
 637:   0.2743  0.1209  0.4000  0.0646  0.1402  1
 638:   0.1799  0.4241  0.2612  0.0572  0.0777  1
 639:   0.0420  0.4863  0.3323  0.0375  0.1019  1
 640:   0.0207  0.0264  0.0476  0.8776  0.0276  1
 641:   0.1100  0.3931  0.1376  0.2869  0.0724  1
 642:   0.1056  0.2224  0.1029  0.5245  0.0446  1
 643:   0.0519  0.1522  0.4503  0.0482  0.2974  1
 644:   0.0897  0.0843  0.5479  0.1199  0.1581  1
 645:   0.0120  0.0183  0.1915  0.7210  0.0572  1
 646:   0.0761  0.5085  0.2901  0.0509  0.0744  1
 647:   0.1135  0.2633  0.4006  0.1495  0.0730  1
 648:   0.0305  0.2256  0.3727  0.1179  0.2534  1
 649:   0.1703  0.6358  0.0758  0.0451  0.0729  1
 650:   0.2230  0.2353  0.2038  0.1971  0.1408  1
 651:   0.0133  0.0311  0.0675  0.8657  0.0224  1
 652:   0.0400  0.0774  0.3843  0.0500  0.4483  1
 653:   0.0424  0.4139  0.3564  0.0977  0.0896  1
 654:   0.0158  0.0324  0.0910  0.8317  0.0291  1
 655:   0.5148  0.1863  0.2252  0.0366  0.0371  1
 656:   0.0422  0.1642  0.6100  0.0912  0.0923  1
 657:   0.0220  0.2863  0.4760  0.1147  0.1010  1
 658:   0.0139  0.0203  0.3072  0.3677  0.2909  1
 659:   0.0158  0.0421  0.7559  0.1052  0.0811  1
 660:   0.0098  0.0228  0.5977  0.1518  0.2179  1
 661:   0.0077  0.0259  0.8731  0.0304  0.0629  1
 662:   0.0203  0.0659  0.7962  0.0473  0.0702  1
 663:   0.0059  0.0219  0.8831  0.0496  0.0395  1
 664:   0.0484  0.0222  0.7078  0.0473  0.1743  1
 665:   0.0608  0.7235  0.1301  0.0328  0.0528  1
 666:   0.1065  0.1305  0.5232  0.0613  0.1784  1
 667:   0.0791  0.7015  0.0765  0.0641  0.0789  1
 668:   0.0413  0.0621  0.4211  0.4136  0.0619  1
 669:   0.0387  0.4005  0.4232  0.0700  0.0676  1
 670:   0.0442  0.4766  0.3929  0.0417  0.0446  1
 671:   0.0513  0.4325  0.3134  0.1349  0.0679  1
 672:   0.1055  0.2984  0.2969  0.1855  0.1137  1
 673:   0.1057  0.3162  0.4106  0.0510  0.1165  1
 674:   0.1182  0.2944  0.2943  0.1844  0.1086  1
 675:   0.3393  0.2650  0.2444  0.0870  0.0644  1
 676:   0.1056  0.5812  0.1980  0.0628  0.0524  1
 677:   0.0137  0.0746  0.8294  0.0441  0.0381  1
 678:   0.0262  0.2519  0.6099  0.0557  0.0563  1
 679:   0.0464  0.1427  0.6535  0.1051  0.0523  1
 680:   0.0146  0.1837  0.4646  0.1183  0.2188  1
 681:   0.0175  0.0641  0.5450  0.0500  0.3234  1
 682:   0.0089  0.0156  0.1291  0.8167  0.0298  1
 683:   0.0129  0.0212  0.1372  0.7882  0.0405  1
 684:   0.0078  0.0308  0.4841  0.2986  0.1787  1
 685:   0.0084  0.1951  0.4993  0.1722  0.1250  1
 686:   0.0126  0.0244  0.3138  0.4867  0.1625  1
 687:   0.0067  0.0192  0.3820  0.0881  0.5041  1
 688:   0.0081  0.0260  0.7941  0.0435  0.1284  1
 689:   0.0440  0.0320  0.5362  0.1288  0.2590  1
 690:   0.0097  0.0275  0.7861  0.1256  0.0510  1
 691:   0.0072  0.0293  0.8432  0.0610  0.0593  1
 692:   0.0419  0.0885  0.7536  0.0437  0.0723  1
 693:   0.0189  0.0378  0.6309  0.0407  0.2717  1
 694:   0.0065  0.0387  0.8936  0.0208  0.0405  1
 695:   0.0213  0.0556  0.8107  0.0564  0.0560  1
 696:   0.0162  0.2164  0.7038  0.0226  0.0410  1
 697:   0.1776  0.0195  0.3348  0.2671  0.2011  1
 698:   0.0606  0.0432  0.5539  0.0610  0.2813  1
 699:   0.0137  0.1792  0.5905  0.1455  0.0711  1
 700:   0.0088  0.0335  0.8677  0.0414  0.0486  1
 701:   0.0225  0.0547  0.5906  0.0521  0.2801  1
 702:   0.0836  0.0413  0.2919  0.0507  0.5325  1
 703:   0.0073  0.0161  0.0958  0.8111  0.0697  1
 704:   0.0306  0.0553  0.5711  0.0262  0.3168  1
 705:   0.0101  0.0261  0.8163  0.0503  0.0971  1
 706:   0.2191  0.0356  0.6209  0.0218  0.1027  1
 707:   0.0097  0.0289  0.8113  0.0938  0.0562  1
 708:   0.0169  0.0426  0.3977  0.3444  0.1984  1
 709:   0.0181  0.0236  0.1551  0.0589  0.7444  1
 710:   0.0101  0.0168  0.1072  0.8260  0.0400  1
 711:   0.0112  0.0226  0.8163  0.0881  0.0618  1
 712:   0.1314  0.0162  0.2183  0.0244  0.6096  1
 713:   0.0130  0.1036  0.4117  0.0241  0.4477  1
 714:   0.0092  0.0212  0.6578  0.0613  0.2505  1
 715:   0.0086  0.1722  0.5197  0.0422  0.2573  1
 716:   0.0246  0.0336  0.2372  0.1847  0.5199  1
 717:   0.0878  0.3063  0.2727  0.2044  0.1287  1
 718:   0.0272  0.1540  0.4943  0.2450  0.0795  1
 719:   0.0790  0.4633  0.3329  0.0603  0.0645  1
 720:   0.0294  0.0515  0.6053  0.1863  0.1275  1
 721:   0.1913  0.0174  0.6557  0.0960  0.0395  1
 722:   0.0285  0.0898  0.2974  0.1841  0.4002  1
 723:   0.0104  0.2779  0.6365  0.0291  0.0462  1
 724:   0.0797  0.0374  0.3902  0.1797  0.3131  1
 725:   0.0203  0.0625  0.6642  0.1505  0.1026  1
 726:   0.0081  0.0177  0.0893  0.8210  0.0639  1
 727:   0.0189  0.6655  0.1532  0.0487  0.1136  1
 728:   0.0567  0.3266  0.4889  0.0678  0.0601  1
 729:   0.0560  0.3595  0.3967  0.1069  0.0810  1
 730:   0.0086  0.0276  0.4291  0.0271  0.5076  1
 731:   0.0128  0.0508  0.6962  0.1535  0.0867  1
 732:   0.0212  0.0493  0.6366  0.0881  0.2048  1
 733:   0.0742  0.0824  0.6173  0.1473  0.0787  1
 734:   0.0134  0.0522  0.8233  0.0529  0.0582  1
 735:   0.0314  0.0764  0.0056  0.7098  0.1768  1
 736:   0.8272  0.1282  0.0063  0.0349  0.0034  1
 737:   0.7044  0.2474  0.0133  0.0298  0.0051  1
 738:   0.6139  0.3114  0.0068  0.0649  0.0030  1
 739:   0.0260  0.0707  0.0104  0.7043  0.1886  1
 740:   0.3298  0.5906  0.0182  0.0552  0.0063  1
 741:   0.4835  0.4664  0.0156  0.0263  0.0082  1
 742:   0.6893  0.2437  0.0216  0.0414  0.0041  1
 743:   0.0061  0.0820  0.5068  0.1895  0.2156  1
 744:   0.0077  0.0223  0.8461  0.0367  0.0873  1
 745:   0.0096  0.0279  0.7416  0.0696  0.1513  1
 746:   0.0147  0.0412  0.7770  0.0768  0.0903  1
 747:   0.0067  0.0288  0.8072  0.0544  0.1029  1
 748:   0.0085  0.0194  0.2462  0.6669  0.0591  1
 749:   0.0062  0.0226  0.3192  0.3970  0.2550  1
 750:   0.0063  0.0468  0.7442  0.1510  0.0517  1
 751:   0.0039  0.0212  0.7492  0.1160  0.1098  1
 752:   0.0043  0.0215  0.1780  0.0647  0.7314  1
 753:   0.0057  0.0190  0.2550  0.6584  0.0620  1
 754:   0.0145  0.0294  0.6776  0.1197  0.1589  1
 755:   0.0137  0.0461  0.7844  0.0423  0.1135  1
 756:   0.0048  0.0217  0.7130  0.2165  0.0441  1
 757:   0.0559  0.8630  0.0213  0.0550  0.0048  1
 758:   0.1764  0.6006  0.0525  0.1483  0.0221  1
 759:   0.0658  0.8826  0.0207  0.0262  0.0047  1
 760:   0.0313  0.1114  0.0136  0.8407  0.0030  1
 761:   0.4471  0.5152  0.0121  0.0175  0.0081  1
 762:   0.2690  0.5081  0.2105  0.0099  0.0026  1
 763:   0.6883  0.2666  0.0204  0.0210  0.0037  1
 764:   0.0208  0.9142  0.0435  0.0202  0.0013  1
 765:   0.2770  0.6344  0.0414  0.0418  0.0055  1
 766:   0.0053  0.0361  0.7968  0.1272  0.0347  1
 767:   0.0094  0.0382  0.8320  0.0534  0.0670  1
 768:   0.0052  0.0188  0.3998  0.5253  0.0509  1
 769:   0.0061  0.0244  0.8649  0.0479  0.0567  1
 770:   0.0061  0.0341  0.8245  0.0842  0.0512  1
 771:   0.4164  0.4852  0.0488  0.0414  0.0081  1
 772:   0.2681  0.2196  0.0375  0.4632  0.0116  1
 773:   0.3215  0.6225  0.0158  0.0355  0.0047  1
 774:   0.5620  0.3777  0.0215  0.0361  0.0027  1
 775:   0.0752  0.7277  0.0372  0.0328  0.1271  1
 776:   0.0176  0.8587  0.0164  0.0190  0.0883  1
 777:   0.2255  0.4512  0.1375  0.1384  0.0474  1
 778:   0.1153  0.7224  0.0756  0.0806  0.0061  1
 779:   0.0357  0.7306  0.1694  0.0597  0.0045  1
 780:   0.0272  0.9173  0.0220  0.0313  0.0021  1
 781:   0.0192  0.9297  0.0192  0.0301  0.0017  1
 782:   0.0057  0.0148  0.0835  0.8638  0.0323  1
 783:   0.0649  0.0413  0.5997  0.0504  0.2437  1
 784:   0.0113  0.0469  0.6827  0.1212  0.1379  1
