1:           1.788267e-01 4.222034e-01 3.123097e-01 1.062102e-02 0.0760392045 1           
2:           6.294545e-02 6.896477e-02 8.060835e-01 4.730682e-03 0.0572755682 1           
3:           7.562727e-02 3.336818e-02 8.470045e-01 1.096477e-02 0.0330352273 1           
4:           5.980966e-02 4.093352e-02 6.841687e-01 1.340455e-02 0.2016835227 1           
5:           3.856705e-02 7.692898e-02 8.495295e-01 5.375568e-03 0.0295988636 1           
6:           7.616136e-02 8.367898e-02 4.171892e-01 1.810114e-02 0.4048693182 1           
7:           1.558966e-01 3.845398e-02 7.602915e-01 8.619886e-03 0.0367380682 1           
8:           6.042557e-02 3.080625e-02 8.491455e-01 7.878977e-03 0.0517437500 1           
9:           3.546818e-02 3.275227e-02 7.355705e-01 1.158693e-02 0.1846221591 1           
10:          5.593466e-02 6.925341e-02 8.015347e-01 8.365341e-03 0.0649119318 1           
11:          1.470273e-01 1.863114e-01 3.453193e-01 8.271420e-02 0.2386278409 1           
12:          2.874773e-02 4.386307e-01 1.565920e-01 1.203432e-01 0.2556863636 1           
13:          4.160852e-02 2.919375e-01 8.243977e-02 3.513062e-01 0.2327079545 1           
14:          1.265625e-02 3.340114e-02 3.671364e-02 2.797102e-02 0.8892579545 1           
15:          2.938580e-02 1.717574e-01 6.005500e-01 3.326875e-02 0.1650380682 1           
16:          1.612614e-02 3.154943e-02 5.437500e-02 2.244261e-02 0.8755068182 1           
17:          1.317545e-01 3.252188e-01 4.170960e-01 2.890284e-02 0.0970278409 1           
18:          2.125227e-02 4.781580e-01 7.337330e-02 3.228557e-01 0.1043607955 1           
19:          5.328750e-02 2.476028e-01 4.837318e-01 1.539205e-01 0.0614573864 1           
20:          4.614205e-02 3.075659e-01 2.229676e-01 3.608409e-02 0.3872403409 1           
21:          8.189205e-02 7.776341e-01 6.221477e-02 4.474659e-02 0.0335125000 1           
22:          3.059489e-02 5.428716e-01 2.452034e-01 7.371591e-02 0.1076142045 1           
23:          1.001222e-01 3.693795e-01 2.505722e-01 1.836449e-01 0.0962812500 1           
24:          1.175909e-02 6.293125e-02 3.325852e-02 2.932898e-02 0.8627221591 1           
25:          4.512500e-02 2.737898e-01 1.163540e-01 4.011068e-01 0.1636244318 1           
26:          3.103409e-02 6.968210e-01 1.253148e-01 1.042187e-01 0.0426113636 1           
27:          2.129489e-02 7.439676e-01 7.225341e-02 1.108670e-01 0.0516170455 1           
28:          2.028472e-01 3.831557e-01 2.737659e-01 5.158125e-02 0.0886500000 1           
29:          5.400170e-02 5.409687e-01 1.814091e-01 6.096875e-02 0.1626517045 1           
30:          1.158665e-01 2.341420e-01 3.468312e-01 1.649375e-01 0.1382227273 1           
31:          2.395795e-02 7.251665e-01 4.387614e-02 1.371267e-01 0.0698727273 1           
32:          3.805739e-02 8.022830e-01 4.958466e-02 5.043636e-02 0.0596386364 1           
33:          7.138068e-02 6.084653e-01 1.634227e-01 6.530625e-02 0.0914250000 1           
34:          9.259659e-03 4.774886e-02 2.871420e-02 2.157784e-02 0.8926994318 1           
35:          9.810000e-02 6.181881e-01 7.116136e-02 1.641330e-01 0.0484176136 1           
36:          9.142727e-02 4.897972e-01 1.928136e-01 5.320341e-02 0.1727585227 1           
37:          2.653466e-02 7.405455e-01 6.871193e-02 6.642670e-02 0.0977812500 1           
38:          2.196739e-01 1.658608e-01 1.463733e-01 3.033108e-01 0.1647812500 1           
39:          2.302386e-02 5.558710e-01 9.798125e-02 1.779108e-01 0.1452130682 1           
40:          2.235170e-02 4.758352e-02 5.873239e-02 6.175000e-02 0.8095823864 1           
41:          5.761989e-02 5.641676e-01 1.343705e-01 6.955398e-02 0.1742880682 1           
42:          3.704136e-01 3.927489e-01 5.282784e-02 1.044313e-01 0.0795784091 1           
43:          6.682784e-02 2.218813e-01 5.023852e-01 5.121591e-02 0.1576897727 1           
44:          5.133636e-02 5.402790e-01 2.053591e-01 6.070227e-02 0.1423232955 1           
45:          1.818864e-02 7.992182e-01 6.981705e-02 7.360511e-02 0.0391710227 1           
46:          1.639892e-01 4.087852e-01 1.227756e-01 2.476455e-01 0.0568045455 1           
47:          9.693977e-02 3.571619e-01 2.355693e-01 1.096267e-01 0.2007022727 1           
48:          3.661818e-02 8.129034e-02 7.987597e-01 2.893068e-02 0.0544011364 1           
49:          4.138580e-02 1.447307e-01 7.246670e-01 3.822557e-02 0.0509909091 1           
50:          6.854773e-02 2.979460e-01 1.962142e-01 7.153807e-02 0.3657539773 1           
51:          2.952898e-02 3.119432e-02 1.904943e-01 1.533580e-02 0.7334465909 1           
52:          2.358523e-02 3.397386e-02 1.430159e-01 1.347045e-02 0.7859545455 1           
53:          2.897574e-01 3.549716e-01 2.199602e-01 3.120341e-02 0.1041073864 1           
54:          4.510739e-02 5.976500e-01 5.355852e-02 1.368182e-01 0.1668659091 1           
55:          3.675966e-02 7.489943e-02 6.657790e-01 2.728409e-02 0.1952778409 1           
56:          4.578523e-02 2.657875e-01 5.268176e-01 5.245795e-02 0.1091517045 1           
57:          5.269318e-02 4.311648e-01 3.377153e-01 4.993693e-02 0.1284897727 1           
58:          4.603580e-02 2.211420e-01 4.849034e-01 2.128261e-01 0.0350926136 1           
59:          8.679960e-01 1.235943e-01 3.199432e-03 3.189773e-03 0.0020204545 1           
60:          3.247557e-02 1.264562e-01 7.396040e-01 2.481250e-02 0.0766517045 1           
61:          3.441023e-02 2.648443e-01 5.764125e-01 3.035455e-02 0.0939784091 1           
62:          3.044261e-02 6.333125e-02 6.014034e-02 1.105625e-02 0.8350295455 1           
63:          2.333239e-02 1.971193e-02 1.353170e-01 8.727841e-03 0.8129107955 1           
64:          1.070813e-01 3.535966e-02 1.402659e-01 1.675682e-02 0.7005363636 1           
65:          6.426875e-02 9.061818e-02 7.599074e-01 3.234773e-02 0.0528579545 1           
66:          4.244318e-02 5.412642e-01 3.047841e-01 2.138636e-02 0.0901221591 1           
67:          3.881080e-02 3.607102e-02 3.869563e-01 1.765682e-02 0.5205051136 1           
68:          3.693125e-02 5.565085e-01 3.011165e-01 7.194489e-02 0.0334988636 1           
69:          4.488580e-02 6.178602e-01 2.375068e-01 2.619034e-02 0.0735568182 1           
70:          1.060761e-01 2.536767e-01 2.420148e-01 8.858182e-02 0.3096505682 1           
71:          5.317386e-02 6.832886e-01 1.806727e-01 5.167273e-02 0.0311920455 1           
72:          5.772273e-02 1.270557e-01 6.920114e-01 2.656818e-02 0.0966420455 1           
73:          4.881193e-02 1.401614e-01 6.881784e-01 3.762386e-02 0.0852244318 1           
74:          4.322727e-02 5.014943e-01 9.922045e-02 1.497744e-01 0.2062835227 1           
75:          5.190057e-02 4.023687e-01 2.674517e-01 2.040455e-01 0.0742335227 1           
76:          5.203648e-01 2.337568e-01 1.182250e-01 9.780625e-02 0.0298471591 1           
77:          2.145790e-01 2.261949e-01 2.864460e-01 1.703562e-01 0.1024238636 1           
78:          6.628239e-02 1.396682e-01 6.290847e-01 2.282557e-02 0.1421392045 1           
79:          7.202045e-02 4.202153e-01 2.151347e-01 1.956733e-01 0.0969562500 1           
80:          1.388295e-01 3.704364e-01 1.846642e-01 2.770511e-01 0.0290187500 1           
81:          2.957330e-02 1.705631e-01 7.506977e-01 1.804148e-02 0.0311244318 1           
82:          6.205284e-02 1.531949e-01 7.018295e-01 3.261648e-02 0.0503062500 1           
83:          5.889602e-02 3.096795e-01 5.567909e-01 5.121250e-02 0.0234210227 1           
84:          3.639489e-02 3.015852e-02 5.340455e-02 2.959830e-02 0.8504437500 1           
85:          9.034432e-02 4.894545e-01 1.986358e-01 4.420511e-02 0.1773602273 1           
86:          7.218068e-02 1.704432e-01 1.955852e-01 9.483580e-02 0.4669551136 1           
87:          3.013011e-02 4.575801e-01 4.360455e-01 3.133750e-02 0.0449068182 1           
88:          3.088295e-02 7.959506e-01 1.004705e-01 3.526136e-02 0.0374346591 1           
89:          7.382045e-02 7.221097e-01 1.234670e-01 3.046818e-02 0.0501346591 1           
90:          4.168977e-02 5.030778e-01 1.062290e-01 1.895182e-01 0.1594852273 1           
91:          2.455119e-01 2.966239e-01 8.745455e-02 3.155307e-01 0.0548789773 1           
92:          5.860852e-02 3.290375e-01 4.841290e-01 6.962557e-02 0.0585994318 1           
93:          6.890455e-02 3.587557e-01 3.359159e-01 1.574705e-01 0.0789534091 1           
94:          7.106193e-02 4.504341e-01 3.141761e-01 1.123733e-01 0.0519545455 1           
95:          6.169148e-02 8.479205e-02 7.255097e-01 2.376818e-02 0.1042386364 1           
96:          2.017102e-02 3.892443e-02 1.044227e-01 1.681193e-02 0.8196698864 1           
97:          2.209489e-02 7.750892e-01 1.211057e-01 3.092159e-02 0.0507886364 1           
98:          3.807557e-02 4.926398e-01 4.084733e-01 3.994205e-02 0.0208693182 1           
99:          3.813068e-02 2.415932e-01 1.950864e-01 6.135739e-02 0.4638323864 1           
100:         3.373125e-02 8.009261e-02 2.800369e-01 2.140966e-02 0.5847295455 1           
101:         2.850000e-02 7.714170e-01 1.098301e-01 2.201477e-02 0.0682380682 1           
102:         3.336250e-02 4.612807e-01 2.248875e-01 3.691875e-02 0.2435505682 1           
103:         1.069023e-01 2.084188e-01 3.804057e-01 2.230307e-01 0.0812426136 1           
104:         2.631761e-02 8.341818e-02 3.403307e-01 2.764375e-02 0.5222897727 1           
105:         2.299375e-02 6.784432e-01 9.937330e-02 3.225511e-02 0.1669346591 1           
106:         5.795170e-02 6.679557e-01 1.757614e-01 4.646250e-02 0.0518687500 1           
107:         3.006989e-02 2.991597e-01 1.963994e-01 3.234205e-02 0.4420289773 1           
108:         2.447727e-02 9.108807e-02 8.728352e-02 4.130568e-02 0.7558454545 1           
109:         5.811477e-02 6.450648e-01 1.599307e-01 7.087273e-02 0.0660170455 1           
110:         1.029562e-01 1.026585e-01 5.566420e-02 6.110636e-01 0.1276573864 1           
111:         8.525966e-02 1.783330e-01 2.959045e-01 3.369034e-02 0.4068125000 1           
112:         5.108182e-02 6.352239e-01 8.663125e-02 7.055057e-02 0.1565125000 1           
113:         6.091307e-02 2.204909e-01 5.185824e-01 4.054034e-02 0.1594732955 1           
114:         2.485290e-01 4.145886e-01 1.594733e-01 1.358080e-01 0.0416011364 1           
115:         5.817273e-02 3.850438e-01 3.635642e-01 7.296080e-02 0.1202585227 1           
116:         2.941591e-02 1.121602e-01 4.427210e-01 4.771705e-02 0.3679857955 1           
117:         5.632045e-02 5.778256e-01 2.766727e-01 2.769659e-02 0.0614846591 1           
118:         1.203420e-01 1.029585e-01 5.478994e-01 2.972898e-02 0.1990710227 1           
119:         3.074943e-02 6.418063e-01 1.275119e-01 4.175795e-02 0.1581744318 1           
120:         3.724205e-02 1.037994e-01 7.065756e-01 3.323125e-02 0.1191517045 1           
121:         7.943807e-02 3.514989e-01 2.707341e-01 1.851250e-01 0.1132039773 1           
122:         2.584148e-02 5.601369e-01 3.032068e-01 2.867443e-02 0.0821403409 1           
123:         4.666761e-02 1.125403e-01 6.981489e-01 9.860568e-02 0.0440375000 1           
124:         1.489682e-01 4.877267e-01 1.788222e-01 1.437477e-01 0.0407352273 1           
125:         3.569278e-01 1.030261e-01 3.834426e-01 3.144091e-02 0.1251625000 1           
126:         7.851875e-01 5.550909e-02 8.749432e-02 3.115114e-02 0.0406579545 1           
127:         4.800511e-02 2.470381e-01 4.911602e-01 6.688352e-02 0.1469130682 1           
128:         3.354034e-02 1.032483e-01 7.814250e-01 2.402500e-02 0.0577613636 1           
129:         3.871534e-02 7.359023e-01 1.090756e-01 8.559034e-02 0.0307164773 1           
130:         6.434148e-02 7.040966e-02 6.687801e-01 1.210949e-01 0.0753738636 1           
131:         5.584261e-02 5.166534e-01 3.085744e-01 3.945852e-02 0.0794710227 1           
132:         2.691932e-02 1.069091e-01 2.454494e-01 3.113352e-02 0.5895886364 1           
133:         2.364528e-01 2.513000e-01 1.908489e-01 2.479847e-01 0.0734136364 1           
134:         9.223807e-02 2.620676e-01 3.492494e-01 2.103205e-01 0.0861244318 1           
135:         3.769091e-02 6.639472e-01 1.207585e-01 1.516341e-01 0.0259693182 1           
136:         6.730966e-02 1.732545e-01 6.400795e-01 5.396364e-02 0.0653926136 1           
137:         3.930568e-02 5.344932e-01 1.514784e-01 1.996489e-01 0.0750738636 1           
138:         1.466341e-01 2.208318e-01 4.954903e-01 9.443580e-02 0.0426079545 1           
139:         8.731250e-02 3.053080e-01 4.450983e-01 8.697386e-02 0.0753073864 1           
140:         4.326420e-02 2.214642e-01 1.121812e-01 5.484739e-01 0.0746164773 1           
141:         1.531614e-01 9.996761e-02 2.446739e-01 3.824261e-02 0.4639545455 1           
142:         2.354432e-02 6.029517e-01 2.317392e-01 6.158466e-02 0.0801801136 1           
143:         3.641136e-02 2.810500e-01 5.801585e-01 3.903182e-02 0.0633482955 1           
144:         4.602273e-02 3.851193e-01 3.666602e-01 2.170114e-02 0.1804965909 1           
145:         2.534773e-02 2.966420e-02 7.107614e-02 2.263807e-02 0.8512738636 1           
146:         4.292784e-02 3.687494e-01 3.581261e-01 1.161966e-01 0.1140000000 1           
147:         4.120568e-02 1.828136e-01 6.927540e-01 2.259091e-02 0.0606357955 1           
148:         2.963295e-02 8.022386e-02 8.066176e-01 3.882955e-02 0.0446960227 1           
149:         5.004148e-02 4.590909e-01 3.147659e-01 5.009318e-02 0.1260085227 1           
150:         3.215170e-02 6.742619e-01 1.107648e-01 1.189545e-01 0.0638670455 1           
151:         5.523750e-02 1.527330e-01 5.087938e-01 4.394432e-02 0.2392914773 1           
152:         8.055000e-02 1.784295e-01 5.017091e-01 1.395136e-01 0.0997977273 1           
153:         2.889318e-02 6.076318e-01 2.006733e-01 4.407045e-02 0.1187312500 1           
154:         3.511250e-02 5.581989e-02 4.480193e-01 2.538068e-02 0.4356676136 1           
155:         2.886420e-02 2.692847e-01 2.455699e-01 8.565909e-02 0.3706221591 1           
156:         3.477159e-02 4.140449e-01 1.676915e-01 3.243864e-02 0.3510534091 1           
157:         3.927216e-02 2.776307e-02 1.278830e-01 8.457955e-03 0.7966238636 1           
158:         4.497574e-01 1.281943e-01 2.596335e-01 2.645568e-02 0.1359590909 1           
159:         1.823233e-01 1.284119e-01 9.537102e-02 4.038182e-02 0.5535119318 1           
160:         8.501733e-01 1.361591e-02 9.543466e-02 8.488636e-03 0.0322875000 1           
161:         5.051727e-01 4.942045e-02 3.411580e-01 2.185625e-02 0.0823926136 1           
162:         3.307989e-01 4.065131e-01 1.319324e-01 1.023602e-01 0.0283954545 1           
163:         4.180625e-02 2.938636e-02 8.878375e-01 7.359091e-03 0.0336107955 1           
164:         9.496136e-02 1.607841e-02 3.689455e-01 1.221534e-02 0.5077994318 1           
165:         7.847727e-02 2.345284e-02 8.308381e-01 1.517102e-02 0.0520607955 1           
166:         4.601648e-02 2.895455e-02 8.478278e-01 1.199886e-02 0.0652022727 1           
167:         1.332528e-01 8.773580e-02 6.766347e-01 2.654773e-02 0.0758289773 1           
168:         3.732557e-02 2.239386e-01 3.815625e-01 4.058011e-02 0.3165931818 1           
169:         3.697386e-02 4.631057e-01 4.129949e-01 3.956364e-02 0.0473619318 1           
170:         1.583864e-02 4.678750e-02 8.845608e-01 2.764545e-02 0.0251676136 1           
171:         3.289716e-02 1.038744e-01 2.036114e-01 1.798693e-02 0.6416301136 1           
172:         8.329489e-02 2.126733e-01 5.922148e-01 6.980284e-02 0.0420142045 1           
173:         2.719148e-02 3.240409e-01 5.799761e-01 2.029943e-02 0.0484920455 1           
174:         2.164886e-02 5.525909e-01 3.246102e-01 4.787443e-02 0.0532755682 1           
175:         1.146364e-02 3.550682e-02 5.395795e-02 1.683920e-02 0.8822323864 1           
176:         8.103580e-02 4.901386e-01 2.447483e-01 2.978864e-02 0.1542886364 1           
177:         1.366477e-02 5.537932e-01 2.719023e-01 3.658409e-02 0.1240556818 1           
178:         2.040795e-02 2.777119e-01 4.117341e-01 6.210000e-02 0.2280460227 1           
179:         9.112500e-03 4.507330e-02 5.033580e-02 9.535227e-03 0.8859431818 1           
180:         7.800926e-01 6.890341e-03 7.589205e-03 2.018114e-01 0.0036164773 1           
181:         2.871648e-02 3.774716e-02 5.569773e-02 7.571023e-03 0.8702676136 1           
182:         7.103182e-02 3.728989e-01 2.083290e-01 1.018705e-01 0.2458698864 1           
183:         1.466648e-02 4.970057e-02 1.132949e-01 1.385795e-02 0.8084801136 1           
184:         2.880852e-02 2.428034e-01 4.519977e-01 8.907784e-02 0.1873125000 1           
185:         1.362625e-01 4.494409e-01 1.655455e-01 1.419585e-01 0.1067926136 1           
186:         2.638068e-02 8.853580e-02 1.435443e-01 3.376193e-02 0.7077772727 1           
187:         1.127898e-02 2.794545e-02 4.462784e-02 1.847159e-02 0.8976761364 1           
188:         2.088136e-01 1.333307e-01 3.344824e-01 4.992898e-02 0.2734443182 1           
189:         2.038977e-02 1.282687e-01 7.848375e-01 2.021080e-02 0.0462931818 1           
190:         6.535739e-02 1.550648e-01 6.844102e-01 5.484545e-02 0.0403221591 1           
191:         4.277330e-02 4.139227e-01 4.666205e-01 2.335682e-02 0.0533267045 1           
192:         4.419375e-02 6.380443e-01 1.158733e-01 3.122045e-02 0.1706681818 1           
193:         7.088068e-02 5.531040e-01 1.612733e-01 3.989659e-02 0.1748454545 1           
194:         3.829602e-02 2.106920e-01 4.686426e-01 1.613097e-01 0.1210596591 1           
195:         1.781705e-02 7.332466e-01 1.767801e-01 2.031875e-02 0.0518375000 1           
196:         4.553852e-01 6.047898e-02 2.693807e-01 1.325000e-02 0.2015051136 1           
197:         1.013869e-01 1.659801e-01 6.093739e-01 1.270795e-02 0.1105511364 1           
198:         2.314614e-01 4.066511e-01 1.995767e-01 6.231023e-02 0.1000005682 1           
199:         1.355989e-01 3.630455e-02 7.260545e-01 1.557102e-02 0.0864710227 1           
200:         3.581767e-01 3.351761e-02 5.209068e-01 1.573295e-02 0.0716659091 1           
201:         3.238693e-02 1.619432e-02 1.149795e-01 9.689773e-03 0.8267494318 1           
202:         7.294886e-02 3.466824e-01 2.444938e-01 7.738920e-02 0.2584857955 1           
203:         3.249489e-02 9.034148e-02 7.689710e-01 2.882216e-02 0.0793704545 1           
204:         1.145472e-01 8.451989e-02 5.198057e-01 5.123636e-02 0.2298909091 1           
205:         6.302614e-02 1.174977e-01 4.123028e-01 6.066136e-02 0.3465119318 1           
206:         4.971136e-02 1.101165e-01 4.438608e-01 2.584409e-01 0.1378704545 1           
207:         1.020716e-01 5.973034e-01 2.173739e-01 4.314659e-02 0.0401045455 1           
208:         6.520966e-02 1.750057e-01 4.451432e-01 2.357159e-02 0.2910698864 1           
209:         5.949432e-02 9.316080e-02 4.323591e-01 3.082955e-02 0.3841562500 1           
210:         4.861364e-02 1.589756e-01 5.766926e-01 2.760966e-02 0.1881085227 1           
211:         4.739716e-02 6.581136e-02 7.886858e-01 2.788182e-02 0.0702238636 1           
212:         3.291903e-01 5.967330e-02 3.504653e-01 1.873295e-02 0.2419380682 1           
213:         8.526932e-02 4.671307e-02 6.818699e-01 1.810682e-02 0.1680409091 1           
214:         2.160159e-01 1.027233e-01 5.569170e-01 3.448352e-02 0.0898602273 1           
215:         2.212511e-01 2.086852e-01 4.083773e-01 8.606420e-02 0.0756221591 1           
216:         1.815023e-01 5.163920e-02 4.106528e-01 2.954091e-02 0.3266647727 1           
217:         3.294415e-01 4.246136e-02 4.685182e-01 3.528466e-02 0.1242943182 1           
218:         6.792767e-01 1.981250e-03 1.749318e-02 2.931744e-01 0.0080744318 1           
219:         2.298358e-01 3.385227e-02 6.389801e-01 1.468750e-02 0.0826443182 1           
220:         1.185307e-01 2.426250e-02 6.513017e-01 1.082443e-02 0.1950806818 1           
221:         1.125290e-01 1.906932e-02 7.472540e-01 2.147670e-02 0.0996710227 1           
222:         9.044943e-02 1.541250e-02 2.920472e-01 1.060625e-02 0.5914846591 1           
223:         1.692591e-01 1.109784e-01 4.045455e-01 7.934205e-02 0.2358750000 1           
224:         6.260568e-02 4.798426e-01 5.173409e-02 2.992011e-01 0.1066164773 1           
225:         5.499659e-02 6.676216e-01 7.045511e-02 1.596705e-01 0.0472562500 1           
226:         2.267699e-01 3.800188e-01 9.576477e-02 1.112023e-01 0.1862443182 1           
227:         1.533330e-01 5.259631e-01 5.741136e-02 2.234631e-01 0.0398295455 1           
228:         2.962278e-01 5.102557e-02 3.249318e-02 5.955148e-01 0.0247386364 1           
229:         1.315773e-01 1.925136e-01 2.714313e-01 3.712545e-01 0.0332232955 1           
230:         8.371614e-01 2.612216e-02 3.610852e-02 5.499602e-02 0.0456119318 1           
231:         1.655608e-01 5.560994e-01 1.175892e-01 1.260369e-01 0.0347136364 1           
232:         3.094068e-01 6.817727e-02 1.809835e-01 1.773136e-01 0.2641187500 1           
233:         1.070568e-01 5.564670e-01 3.166932e-02 2.455511e-01 0.0592556818 1           
234:         6.289659e-02 2.706267e-01 3.420739e-02 6.032222e-01 0.0290471591 1           
235:         4.095739e-02 1.105472e-01 4.876477e-02 7.426017e-01 0.0571289773 1           
236:         2.972483e-01 5.200284e-02 3.717955e-02 3.196778e-01 0.2938914773 1           
237:         5.496080e-02 3.001693e-01 5.988182e-02 5.556847e-01 0.0293034091 1           
238:         4.579602e-02 4.681818e-02 2.313545e-01 7.335227e-02 0.6026789773 1           
239:         1.688432e-01 2.045682e-01 1.058568e-01 4.466511e-01 0.0740806818 1           
240:         7.569585e-01 8.917727e-02 3.105227e-02 7.977557e-02 0.0430363636 1           
241:         9.787216e-02 3.812574e-01 3.519148e-02 1.331966e-01 0.3524823864 1           
242:         4.548636e-02 7.553517e-01 2.683636e-02 1.351761e-01 0.0371494318 1           
243:         3.976989e-01 7.263068e-02 2.117557e-02 4.624909e-01 0.0460039773 1           
244:         4.155625e-01 1.493670e-01 1.649517e-01 1.837597e-01 0.0863590909 1           
245:         3.305875e-01 2.727619e-01 1.306011e-01 2.362892e-01 0.0297602273 1           
246:         9.994148e-02 4.122347e-01 8.772273e-02 3.624824e-01 0.0376187500 1           
247:         1.600670e-01 2.511670e-01 1.569341e-01 3.670687e-01 0.0647630682 1           
248:         5.570284e-01 8.824943e-02 1.645335e-01 1.427284e-01 0.0474602273 1           
249:         1.847347e-01 1.920710e-01 3.270057e-02 5.647398e-01 0.0257539773 1           
250:         5.766989e-02 5.013068e-01 5.023920e-02 3.481267e-01 0.0426573864 1           
251:         2.068557e-01 4.235176e-01 4.823125e-02 2.828119e-01 0.0385835227 1           
252:         5.320085e-01 5.635000e-02 7.617330e-02 1.744574e-01 0.1610107955 1           
253:         1.908159e-01 5.796080e-02 4.253182e-02 6.694557e-01 0.0392357955 1           
254:         3.101705e-01 4.832557e-02 7.012273e-02 4.946568e-01 0.0767244318 1           
255:         1.094131e-01 4.348693e-02 1.594045e-01 6.182813e-01 0.0694142045 1           
256:         2.603830e-01 2.758068e-01 3.037142e-01 1.200460e-01 0.0400500000 1           
257:         2.112472e-01 3.069318e-02 1.424227e-01 7.743750e-02 0.5381994318 1           
258:         9.080227e-02 1.646676e-01 6.364852e-01 5.330739e-02 0.0547375000 1           
259:         2.478523e-02 2.565114e-02 2.279886e-02 1.896591e-02 0.9077988636 1           
260:         4.668778e-01 2.141102e-01 4.046023e-02 2.291097e-01 0.0494420455 1           
261:         2.577568e-01 9.729659e-02 7.015795e-02 4.253267e-01 0.1494619318 1           
262:         2.155108e-01 6.924602e-02 8.895852e-02 1.928670e-01 0.4334176136 1           
263:         1.748926e-01 2.369472e-01 4.285699e-01 5.078352e-02 0.1088068182 1           
264:         4.949659e-02 2.512273e-02 7.566989e-02 4.118523e-02 0.8085255682 1           
265:         9.295585e-01 5.721591e-04 2.619318e-04 6.933636e-02 0.0002710227 1           
266:         8.550455e-02 1.439920e-01 1.578267e-01 4.780386e-01 0.1346380682 1           
267:         1.171773e-01 9.091364e-02 4.377102e-02 7.119994e-01 0.0361386364 1           
268:         1.868131e-01 1.017710e-01 4.278466e-01 1.173943e-01 0.1661750000 1           
269:         3.512727e-02 3.955574e-01 8.024261e-02 4.346795e-01 0.0543931818 1           
270:         4.930511e-02 3.362614e-02 7.353864e-02 3.294943e-02 0.8105806818 1           
271:         1.517472e-01 4.995909e-02 2.601193e-02 6.539159e-01 0.1183659091 1           
272:         2.349977e-01 6.405966e-02 8.350341e-02 3.349063e-01 0.2825329545 1           
273:         1.124778e-01 1.422631e-01 6.393750e-02 2.408699e-01 0.4404517045 1           
274:         1.836642e-01 5.493011e-02 6.378409e-02 6.260841e-01 0.0715375000 1           
275:         1.248597e-01 4.881000e-01 1.387915e-01 1.529080e-01 0.0953409091 1           
276:         7.167727e-02 2.449261e-02 4.668295e-02 6.498068e-02 0.7921664773 1           
277:         6.268693e-02 6.180398e-02 4.174943e-02 7.791881e-01 0.0545715909 1           
278:         1.196898e-01 3.187739e-01 2.913193e-01 1.949114e-01 0.0753056818 1           
279:         5.082102e-02 1.638205e-01 1.039659e-01 6.589636e-01 0.0224289773 1           
280:         3.327392e-01 1.300159e-01 9.363409e-02 1.948097e-01 0.2488011364 1           
281:         5.822045e-02 5.237557e-02 5.118239e-02 4.742881e-01 0.3639335227 1           
282:         1.316869e-01 2.329614e-01 6.500966e-02 4.818153e-01 0.0885267045 1           
283:         1.151903e-01 1.440682e-02 3.766648e-02 3.131705e-02 0.8014193182 1           
284:         1.415437e-01 4.023352e-02 5.440000e-02 6.961341e-01 0.0676886364 1           
285:         9.786705e-02 3.729989e-01 9.309659e-02 4.054716e-01 0.0305659091 1           
286:         6.628352e-02 1.667023e-01 5.002784e-02 4.154216e-01 0.3015647727 1           
287:         5.333182e-02 1.908642e-01 4.886250e-02 4.911858e-01 0.2157556818 1           
288:         1.973148e-01 1.199392e-01 9.782841e-02 3.237011e-01 0.2612164773 1           
289:         1.611222e-01 7.762386e-02 5.255886e-01 4.185795e-02 0.1938073864 1           
290:         4.675722e-01 5.135682e-02 2.083989e-01 3.266989e-02 0.2400022727 1           
291:         3.741023e-02 1.047642e-01 7.586403e-01 2.279602e-02 0.0763892045 1           
292:         2.007051e-01 5.781761e-02 6.496676e-01 4.307330e-02 0.0487363636 1           
293:         5.857386e-02 4.484318e-02 8.452790e-01 1.117500e-02 0.0401289773 1           
294:         5.245000e-02 1.139966e-01 5.558659e-01 1.764602e-02 0.2600414773 1           
295:         5.492955e-02 3.491517e-01 5.212386e-01 1.385398e-02 0.0608261364 1           
296:         8.432898e-02 7.814659e-02 4.620659e-01 1.973068e-02 0.3557278409 1           
297:         9.926648e-02 1.162375e-01 5.351284e-01 4.210795e-02 0.2072596591 1           
298:         4.275341e-02 6.229574e-01 9.619773e-02 1.614051e-01 0.0766863636 1           
299:         9.958466e-02 1.131551e-01 6.177153e-01 9.759318e-02 0.0719517045 1           
300:         1.650841e-01 8.488352e-02 4.578801e-01 1.344119e-01 0.1577403409 1           
301:         5.719545e-02 1.468625e-01 7.402568e-01 2.315625e-02 0.0325289773 1           
302:         5.328068e-02 2.014716e-02 4.016705e-02 1.505511e-02 0.8713500000 1           
303:         3.723068e-02 1.683068e-02 5.341477e-02 1.379545e-02 0.8787284091 1           
304:         1.075318e-01 5.313693e-02 7.822807e-01 2.400114e-02 0.0330494318 1           
305:         6.846330e-01 3.205909e-02 1.194000e-01 4.086761e-02 0.1230403409 1           
306:         9.172500e-02 2.930227e-02 6.087330e-02 3.056420e-02 0.7875352273 1           
307:         7.684824e-01 2.069773e-02 1.307017e-01 2.203636e-02 0.0580818182 1           
308:         8.734545e-02 3.150000e-02 8.177727e-01 2.042330e-02 0.0429585227 1           
309:         6.841080e-02 5.028352e-02 7.203636e-01 7.876761e-02 0.0821744318 1           
310:         3.704489e-02 4.218182e-02 6.830739e-02 1.678580e-02 0.8356801136 1           
311:         2.491119e-01 9.142500e-02 2.618125e-01 9.136080e-02 0.3062897727 1           
312:         4.662273e-02 1.493858e-01 1.432727e-01 6.138466e-01 0.0468721591 1           
313:         7.246364e-02 2.083830e-01 1.139347e-01 5.301131e-01 0.0751056818 1           
314:         1.248693e-01 5.371045e-01 1.137994e-01 1.345562e-01 0.0896704545 1           
315:         9.324773e-02 3.290744e-01 1.822614e-01 3.547847e-01 0.0406318182 1           
316:         1.043540e-01 1.271955e-01 6.445653e-01 6.757841e-02 0.0563068182 1           
317:         1.585960e-01 5.894460e-01 1.313818e-01 8.699943e-02 0.0335767045 1           
318:         2.095591e-01 5.342386e-02 5.784341e-01 2.003807e-02 0.1385448864 1           
319:         4.443750e-02 2.228977e-02 1.025278e-01 1.476477e-02 0.8159801136 1           
320:         1.496080e-01 8.985170e-02 3.779148e-01 7.513523e-02 0.3074903409 1           
321:         1.037807e-01 2.886989e-02 7.880551e-01 2.292102e-02 0.0563732955 1           
322:         6.606278e-01 3.606705e-02 1.695943e-01 2.797045e-02 0.1057403409 1           
323:         1.782733e-01 1.489369e-01 2.278080e-01 3.530602e-01 0.0919215909 1           
324:         3.683557e-01 4.635682e-02 3.972778e-01 3.637670e-02 0.1516329545 1           
325:         1.014267e-01 1.958920e-02 6.683636e-02 3.956250e-02 0.7725852273 1           
326:         3.751313e-01 5.976193e-02 3.805017e-01 1.260920e-01 0.0585130682 1           
327:         2.999011e-01 6.808750e-02 5.230608e-01 1.967670e-02 0.0892738636 1           
328:         8.787216e-01 1.242784e-02 6.076932e-02 1.867784e-02 0.0294034091 1           
329:         2.392176e-01 6.929034e-02 5.043233e-01 7.217045e-02 0.1149982955 1           
330:         7.218352e-01 1.895852e-02 1.048670e-01 3.649318e-02 0.1178460227 1           
331:         7.913210e-01 1.562500e-02 9.936761e-02 5.665682e-02 0.0370295455 1           
332:         5.431080e-02 2.416136e-02 9.374716e-02 1.224034e-02 0.8155403409 1           
333:         4.898352e-02 1.745114e-02 1.067381e-01 2.314602e-02 0.8036812500 1           
334:         4.530284e-02 1.951705e-02 7.466875e-02 2.076705e-02 0.8397443182 1           
335:         1.564653e-01 7.164034e-02 6.851500e-01 3.950227e-02 0.0472420455 1           
336:         7.917273e-02 3.344034e-02 8.459034e-02 1.435227e-02 0.7884443182 1           
337:         3.345165e-01 2.953864e-02 2.788386e-01 1.257585e-01 0.2313477273 1           
338:         7.887898e-02 3.110170e-02 8.109290e-01 1.037784e-02 0.0687125000 1           
339:         4.406318e-01 3.696534e-02 4.097364e-01 2.457955e-02 0.0880869318 1           
340:         1.255358e-01 1.680511e-02 3.399955e-01 2.189432e-02 0.4957693182 1           
341:         4.740625e-02 4.091761e-02 8.497761e-01 1.875227e-02 0.0431477273 1           
342:         2.387682e-01 2.956761e-02 6.080239e-01 2.413750e-02 0.0995028409 1           
343:         1.037585e-01 2.609205e-02 7.358136e-01 2.237614e-02 0.1119596591 1           
344:         8.298182e-01 3.166705e-02 7.996761e-02 2.681250e-02 0.0317346591 1           
345:         8.417830e-01 1.775398e-02 8.965227e-02 1.283068e-02 0.0379801136 1           
346:         1.951239e-01 3.499886e-02 7.031977e-01 1.640057e-02 0.0502789773 1           
347:         2.519443e-01 2.147955e-02 6.715483e-01 1.737045e-02 0.0376573864 1           
348:         4.484318e-01 7.254205e-02 3.072108e-01 1.707557e-02 0.1547397727 1           
349:         5.460165e-01 8.095852e-02 1.818381e-01 2.054091e-02 0.1706460227 1           
350:         4.987091e-01 4.519318e-02 3.157125e-01 1.408295e-02 0.1263022727 1           
351:         5.640068e-01 4.553182e-02 3.290460e-01 1.808807e-02 0.0433272727 1           
352:         6.202614e-02 6.080000e-02 7.401045e-01 2.031420e-02 0.1167551136 1           
353:         5.958920e-02 3.733636e-02 4.404364e-01 1.704716e-02 0.4455909091 1           
354:         4.886364e-02 2.092500e-02 2.788028e-01 1.064205e-02 0.6407664773 1           
355:         3.031170e-01 3.943352e-02 4.914216e-01 3.382557e-02 0.1322022727 1           
356:         1.420153e-01 1.123602e-01 1.484642e-01 3.179131e-01 0.2792471591 1           
357:         1.247966e-01 5.189034e-01 7.214489e-02 2.446011e-01 0.0395539773 1           
358:         1.768858e-01 5.925318e-01 9.441761e-02 5.704091e-02 0.0791238636 1           
359:         2.423432e-01 1.567216e-01 1.268250e-01 4.006875e-01 0.0734227273 1           
360:         9.148068e-02 1.539477e-01 6.107699e-01 4.133693e-02 0.1024647727 1           
361:         8.827614e-02 4.472733e-01 5.526307e-02 3.092619e-01 0.0999255682 1           
362:         5.414415e-01 4.929943e-02 1.516244e-01 9.319205e-02 0.1644426136 1           
363:         5.020455e-02 3.806830e-01 4.682097e-01 3.669716e-02 0.0642056818 1           
364:         2.285682e-01 1.447545e-01 1.486324e-01 4.457063e-01 0.0323386364 1           
365:         3.584557e-01 2.163761e-01 2.949273e-01 6.327841e-02 0.0669625000 1           
366:         7.886307e-02 3.845045e-01 1.344063e-01 3.595097e-01 0.0427164773 1           
367:         8.011761e-02 3.350131e-01 2.066102e-01 3.463534e-01 0.0319056818 1           
368:         7.059773e-02 4.792233e-01 1.518364e-01 2.356347e-01 0.0627079545 1           
369:         1.315347e-01 3.145989e-01 2.722460e-01 1.436227e-01 0.1379977273 1           
370:         1.260199e-01 7.229205e-02 3.634500e-01 9.869716e-02 0.3395409091 1           
371:         2.024068e-01 7.191250e-02 6.458756e-01 4.463864e-02 0.0351664773 1           
372:         6.023182e-02 4.749722e-01 3.716239e-01 6.407500e-02 0.0290971591 1           
373:         1.924636e-01 2.762670e-01 2.090500e-01 2.536330e-01 0.0685863636 1           
374:         6.978239e-02 3.808420e-01 3.990926e-01 4.589716e-02 0.1043857955 1           
375:         1.505597e-01 2.755682e-02 1.193324e-01 3.020057e-02 0.6723505682 1           
376:         7.551591e-02 4.075301e-01 2.719801e-01 1.095312e-01 0.1354426136 1           
377:         5.920341e-02 2.311136e-02 7.194205e-02 3.482670e-02 0.8109164773 1           
378:         3.803693e-02 4.754324e-01 4.793352e-02 3.577301e-01 0.0808670455 1           
379:         2.176193e-02 5.121062e-01 7.158182e-02 3.797653e-01 0.0147846591 1           
380:         6.458523e-02 4.899591e-01 1.356807e-01 1.782920e-01 0.1314829545 1           
381:         3.261023e-02 3.132983e-01 5.756136e-02 5.718756e-01 0.0246545455 1           
382:         5.724489e-02 5.018773e-01 2.335318e-01 1.054335e-01 0.1019125000 1           
383:         1.132955e-01 2.549608e-01 3.003188e-01 2.619807e-01 0.0694443182 1           
384:         8.618693e-02 3.172676e-01 3.842591e-01 1.644477e-01 0.0478386364 1           
385:         3.906994e-01 2.837773e-01 2.119602e-01 8.223864e-02 0.0313244318 1           
386:         3.533125e-02 8.643750e-02 6.620795e-02 7.773977e-01 0.0346255682 1           
387:         7.140000e-02 3.822193e-01 2.700494e-01 1.283313e-01 0.1480000000 1           
388:         1.657670e-01 3.854597e-01 8.933523e-02 3.117119e-01 0.0477261364 1           
389:         1.866091e-01 3.895869e-01 2.921937e-01 9.951818e-02 0.0320920455 1           
390:         6.114693e-01 3.116875e-02 2.084193e-01 4.962216e-02 0.0993204545 1           
391:         8.863864e-02 4.517659e-01 1.796938e-01 2.497790e-01 0.0301227273 1           
392:         1.247761e-01 3.293847e-01 4.110909e-02 4.408864e-01 0.0638437500 1           
393:         7.380455e-02 5.223801e-01 1.505699e-01 1.449034e-01 0.1083420455 1           
394:         4.545909e-02 7.458506e-01 9.976761e-02 3.818125e-02 0.0707414773 1           
395:         5.478523e-02 3.728938e-01 4.246511e-01 4.399773e-02 0.1036721591 1           
396:         2.038767e-01 4.379949e-01 1.984108e-01 1.187858e-01 0.0409318182 1           
397:         4.850398e-02 4.886114e-01 3.950716e-01 3.996136e-02 0.0278517045 1           
398:         1.068256e-01 2.490176e-01 3.638210e-01 2.204756e-01 0.0598602273 1           
399:         4.843352e-02 6.997273e-02 2.833920e-02 6.878869e-01 0.1653676136 1           
400:         9.022386e-02 3.198563e-01 2.600750e-01 2.706392e-01 0.0592056818 1           
401:         5.512727e-02 5.434017e-01 1.273591e-01 2.098466e-01 0.0642653409 1           
402:         5.958352e-02 5.926148e-01 1.760170e-01 6.751080e-02 0.1042738636 1           
403:         1.474165e-01 2.383080e-01 2.358324e-01 2.693063e-01 0.1091369318 1           
404:         1.399250e-01 2.564739e-01 2.373540e-01 3.295102e-01 0.0367369318 1           
405:         4.125568e-02 6.240330e-01 1.652812e-01 7.558011e-02 0.0938500000 1           
406:         3.762614e-02 2.144028e-01 6.019403e-01 3.213864e-02 0.1138920455 1           
407:         4.214318e-02 2.427426e-01 6.350511e-01 4.248920e-02 0.0375738636 1           
408:         1.547540e-01 1.824511e-01 1.071920e-01 5.214426e-01 0.0341602273 1           
409:         2.698125e-02 2.090511e-02 3.170170e-02 2.322386e-02 0.8971880682 1           
410:         3.179545e-02 2.465739e-02 4.275852e-02 2.540284e-02 0.8753857955 1           
411:         6.217614e-02 3.184261e-02 3.199830e-02 2.823864e-02 0.8457443182 1           
412:         4.983920e-02 1.720994e-01 7.051080e-02 6.468392e-01 0.0607113636 1           
413:         1.105835e-01 3.780881e-01 3.453642e-01 1.134392e-01 0.0525250000 1           
414:         5.219318e-02 2.447830e-01 1.010585e-01 4.933597e-01 0.1086056818 1           
415:         2.483375e-01 4.737273e-02 2.725455e-02 5.806903e-01 0.0963448864 1           
416:         4.417216e-02 2.624756e-01 2.729375e-02 6.408545e-01 0.0252039773 1           
417:         8.561818e-02 6.961023e-02 1.793585e-01 5.706080e-01 0.0948051136 1           
418:         7.351250e-02 1.756773e-01 1.229949e-01 5.567318e-01 0.0710835227 1           
419:         3.840284e-02 6.040000e-02 2.369943e-02 8.523159e-01 0.0251818182 1           
420:         4.893614e-01 6.210966e-02 2.646710e-01 5.655455e-02 0.1273034091 1           
421:         5.027670e-02 2.562966e-01 1.132466e-01 3.851381e-01 0.1950420455 1           
422:         1.243267e-01 2.328608e-01 7.441875e-02 2.796074e-01 0.2887863636 1           
423:         5.787898e-01 4.977330e-02 7.580057e-02 6.995341e-02 0.2256829545 1           
424:         2.844318e-02 1.803818e-01 1.667159e-02 7.609693e-01 0.0135340909 1           
425:         4.924318e-02 2.157795e-01 4.536591e-02 6.199233e-01 0.0696880682 1           
426:         5.389699e-01 5.923920e-02 3.246818e-02 3.227148e-01 0.0466079545 1           
427:         1.245051e-01 4.998614e-01 1.116597e-01 1.257761e-01 0.1381977273 1           
428:         6.356591e-02 3.490051e-01 2.657648e-01 2.061472e-01 0.1155170455 1           
429:         1.734040e-01 2.901557e-01 2.516432e-01 1.611693e-01 0.1236278409 1           
430:         2.209187e-01 3.910210e-01 4.774261e-02 2.564841e-01 0.0838335227 1           
431:         6.605966e-02 7.085670e-01 1.208455e-01 6.404716e-02 0.0404806818 1           
432:         1.203011e-01 3.617074e-01 1.279256e-01 2.875773e-01 0.1024886364 1           
433:         2.448767e-01 1.447682e-01 1.320727e-01 2.824790e-01 0.1958034091 1           
434:         1.622307e-01 5.403847e-01 1.003233e-01 1.207375e-01 0.0763238636 1           
