Estimated Clustering Probabilities for Samples
Sample	***Cluster  01***	***Cluster  02***	***Cluster  03***	***Cluster  04***	***Cluster  05***	***Cluster  06***	***Cluster  07***	***Cluster  08***	
000001:	0.065374431818182	0.228611931818182	0.046762500000000	0.130584659090909	0.163890340909091	0.057333522727273	0.255968181818182	0.051474431818182		1
000002:	0.039844886363636	0.110152840909091	0.124189204545455	0.065460227272727	0.045553409090909	0.274417045454545	0.321951704545455	0.018430681818182		1
000003:	0.027148295454545	0.508343750000000	0.039289772727273	0.053664204545455	0.070676704545455	0.213638636363636	0.043729545454545	0.043509090909091		1
000004:	0.031627272727273	0.013507954545455	0.017399431818182	0.774472159090909	0.017283522727273	0.073844318181818	0.061505113636364	0.010360227272727		1
000005:	0.007004545454545	0.865848295454545	0.006041477272727	0.025298863636364	0.013410795454545	0.046615340909091	0.031946590909091	0.003834090909091		1
000006:	0.052318181818182	0.034846590909091	0.020805113636364	0.554288636363636	0.037293750000000	0.086144886363636	0.149317045454545	0.064985795454545		1
000007:	0.002392045454545	0.156452840909091	0.002036363636364	0.006088636363636	0.001070454545455	0.002418750000000	0.825705113636364	0.003835795454545		1
000008:	0.033905113636364	0.049821022727273	0.162180681818182	0.294170454545455	0.036776136363636	0.350943750000000	0.043646022727273	0.028556818181818		1
000009:	0.023916477272727	0.015823863636364	0.015227272727273	0.082710227272727	0.027001136363636	0.793664772727273	0.024660227272727	0.016996022727273		1
000010:	0.138225000000000	0.264800000000000	0.062686363636364	0.108019886363636	0.083371022727273	0.257473295454545	0.034550000000000	0.050874431818182		1
000011:	0.003630113636364	0.937814204545454	0.023952272727273	0.009071590909091	0.005638068181818	0.009215909090909	0.007911363636364	0.002766477272727		1
000012:	0.166694318181818	0.042424431818182	0.028008522727273	0.116511363636364	0.303215340909091	0.139471590909091	0.131276704545455	0.072397727272727		1
000013:	0.124701704545455	0.036903977272727	0.027044318181818	0.189930681818182	0.286184659090909	0.050794318181818	0.079369318181818	0.205071022727273		1
000014:	0.017418750000000	0.025879545454545	0.015353977272727	0.813230113636364	0.018909659090909	0.025182954545455	0.060798295454545	0.023226704545455		1
000015:	0.043075568181818	0.087350000000000	0.014786931818182	0.265129545454545	0.088086363636364	0.432977840909091	0.039403409090909	0.029190340909091		1
000016:	0.010648295454545	0.031096590909091	0.012647159090909	0.817196022727273	0.024839204545455	0.019540909090909	0.072359659090909	0.011672159090909		1
000017:	0.096269886363636	0.604569318181818	0.027507386363636	0.083248295454545	0.056809659090909	0.059606818181818	0.055569886363636	0.016418750000000		1
000018:	0.646987500000000	0.025957386363636	0.030324431818182	0.065990909090909	0.045579545454545	0.038805681818182	0.022146590909091	0.124207954545455		1
000019:	0.073947727272727	0.291878977272727	0.018761363636364	0.044912500000000	0.188285795454545	0.283280113636364	0.029472159090909	0.069461363636364		1
000020:	0.137610227272727	0.119441477272727	0.046146590909091	0.455219886363636	0.074409090909091	0.103192045454545	0.043749431818182	0.020231250000000		1
000021:	0.276623863636364	0.066528409090909	0.145338068181818	0.035597159090909	0.265371022727273	0.025925568181818	0.158625000000000	0.025990909090909		1
000022:	0.067585227272727	0.040557954545455	0.017205113636364	0.080640909090909	0.582559659090909	0.159871022727273	0.033337500000000	0.018242613636364		1
000023:	0.099013636363636	0.069902272727273	0.083523295454545	0.063590909090909	0.104535795454545	0.100908522727273	0.435747727272727	0.042777840909091		1
000024:	0.033476136363636	0.022318181818182	0.013540909090909	0.822924431818182	0.021653409090909	0.024598863636364	0.031058522727273	0.030429545454545		1
000025:	0.093001136363636	0.076718181818182	0.025595454545455	0.144036363636364	0.258939772727273	0.062407954545455	0.114835227272727	0.224465909090909		1
000026:	0.157448863636364	0.072542045454545	0.033596022727273	0.045090340909091	0.570762500000000	0.056078977272727	0.034477272727273	0.030003977272727		1
000027:	0.545309659090909	0.069109090909091	0.034826704545455	0.062932954545455	0.125206250000000	0.047646022727273	0.065310795454545	0.049658522727273		1
000028:	0.089446590909091	0.629901704545455	0.096430113636364	0.041460227272727	0.024175568181818	0.036875568181818	0.066027272727273	0.015682954545455		1
000029:	0.306088636363636	0.063359659090909	0.046017045454545	0.160071590909091	0.256582386363636	0.052431818181818	0.078372727272727	0.037076136363636		1
000030:	0.030393750000000	0.117904545454545	0.051559659090909	0.097945454545455	0.471665909090909	0.136519886363636	0.057364204545455	0.036646590909091		1
000031:	0.809103977272727	0.015026704545455	0.011557954545455	0.032882954545455	0.060593181818182	0.031026704545455	0.017280113636364	0.022528409090909		1
000032:	0.081856818181818	0.034151704545455	0.763882954545455	0.044356818181818	0.017110227272727	0.033486363636364	0.007186363636364	0.017968750000000		1
000033:	0.051789204545455	0.179658522727273	0.086832386363636	0.064247727272727	0.506180113636364	0.040377272727273	0.048133522727273	0.022781250000000		1
000034:	0.017933522727273	0.021026704545455	0.026895454545455	0.751483522727273	0.023786363636364	0.045108522727273	0.098272727272727	0.015493181818182		1
000035:	0.255401704545455	0.071684659090909	0.079966477272727	0.049947727272727	0.107472727272727	0.045175000000000	0.354324431818182	0.036027272727273		1
000036:	0.165516477272727	0.363522727272727	0.033752272727273	0.336871022727273	0.016773863636364	0.038460795454545	0.028831818181818	0.016271022727273		1
000037:	0.647453977272727	0.045048295454545	0.019286363636364	0.089022159090909	0.081499431818182	0.065029545454545	0.030571022727273	0.022089204545455		1
000038:	0.096285795454545	0.193869318181818	0.148067613636364	0.116846590909091	0.065042613636364	0.076283522727273	0.257186931818182	0.046417613636364		1
000039:	0.015055681818182	0.009112500000000	0.021945454545455	0.019350000000000	0.880809090909091	0.027981250000000	0.014803409090909	0.010942613636364		1
000040:	0.032135795454545	0.036650000000000	0.022610795454545	0.764446022727273	0.026069318181818	0.052893181818182	0.036741477272727	0.028453409090909		1
000041:	0.001204545454545	0.001309659090909	0.004225568181818	0.376059659090909	0.605535227272727	0.002993750000000	0.001973863636364	0.006697727272727		1
000042:	0.041400000000000	0.011660227272727	0.006887500000000	0.038713636363636	0.504417045454545	0.232251704545455	0.034179545454545	0.130490340909091		1
000043:	0.051232386363636	0.305325568181818	0.033323295454545	0.132119886363636	0.188778977272727	0.120232954545455	0.133502840909091	0.035484090909091		1
000044:	0.452176704545455	0.037869318181818	0.027348863636364	0.119403977272727	0.279342045454545	0.047613068181818	0.016796590909091	0.019449431818182		1
000045:	0.589932386363636	0.024852272727273	0.017840340909091	0.031188068181818	0.233586363636364	0.040292613636364	0.024994318181818	0.037313636363636		1
000046:	0.000107386363636	0.000205113636364	0.998738068181818	0.000589204545455	0.000147159090909	0.000069886363636	0.000060795454545	0.000082386363636		1
000047:	0.178186931818182	0.078061363636364	0.080375000000000	0.078458522727273	0.103966477272727	0.084603409090909	0.299489204545455	0.096859090909091		1
000048:	0.041233522727273	0.652561363636364	0.054320454545455	0.065892613636364	0.050905681818182	0.069666477272727	0.045173295454545	0.020246590909091		1
000049:	0.036003977272727	0.187343181818182	0.026684090909091	0.083304545454545	0.543255681818182	0.042553409090909	0.037393750000000	0.043461363636364		1
000050:	0.114333522727273	0.076438068181818	0.028029545454545	0.369242045454545	0.182373295454545	0.043931250000000	0.108863636363636	0.076788636363636		1
000051:	0.008710227272727	0.019165909090909	0.012489772727273	0.802830681818182	0.028078409090909	0.083039204545455	0.030931818181818	0.014753977272727		1
000052:	0.020946022727273	0.024301136363636	0.015164772727273	0.852748863636364	0.015159090909091	0.022082954545455	0.037596590909091	0.012000568181818		1
000053:	0.237281818181818	0.090405681818182	0.025488636363636	0.183898295454545	0.138882386363636	0.144376704545455	0.075525000000000	0.104141477272727		1
000054:	0.186481818181818	0.109481818181818	0.028981818181818	0.074001704545455	0.148678977272727	0.089730113636364	0.079971022727273	0.282672727272727		1
000055:	0.029602840909091	0.022717045454545	0.028756250000000	0.460556250000000	0.310319318181818	0.086342045454545	0.035984659090909	0.025721590909091		1
000056:	0.064696022727273	0.119101136363636	0.027911931818182	0.125259659090909	0.421623863636364	0.177506250000000	0.030581250000000	0.033319886363636		1
000057:	0.130464772727273	0.049331818181818	0.022517045454545	0.142847159090909	0.198443750000000	0.414561931818182	0.023339772727273	0.018493750000000		1
000058:	0.025157954545455	0.148281250000000	0.024270454545455	0.035754545454545	0.585301136363636	0.085507386363636	0.019692613636364	0.076034659090909		1
000059:	0.052063636363636	0.034868750000000	0.017013636363636	0.015865909090909	0.827306250000000	0.018597159090909	0.010544886363636	0.023739772727273		1
000060:	0.020599431818182	0.136939204545455	0.014339204545455	0.115200000000000	0.588927840909091	0.087057954545455	0.018115909090909	0.018820454545455		1
000061:	0.033315909090909	0.053323295454545	0.014057954545455	0.064892045454545	0.608898863636364	0.131028409090909	0.077298863636364	0.017184659090909		1
000062:	0.000528409090909	0.000293181818182	0.000532954545455	0.011419318181818	0.003813636363636	0.003285795454545	0.000427272727273	0.979699431818182		1
000063:	0.011949431818182	0.011091477272727	0.009067045454545	0.909951704545455	0.011822727272727	0.016900568181818	0.021993181818182	0.007223863636364		1
000064:	0.012718750000000	0.014240340909091	0.023999431818182	0.746851704545455	0.012689772727273	0.146217045454545	0.035491477272727	0.007791477272727		1
000065:	0.062013068181818	0.429204545454545	0.052174431818182	0.074562500000000	0.135727840909091	0.177480113636364	0.040733522727273	0.028103977272727		1
000066:	0.156303409090909	0.021952840909091	0.013387500000000	0.139130113636364	0.516492613636364	0.100140340909091	0.038303409090909	0.014289772727273		1
000067:	0.017447159090909	0.024353977272727	0.019172727272727	0.754340909090909	0.017575568181818	0.114642045454545	0.034668181818182	0.017799431818182		1
000068:	0.044699431818182	0.066121590909091	0.009778977272727	0.018786931818182	0.770460795454545	0.028715340909091	0.041910227272727	0.019526704545455		1
000069:	0.231741477272727	0.067062500000000	0.027777272727273	0.070920454545455	0.475472727272727	0.087422727272727	0.023438068181818	0.016164772727273		1
000070:	0.071436931818182	0.179490909090909	0.183921590909091	0.096500000000000	0.407200000000000	0.031326704545455	0.017989204545455	0.012134659090909		1
000071:	0.106860227272727	0.022726136363636	0.012898295454545	0.029438636363636	0.735900568181818	0.020039204545455	0.026671022727273	0.045465909090909		1
000072:	0.070844886363636	0.102281818181818	0.034580113636364	0.135833522727273	0.375565340909091	0.202830113636364	0.042226136363636	0.035838068181818		1
000073:	0.037601136363636	0.031178977272727	0.062569318181818	0.085476704545455	0.182289204545455	0.556181818181818	0.026504545454545	0.018198295454545		1
000074:	0.347753409090909	0.017882954545455	0.023769886363636	0.186896022727273	0.237853409090909	0.053652272727273	0.047928977272727	0.084263068181818		1
000075:	0.102502272727273	0.133866477272727	0.034743181818182	0.055540340909091	0.146094886363636	0.368043750000000	0.083459659090909	0.075749431818182		1
000076:	0.132115909090909	0.145070454545455	0.378651704545455	0.042293181818182	0.090493750000000	0.055888068181818	0.057787500000000	0.097699431818182		1
000077:	0.089238068181818	0.123241477272727	0.269360795454545	0.087368750000000	0.216767613636364	0.068311931818182	0.048785227272727	0.096926136363636		1
000078:	0.070414772727273	0.487108522727273	0.029669318181818	0.102547159090909	0.108965909090909	0.112665340909091	0.068685795454545	0.019943181818182		1
000079:	0.040478977272727	0.098503977272727	0.028226136363636	0.056196022727273	0.673104545454545	0.031342045454545	0.030710795454545	0.041437500000000		1
000080:	0.009373295454545	0.082047159090909	0.007667045454545	0.008869886363636	0.619609090909091	0.098836931818182	0.038238068181818	0.135358522727273		1
000081:	0.063986363636364	0.154000568181818	0.034384659090909	0.044522727272727	0.140818750000000	0.514502840909091	0.035791477272727	0.011992613636364		1
000082:	0.023683522727273	0.087432386363636	0.027416477272727	0.071925568181818	0.345372159090909	0.393309659090909	0.040651136363636	0.010209090909091		1
000083:	0.051374431818182	0.066583522727273	0.035507386363636	0.033663068181818	0.513865909090909	0.258105113636364	0.018140909090909	0.022759659090909		1
000084:	0.013725568181818	0.021283522727273	0.028778977272727	0.821579545454545	0.016756250000000	0.018470454545455	0.066502840909091	0.012902840909091		1
000085:	0.620882386363636	0.055878409090909	0.035642613636364	0.056177272727273	0.049505681818182	0.063534090909091	0.098639204545455	0.019740340909091		1
000086:	0.101622159090909	0.092461931818182	0.043236931818182	0.467736363636364	0.065092045454545	0.078871590909091	0.110509090909091	0.040469886363636		1
000087:	0.031105681818182	0.346681818181818	0.017608522727273	0.024912500000000	0.528398863636364	0.025781818181818	0.013572159090909	0.011938636363636		1
000088:	0.661365340909091	0.060758522727273	0.025820454545455	0.041767613636364	0.099581818181818	0.059944318181818	0.029721022727273	0.021040909090909		1
000089:	0.451356818181818	0.064796022727273	0.054757386363636	0.056100568181818	0.239036363636364	0.068136363636364	0.044212500000000	0.021603977272727		1
000090:	0.415160795454545	0.052136363636364	0.032889772727273	0.133184090909091	0.131434090909091	0.074256250000000	0.054636931818182	0.106301704545455		1
000091:	0.106701704545455	0.061816477272727	0.123347159090909	0.047585227272727	0.272628409090909	0.041614204545455	0.166951136363636	0.179355681818182		1
000092:	0.102851704545455	0.163007954545455	0.020252840909091	0.095160795454545	0.321640340909091	0.221228977272727	0.031129545454545	0.044727840909091		1
000093:	0.304559659090909	0.059434090909091	0.033172159090909	0.075175568181818	0.229299431818182	0.172264204545455	0.027390909090909	0.098703977272727		1
000094:	0.031640340909091	0.059964772727273	0.014260227272727	0.044689772727273	0.747472159090909	0.040575000000000	0.028260227272727	0.033137500000000		1
000095:	0.048784090909091	0.090578409090909	0.027338068181818	0.150573863636364	0.238452840909091	0.369251704545455	0.051188068181818	0.023832954545455		1
000096:	0.018839772727273	0.075122159090909	0.020064204545455	0.789431250000000	0.016244886363636	0.027995454545455	0.033684090909091	0.018618181818182		1
000097:	0.151147727272727	0.046690340909091	0.012554545454545	0.056611931818182	0.560521590909091	0.125958522727273	0.025442613636364	0.021072727272727		1
000098:	0.107486363636364	0.055224431818182	0.040285227272727	0.018980681818182	0.403347159090909	0.334803977272727	0.027582386363636	0.012289772727273		1
000099:	0.068294318181818	0.130134090909091	0.019664204545455	0.358214772727273	0.229335795454545	0.057243181818182	0.045374431818182	0.091739204545455		1
000100:	0.123182386363636	0.010230681818182	0.854058522727273	0.008793181818182	0.000582386363636	0.001578409090909	0.001314772727273	0.000259659090909		1
000101:	0.645666477272727	0.083189204545455	0.028050000000000	0.052665340909091	0.062852840909091	0.062224431818182	0.043946590909091	0.021405113636364		1
000102:	0.088239204545455	0.083262500000000	0.039722159090909	0.193939204545455	0.395516477272727	0.080511931818182	0.078850000000000	0.039958522727273		1
000103:	0.051820454545455	0.290715340909091	0.095997159090909	0.057414204545455	0.205809659090909	0.110671590909091	0.068755113636364	0.118816477272727		1
000104:	0.036352272727273	0.058018181818182	0.013272727272727	0.468282386363636	0.039732386363636	0.245202840909091	0.113580681818182	0.025558522727273		1
000105:	0.235081250000000	0.067977840909091	0.016313068181818	0.121242045454545	0.492006250000000	0.019088636363636	0.020894318181818	0.027396590909091		1
000106:	0.557562500000000	0.111929545454545	0.056125000000000	0.040200000000000	0.087720454545455	0.054700000000000	0.021457386363636	0.070305113636364		1
000107:	0.120697159090909	0.090280113636364	0.024662500000000	0.447207386363636	0.141284090909091	0.044960227272727	0.112346590909091	0.018561931818182		1
000108:	0.029768750000000	0.036228409090909	0.019542045454545	0.796528409090909	0.026887500000000	0.031510227272727	0.027334659090909	0.032200000000000		1
000109:	0.346863068181818	0.166336931818182	0.042524431818182	0.054634090909091	0.144276704545455	0.176131250000000	0.037548295454545	0.031685227272727		1
000110:	0.044400000000000	0.017951136363636	0.061182954545455	0.132309090909091	0.027388068181818	0.023575568181818	0.186213636363636	0.506979545454545		1
000111:	0.092637500000000	0.052480113636364	0.055964772727273	0.321606250000000	0.036746590909091	0.077452272727273	0.339831818181818	0.023280681818182		1
000112:	0.636702840909091	0.019238636363636	0.024181250000000	0.045839204545455	0.024238636363636	0.017046022727273	0.026617613636364	0.206135795454545		1
000113:	0.028090909090909	0.184625568181818	0.178172159090909	0.128000000000000	0.191780681818182	0.233767613636364	0.036596590909091	0.018966477272727		1
000114:	0.055567045454545	0.131362500000000	0.112109659090909	0.044508522727273	0.432757954545455	0.043142613636364	0.140294886363636	0.040256818181818		1
000115:	0.120728977272727	0.129664772727273	0.041811931818182	0.069740909090909	0.408851704545455	0.093774431818182	0.081607954545455	0.053819318181818		1
000116:	0.070452272727273	0.049742613636364	0.034964204545455	0.416661931818182	0.110790340909091	0.228575568181818	0.053703409090909	0.035109659090909		1
000117:	0.468674431818182	0.048008522727273	0.096048863636364	0.069606818181818	0.170675000000000	0.072221022727273	0.044451704545455	0.030313636363636		1
000118:	0.050032386363636	0.070361931818182	0.085786363636364	0.216568750000000	0.137891477272727	0.335184090909091	0.087094318181818	0.017080681818182		1
000119:	0.075926704545455	0.026502272727273	0.022428409090909	0.056381818181818	0.773397727272727	0.022593181818182	0.012004545454545	0.010765340909091		1
000120:	0.078435795454545	0.191057386363636	0.032657386363636	0.168459090909091	0.052703977272727	0.411876136363636	0.041331250000000	0.023478977272727		1
000121:	0.076373295454545	0.112424431818182	0.023793750000000	0.068867045454545	0.455050000000000	0.071415909090909	0.094450568181818	0.097625000000000		1
000122:	0.170507386363636	0.027905681818182	0.012952272727273	0.045040909090909	0.644266477272727	0.067057954545455	0.018318181818182	0.013951136363636		1
000123:	0.045224431818182	0.375168750000000	0.029273863636364	0.042197159090909	0.138265909090909	0.225950000000000	0.086207386363636	0.057712500000000		1
000124:	0.250790340909091	0.304503977272727	0.082834090909091	0.044168750000000	0.063907386363636	0.051590909090909	0.128188068181818	0.074016477272727		1
000125:	0.049399431818182	0.493051704545455	0.108019886363636	0.064164204545455	0.026284090909091	0.181902840909091	0.055473295454545	0.021704545454545		1
000126:	0.026409090909091	0.211651704545455	0.582037500000000	0.048831250000000	0.021660227272727	0.028085227272727	0.061652272727273	0.019672727272727		1
000127:	0.113753977272727	0.414377272727273	0.054190340909091	0.107765340909091	0.120969318181818	0.113564772727273	0.043610795454545	0.031768181818182		1
000128:	0.054761363636364	0.333739204545455	0.026716477272727	0.179767045454545	0.085201136363636	0.165134090909091	0.116973863636364	0.037706818181818		1
000129:	0.029347159090909	0.014749431818182	0.018321022727273	0.028764772727273	0.860339204545455	0.019068750000000	0.007591477272727	0.021818181818182		1
000130:	0.095852840909091	0.638089772727273	0.016798295454545	0.039152840909091	0.039788636363636	0.028443750000000	0.114234659090909	0.027639204545455		1
000131:	0.125025000000000	0.222928409090909	0.027543181818182	0.072765909090909	0.322231250000000	0.072416477272727	0.124550568181818	0.032539204545455		1
000132:	0.082981250000000	0.036068750000000	0.025392045454545	0.606323295454545	0.047385795454545	0.106159659090909	0.068590909090909	0.027098295454545		1
000133:	0.070839772727273	0.290102272727273	0.133770454545455	0.075118181818182	0.072714204545455	0.036985795454545	0.148964204545455	0.171505113636364		1
000134:	0.067385227272727	0.081743750000000	0.039358522727273	0.078830681818182	0.488470454545455	0.064036363636364	0.105301704545455	0.074873295454545		1
000135:	0.715800000000000	0.011663636363636	0.006061931818182	0.038384659090909	0.031048863636364	0.011056818181818	0.007472159090909	0.178511931818182		1
000136:	0.097189204545455	0.125235795454545	0.046807954545455	0.130361931818182	0.247544318181818	0.158897727272727	0.171186363636364	0.022776704545455		1
000137:	0.117423863636364	0.064034090909091	0.035686931818182	0.062744886363636	0.576817045454545	0.024846590909091	0.026026136363636	0.092420454545455		1
000138:	0.059523295454545	0.232406818181818	0.162457386363636	0.057152840909091	0.223786931818182	0.125213636363636	0.066417613636364	0.073041477272727		1
000139:	0.037241477272727	0.104341477272727	0.015182386363636	0.133388068181818	0.525817045454545	0.099355681818182	0.014558522727273	0.070115340909091		1
000140:	0.130728977272727	0.038490340909091	0.024902840909091	0.062668181818182	0.131185795454545	0.032543181818182	0.029185227272727	0.550295454545455		1
000141:	0.052815909090909	0.223718181818182	0.164186363636364	0.419222727272727	0.029291477272727	0.054298863636364	0.039769886363636	0.016696590909091		1
000142:	0.101335227272727	0.037849431818182	0.022393181818182	0.081266477272727	0.611690909090909	0.076447727272727	0.029813636363636	0.039203409090909		1
000143:	0.146537500000000	0.345004545454545	0.069626136363636	0.071185795454545	0.083760227272727	0.227474431818182	0.029831250000000	0.026580113636364		1
000144:	0.219855113636364	0.125904545454545	0.041101136363636	0.200933522727273	0.149076136363636	0.166229545454545	0.066818181818182	0.030081818181818		1
000145:	0.025571022727273	0.032428977272727	0.017823295454545	0.717698863636364	0.024446590909091	0.055827272727273	0.092636363636364	0.033567613636364		1
000146:	0.216089772727273	0.039457954545455	0.031314772727273	0.144052840909091	0.167901704545455	0.222010795454545	0.031533522727273	0.147638636363636		1
000147:	0.073898295454545	0.097765909090909	0.035076136363636	0.136615340909091	0.123634090909091	0.486421022727273	0.021438636363636	0.025150568181818		1
000148:	0.034235795454545	0.375567045454545	0.018817045454545	0.063000568181818	0.060104545454545	0.402380113636364	0.020475000000000	0.025419886363636		1
000149:	0.199122727272727	0.049890340909091	0.046625000000000	0.077351136363636	0.442436363636364	0.090975568181818	0.066888636363636	0.026710227272727		1
000150:	0.345497159090909	0.048614772727273	0.019072159090909	0.105724431818182	0.194707386363636	0.046978409090909	0.050115340909091	0.189290340909091		1
000151:	0.024202272727273	0.457501704545455	0.044890909090909	0.120077272727273	0.052298295454545	0.066571590909091	0.212044318181818	0.022413636363636		1
000152:	0.050268750000000	0.370411363636364	0.053920454545455	0.078600568181818	0.220311931818182	0.107464772727273	0.075834090909091	0.043188068181818		1
000153:	0.436042613636364	0.062561931818182	0.033447159090909	0.142405681818182	0.187543750000000	0.073244886363636	0.036650568181818	0.028103409090909		1
000154:	0.024155113636364	0.042654545454545	0.029956818181818	0.469392045454545	0.068786931818182	0.298141477272727	0.053571022727273	0.013342045454545		1
000155:	0.125490340909091	0.079455681818182	0.025682954545455	0.274559659090909	0.270209090909091	0.097396590909091	0.055980681818182	0.071225000000000		1
000156:	0.375234659090909	0.081417613636364	0.033205113636364	0.277431818181818	0.074994318181818	0.095165340909091	0.045993750000000	0.016557386363636		1
000157:	0.015902272727273	0.013622727272727	0.011296590909091	0.825259090909091	0.016956818181818	0.017119886363636	0.076569318181818	0.023273295454545		1
000158:	0.253832954545455	0.111556250000000	0.096953977272727	0.211805113636364	0.066175000000000	0.127850568181818	0.096368750000000	0.035457386363636		1
000159:	0.110712500000000	0.050159090909091	0.054047727272727	0.232019318181818	0.052138636363636	0.038877840909091	0.397402840909091	0.064642045454545		1
000160:	0.027801704545455	0.035366477272727	0.748471590909091	0.059233522727273	0.014728977272727	0.034327840909091	0.063377840909091	0.016692045454545		1
000161:	0.033015340909091	0.003568750000000	0.001941477272727	0.713386363636364	0.003088636363636	0.062020454545455	0.179715340909091	0.003263636363636		1
000162:	0.480244886363636	0.058184090909091	0.154801704545455	0.027204545454545	0.049178977272727	0.038463636363636	0.132491477272727	0.059430681818182		1
000163:	0.049867613636364	0.076248863636364	0.010789204545455	0.034064772727273	0.063730681818182	0.733951136363636	0.015078409090909	0.016269318181818		1
000164:	0.013484659090909	0.014659659090909	0.025594886363636	0.809610227272727	0.014673863636364	0.051739772727273	0.060356250000000	0.009880681818182		1
000165:	0.043953409090909	0.043210227272727	0.020903409090909	0.064251704545455	0.023349431818182	0.742019886363636	0.036363636363636	0.025948295454545		1
000166:	0.025765340909091	0.021060227272727	0.016432954545455	0.030089204545455	0.022362500000000	0.856532954545455	0.016691477272727	0.011065340909091		1
000167:	0.003348863636364	0.002644318181818	0.003219886363636	0.211317045454545	0.519786931818182	0.003712500000000	0.253831250000000	0.002139204545455		1
000168:	0.079902272727273	0.144414772727273	0.038534090909091	0.316006250000000	0.180592045454545	0.103848295454545	0.096930113636364	0.039772159090909		1
000169:	0.107184659090909	0.149492613636364	0.033366477272727	0.031084659090909	0.305058522727273	0.285556818181818	0.029279545454545	0.058976704545455		1
000170:	0.022616477272727	0.132856818181818	0.025402840909091	0.035228409090909	0.211343181818182	0.512117613636364	0.027976704545455	0.032457954545455		1
000171:	0.052198295454545	0.042643181818182	0.039687500000000	0.520666477272727	0.062328977272727	0.210854545454545	0.047046022727273	0.024575000000000		1
000172:	0.088046022727273	0.088552272727273	0.057323295454545	0.068765340909091	0.186197159090909	0.419395454545455	0.029731818181818	0.061988636363636		1
000173:	0.073326704545455	0.074093181818182	0.017188636363636	0.326076136363636	0.312469318181818	0.055671022727273	0.128755113636364	0.012419886363636		1
000174:	0.061907954545455	0.018646022727273	0.028439772727273	0.028477840909091	0.564290340909091	0.247885227272727	0.012929545454545	0.037423295454545		1
000175:	0.010998863636364	0.020265340909091	0.027998863636364	0.839806250000000	0.018518181818182	0.023117045454545	0.026315909090909	0.032979545454545		1
000176:	0.164934090909091	0.311827840909091	0.148835795454545	0.098207954545455	0.148994318181818	0.034533522727273	0.074866477272727	0.017800000000000		1
000177:	0.006615340909091	0.057224431818182	0.005372159090909	0.010155681818182	0.891093750000000	0.012435227272727	0.006988636363636	0.010114772727273		1
000178:	0.142081250000000	0.057475568181818	0.023489772727273	0.215670454545455	0.179807954545455	0.294893750000000	0.056643750000000	0.029937500000000		1
000179:	0.048287500000000	0.053974431818182	0.021782954545455	0.714401704545455	0.023517045454545	0.033649431818182	0.078677840909091	0.025709090909091		1
000180:	0.013215909090909	0.011803977272727	0.012982954545455	0.873362500000000	0.013921590909091	0.028853409090909	0.032023863636364	0.013835795454545		1
000181:	0.017968750000000	0.033840340909091	0.061593750000000	0.751102272727273	0.022973295454545	0.044935795454545	0.044835227272727	0.022750568181818		1
000182:	0.173681250000000	0.062307386363636	0.058054545454545	0.160680113636364	0.225917613636364	0.118125000000000	0.104124431818182	0.097109659090909		1
000183:	0.011171022727273	0.033561363636364	0.016313636363636	0.831043181818182	0.026383522727273	0.022298295454545	0.025640909090909	0.033588068181818		1
000184:	0.043607954545455	0.310765909090909	0.022472727272727	0.117452840909091	0.108995454545455	0.068835227272727	0.272787500000000	0.055082386363636		1
000185:	0.167123295454545	0.048815909090909	0.045748295454545	0.154247159090909	0.046676704545455	0.077784659090909	0.036643750000000	0.422960227272727		1
000186:	0.030630113636364	0.029338068181818	0.017372727272727	0.291151136363636	0.030457954545455	0.036396590909091	0.538078409090909	0.026575000000000		1
000187:	0.012230113636364	0.013292613636364	0.011014204545455	0.902399431818182	0.011978977272727	0.024420454545455	0.013918181818182	0.010746022727273		1
000188:	0.028271590909091	0.338267045454545	0.129414204545455	0.227538636363636	0.062249431818182	0.050853977272727	0.143213068181818	0.020192045454545		1
000189:	0.041371590909091	0.081285795454545	0.033078409090909	0.061391477272727	0.184017045454545	0.558210227272727	0.024182954545455	0.016462500000000		1
000190:	0.059996590909091	0.344046022727273	0.028472159090909	0.041711363636364	0.082761931818182	0.369998295454545	0.033068181818182	0.039945454545455		1
000191:	0.228263636363636	0.111492613636364	0.032772727272727	0.080382954545455	0.249978977272727	0.236460227272727	0.035364204545455	0.025284659090909		1
000192:	0.128287500000000	0.080475568181818	0.013448295454545	0.702696590909091	0.037713068181818	0.009083522727273	0.021257386363636	0.007038068181818		1
000193:	0.404789204545455	0.093632386363636	0.026054545454545	0.118704545454545	0.117547727272727	0.126702272727273	0.074802272727273	0.037767045454545		1
000194:	0.007269886363636	0.463163068181818	0.001773863636364	0.172523295454545	0.002959659090909	0.346432386363636	0.003372727272727	0.002505113636364		1
000195:	0.464438068181818	0.130538068181818	0.019645454545455	0.044978977272727	0.109572727272727	0.177714204545455	0.034775568181818	0.018336931818182		1
000196:	0.029127272727273	0.117155113636364	0.140453977272727	0.207427840909091	0.076283522727273	0.075126136363636	0.335842613636364	0.018583522727273		1
000197:	0.057709659090909	0.782905681818182	0.017614772727273	0.036897159090909	0.026407386363636	0.049513068181818	0.022553409090909	0.006398863636364		1
000198:	0.487702272727273	0.023406818181818	0.046559659090909	0.088480681818182	0.050325000000000	0.192260795454545	0.064106818181818	0.047157954545455		1
000199:	0.088315340909091	0.077282954545455	0.133666477272727	0.199645454545455	0.027102840909091	0.406642613636364	0.037183522727273	0.030160795454545		1
000200:	0.057171590909091	0.116771590909091	0.086457954545455	0.128584090909091	0.062899431818182	0.340747159090909	0.171567045454545	0.035801136363636		1
000201:	0.015498863636364	0.019581250000000	0.012229545454545	0.842248863636364	0.015306250000000	0.040203409090909	0.040501136363636	0.014430681818182		1
000202:	0.053282386363636	0.027446022727273	0.066306818181818	0.231839772727273	0.465532954545455	0.060888636363636	0.064370454545455	0.030332954545455		1
000203:	0.001969318181818	0.014801136363636	0.781365340909091	0.004985795454545	0.158312500000000	0.033797159090909	0.003134659090909	0.001634090909091		1
000204:	0.029453977272727	0.084384090909091	0.087580681818182	0.236249431818182	0.095567613636364	0.175612500000000	0.261834090909091	0.029317613636364		1
000205:	0.041385227272727	0.078378977272727	0.077823295454545	0.439354545454545	0.037878409090909	0.231950000000000	0.045733522727273	0.047496022727273		1
000206:	0.028763068181818	0.184923295454545	0.041014772727273	0.164736363636364	0.287513636363636	0.077123295454545	0.087477272727273	0.128448295454545		1
000207:	0.274453977272727	0.340200000000000	0.042290340909091	0.032980113636364	0.186876136363636	0.051479545454545	0.036507954545455	0.035211931818182		1
000208:	0.100277272727273	0.083977840909091	0.047321022727273	0.381285227272727	0.098558522727273	0.198037500000000	0.060081250000000	0.030461363636364		1
000209:	0.049892613636364	0.139105113636364	0.029798295454545	0.353963068181818	0.067505113636364	0.121723295454545	0.215810795454545	0.022201704545455		1
000210:	0.096796590909091	0.062307386363636	0.022267613636364	0.275140340909091	0.219622727272727	0.243982386363636	0.040721590909091	0.039161363636364		1
000211:	0.002556818181818	0.367121022727273	0.005546022727273	0.306094886363636	0.304012500000000	0.004975000000000	0.003529545454545	0.006164204545455		1
000212:	0.056886363636364	0.076731250000000	0.084240909090909	0.293184090909091	0.055060227272727	0.188220454545455	0.225778977272727	0.019897727272727		1
000213:	0.030071590909091	0.089822727272727	0.040275568181818	0.291869886363636	0.042127272727273	0.407240909090909	0.080610795454545	0.017981250000000		1
000214:	0.072987500000000	0.367321590909091	0.130694318181818	0.103412500000000	0.093710227272727	0.087625568181818	0.111884090909091	0.032364204545455		1
000215:	0.099401136363636	0.287915340909091	0.048250568181818	0.076121022727273	0.188655681818182	0.095129545454545	0.091532954545455	0.112993750000000		1
000216:	0.040776136363636	0.035184090909091	0.050796590909091	0.458632386363636	0.043922159090909	0.163664772727273	0.180691477272727	0.026332386363636		1
000217:	0.035406818181818	0.168669886363636	0.148709090909091	0.182967613636364	0.037029545454545	0.271015909090909	0.081040909090909	0.075160227272727		1
000218:	0.000664772727273	0.019485795454545	0.003834090909091	0.043752840909091	0.927737500000000	0.001222727272727	0.000555681818182	0.002746590909091		1
000219:	0.037000568181818	0.099013636363636	0.133533522727273	0.214302840909091	0.029452840909091	0.381056818181818	0.078814772727273	0.026825000000000		1
000220:	0.024385227272727	0.134880113636364	0.082825000000000	0.506351704545455	0.028481250000000	0.187496022727273	0.021046022727273	0.014534659090909		1
000221:	0.021568181818182	0.204843181818182	0.055193750000000	0.180433522727273	0.037820454545455	0.443014772727273	0.038321590909091	0.018804545454545		1
000222:	0.009963068181818	0.027738636363636	0.051378977272727	0.800795454545455	0.024716477272727	0.045707954545455	0.016581818181818	0.023117613636364		1
000223:	0.092028977272727	0.058613636363636	0.049672159090909	0.293629545454545	0.114428409090909	0.093053977272727	0.063905113636364	0.234668181818182		1
000224:	0.037724431818182	0.018989204545455	0.016755681818182	0.037413636363636	0.823213636363636	0.018287500000000	0.021416477272727	0.026199431818182		1
000225:	0.036264204545455	0.021256250000000	0.011337500000000	0.039129545454545	0.815383522727273	0.019963068181818	0.012867613636364	0.043798295454545		1
000226:	0.068679545454545	0.162538636363636	0.075859090909091	0.145527840909091	0.414151136363636	0.055839204545455	0.052166477272727	0.025238068181818		1
000227:	0.046928409090909	0.032622727272727	0.056656818181818	0.044806250000000	0.659243750000000	0.030201704545455	0.031651136363636	0.097889204545455		1
000228:	0.126781250000000	0.025425568181818	0.185075000000000	0.030032954545455	0.047878409090909	0.035184090909091	0.116200000000000	0.433422727272727		1
000229:	0.053134090909091	0.122024431818182	0.035239772727273	0.052516477272727	0.476902840909091	0.093132954545455	0.027117045454545	0.139932386363636		1
000230:	0.021568750000000	0.049010227272727	0.517021590909091	0.046393181818182	0.036723295454545	0.037730681818182	0.265389204545455	0.026163068181818		1
000231:	0.190668181818182	0.084123295454545	0.073930113636364	0.048512500000000	0.333132954545455	0.145432954545455	0.077296022727273	0.046903977272727		1
000232:	0.028707954545455	0.125332954545455	0.130243750000000	0.214415340909091	0.157793181818182	0.101748295454545	0.183071022727273	0.058687500000000		1
000233:	0.005063068181818	0.008208522727273	0.007842045454545	0.013267613636364	0.672105681818182	0.008164204545455	0.280446022727273	0.004902840909091		1
000234:	0.570315340909091	0.188057386363636	0.121672159090909	0.005880113636364	0.060288636363636	0.015368181818182	0.018000000000000	0.020418181818182		1
000235:	0.190403977272727	0.035639772727273	0.042363068181818	0.064698295454545	0.109614772727273	0.058221590909091	0.038660795454545	0.460397727272727		1
000236:	0.024531818181818	0.064906250000000	0.036147159090909	0.202401704545455	0.046253977272727	0.036178977272727	0.553553409090909	0.036026704545455		1
000237:	0.036291477272727	0.082571022727273	0.023175568181818	0.040459659090909	0.640898295454545	0.023361931818182	0.032906250000000	0.120335795454545		1
000238:	0.062734090909091	0.045320454545455	0.022629545454545	0.678042613636364	0.048211363636364	0.086069886363636	0.027850000000000	0.029142045454545		1
000239:	0.065501704545455	0.250306818181818	0.094227272727273	0.087965909090909	0.279560227272727	0.061248863636364	0.105511931818182	0.055677272727273		1
000240:	0.076070454545455	0.082494318181818	0.357576704545455	0.021844318181818	0.108250568181818	0.039451704545455	0.292106818181818	0.022205113636364		1
000241:	0.167548863636364	0.075069886363636	0.035947159090909	0.192669886363636	0.159217613636364	0.051002272727273	0.274041477272727	0.044502840909091		1
000242:	0.185409659090909	0.097617613636364	0.019719886363636	0.045255113636364	0.395382954545455	0.034736363636364	0.068273863636364	0.153604545454545		1
000243:	0.040381250000000	0.036467613636364	0.473983522727273	0.052856818181818	0.101043181818182	0.029688636363636	0.067121590909091	0.198457386363636		1
000244:	0.041244318181818	0.457424431818182	0.170433522727273	0.054409659090909	0.131415340909091	0.036927840909091	0.073997727272727	0.034147159090909		1
000245:	0.018365909090909	0.280813068181818	0.067643750000000	0.020739204545455	0.489502272727273	0.052094318181818	0.052522159090909	0.018319318181818		1
000246:	0.174986931818182	0.088310795454545	0.031389772727273	0.035326704545455	0.425291477272727	0.068026704545455	0.035369318181818	0.141298295454545		1
000247:	0.124153409090909	0.317725568181818	0.027736931818182	0.069995454545455	0.278997727272727	0.030311931818182	0.065014204545455	0.086064772727273		1
000248:	0.017752272727273	0.451208522727273	0.098268181818182	0.034280113636364	0.259700568181818	0.040836363636364	0.080827840909091	0.017126136363636		1
000249:	0.105764204545455	0.178664204545455	0.088210795454545	0.030419318181818	0.217943750000000	0.023126704545455	0.221098295454545	0.134772727272727		1
000250:	0.014368181818182	0.012151136363636	0.012378409090909	0.014805113636364	0.908592613636364	0.012156250000000	0.011883522727273	0.013664772727273		1
000251:	0.026010227272727	0.038346590909091	0.004026136363636	0.002057954545455	0.002094318181818	0.001718181818182	0.002390340909091	0.923356250000000		1
000252:	0.029038068181818	0.175527272727273	0.071421022727273	0.075445454545455	0.116979545454545	0.057598295454545	0.426853977272727	0.047136363636364		1
000253:	0.037267045454545	0.050693181818182	0.066907954545455	0.049592045454545	0.078017613636364	0.050896590909091	0.221880113636364	0.444745454545455		1
000254:	0.056644886363636	0.070622159090909	0.039419318181818	0.059939772727273	0.189839204545455	0.061149431818182	0.435498863636364	0.086886363636364		1
000255:	0.039336931818182	0.157442613636364	0.058123295454545	0.078914204545455	0.455408522727273	0.029251704545455	0.027939772727273	0.153582954545455		1
