   1:   0.1824  0.2317  0.0676  0.1326  0.1806  0.2051  1
   2:   0.1507  0.0994  0.0184  0.5985  0.0466  0.0864  1
   3:   0.6343  0.0942  0.0353  0.1455  0.0292  0.0615  1
   4:   0.1061  0.0271  0.0230  0.1479  0.0254  0.6705  1
   5:   0.5066  0.0450  0.0154  0.2964  0.0802  0.0563  1
   6:   0.0860  0.0493  0.1020  0.1582  0.0660  0.5385  1
   7:   0.2745  0.1643  0.0261  0.4532  0.0276  0.0543  1
   8:   0.1773  0.0467  0.0305  0.6453  0.0244  0.0757  1
   9:   0.1850  0.0319  0.0228  0.4639  0.0563  0.2402  1
  10:   0.3273  0.0558  0.0301  0.3738  0.0960  0.1171  1
  11:   0.2893  0.2723  0.0336  0.1190  0.0624  0.2234  1
  12:   0.4644  0.0251  0.0934  0.0525  0.2173  0.1474  1
  13:   0.1658  0.0378  0.2431  0.0445  0.2505  0.2583  1
  14:   0.0286  0.0168  0.0169  0.0294  0.0193  0.8889  1
  15:   0.6029  0.0249  0.0265  0.1301  0.0554  0.1602  1
  16:   0.0750  0.0189  0.0128  0.0336  0.0197  0.8400  1
  17:   0.5675  0.0629  0.0173  0.0697  0.1978  0.0848  1
  18:   0.1221  0.0206  0.3350  0.0404  0.4166  0.0654  1
  19:   0.7638  0.0309  0.0472  0.0677  0.0519  0.0384  1
  20:   0.2909  0.0393  0.0194  0.0916  0.2001  0.3587  1
  21:   0.2220  0.3048  0.0206  0.0277  0.3977  0.0272  1
  22:   0.6061  0.0257  0.0331  0.0658  0.1797  0.0896  1
  23:   0.3958  0.1846  0.0835  0.0939  0.1724  0.0697  1
  24:   0.0241  0.0160  0.0199  0.0265  0.0287  0.8848  1
  25:   0.2517  0.0395  0.2558  0.1046  0.1552  0.1932  1
  26:   0.5932  0.0422  0.0493  0.0378  0.2383  0.0391  1
  27:   0.0990  0.0259  0.0768  0.0404  0.6920  0.0659  1
  28:   0.2616  0.4325  0.0182  0.0932  0.1381  0.0562  1
  29:   0.3547  0.0507  0.0356  0.1073  0.2801  0.1717  1
  30:   0.6933  0.0621  0.0415  0.0669  0.0453  0.0909  1
  31:   0.0969  0.0212  0.1404  0.0466  0.6442  0.0507  1
  32:   0.1737  0.0651  0.0298  0.0461  0.5995  0.0858  1
  33:   0.4191  0.0914  0.0204  0.1136  0.2958  0.0597  1
  34:   0.0214  0.0932  0.0116  0.0204  0.0237  0.8297  1
  35:   0.1423  0.1572  0.0862  0.2469  0.3276  0.0398  1
  36:   0.3370  0.1269  0.0192  0.1259  0.2328  0.1582  1
  37:   0.2693  0.0255  0.0254  0.0538  0.5187  0.1074  1
  38:   0.1756  0.3640  0.0982  0.1704  0.0706  0.1211  1
  39:   0.3999  0.0337  0.0891  0.0748  0.2722  0.1302  1
  40:   0.0455  0.0321  0.0250  0.0476  0.0236  0.8262  1
  41:   0.2028  0.0406  0.0333  0.0548  0.4576  0.2109  1
  42:   0.1944  0.0533  0.2367  0.0639  0.3279  0.1238  1
  43:   0.5432  0.0554  0.0238  0.1189  0.0961  0.1626  1
  44:   0.4384  0.0344  0.0312  0.1126  0.2809  0.1026  1
  45:   0.1538  0.1566  0.0522  0.0785  0.5306  0.0283  1
  46:   0.2304  0.2182  0.1385  0.0459  0.2944  0.0726  1
  47:   0.1222  0.1381  0.1194  0.1295  0.2918  0.1990  1
  48:   0.6209  0.0610  0.0336  0.1977  0.0305  0.0563  1
  49:   0.7859  0.0405  0.0322  0.0456  0.0417  0.0542  1
  50:   0.2627  0.0549  0.0951  0.0793  0.1398  0.3682  1
  51:   0.0373  0.0197  0.0129  0.0371  0.0137  0.8793  1
  52:   0.0569  0.0215  0.0158  0.0313  0.0174  0.8571  1
  53:   0.3907  0.0230  0.1264  0.0580  0.1873  0.2146  1
  54:   0.1320  0.0941  0.3146  0.1125  0.2505  0.0963  1
  55:   0.4991  0.0272  0.0175  0.1014  0.0557  0.2990  1
  56:   0.7111  0.0244  0.0307  0.0712  0.0824  0.0801  1
  57:   0.3885  0.0340  0.0320  0.1233  0.2849  0.1372  1
  58:   0.8785  0.0184  0.0358  0.0175  0.0306  0.0191  1
  59:   0.6651  0.0202  0.0510  0.0253  0.2168  0.0216  1
  60:   0.8275  0.0191  0.0125  0.0444  0.0356  0.0610  1
  61:   0.8290  0.0212  0.0187  0.0353  0.0483  0.0474  1
  62:   0.0501  0.0239  0.0133  0.0342  0.0180  0.8606  1
  63:   0.0423  0.0194  0.0125  0.0485  0.0162  0.8611  1
  64:   0.0373  0.0606  0.0109  0.0596  0.0118  0.8198  1
  65:   0.7149  0.0384  0.0184  0.1281  0.0377  0.0624  1
  66:   0.5690  0.0200  0.0250  0.0547  0.2036  0.1277  1
  67:   0.0409  0.0206  0.0120  0.0905  0.0156  0.8204  1
  68:   0.7923  0.0192  0.0307  0.0229  0.1070  0.0278  1
  69:   0.5334  0.0269  0.0204  0.0535  0.2862  0.0796  1
  70:   0.3779  0.0853  0.0605  0.0554  0.1310  0.2899  1
  71:   0.6777  0.0373  0.0230  0.0320  0.2032  0.0267  1
  72:   0.6984  0.0326  0.0144  0.1080  0.0398  0.1068  1
  73:   0.7120  0.0220  0.0179  0.1282  0.0548  0.0652  1
  74:   0.1522  0.0282  0.1506  0.0425  0.4263  0.2002  1
  75:   0.4208  0.0414  0.1274  0.1445  0.1872  0.0787  1
  76:   0.2427  0.4386  0.0861  0.0829  0.1230  0.0268  1
  77:   0.2450  0.2759  0.0793  0.2242  0.1023  0.0733  1
  78:   0.6374  0.0588  0.0143  0.1493  0.0628  0.0774  1
  79:   0.6232  0.0751  0.0597  0.0413  0.1421  0.0587  1
  80:   0.5105  0.0731  0.1469  0.0420  0.2006  0.0270  1
  81:   0.6553  0.0166  0.1251  0.1424  0.0386  0.0220  1
  82:   0.8035  0.0294  0.0105  0.0673  0.0317  0.0576  1
  83:   0.7854  0.0283  0.0218  0.0600  0.0832  0.0213  1
  84:   0.0248  0.0266  0.0215  0.0192  0.0155  0.8923  1
  85:   0.1859  0.0967  0.0325  0.1509  0.4000  0.1340  1
  86:   0.2296  0.0529  0.0424  0.1564  0.1863  0.3323  1
  87:   0.6357  0.0146  0.0115  0.0367  0.1406  0.1609  1
  88:   0.2368  0.0360  0.0296  0.0372  0.6273  0.0330  1
  89:   0.2029  0.0523  0.0279  0.0737  0.5821  0.0612  1
  90:   0.2296  0.0254  0.1321  0.0411  0.4716  0.1003  1
  91:   0.1447  0.2394  0.2615  0.0817  0.2316  0.0412  1
  92:   0.7402  0.0230  0.0366  0.0492  0.1014  0.0496  1
  93:   0.4246  0.0381  0.0913  0.1046  0.2584  0.0829  1
  94:   0.7410  0.0297  0.0385  0.0458  0.1054  0.0395  1
  95:   0.7129  0.0297  0.0148  0.1067  0.0399  0.0960  1
  96:   0.1878  0.0126  0.0098  0.0267  0.0130  0.7502  1
  97:   0.6309  0.0459  0.0244  0.0240  0.2514  0.0234  1
  98:   0.8461  0.0174  0.0145  0.0296  0.0792  0.0131  1
  99:   0.3836  0.0723  0.0359  0.0752  0.1535  0.2795  1
 100:   0.2091  0.0192  0.0184  0.0556  0.0323  0.6655  1
 101:   0.1463  0.0210  0.0139  0.0620  0.6828  0.0740  1
 102:   0.3631  0.0502  0.0449  0.0797  0.2102  0.2519  1
 103:   0.6693  0.0908  0.1048  0.0466  0.0497  0.0388  1
 104:   0.2514  0.0236  0.0204  0.0536  0.0387  0.6121  1
 105:   0.2203  0.0282  0.0466  0.0410  0.5034  0.1605  1
 106:   0.3327  0.0548  0.0346  0.0560  0.4799  0.0420  1
 107:   0.2239  0.0779  0.0181  0.0524  0.2835  0.3442  1
 108:   0.0888  0.0319  0.0435  0.0325  0.0555  0.7478  1
 109:   0.5877  0.0682  0.0531  0.0484  0.1892  0.0534  1
 110:   0.0611  0.1362  0.5682  0.0453  0.0571  0.1321  1
 111:   0.2170  0.0896  0.0225  0.1261  0.0940  0.4508  1
 112:   0.0695  0.1058  0.0639  0.0331  0.6018  0.1259  1
 113:   0.6999  0.0394  0.0176  0.0943  0.0548  0.0941  1
 114:   0.4004  0.2247  0.0621  0.1240  0.1560  0.0329  1
 115:   0.6345  0.0395  0.0508  0.0590  0.1450  0.0711  1
 116:   0.4308  0.0321  0.0315  0.1182  0.0422  0.3451  1
 117:   0.1502  0.0500  0.0264  0.1599  0.5396  0.0739  1
 118:   0.4480  0.0679  0.0197  0.1603  0.0531  0.2511  1
 119:   0.4304  0.0277  0.0331  0.0292  0.3681  0.1114  1
 120:   0.3282  0.0424  0.0222  0.2932  0.0925  0.2215  1
 121:   0.4599  0.0685  0.1749  0.0923  0.1339  0.0706  1
 122:   0.6482  0.0138  0.0172  0.0430  0.2289  0.0489  1
 123:   0.8630  0.0282  0.0280  0.0291  0.0236  0.0283  1
 124:   0.2775  0.1738  0.0740  0.1216  0.3164  0.0367  1
 125:   0.1855  0.2799  0.0261  0.3354  0.0486  0.1246  1
 126:   0.0302  0.6903  0.0970  0.1266  0.0262  0.0296  1
 127:   0.4940  0.0449  0.0480  0.0874  0.1360  0.1898  1
 128:   0.6777  0.0395  0.0292  0.1232  0.0616  0.0687  1
 129:   0.3562  0.0265  0.1036  0.0362  0.4523  0.0252  1
 130:   0.6011  0.0370  0.0322  0.0647  0.0195  0.2455  1
 131:   0.6228  0.0345  0.0240  0.0477  0.2078  0.0633  1
 132:   0.0897  0.0184  0.0180  0.0568  0.0557  0.7613  1
 133:   0.1904  0.3933  0.1237  0.0783  0.1543  0.0599  1
 134:   0.4788  0.0491  0.1594  0.1396  0.0985  0.0746  1
 135:   0.2529  0.0246  0.1798  0.0739  0.4476  0.0212  1
 136:   0.7190  0.0370  0.0313  0.0958  0.0443  0.0725  1
 137:   0.3566  0.0444  0.1817  0.0323  0.3348  0.0503  1
 138:   0.6933  0.0942  0.0444  0.0663  0.0651  0.0367  1
 139:   0.4812  0.0741  0.0840  0.1041  0.1716  0.0850  1
 140:   0.1056  0.0223  0.6780  0.0229  0.1148  0.0564  1
 141:   0.0887  0.1696  0.0324  0.1433  0.0449  0.5211  1
 142:   0.5342  0.0196  0.0565  0.0515  0.2506  0.0876  1
 143:   0.7302  0.0299  0.0310  0.0601  0.1021  0.0467  1
 144:   0.3507  0.0556  0.0196  0.0988  0.3183  0.1570  1
 145:   0.0454  0.0530  0.0342  0.1457  0.0250  0.6967  1
 146:   0.4029  0.0345  0.1539  0.0917  0.1963  0.1208  1
 147:   0.5494  0.0257  0.0257  0.2509  0.0767  0.0716  1
 148:   0.6343  0.1765  0.0224  0.0802  0.0318  0.0549  1
 149:   0.2357  0.0404  0.0373  0.3344  0.2427  0.1095  1
 150:   0.2474  0.0534  0.1054  0.0395  0.4866  0.0676  1
 151:   0.3450  0.1097  0.0299  0.1867  0.0709  0.2577  1
 152:   0.6479  0.0852  0.0486  0.0746  0.0576  0.0861  1
 153:   0.2835  0.0243  0.0282  0.0575  0.4782  0.1284  1
 154:   0.2431  0.0206  0.0143  0.1353  0.0256  0.5611  1
 155:   0.3720  0.0283  0.0502  0.0655  0.1016  0.3824  1
 156:   0.1883  0.0398  0.0170  0.0609  0.3200  0.3740  1
 157:   0.0287  0.0172  0.0124  0.0251  0.0264  0.8903  1
 158:   0.1113  0.2419  0.0424  0.2001  0.2571  0.1472  1
 159:   0.0340  0.0908  0.0899  0.0985  0.1798  0.5069  1
 160:   0.0226  0.5306  0.0189  0.3612  0.0201  0.0466  1
 161:   0.0323  0.0514  0.0346  0.7646  0.0473  0.0698  1
 162:   0.0371  0.1620  0.1435  0.2081  0.4234  0.0259  1
 163:   0.5391  0.0194  0.0119  0.3000  0.0733  0.0563  1
 164:   0.0495  0.0255  0.0172  0.0775  0.0170  0.8133  1
 165:   0.3118  0.0307  0.0302  0.5037  0.0268  0.0967  1
 166:   0.4202  0.0177  0.0155  0.4332  0.0427  0.0708  1
 167:   0.5663  0.0692  0.0302  0.1937  0.0659  0.0747  1
 168:   0.4694  0.0583  0.0355  0.0634  0.0975  0.2759  1
 169:   0.6600  0.0279  0.0213  0.0681  0.1969  0.0258  1
 170:   0.8133  0.0232  0.0212  0.1027  0.0184  0.0211  1
 171:   0.1814  0.0399  0.0295  0.0586  0.0376  0.6530  1
 172:   0.6008  0.0623  0.0513  0.1407  0.0822  0.0627  1
 173:   0.7191  0.0240  0.0143  0.0907  0.1040  0.0480  1
 174:   0.7504  0.0160  0.0544  0.0339  0.1121  0.0332  1
 175:   0.0422  0.0166  0.0201  0.0210  0.0182  0.8819  1
 176:   0.4467  0.1501  0.0250  0.0756  0.2019  0.1006  1
 177:   0.5534  0.0484  0.0289  0.1469  0.1457  0.0766  1
 178:   0.5746  0.0213  0.0361  0.0543  0.1302  0.1836  1
 179:   0.0291  0.0207  0.0117  0.0250  0.0346  0.8789  1
 180:   0.0288  0.0189  0.0179  0.0266  0.0201  0.8877  1
 181:   0.0175  0.0956  0.0089  0.0298  0.1438  0.7044  1
 182:   0.2390  0.0863  0.1208  0.1066  0.2505  0.1969  1
 183:   0.0528  0.0208  0.0120  0.0268  0.0150  0.8726  1
 184:   0.5513  0.0561  0.0797  0.1089  0.0760  0.1279  1
 185:   0.2114  0.0814  0.2644  0.1113  0.2284  0.1032  1
 186:   0.0611  0.0560  0.0348  0.0367  0.0361  0.7754  1
 187:   0.0333  0.0211  0.0186  0.0257  0.0180  0.8833  1
 188:   0.1921  0.2566  0.0417  0.1447  0.0444  0.3206  1
 189:   0.8100  0.0677  0.0075  0.0650  0.0208  0.0290  1
 190:   0.5515  0.0335  0.0237  0.2340  0.0434  0.1138  1
 191:   0.5406  0.0235  0.0169  0.1632  0.2019  0.0539  1
 192:   0.1877  0.1023  0.0288  0.0881  0.4868  0.1063  1
 193:   0.3452  0.0416  0.0383  0.0839  0.3339  0.1571  1
 194:   0.5733  0.0285  0.0872  0.1792  0.0623  0.0695  1
 195:   0.4621  0.0274  0.0141  0.0466  0.3967  0.0532  1
 196:   0.1183  0.2923  0.0168  0.2380  0.0527  0.2820  1
 197:   0.3676  0.0530  0.0180  0.2319  0.1773  0.1522  1
 198:   0.0977  0.0493  0.0732  0.2755  0.4020  0.1023  1
 199:   0.1358  0.0657  0.0336  0.4546  0.2125  0.0979  1
 200:   0.0852  0.2556  0.0264  0.5257  0.0506  0.0565  1
 201:   0.0378  0.0181  0.0133  0.0315  0.0178  0.8815  1
 202:   0.3804  0.0598  0.0783  0.1175  0.1595  0.2045  1
 203:   0.5888  0.0314  0.0297  0.1984  0.0328  0.1189  1
 204:   0.2490  0.1011  0.0350  0.2057  0.0317  0.3774  1
 205:   0.3586  0.0513  0.0485  0.1056  0.0503  0.3856  1
 206:   0.4980  0.0414  0.2018  0.1090  0.0358  0.1140  1
 207:   0.3353  0.1672  0.0275  0.0579  0.3821  0.0300  1
 208:   0.3641  0.0593  0.0219  0.2085  0.0689  0.2773  1
 209:   0.1106  0.2171  0.0177  0.0531  0.0463  0.5552  1
 210:   0.2829  0.0283  0.0338  0.1247  0.1512  0.3792  1
 211:   0.6011  0.0385  0.0287  0.1493  0.0648  0.1175  1
 212:   0.0964  0.1624  0.0300  0.3267  0.0594  0.3251  1
 213:   0.1521  0.0659  0.0218  0.2548  0.0314  0.4740  1
 214:   0.2702  0.1602  0.0326  0.3761  0.0851  0.0757  1
 215:   0.4394  0.1421  0.0843  0.0662  0.1700  0.0979  1
 216:   0.0548  0.0596  0.0251  0.2058  0.0567  0.5980  1
 217:   0.0771  0.1263  0.0466  0.4466  0.0457  0.2577  1
 218:   0.3001  0.0664  0.0196  0.3180  0.0628  0.2330  1
 219:   0.0687  0.0708  0.0165  0.5113  0.0242  0.3084  1
 220:   0.2529  0.0613  0.0139  0.2442  0.0347  0.3929  1
 221:   0.5393  0.0322  0.0123  0.1938  0.0210  0.2015  1
 222:   0.0436  0.0284  0.0119  0.1142  0.0164  0.7855  1
 223:   0.1959  0.0726  0.1016  0.1090  0.2190  0.3018  1
 224:   0.5884  0.0297  0.0688  0.0224  0.2325  0.0583  1
 225:   0.6738  0.0155  0.0487  0.0216  0.2073  0.0331  1
 226:   0.5510  0.1308  0.0261  0.0374  0.1425  0.1121  1
 227:   0.3318  0.0834  0.0600  0.0420  0.4340  0.0489  1
 228:   0.0291  0.1467  0.6341  0.0907  0.0727  0.0268  1
 229:   0.8320  0.0325  0.0445  0.0309  0.0332  0.0269  1
 230:   0.0579  0.5726  0.0292  0.2335  0.0321  0.0746  1
 231:   0.2803  0.1594  0.0778  0.0792  0.3719  0.0315  1
 232:   0.2314  0.2678  0.0767  0.0902  0.0473  0.2866  1
 233:   0.5010  0.0583  0.0331  0.0518  0.3256  0.0303  1
 234:   0.3566  0.0597  0.3024  0.0453  0.2090  0.0270  1
 235:   0.1406  0.0198  0.5767  0.0360  0.1630  0.0640  1
 236:   0.0820  0.3183  0.0834  0.0994  0.0852  0.3317  1
 237:   0.4317  0.0335  0.2232  0.0270  0.2266  0.0580  1
 238:   0.1347  0.0198  0.0183  0.0768  0.0401  0.7103  1
 239:   0.5735  0.1236  0.0616  0.0630  0.1129  0.0654  1
 240:   0.0668  0.8138  0.0195  0.0276  0.0438  0.0284  1
 241:   0.1171  0.0526  0.0230  0.0608  0.4003  0.3461  1
 242:   0.1355  0.0262  0.0491  0.0539  0.6980  0.0374  1
 243:   0.0606  0.5857  0.1723  0.0357  0.1110  0.0347  1
 244:   0.4638  0.2802  0.0361  0.0813  0.0658  0.0728  1
 245:   0.5536  0.2930  0.0366  0.0423  0.0563  0.0183  1
 246:   0.3901  0.0671  0.1496  0.0522  0.3008  0.0403  1
 247:   0.4234  0.0886  0.0934  0.0851  0.2562  0.0534  1
 248:   0.6783  0.1436  0.0370  0.0839  0.0204  0.0368  1
 249:   0.1573  0.3768  0.2183  0.0391  0.1773  0.0312  1
 250:   0.5974  0.0220  0.0704  0.0208  0.2555  0.0339  1
 251:   0.4124  0.1632  0.0728  0.0499  0.2589  0.0428  1
 252:   0.1282  0.3799  0.0802  0.1752  0.0624  0.1741  1
 253:   0.0761  0.1450  0.5542  0.1020  0.0594  0.0632  1
 254:   0.2560  0.2187  0.2706  0.1142  0.0595  0.0810  1
 255:   0.5981  0.0772  0.1871  0.0419  0.0439  0.0519  1
 256:   0.8381  0.0304  0.0215  0.0415  0.0428  0.0256  1
 257:   0.0623  0.0664  0.0495  0.1584  0.0222  0.6412  1
 258:   0.8426  0.0372  0.0131  0.0335  0.0437  0.0298  1
 259:   0.0206  0.0145  0.0157  0.0837  0.1617  0.7038  1
 260:   0.0713  0.6186  0.0644  0.0475  0.1658  0.0324  1
 261:   0.1887  0.2061  0.2442  0.0967  0.0906  0.1737  1
 262:   0.0595  0.2862  0.0995  0.0538  0.0602  0.4407  1
 263:   0.5095  0.0712  0.0246  0.1740  0.1172  0.1034  1
 264:   0.1188  0.0350  0.0176  0.0465  0.0218  0.7603  1
 265:   0.5722  0.0365  0.0430  0.2207  0.0234  0.1042  1
 266:   0.7649  0.0253  0.0856  0.0300  0.0450  0.0492  1
 267:   0.5231  0.1855  0.1632  0.0392  0.0684  0.0207  1
 268:   0.4978  0.0798  0.0528  0.1636  0.0518  0.1541  1
 269:   0.2187  0.0248  0.3139  0.0410  0.3380  0.0636  1
 270:   0.0443  0.0220  0.0147  0.0423  0.0193  0.8574  1
 271:   0.0590  0.1430  0.5635  0.0622  0.0663  0.1059  1
 272:   0.0882  0.2627  0.2079  0.1036  0.1258  0.2119  1
 273:   0.2425  0.0380  0.1839  0.0522  0.1193  0.3641  1
 274:   0.2563  0.1168  0.2164  0.1471  0.2153  0.0481  1
 275:   0.7325  0.0246  0.0383  0.0341  0.1221  0.0484  1
 276:   0.0241  0.0379  0.0275  0.0334  0.0221  0.8551  1
 277:   0.1245  0.0344  0.6079  0.0425  0.1010  0.0896  1
 278:   0.6415  0.0342  0.1750  0.0431  0.0734  0.0328  1
 279:   0.2440  0.0166  0.5129  0.0367  0.1486  0.0412  1
 280:   0.2434  0.3453  0.0385  0.0535  0.1259  0.1935  1
 281:   0.0654  0.0360  0.3453  0.0331  0.0838  0.4364  1
 282:   0.1442  0.0979  0.0678  0.1199  0.3375  0.2327  1
 283:   0.0258  0.0632  0.0117  0.0323  0.1817  0.6853  1
 284:   0.2041  0.2253  0.3695  0.0475  0.0699  0.0837  1
 285:   0.1887  0.0798  0.1703  0.0502  0.4782  0.0328  1
 286:   0.1214  0.0248  0.2209  0.0303  0.2394  0.3632  1
 287:   0.3150  0.0282  0.1645  0.0345  0.2252  0.2326  1
 288:   0.4467  0.0774  0.1026  0.0681  0.0934  0.2118  1
 289:   0.5480  0.1022  0.0384  0.1002  0.0382  0.1731  1
 290:   0.0652  0.6444  0.0281  0.0488  0.0302  0.1833  1
 291:   0.6064  0.0227  0.0333  0.1354  0.0840  0.1181  1
 292:   0.1527  0.2066  0.0432  0.4286  0.0918  0.0770  1
 293:   0.4876  0.0248  0.0167  0.3770  0.0350  0.0590  1
 294:   0.5226  0.1475  0.0183  0.0813  0.0975  0.1328  1
 295:   0.3930  0.0486  0.0143  0.0955  0.3867  0.0619  1
 296:   0.1613  0.0366  0.0256  0.1714  0.0772  0.5279  1
 297:   0.5079  0.1184  0.0158  0.0437  0.1637  0.1505  1
 298:   0.1374  0.0172  0.2204  0.0284  0.5376  0.0589  1
 299:   0.7858  0.0325  0.0346  0.0388  0.0404  0.0679  1
 300:   0.2995  0.0499  0.1397  0.1903  0.0653  0.2554  1
 301:   0.7630  0.0188  0.0168  0.1160  0.0464  0.0390  1
 302:   0.0233  0.0272  0.0116  0.0246  0.0195  0.8938  1
 303:   0.0169  0.0269  0.0157  0.0232  0.0182  0.8991  1
 304:   0.5798  0.1242  0.0190  0.1998  0.0462  0.0310  1
 305:   0.0375  0.6485  0.0221  0.0986  0.0513  0.1420  1
 306:   0.0442  0.0817  0.0428  0.0321  0.0524  0.7468  1
 307:   0.0349  0.5960  0.0621  0.0756  0.1414  0.0901  1
 308:   0.5042  0.0396  0.0208  0.3469  0.0225  0.0661  1
 309:   0.6101  0.0281  0.1167  0.1052  0.0518  0.0881  1
 310:   0.0447  0.0203  0.0121  0.0232  0.0208  0.8790  1
 311:   0.3418  0.2052  0.0581  0.1223  0.0575  0.2151  1
 312:   0.5333  0.0457  0.2253  0.0371  0.1073  0.0513  1
 313:   0.1385  0.0613  0.5169  0.0736  0.1416  0.0681  1
 314:   0.1308  0.1238  0.1456  0.0443  0.4708  0.0846  1
 315:   0.3575  0.0647  0.2282  0.0692  0.2394  0.0411  1
 316:   0.7380  0.0380  0.0803  0.0636  0.0396  0.0404  1
 317:   0.1303  0.1238  0.0386  0.0580  0.6152  0.0341  1
 318:   0.3176  0.2704  0.0191  0.1461  0.0378  0.2090  1
 319:   0.0394  0.0196  0.0144  0.0384  0.0214  0.8668  1
 320:   0.1551  0.0817  0.0723  0.1729  0.0926  0.4254  1
 321:   0.1838  0.0398  0.0171  0.6796  0.0237  0.0561  1
 322:   0.0434  0.3666  0.0207  0.2459  0.0264  0.2970  1
 323:   0.0854  0.0834  0.3666  0.1305  0.2053  0.1288  1
 324:   0.1944  0.3726  0.0275  0.2007  0.0310  0.1737  1
 325:   0.0281  0.0412  0.0388  0.0592  0.0310  0.8018  1
 326:   0.6835  0.0826  0.0320  0.1133  0.0400  0.0487  1
 327:   0.3244  0.0759  0.0185  0.4013  0.0866  0.0933  1
 328:   0.0438  0.8019  0.0207  0.0694  0.0212  0.0430  1
 329:   0.4043  0.0649  0.0514  0.2745  0.0674  0.1375  1
 330:   0.0486  0.5454  0.0282  0.1911  0.0318  0.1548  1
 331:   0.0459  0.7791  0.0399  0.0635  0.0170  0.0546  1
 332:   0.0977  0.0178  0.0108  0.0180  0.0217  0.8340  1
 333:   0.0270  0.0177  0.0253  0.0303  0.0205  0.8792  1
 334:   0.0241  0.0205  0.0184  0.0235  0.0234  0.8901  1
 335:   0.5094  0.1211  0.0494  0.1554  0.0827  0.0820  1
 336:   0.0261  0.0350  0.0122  0.0281  0.0167  0.8819  1
 337:   0.5192  0.1271  0.0746  0.1112  0.0241  0.1437  1
 338:   0.5769  0.0313  0.0140  0.2045  0.0515  0.1218  1
 339:   0.0724  0.0794  0.0153  0.6506  0.0365  0.1457  1
 340:   0.0401  0.0262  0.0110  0.0887  0.0174  0.8166  1
 341:   0.5674  0.0381  0.0208  0.2792  0.0333  0.0613  1
 342:   0.4037  0.1508  0.0227  0.2399  0.0389  0.1440  1
 343:   0.6853  0.0364  0.0222  0.1083  0.0289  0.1188  1
 344:   0.1317  0.6655  0.0215  0.1197  0.0313  0.0303  1
 345:   0.0368  0.4962  0.0299  0.3751  0.0153  0.0467  1
 346:   0.2879  0.0438  0.0233  0.5617  0.0381  0.0452  1
 347:   0.5257  0.1758  0.0138  0.1532  0.0285  0.1031  1
 348:   0.0688  0.5042  0.0213  0.1437  0.0493  0.2127  1
 349:   0.0351  0.2981  0.1089  0.1906  0.0819  0.2853  1
 350:   0.1302  0.4689  0.0200  0.2675  0.0391  0.0743  1
 351:   0.1110  0.7127  0.0183  0.1005  0.0269  0.0306  1
 352:   0.2880  0.0658  0.0394  0.3602  0.0583  0.1883  1
 353:   0.0781  0.0246  0.0109  0.0619  0.0161  0.8084  1
 354:   0.0440  0.0299  0.0130  0.0898  0.0178  0.8056  1
 355:   0.0874  0.3407  0.0369  0.2842  0.0282  0.2226  1
 356:   0.1357  0.0871  0.1964  0.0727  0.0853  0.4228  1
 357:   0.2958  0.1214  0.1460  0.0320  0.3666  0.0382  1
 358:   0.1484  0.0758  0.0580  0.1109  0.5057  0.1012  1
 359:   0.1897  0.1290  0.2591  0.1926  0.1557  0.0738  1
 360:   0.7257  0.0345  0.0257  0.0775  0.0510  0.0856  1
 361:   0.0651  0.0872  0.1645  0.0288  0.5728  0.0816  1
 362:   0.1038  0.5123  0.0378  0.1033  0.0411  0.2017  1
 363:   0.8778  0.0138  0.0112  0.0212  0.0488  0.0273  1
 364:   0.5072  0.1605  0.1631  0.0397  0.1023  0.0272  1
 365:   0.4522  0.1986  0.0361  0.0875  0.1515  0.0740  1
 366:   0.0694  0.0231  0.3276  0.1426  0.3994  0.0379  1
 367:   0.7534  0.0266  0.0767  0.0296  0.0873  0.0264  1
 368:   0.3914  0.0275  0.1299  0.0492  0.3554  0.0466  1
 369:   0.4517  0.0569  0.0619  0.1250  0.1374  0.1670  1
 370:   0.1993  0.0620  0.0497  0.1320  0.0525  0.5046  1
 371:   0.6733  0.1077  0.0161  0.1346  0.0298  0.0385  1
 372:   0.8650  0.0147  0.0156  0.0236  0.0627  0.0184  1
 373:   0.1760  0.0581  0.1408  0.2018  0.2934  0.1298  1
 374:   0.5495  0.0293  0.0227  0.0742  0.2508  0.0735  1
 375:   0.0697  0.1082  0.0166  0.0589  0.0213  0.7253  1
 376:   0.5557  0.0209  0.0272  0.1977  0.1193  0.0792  1
 377:   0.0312  0.0414  0.0126  0.0520  0.0182  0.8445  1
 378:   0.1062  0.0270  0.1851  0.0285  0.5832  0.0700  1
 379:   0.3674  0.0117  0.2227  0.0193  0.3621  0.0168  1
 380:   0.4084  0.0225  0.1152  0.0384  0.3102  0.1053  1
 381:   0.1882  0.0165  0.4263  0.0214  0.3245  0.0231  1
 382:   0.6362  0.0227  0.0463  0.0377  0.1949  0.0622  1
 383:   0.7149  0.0474  0.0487  0.0490  0.0819  0.0581  1
 384:   0.6346  0.0251  0.0711  0.0486  0.1833  0.0372  1
 385:   0.7169  0.0860  0.0353  0.0901  0.0514  0.0202  1
 386:   0.3734  0.0201  0.4653  0.0271  0.0746  0.0395  1
 387:   0.6716  0.0225  0.0423  0.0393  0.1437  0.0805  1
 388:   0.1201  0.0620  0.3758  0.2278  0.1135  0.1008  1
 389:   0.7255  0.0584  0.0486  0.0474  0.0991  0.0211  1
 390:   0.3627  0.2131  0.0430  0.2019  0.0267  0.1527  1
 391:   0.7556  0.0339  0.0400  0.0276  0.1206  0.0223  1
 392:   0.1934  0.1025  0.3460  0.0256  0.2654  0.0671  1
 393:   0.1876  0.0390  0.1007  0.0631  0.5213  0.0883  1
 394:   0.4091  0.0199  0.0242  0.0288  0.4355  0.0826  1
 395:   0.6862  0.0190  0.0257  0.0619  0.1318  0.0754  1
 396:   0.5597  0.0987  0.0703  0.0646  0.1645  0.0423  1
 397:   0.7178  0.0126  0.0339  0.1004  0.0346  0.1007  1
 398:   0.7955  0.0287  0.0427  0.0419  0.0589  0.0324  1
 399:   0.0270  0.0399  0.7278  0.0198  0.0568  0.1289  1
 400:   0.8019  0.0338  0.0529  0.0329  0.0507  0.0278  1
 401:   0.4415  0.0521  0.0926  0.0577  0.3013  0.0548  1
 402:   0.6995  0.0245  0.0256  0.0562  0.1228  0.0715  1
 403:   0.3740  0.0869  0.1648  0.1204  0.1682  0.0857  1
 404:   0.4200  0.1519  0.1396  0.0799  0.1683  0.0404  1
 405:   0.7936  0.0140  0.0270  0.0289  0.0914  0.0452  1
 406:   0.8194  0.0274  0.0119  0.0417  0.0342  0.0656  1
 407:   0.8759  0.0197  0.0125  0.0313  0.0370  0.0236  1
 408:   0.1790  0.2050  0.2633  0.2221  0.0931  0.0375  1
 409:   0.0459  0.0169  0.0121  0.0266  0.0177  0.8808  1
 410:   0.0584  0.0188  0.0138  0.0298  0.0156  0.8635  1
 411:   0.0393  0.0187  0.0747  0.0588  0.0163  0.7922  1
 412:   0.1533  0.0405  0.3887  0.0733  0.2862  0.0580  1
 413:   0.6944  0.0325  0.0355  0.1037  0.1011  0.0328  1
 414:   0.1084  0.0260  0.3917  0.0580  0.2939  0.1220  1
 415:   0.0265  0.2705  0.4261  0.0758  0.0678  0.1332  1
 416:   0.0314  0.0291  0.5391  0.0353  0.3333  0.0318  1
 417:   0.5316  0.0866  0.2253  0.0664  0.0330  0.0570  1
 418:   0.3328  0.0627  0.3770  0.0579  0.0921  0.0775  1
 419:   0.0547  0.0753  0.7442  0.0465  0.0566  0.0227  1
 420:   0.2193  0.4885  0.0201  0.1662  0.0253  0.0806  1
 421:   0.2020  0.0383  0.2271  0.0585  0.2168  0.2572  1
 422:   0.3037  0.1564  0.1340  0.0547  0.1268  0.2244  1
 423:   0.1209  0.4781  0.0241  0.1697  0.0243  0.1829  1
 424:   0.1348  0.0465  0.6478  0.0210  0.1224  0.0276  1
 425:   0.0632  0.0455  0.6018  0.0462  0.1564  0.0869  1
 426:   0.0303  0.3412  0.2805  0.2594  0.0395  0.0490  1
 427:   0.2399  0.1061  0.0450  0.0699  0.3907  0.1484  1
 428:   0.5645  0.0383  0.0557  0.0937  0.1619  0.0860  1
 429:   0.3079  0.1161  0.0734  0.2584  0.1358  0.1085  1
 430:   0.1472  0.3925  0.1084  0.0397  0.2432  0.0689  1
 431:   0.1208  0.1280  0.0434  0.1591  0.4467  0.1021  1
 432:   0.1749  0.1530  0.1682  0.0932  0.3126  0.0981  1
 433:   0.1161  0.2733  0.2146  0.1320  0.0749  0.1890  1
 434:   0.2914  0.1741  0.0418  0.0570  0.3797  0.0561  1
 435:   0.1432  0.0934  0.0714  0.2261  0.1937  0.2722  1
 436:   0.0602  0.3244  0.2276  0.1758  0.1215  0.0905  1
 437:   0.1191  0.1991  0.2560  0.0910  0.2841  0.0507  1
 438:   0.3555  0.1935  0.1823  0.0527  0.1344  0.0816  1
 439:   0.0547  0.0314  0.6484  0.0633  0.1340  0.0681  1
 440:   0.0959  0.0342  0.4611  0.0351  0.3154  0.0583  1
 441:   0.0257  0.0254  0.7887  0.0202  0.0914  0.0485  1
 442:   0.0787  0.0378  0.7701  0.0355  0.0391  0.0388  1
 443:   0.0320  0.0201  0.0140  0.0627  0.0214  0.8499  1
 444:   0.1738  0.2124  0.3429  0.0941  0.1537  0.0231  1
 445:   0.5470  0.0529  0.1861  0.0459  0.1127  0.0554  1
 446:   0.2626  0.2671  0.0884  0.1645  0.0985  0.1189  1
 447:   0.3311  0.0630  0.2952  0.0700  0.1981  0.0426  1
 448:   0.7065  0.0527  0.1022  0.0431  0.0501  0.0453  1
 449:   0.7068  0.0790  0.0254  0.0339  0.1208  0.0341  1
 450:   0.0335  0.0203  0.0129  0.0273  0.0246  0.8813  1
 451:   0.0287  0.0347  0.0124  0.0989  0.0221  0.8032  1
 452:   0.0339  0.7972  0.0251  0.0331  0.0336  0.0771  1
 453:   0.0699  0.0272  0.4282  0.0785  0.3679  0.0283  1
 454:   0.0201  0.0265  0.0226  0.0233  0.0169  0.8906  1
 455:   0.1517  0.0979  0.0316  0.1534  0.1328  0.4326  1
 456:   0.4263  0.0620  0.0122  0.4209  0.0207  0.0580  1
 457:   0.1904  0.1028  0.0168  0.5868  0.0264  0.0769  1
 458:   0.3614  0.0611  0.0587  0.4091  0.0558  0.0538  1
 459:   0.1071  0.0318  0.0133  0.7519  0.0293  0.0666  1
 460:   0.3053  0.0261  0.0227  0.5185  0.0422  0.0851  1
 461:   0.4936  0.0274  0.0258  0.1717  0.1149  0.1666  1
 462:   0.0941  0.2549  0.0210  0.2198  0.0836  0.3266  1
 463:   0.0887  0.1547  0.0203  0.5684  0.0611  0.1068  1
 464:   0.1279  0.2219  0.1160  0.3794  0.0487  0.1061  1
 465:   0.4072  0.0557  0.0352  0.3835  0.0469  0.0715  1
 466:   0.4237  0.0242  0.0171  0.3668  0.0422  0.1261  1
 467:   0.4499  0.0414  0.0198  0.3499  0.0309  0.1081  1
 468:   0.3849  0.0172  0.0301  0.4832  0.0304  0.0543  1
 469:   0.6362  0.0406  0.1160  0.0352  0.1474  0.0245  1
 470:   0.1234  0.2228  0.2275  0.0358  0.3088  0.0817  1
 471:   0.4343  0.0224  0.0591  0.0408  0.3590  0.0844  1
 472:   0.0993  0.2550  0.0829  0.3613  0.0558  0.1457  1
 473:   0.2465  0.3643  0.0289  0.2521  0.0371  0.0711  1
 474:   0.1218  0.0341  0.0812  0.0398  0.2778  0.4453  1
 475:   0.7118  0.0268  0.0317  0.0296  0.1402  0.0600  1
 476:   0.0251  0.0188  0.0205  0.0306  0.0186  0.8864  1
 477:   0.0948  0.0232  0.1984  0.0269  0.5707  0.0860  1
 478:   0.2175  0.0313  0.1911  0.0727  0.3878  0.0995  1
 479:   0.6774  0.1128  0.0352  0.0708  0.0686  0.0351  1
 480:   0.5380  0.0362  0.0364  0.0445  0.1160  0.2290  1
 481:   0.4521  0.0316  0.0352  0.2321  0.1387  0.1102  1
 482:   0.1521  0.4544  0.1206  0.1065  0.0620  0.1045  1
 483:   0.3154  0.2765  0.1593  0.1367  0.0751  0.0371  1
 484:   0.5709  0.0301  0.0186  0.0791  0.0283  0.2730  1
 485:   0.1112  0.1148  0.4625  0.0544  0.2253  0.0317  1
 486:   0.7751  0.0341  0.0185  0.0406  0.0788  0.0529  1
 487:   0.0319  0.4023  0.0256  0.3097  0.0380  0.1925  1
 488:   0.7021  0.0201  0.0353  0.0389  0.1609  0.0427  1
 489:   0.4600  0.0932  0.2813  0.0390  0.0879  0.0386  1
 490:   0.6975  0.0249  0.0469  0.0351  0.1389  0.0566  1
 491:   0.6441  0.1498  0.0343  0.1230  0.0198  0.0290  1
 492:   0.7888  0.0211  0.0693  0.0216  0.0762  0.0230  1
 493:   0.1361  0.1226  0.0459  0.4626  0.0586  0.1742  1
 494:   0.0301  0.0202  0.1234  0.0367  0.0177  0.7718  1
 495:   0.2272  0.0550  0.1353  0.1960  0.2393  0.1471  1
 496:   0.4247  0.1404  0.0305  0.2762  0.0726  0.0556  1
 497:   0.3773  0.3098  0.1152  0.0683  0.0763  0.0531  1
 498:   0.2131  0.0564  0.0552  0.1861  0.2284  0.2608  1
 499:   0.0601  0.0967  0.0294  0.1969  0.0409  0.5760  1
 500:   0.5592  0.0340  0.0260  0.1788  0.1636  0.0383  1
 501:   0.2884  0.1986  0.1074  0.2762  0.0689  0.0605  1
 502:   0.0331  0.0231  0.0109  0.0512  0.0230  0.8586  1
 503:   0.1972  0.0621  0.0199  0.5142  0.0703  0.1364  1
 504:   0.0182  0.9114  0.0123  0.0310  0.0132  0.0140  1
 505:   0.2855  0.0404  0.0832  0.4647  0.0571  0.0691  1
 506:   0.2467  0.3750  0.0474  0.1044  0.0813  0.1451  1
 507:   0.7002  0.0519  0.0363  0.0521  0.0703  0.0893  1
 508:   0.2402  0.0601  0.0337  0.4400  0.1146  0.1114  1
 509:   0.3151  0.0758  0.0176  0.4638  0.0520  0.0757  1
 510:   0.0462  0.0730  0.0208  0.4119  0.0468  0.4014  1
 511:   0.3317  0.0296  0.0137  0.5401  0.0451  0.0398  1
 512:   0.0214  0.0321  0.0126  0.0351  0.0169  0.8820  1
 513:   0.0690  0.1013  0.0430  0.6261  0.1195  0.0411  1
 514:   0.1018  0.1789  0.0306  0.6204  0.0333  0.0350  1
 515:   0.0563  0.0286  0.0126  0.0807  0.0174  0.8044  1
 516:   0.1728  0.0259  0.0176  0.2323  0.0283  0.5230  1
 517:   0.4431  0.0284  0.0178  0.4490  0.0283  0.0334  1
 518:   0.3047  0.0512  0.0205  0.3999  0.0318  0.1918  1
 519:   0.0214  0.0251  0.0164  0.0164  0.0203  0.9004  1
 520:   0.2892  0.2050  0.1182  0.2780  0.0630  0.0467  1
 521:   0.0404  0.0354  0.0101  0.0611  0.0128  0.8402  1
 522:   0.1667  0.0496  0.2182  0.1981  0.0372  0.3302  1
 523:   0.2998  0.0815  0.4153  0.0910  0.0384  0.0740  1
 524:   0.0296  0.0173  0.0152  0.0225  0.0195  0.8958  1
 525:   0.2149  0.2350  0.0459  0.2228  0.1841  0.0973  1
 526:   0.7202  0.0501  0.0317  0.0513  0.0467  0.1000  1
 527:   0.1854  0.2423  0.0739  0.0799  0.0387  0.3797  1
 528:   0.0361  0.7093  0.0651  0.0381  0.0646  0.0868  1
 529:   0.1383  0.3577  0.0750  0.1008  0.1387  0.1895  1
 530:   0.0497  0.4809  0.1875  0.1239  0.0636  0.0944  1
 531:   0.2665  0.2745  0.0491  0.2273  0.0466  0.1361  1
 532:   0.0917  0.5707  0.0317  0.1092  0.0238  0.1730  1
 533:   0.5077  0.0831  0.0138  0.3158  0.0260  0.0536  1
 534:   0.3318  0.0857  0.0406  0.2918  0.0399  0.2102  1
 535:   0.1478  0.6519  0.0442  0.1028  0.0174  0.0359  1
 536:   0.0906  0.2246  0.0280  0.2005  0.0624  0.3939  1
 537:   0.2668  0.0593  0.3157  0.0517  0.1388  0.1676  1
 538:   0.0858  0.7109  0.0582  0.0405  0.0518  0.0529  1
 539:   0.0659  0.1306  0.4788  0.0685  0.0549  0.2012  1
 540:   0.3162  0.1281  0.0968  0.1331  0.1245  0.2014  1
 541:   0.0331  0.0168  0.0154  0.0341  0.0171  0.8836  1
 542:   0.5383  0.0337  0.0912  0.0715  0.0958  0.1694  1
 543:   0.2344  0.1082  0.0925  0.4538  0.0579  0.0533  1
 544:   0.0834  0.2336  0.0116  0.3792  0.0213  0.2709  1
 545:   0.3492  0.0856  0.0122  0.1510  0.0199  0.3821  1
 546:   0.7027  0.0176  0.0873  0.1423  0.0248  0.0254  1
 547:   0.2102  0.3045  0.0316  0.1834  0.0554  0.2148  1
 548:   0.2570  0.0596  0.0278  0.2565  0.0319  0.3672  1
 549:   0.0795  0.3402  0.0241  0.1929  0.0295  0.3338  1
 550:   0.1720  0.0726  0.0801  0.0777  0.0596  0.5379  1
 551:   0.1924  0.1473  0.1385  0.1835  0.0345  0.3039  1
 552:   0.0856  0.7223  0.0460  0.0719  0.0349  0.0394  1
 553:   0.3402  0.3738  0.0870  0.0967  0.0326  0.0697  1
 554:   0.0765  0.6668  0.0216  0.1169  0.0350  0.0832  1
 555:   0.2004  0.4417  0.0274  0.2293  0.0328  0.0685  1
 556:   0.0378  0.3890  0.0861  0.1146  0.0311  0.3414  1
 557:   0.2800  0.1798  0.0351  0.4244  0.0227  0.0581  1
 558:   0.0397  0.7041  0.0931  0.0603  0.0239  0.0789  1
 559:   0.0504  0.6073  0.0204  0.0858  0.0192  0.2168  1
 560:   0.0317  0.7522  0.0731  0.0516  0.0371  0.0542  1
 561:   0.0815  0.1157  0.1017  0.1028  0.0628  0.5355  1
 562:   0.0560  0.0252  0.0109  0.0706  0.0146  0.8227  1
 563:   0.0824  0.0848  0.6102  0.0697  0.0382  0.1146  1
 564:   0.0913  0.5544  0.0404  0.0705  0.1382  0.1052  1
 565:   0.0278  0.1728  0.1900  0.1275  0.0308  0.4511  1
 566:   0.0420  0.7769  0.0151  0.0761  0.0178  0.0721  1
 567:   0.0304  0.8294  0.0134  0.0548  0.0186  0.0535  1
 568:   0.0353  0.8512  0.0125  0.0355  0.0187  0.0468  1
 569:   0.5086  0.1065  0.0161  0.2077  0.0326  0.1286  1
 570:   0.2392  0.0237  0.0128  0.1393  0.0237  0.5612  1
 571:   0.0649  0.7251  0.0193  0.1379  0.0205  0.0323  1
 572:   0.3434  0.0604  0.0238  0.3157  0.0185  0.2381  1
 573:   0.0487  0.0324  0.0127  0.1052  0.0181  0.7828  1
 574:   0.1130  0.4868  0.0175  0.1203  0.0275  0.2350  1
 575:   0.3520  0.0519  0.0230  0.1212  0.0714  0.3805  1
 576:   0.1136  0.3171  0.0434  0.2985  0.0528  0.1745  1
 577:   0.0866  0.2657  0.1672  0.1144  0.0849  0.2812  1
 578:   0.1321  0.4243  0.1235  0.0730  0.0464  0.2005  1
 579:   0.1224  0.5629  0.0504  0.0651  0.0339  0.1653  1
 580:   0.2625  0.0706  0.1819  0.1446  0.2745  0.0659  1
 581:   0.2557  0.4589  0.0280  0.1640  0.0467  0.0468  1
 582:   0.3672  0.2491  0.0348  0.2586  0.0434  0.0469  1
 583:   0.4396  0.1642  0.0693  0.0416  0.1942  0.0910  1
 584:   0.1244  0.5743  0.0510  0.1325  0.0491  0.0687  1
 585:   0.0256  0.6721  0.0150  0.2327  0.0277  0.0270  1
 586:   0.2099  0.3359  0.0247  0.3634  0.0213  0.0447  1
 587:   0.3285  0.2903  0.0311  0.0835  0.0305  0.2360  1
 588:   0.1895  0.2270  0.0287  0.3016  0.1757  0.0775  1
 589:   0.0393  0.0154  0.0158  0.0224  0.0172  0.8899  1
 590:   0.4853  0.0850  0.0744  0.2374  0.0425  0.0754  1
 591:   0.2980  0.2056  0.0223  0.3333  0.0143  0.1264  1
 592:   0.0747  0.4519  0.0209  0.3150  0.0312  0.1063  1
 593:   0.1342  0.1456  0.0477  0.5928  0.0510  0.0288  1
 594:   0.4397  0.0688  0.0384  0.2246  0.0918  0.1366  1
 595:   0.0542  0.0735  0.1278  0.0389  0.0563  0.6494  1
 596:   0.0550  0.0689  0.0528  0.0322  0.0434  0.7477  1
 597:   0.3299  0.4191  0.0343  0.0705  0.0670  0.0791  1
 598:   0.0231  0.0320  0.0127  0.0313  0.0141  0.8868  1
 599:   0.1259  0.1328  0.1916  0.4360  0.0450  0.0687  1
 600:   0.0410  0.4601  0.0799  0.0584  0.0608  0.2997  1
 601:   0.0522  0.8035  0.0273  0.0608  0.0316  0.0246  1
 602:   0.3257  0.2111  0.0413  0.2236  0.0948  0.1034  1
 603:   0.1842  0.4690  0.0173  0.1425  0.0249  0.1621  1
 604:   0.0708  0.0398  0.0184  0.0711  0.0309  0.7689  1
 605:   0.3290  0.2119  0.0332  0.3350  0.0656  0.0253  1
 606:   0.7121  0.0379  0.0322  0.0978  0.0684  0.0515  1
 607:   0.1264  0.1855  0.1481  0.2089  0.0608  0.2703  1
 608:   0.1448  0.3018  0.0491  0.3173  0.0367  0.1502  1
 609:   0.2297  0.2442  0.1808  0.1932  0.0367  0.1154  1
 610:   0.0987  0.2035  0.0143  0.6467  0.0134  0.0234  1
 611:   0.1134  0.5231  0.0188  0.2479  0.0248  0.0720  1
 612:   0.1053  0.3918  0.0886  0.2198  0.0533  0.1413  1
 613:   0.2332  0.1049  0.3408  0.1791  0.0636  0.0784  1
 614:   0.0686  0.5851  0.0120  0.2419  0.0412  0.0512  1
 615:   0.0204  0.0211  0.0151  0.0454  0.0230  0.8751  1
 616:   0.2277  0.0827  0.0560  0.0681  0.0528  0.5127  1
 617:   0.0323  0.0191  0.0114  0.0214  0.0175  0.8984  1
 618:   0.0999  0.6254  0.0339  0.1463  0.0428  0.0517  1
 619:   0.0968  0.4346  0.0642  0.1555  0.0356  0.2133  1
 620:   0.8171  0.0241  0.0107  0.0317  0.0833  0.0330  1
 621:   0.3147  0.0794  0.0887  0.0900  0.3143  0.1129  1
 622:   0.3686  0.0189  0.0828  0.0381  0.3139  0.1776  1
 623:   0.0733  0.0225  0.0108  0.0528  0.0169  0.8237  1
 624:   0.6750  0.0278  0.0163  0.1374  0.0836  0.0599  1
 625:   0.1514  0.0311  0.0256  0.5684  0.1028  0.1207  1
 626:   0.0892  0.6831  0.0164  0.1557  0.0172  0.0384  1
 627:   0.6873  0.0250  0.0258  0.0938  0.1252  0.0429  1
 628:   0.0450  0.1074  0.0131  0.2711  0.0200  0.5434  1
 629:   0.8981  0.0179  0.0125  0.0218  0.0264  0.0232  1
 630:   0.7436  0.0265  0.0565  0.0728  0.0357  0.0649  1
 631:   0.0437  0.0201  0.0156  0.0359  0.0201  0.8646  1
 632:   0.5930  0.0575  0.0474  0.2135  0.0307  0.0580  1
 633:   0.6263  0.0409  0.0189  0.1226  0.0423  0.1490  1
 634:   0.0594  0.0535  0.0734  0.0562  0.0304  0.7271  1
 635:   0.2959  0.4004  0.0212  0.1304  0.0549  0.0972  1
 636:   0.1873  0.0330  0.3052  0.0972  0.2752  0.1020  1
 637:   0.4891  0.1625  0.1381  0.0902  0.0642  0.0558  1
 638:   0.4671  0.0358  0.1489  0.0929  0.2101  0.0454  1
 639:   0.6938  0.0422  0.0273  0.0870  0.1181  0.0316  1
 640:   0.0421  0.0166  0.0191  0.0256  0.0321  0.8645  1
 641:   0.0782  0.1805  0.1005  0.0417  0.3851  0.2139  1
 642:   0.1483  0.0277  0.0929  0.0370  0.1813  0.5129  1
 643:   0.3315  0.2615  0.0420  0.2223  0.0978  0.0449  1
 644:   0.5909  0.0925  0.0480  0.1193  0.0418  0.1075  1
 645:   0.0594  0.0254  0.0108  0.0612  0.0155  0.8277  1
 646:   0.5183  0.0341  0.0578  0.0693  0.2631  0.0575  1
 647:   0.3326  0.0366  0.1018  0.1559  0.2035  0.1695  1
 648:   0.3121  0.1137  0.0201  0.2783  0.1480  0.1277  1
 649:   0.3425  0.0562  0.1883  0.0298  0.3404  0.0429  1
 650:   0.4657  0.0334  0.1382  0.1618  0.1490  0.0520  1
 651:   0.0580  0.0187  0.0142  0.0311  0.0249  0.8531  1
 652:   0.2002  0.5988  0.0212  0.1036  0.0340  0.0422  1
 653:   0.5581  0.0822  0.0220  0.0586  0.1961  0.0830  1
 654:   0.0385  0.1600  0.0145  0.0286  0.0265  0.7320  1
 655:   0.3387  0.0221  0.4393  0.0515  0.1136  0.0348  1
 656:   0.5431  0.0575  0.0342  0.1897  0.0833  0.0922  1
 657:   0.1430  0.0727  0.0363  0.1400  0.4481  0.1600  1
 658:   0.0526  0.2691  0.0179  0.1061  0.0233  0.5309  1
 659:   0.2327  0.0220  0.0411  0.4509  0.0618  0.1914  1
 660:   0.1266  0.0993  0.0159  0.4114  0.0285  0.3183  1
 661:   0.5574  0.0363  0.0141  0.2968  0.0349  0.0604  1
 662:   0.3768  0.0397  0.0339  0.3408  0.1156  0.0932  1
 663:   0.5563  0.0200  0.0118  0.3262  0.0308  0.0549  1
 664:   0.1854  0.0602  0.1401  0.5424  0.0263  0.0455  1
 665:   0.2355  0.0378  0.0478  0.0774  0.5691  0.0324  1
 666:   0.3924  0.2496  0.0419  0.2079  0.0728  0.0354  1
 667:   0.0935  0.0887  0.0520  0.0339  0.6787  0.0532  1
 668:   0.2200  0.0639  0.0252  0.1210  0.0444  0.5255  1
 669:   0.8089  0.0184  0.0191  0.0372  0.0717  0.0447  1
 670:   0.8386  0.0191  0.0200  0.0247  0.0757  0.0219  1
 671:   0.3992  0.0283  0.0421  0.1044  0.3000  0.1260  1
 672:   0.4391  0.0473  0.0704  0.1379  0.1691  0.1364  1
 673:   0.5422  0.1301  0.0903  0.0780  0.1222  0.0372  1
 674:   0.5599  0.0746  0.0729  0.0460  0.1085  0.1382  1
 675:   0.4821  0.0432  0.2384  0.0458  0.1170  0.0736  1
 676:   0.2333  0.0333  0.0992  0.0548  0.5257  0.0536  1
 677:   0.7051  0.0218  0.0116  0.1608  0.0472  0.0536  1
