1:           1.906875e-01 4.538920e-02 0.2795659091 0.1549437500 0.1302857955 1.991278e-01 1           
2:           3.450170e-02 1.431307e-02 0.8505801136 0.0248732955 0.0529534091 2.277841e-02 1           
3:           5.125585e-01 5.443125e-02 0.2807363636 0.0268261364 0.0476590909 7.778864e-02 1           
4:           4.981591e-02 2.565227e-02 0.1662664773 0.0236613636 0.7060312500 2.857273e-02 1           
5:           1.897653e-01 2.008580e-02 0.6279488636 0.0615488636 0.0623477273 3.830341e-02 1           
6:           7.912216e-02 5.740284e-02 0.1631068182 0.0712903409 0.5822090909 4.686875e-02 1           
7:           1.439028e-01 2.292898e-02 0.6193931818 0.0268755682 0.0505926136 1.363068e-01 1           
8:           4.455568e-02 3.618864e-02 0.7568255682 0.0261965909 0.0973687500 3.886477e-02 1           
9:           4.902330e-02 1.924830e-02 0.6820704545 0.0409221591 0.1825062500 2.622955e-02 1           
10:          9.888920e-02 3.392330e-02 0.6280357955 0.0837579545 0.1079982955 4.739545e-02 1           
11:          2.728477e-01 3.303523e-02 0.1866636364 0.0472778409 0.2595284091 2.006472e-01 1           
12:          4.884761e-01 7.683182e-02 0.0516102273 0.1922863636 0.1683318182 2.246364e-02 1           
13:          1.706205e-01 1.653369e-01 0.0561454545 0.3209789773 0.2481477273 3.877045e-02 1           
14:          1.782784e-02 1.541023e-02 0.0257585227 0.0142659091 0.9078215909 1.891591e-02 1           
15:          5.456472e-01 1.787386e-02 0.1958443182 0.0470488636 0.1711880682 2.239773e-02 1           
16:          7.284375e-02 1.189545e-02 0.0408823864 0.0170619318 0.8396585227 1.765795e-02 1           
17:          6.142892e-01 1.493864e-02 0.0939539773 0.1465017045 0.0794301136 5.088636e-02 1           
18:          1.569307e-01 1.662398e-01 0.0517869318 0.5268125000 0.0771289773 2.110114e-02 1           
19:          7.353676e-01 6.316080e-02 0.0778869318 0.0433676136 0.0439982955 3.621875e-02 1           
20:          2.027210e-01 2.054886e-02 0.1635988636 0.1675312500 0.4052301136 4.036989e-02 1           
21:          2.772528e-01 2.343693e-02 0.0383846591 0.2994181818 0.0307647727 3.307426e-01 1           
22:          6.114335e-01 3.032557e-02 0.0838801136 0.1566982955 0.0941312500 2.353125e-02 1           
23:          3.258420e-01 1.569784e-01 0.0964471591 0.1512073864 0.0896494318 1.798756e-01 1           
24:          1.912273e-02 1.906932e-02 0.0343982955 0.0297443182 0.8818636364 1.580170e-02 1           
25:          2.343165e-01 3.392261e-01 0.0708517045 0.1240028409 0.1856607955 4.594205e-02 1           
26:          7.081006e-01 3.529318e-02 0.0344380682 0.1432585227 0.0370892045 4.182045e-02 1           
27:          1.107051e-01 5.413466e-02 0.0598522727 0.6679232955 0.0873079545 2.007670e-02 1           
28:          2.284580e-01 1.738125e-02 0.1452193182 0.1176238636 0.0701625000 4.211551e-01 1           
29:          2.650790e-01 2.932784e-02 0.1405034091 0.3245443182 0.1977840909 4.276136e-02 1           
30:          6.471869e-01 4.966080e-02 0.0692596591 0.0334153409 0.1410778409 5.939943e-02 1           
31:          1.101562e-01 6.497557e-02 0.0602772727 0.6962994318 0.0516431818 1.664830e-02 1           
32:          2.258767e-01 2.838239e-02 0.0635829545 0.5228568182 0.0984522727 6.084886e-02 1           
33:          5.955773e-01 2.016591e-02 0.0940494318 0.1061613636 0.0748539773 1.091920e-01 1           
34:          2.736193e-02 1.249205e-02 0.0247619318 0.0227761364 0.8969102273 1.569773e-02 1           
35:          1.064608e-01 1.194301e-01 0.2181596591 0.3097113636 0.0562380682 1.900000e-01 1           
36:          2.765284e-01 1.668409e-02 0.1411159091 0.2483482955 0.1915573864 1.257659e-01 1           
37:          2.352727e-01 1.869716e-02 0.1023193182 0.5301664773 0.0966125000 1.693182e-02 1           
38:          1.300398e-01 1.419369e-01 0.1768982955 0.0588465909 0.1647039773 3.275744e-01 1           
39:          5.470290e-01 7.132557e-02 0.0629829545 0.1556892045 0.1283107955 3.466250e-02 1           
40:          6.239545e-02 2.680114e-02 0.0552159091 0.0243142045 0.8061630682 2.511023e-02 1           
41:          2.455284e-01 2.323011e-02 0.0515732955 0.3200329545 0.3381363636 2.149886e-02 1           
42:          2.006739e-01 2.890006e-01 0.0508204545 0.2985045455 0.1151198864 4.588068e-02 1           
43:          4.639687e-01 2.064489e-02 0.2197664773 0.0956937500 0.1542926136 4.563352e-02 1           
44:          4.800313e-01 2.870909e-02 0.1043562500 0.2578710227 0.1044846591 2.454773e-02 1           
45:          2.084398e-01 5.871307e-02 0.0483437500 0.6170318182 0.0397164773 2.775511e-02 1           
46:          2.493847e-01 6.466989e-02 0.0481562500 0.3120812500 0.0877238636 2.379841e-01 1           
47:          1.115864e-01 9.302841e-02 0.1109267045 0.3162011364 0.2043113636 1.639460e-01 1           
48:          3.023466e-01 4.735795e-02 0.4890812500 0.0324380682 0.0609329545 6.784318e-02 1           
49:          7.741489e-01 4.378977e-02 0.0518238636 0.0270704545 0.0570948864 4.607216e-02 1           
50:          2.657699e-01 7.855625e-02 0.0865522727 0.1096965909 0.3927204545 6.670455e-02 1           
51:          3.246761e-02 8.515341e-03 0.0370619318 0.0119642045 0.8925119318 1.747898e-02 1           
52:          3.955455e-02 1.562614e-02 0.0245028409 0.0161284091 0.8886034091 1.558466e-02 1           
53:          4.138960e-01 8.680398e-02 0.0875937500 0.1853028409 0.2016454545 2.475795e-02 1           
54:          9.502330e-02 2.891250e-01 0.1170147727 0.2860085227 0.1575443182 5.528409e-02 1           
55:          5.154767e-01 1.417955e-02 0.1252602273 0.0486198864 0.2718443182 2.461932e-02 1           
56:          6.985165e-01 2.467841e-02 0.0910778409 0.0661369318 0.0913488636 2.824148e-02 1           
57:          3.845131e-01 2.072898e-02 0.1468369318 0.2657613636 0.1477102273 3.444943e-02 1           
58:          8.754795e-01 4.244773e-02 0.0215988636 0.0234352273 0.0218772727 1.516136e-02 1           
59:          7.960341e-01 2.827670e-02 0.0241198864 0.1160892045 0.0195744318 1.590568e-02 1           
60:          8.289540e-01 1.125284e-02 0.0434107955 0.0289244318 0.0678113636 1.964659e-02 1           
61:          8.431795e-01 1.918182e-02 0.0469238636 0.0299272727 0.0444244318 1.636307e-02 1           
62:          2.554545e-02 1.185341e-02 0.0360443182 0.0126505682 0.8928011364 2.110511e-02 1           
63:          3.443409e-02 1.472102e-02 0.0514863636 0.0192164773 0.8621698864 1.797216e-02 1           
64:          2.780057e-02 1.128466e-02 0.0638045455 0.0110392045 0.8507210227 3.535000e-02 1           
65:          5.368557e-01 2.520795e-02 0.2625801136 0.0388738636 0.0838170455 5.266534e-02 1           
66:          7.407858e-01 1.991250e-02 0.0534386364 0.0870119318 0.0812289773 1.762216e-02 1           
67:          2.760966e-02 1.344659e-02 0.1004051136 0.0122647727 0.8321159091 1.415795e-02 1           
68:          8.809170e-01 1.931136e-02 0.0157607955 0.0542505682 0.0203346591 9.425568e-03 1           
69:          6.294045e-01 1.540966e-02 0.0596795455 0.1757340909 0.0970454545 2.272670e-02 1           
70:          3.735614e-01 4.877443e-02 0.0627534091 0.0971937500 0.3600982955 5.761875e-02 1           
71:          7.947528e-01 2.121875e-02 0.0419062500 0.0910755682 0.0256619318 2.538466e-02 1           
72:          6.612744e-01 1.370739e-02 0.1380522727 0.0346431818 0.1146750000 3.764773e-02 1           
73:          7.222295e-01 2.036193e-02 0.1225454545 0.0295892045 0.0879937500 1.728011e-02 1           
74:          1.668966e-01 1.238761e-01 0.0440454545 0.4278085227 0.2011738636 3.619943e-02 1           
75:          3.887455e-01 1.387381e-01 0.1908653409 0.1445926136 0.0957329545 4.132557e-02 1           
76:          2.914239e-01 8.073807e-02 0.0607920455 0.1093619318 0.0277886364 4.298955e-01 1           
77:          2.810466e-01 9.409545e-02 0.1264812500 0.1149312500 0.1031289773 2.803165e-01 1           
78:          6.418210e-01 1.465341e-02 0.1830704545 0.0404539773 0.0734761364 4.652500e-02 1           
79:          7.621409e-01 5.438864e-02 0.0322312500 0.0633414773 0.0519465909 3.595114e-02 1           
80:          6.044051e-01 1.517835e-01 0.0344426136 0.1249255682 0.0263130682 5.813011e-02 1           
81:          1.827841e-03 5.882358e-01 0.3987812500 0.0044494318 0.0012937500 5.411932e-03 1           
82:          7.702955e-01 1.112614e-02 0.0865568182 0.0285642045 0.0816965909 2.176080e-02 1           
83:          8.116551e-01 1.656875e-02 0.0567477273 0.0672806818 0.0224318182 2.531591e-02 1           
84:          1.788239e-02 1.909205e-02 0.0160556818 0.0142000000 0.9079613636 2.480852e-02 1           
85:          1.342733e-01 2.025000e-02 0.1391556818 0.4622267045 0.1012750000 1.428193e-01 1           
86:          2.001983e-01 6.739602e-02 0.1300221591 0.0837511364 0.4435869318 7.504545e-02 1           
87:          8.513705e-01 1.256875e-02 0.0532636364 0.0334556818 0.0339846591 1.535682e-02 1           
88:          3.436699e-01 3.727330e-02 0.0502914773 0.5103181818 0.0281528409 3.029432e-02 1           
89:          2.950511e-01 2.140966e-02 0.0849687500 0.4804198864 0.0752352273 4.291534e-02 1           
90:          3.397352e-01 8.944659e-02 0.0515534091 0.3678068182 0.1257414773 2.571648e-02 1           
91:          1.793403e-01 2.483898e-01 0.0633801136 0.2164454545 0.0432210227 2.492233e-01 1           
92:          7.502830e-01 3.507955e-02 0.0596471591 0.0733607955 0.0610204545 2.060909e-02 1           
93:          4.451006e-01 6.363182e-02 0.1153835227 0.2537812500 0.0820159091 4.008693e-02 1           
94:          7.858619e-01 3.092045e-02 0.0384375000 0.0696914773 0.0532096591 2.187898e-02 1           
95:          7.030278e-01 1.574375e-02 0.1273812500 0.0273329545 0.0971340909 2.938011e-02 1           
96:          3.882102e-02 1.250114e-02 0.0318346591 0.0166073864 0.8839119318 1.632386e-02 1           
97:          8.406131e-01 7.392045e-04 0.0026539773 0.0020801136 0.0149005682 1.390131e-01 1           
98:          8.766915e-01 1.478977e-02 0.0385181818 0.0414329545 0.0146232955 1.394432e-02 1           
99:          3.736955e-01 5.251477e-02 0.0690011364 0.1208750000 0.3139806818 6.993295e-02 1           
100:         1.158437e-01 2.042386e-02 0.0710647727 0.0228034091 0.7544022727 1.546193e-02 1           
101:         2.097733e-01 1.141989e-02 0.0805289773 0.5810079545 0.0973880682 1.988182e-02 1           
102:         3.439330e-01 3.999716e-02 0.0959119318 0.2008153409 0.2759153409 4.342727e-02 1           
103:         6.126091e-01 1.147273e-01 0.0697863636 0.0594863636 0.0346823864 1.087085e-01 1           
104:         1.509131e-01 2.734886e-02 0.0717534091 0.0364181818 0.6901522727 2.341420e-02 1           
105:         3.409687e-01 3.969602e-02 0.0486948864 0.3731193182 0.1660289773 3.149205e-02 1           
106:         3.920420e-01 3.533295e-02 0.0793039773 0.3931085227 0.0436278409 5.658466e-02 1           
107:         3.152693e-01 2.043920e-02 0.0611744318 0.1078352273 0.4695903409 2.569148e-02 1           
108:         5.482045e-02 3.897159e-02 0.0369926136 0.0476386364 0.7944585227 2.711818e-02 1           
109:         6.580938e-01 3.381875e-02 0.0658204545 0.1312210227 0.0542727273 5.677330e-02 1           
110:         5.960625e-02 5.179409e-01 0.0440079545 0.0679079545 0.1615227273 1.490142e-01 1           
111:         1.783267e-01 2.840682e-02 0.1954517045 0.0963801136 0.4193795455 8.205511e-02 1           
112:         7.465057e-02 3.443125e-02 0.0520301136 0.6372664773 0.1348602273 6.676136e-02 1           
113:         6.601369e-01 2.080227e-02 0.1427454545 0.0444960227 0.0869818182 4.483750e-02 1           
114:         4.673239e-01 5.994943e-02 0.1263784091 0.0918187500 0.0400670455 2.144625e-01 1           
115:         6.276540e-01 4.971875e-02 0.0905477273 0.1274369318 0.0694909091 3.515170e-02 1           
116:         2.488335e-01 2.333295e-02 0.1169448864 0.0377829545 0.5353971591 3.770852e-02 1           
117:         1.617972e-01 2.007216e-02 0.1533539773 0.5251625000 0.0973193182 4.229489e-02 1           
118:         3.539455e-01 1.856875e-02 0.2748198864 0.0363704545 0.2530926136 6.320284e-02 1           
119:         6.332699e-01 2.482273e-02 0.0377670455 0.1934528409 0.0896017045 2.108580e-02 1           
120:         8.657841e-02 1.723864e-02 0.4523846591 0.0757488636 0.3379477273 3.010170e-02 1           
121:         2.382517e-01 4.122784e-01 0.2139227273 0.0576551136 0.0333664773 4.452557e-02 1           
122:         8.129523e-01 1.413523e-02 0.0392392045 0.0879903409 0.0351130682 1.056989e-02 1           
123:         8.730057e-01 2.713295e-02 0.0377590909 0.0129130682 0.0283676136 2.082159e-02 1           
124:         3.309619e-01 9.320398e-02 0.1655840909 0.2257750000 0.0359062500 1.485687e-01 1           
125:         1.145040e-01 3.212727e-02 0.4344210227 0.0463982955 0.1199335227 2.526159e-01 1           
126:         3.854545e-02 1.601250e-02 0.0453420455 0.0247642045 0.0380113636 8.373244e-01 1           
127:         5.022597e-01 3.522557e-02 0.1386176136 0.0748136364 0.2091272727 3.995625e-02 1           
128:         5.683642e-01 4.541591e-02 0.2081698864 0.0593556818 0.0835255682 3.516875e-02 1           
129:         6.276926e-01 5.160625e-02 0.0472318182 0.2360880682 0.0191448864 1.823636e-02 1           
130:         6.859312e-01 7.443580e-02 0.1029909091 0.0213840909 0.0718607955 4.339716e-02 1           
131:         7.485244e-01 2.111023e-02 0.0466772727 0.1002852273 0.0586687500 2.473409e-02 1           
132:         8.254943e-02 1.617159e-02 0.0526767045 0.0512704545 0.7862187500 1.111307e-02 1           
133:         1.693920e-01 1.732733e-01 0.0870426136 0.1470426136 0.0837829545 3.394665e-01 1           
134:         3.658824e-01 3.121358e-01 0.1088500000 0.0967329545 0.0765522727 3.984659e-02 1           
135:         3.520437e-01 1.460733e-01 0.0779772727 0.3744625000 0.0265250000 2.291818e-02 1           
136:         6.354619e-01 4.200852e-02 0.1450505682 0.0407312500 0.0906573864 4.609034e-02 1           
137:         4.748392e-01 1.170420e-01 0.0313210227 0.2884215909 0.0556392045 3.273693e-02 1           
138:         5.667739e-01 3.711193e-02 0.1403255682 0.0766176136 0.0469164773 1.322545e-01 1           
139:         4.993261e-01 8.033523e-02 0.1497892045 0.1375312500 0.0745704545 5.844773e-02 1           
140:         1.015557e-01 6.193545e-01 0.0319926136 0.1600375000 0.0614397727 2.561989e-02 1           
141:         7.402330e-02 3.969148e-02 0.1652227273 0.0430982955 0.5464482955 1.315159e-01 1           
142:         6.381915e-01 3.097273e-02 0.0523255682 0.1599289773 0.1006767045 1.790455e-02 1           
143:         7.624330e-01 3.719545e-02 0.0696539773 0.0596823864 0.0475846591 2.345057e-02 1           
144:         4.892472e-01 5.232955e-04 0.0234227273 0.4843965909 0.0009375000 1.472727e-03 1           
145:         3.860568e-02 5.925966e-02 0.0431778409 0.0268107955 0.7880602273 4.408580e-02 1           
146:         3.958773e-01 8.753977e-02 0.1113943182 0.2406460227 0.1311647727 3.337784e-02 1           
147:         4.972795e-01 2.412330e-02 0.3128079545 0.0686426136 0.0790056818 1.814091e-02 1           
148:         7.678051e-01 3.726648e-02 0.1066073864 0.0234659091 0.0377971591 2.705795e-02 1           
149:         2.844199e-01 2.800511e-02 0.3607755682 0.1723278409 0.1157732955 3.869830e-02 1           
150:         2.953051e-01 1.149705e-01 0.0506943182 0.4027392045 0.0796801136 5.661080e-02 1           
151:         2.778335e-01 2.888693e-02 0.2845744318 0.0504869318 0.2820517045 7.616648e-02 1           
152:         6.503057e-01 6.074148e-02 0.0763034091 0.0469795455 0.0965085227 6.916136e-02 1           
153:         3.153295e-01 2.532784e-02 0.0750931818 0.4060750000 0.1586596591 1.951477e-02 1           
154:         1.865250e-01 1.837386e-02 0.1855005682 0.0329153409 0.5576937500 1.899148e-02 1           
155:         3.760648e-01 5.410682e-02 0.0975375000 0.0837801136 0.3578778409 3.063295e-02 1           
156:         2.577807e-01 1.450682e-02 0.0721210227 0.2380005682 0.3935340909 2.405682e-02 1           
157:         2.325909e-02 1.041875e-02 0.0335238636 0.0182335227 0.9013465909 1.321818e-02 1           
158:         9.044034e-02 3.692500e-02 0.2279420455 0.2288238636 0.1798823864 2.359864e-01 1           
159:         3.669091e-02 6.173977e-02 0.0605363636 0.1943806818 0.5595528409 8.709943e-02 1           
160:         2.350966e-02 1.500398e-02 0.2858687500 0.0262397727 0.0524829545 5.968949e-01 1           
161:         3.166705e-02 3.678011e-02 0.7843602273 0.0464727273 0.0757011364 2.501875e-02 1           
162:         3.127727e-02 5.814375e-02 0.1687755682 0.5340630682 0.0275494318 1.801909e-01 1           
163:         3.454193e-01 1.008693e-02 0.5210471591 0.0517630682 0.0572193182 1.446420e-02 1           
164:         2.530682e-02 1.237045e-02 0.1432619318 0.0169295455 0.7652340909 3.689716e-02 1           
165:         8.668295e-02 2.820682e-02 0.7677522727 0.0285960227 0.0609232955 2.783864e-02 1           
166:         1.698216e-01 1.240227e-02 0.6915420455 0.0480221591 0.0593181818 1.889375e-02 1           
167:         4.689966e-01 3.060852e-02 0.2824204545 0.0615670455 0.0985801136 5.782727e-02 1           
168:         3.957943e-01 3.648807e-02 0.0731323864 0.0677750000 0.3366215909 9.018864e-02 1           
169:         8.184733e-01 1.922614e-02 0.0529068182 0.0577988636 0.0276738636 2.392102e-02 1           
170:         7.348062e-01 3.414602e-02 0.1625977273 0.0213784091 0.0216954545 2.537614e-02 1           
171:         4.190909e-02 2.731875e-02 0.0686488636 0.0247119318 0.7571863636 8.022500e-02 1           
172:         6.498773e-01 3.183523e-02 0.0993971591 0.0794982955 0.0800664773 5.932557e-02 1           
173:         6.853142e-01 1.354830e-02 0.1346119318 0.0908369318 0.0458107955 2.987784e-02 1           
174:         8.065114e-01 4.130341e-02 0.0340176136 0.0724931818 0.0305500000 1.512443e-02 1           
175:         3.389773e-02 2.486080e-02 0.0190664773 0.0185221591 0.8922965909 1.135625e-02 1           
176:         5.184545e-01 2.862727e-02 0.0950068182 0.1216289773 0.1183960227 1.178864e-01 1           
177:         7.461409e-01 2.583920e-02 0.0385028409 0.0889852273 0.0763761364 2.415568e-02 1           
178:         5.945784e-01 3.696818e-02 0.0646784091 0.1125573864 0.1722534091 1.896420e-02 1           
179:         1.833977e-02 9.928977e-03 0.0263232955 0.0267556818 0.9051971591 1.345511e-02 1           
180:         3.016307e-02 1.692443e-02 0.0367426136 0.0192039773 0.8780363636 1.892955e-02 1           
181:         1.914489e-02 9.252841e-03 0.0244051136 0.0151761364 0.8994323864 3.258864e-02 1           
182:         2.092420e-01 8.069886e-02 0.1749397727 0.2605096591 0.1760857955 9.852386e-02 1           
183:         2.102500e-02 1.352955e-02 0.0296829545 0.0137062500 0.8954948864 2.656136e-02 1           
184:         5.389636e-01 1.353807e-01 0.0734221591 0.0452272727 0.1545795455 5.242670e-02 1           
185:         1.663574e-01 2.294710e-01 0.1336227273 0.2696687500 0.1338147727 6.706534e-02 1           
186:         5.201307e-02 2.888068e-02 0.0329903409 0.0250863636 0.8171857955 4.384375e-02 1           
187:         2.685682e-02 1.551023e-02 0.0251329545 0.0151306818 0.9048153409 1.255398e-02 1           
188:         1.341347e-01 5.564943e-02 0.1343238636 0.0374250000 0.3868642045 2.516028e-01 1           
189:         8.420307e-01 9.153409e-03 0.0640806818 0.0211403409 0.0443806818 1.921420e-02 1           
190:         3.797045e-02 2.200568e-03 0.5122255682 0.0024579545 0.4437721591 1.373295e-03 1           
191:         5.342074e-01 1.662670e-02 0.1467181818 0.2223585227 0.0534977273 2.659148e-02 1           
192:         2.315324e-01 3.525284e-02 0.0989505682 0.4234465909 0.1093568182 1.014608e-01 1           
193:         3.551807e-01 3.391080e-02 0.1169102273 0.2607801136 0.2005750000 3.264318e-02 1           
194:         5.460744e-01 6.907273e-02 0.2807681818 0.0391789773 0.0430000000 2.190568e-02 1           
195:         5.340869e-01 1.498750e-02 0.0700028409 0.3093551136 0.0508448864 2.072273e-02 1           
196:         5.977898e-02 1.438693e-02 0.3837982955 0.0367892045 0.3285744318 1.766722e-01 1           
197:         3.450665e-01 1.636591e-02 0.3316005682 0.1387755682 0.1255244318 4.266705e-02 1           
198:         9.880057e-02 4.544432e-02 0.2563710227 0.4543784091 0.0916267045 5.337898e-02 1           
199:         3.885795e-03 5.238636e-04 0.0022727273 0.8795227273 0.0019295455 1.118653e-01 1           
200:         7.010909e-02 3.232500e-02 0.7050886364 0.0535375000 0.0661607955 7.277898e-02 1           
201:         2.057784e-02 7.946591e-03 0.0500676136 0.0133045455 0.8946892045 1.341420e-02 1           
202:         4.445511e-01 6.230398e-02 0.1343284091 0.1047335227 0.1955005682 5.858239e-02 1           
203:         5.193955e-01 2.704943e-02 0.3034409091 0.0319000000 0.0930181818 2.519602e-02 1           
204:         1.484057e-01 4.184886e-02 0.2154340909 0.0242386364 0.4564795455 1.135932e-01 1           
205:         3.038386e-01 5.667045e-02 0.0932340909 0.0499687500 0.4570096591 3.927841e-02 1           
206:         4.223608e-01 2.701614e-01 0.1329096591 0.0278596591 0.1120681818 3.464034e-02 1           
207:         4.490489e-01 3.107159e-02 0.0797698864 0.2693539773 0.0287619318 1.419938e-01 1           
208:         2.116318e-01 2.438011e-02 0.3489045455 0.0548051136 0.3153306818 4.494773e-02 1           
209:         9.033125e-02 2.407273e-02 0.0705727273 0.0566772727 0.7127750000 4.557102e-02 1           
210:         2.773074e-01 3.424375e-02 0.1625159091 0.1484409091 0.3526909091 2.480114e-02 1           
211:         4.736267e-01 2.783409e-02 0.2553187500 0.0612221591 0.1489005682 3.309773e-02 1           
212:         6.747727e-02 2.084602e-02 0.4355556818 0.0627863636 0.3362602273 7.707443e-02 1           
213:         9.516420e-02 1.882273e-02 0.4310829545 0.0284369318 0.3897784091 3.671477e-02 1           
214:         1.116659e-01 3.712443e-02 0.5693039773 0.0615454545 0.0848511364 1.355091e-01 1           
215:         3.877057e-01 8.750057e-02 0.1057000000 0.1689051136 0.1261619318 1.240267e-01 1           
216:         4.506136e-02 2.386250e-02 0.2539670455 0.0586278409 0.5714022727 4.707898e-02 1           
217:         6.008352e-02 4.891193e-02 0.5056352273 0.0497511364 0.1599068182 1.757114e-01 1           
218:         1.635835e-01 1.591534e-02 0.5043948864 0.0522755682 0.2246357955 3.919489e-02 1           
219:         2.885114e-02 1.575398e-02 0.6881176136 0.0257090909 0.1710255682 7.054261e-02 1           
220:         1.681420e-01 1.304489e-02 0.3206642045 0.0441556818 0.3810153409 7.297784e-02 1           
221:         1.662977e-01 1.447841e-02 0.5069488636 0.0254267045 0.2484181818 3.843011e-02 1           
222:         3.128239e-02 8.547159e-03 0.1113352273 0.0153863636 0.8081636364 2.528523e-02 1           
223:         1.529500e-01 6.320341e-02 0.1197767045 0.3172823864 0.2977579545 4.902955e-02 1           
224:         7.777068e-01 4.426023e-02 0.0188630682 0.0865801136 0.0542681818 1.832159e-02 1           
225:         8.161091e-01 3.780057e-02 0.0252863636 0.0722289773 0.0344153409 1.415966e-02 1           
226:         6.735989e-01 1.746250e-02 0.0391767045 0.0553971591 0.1072392045 1.071256e-01 1           
227:         4.803511e-01 6.320284e-02 0.0466590909 0.2652119318 0.0604193182 8.415568e-02 1           
228:         3.431932e-02 4.990767e-01 0.0873539773 0.1092000000 0.0315715909 2.384784e-01 1           
229:         8.334051e-01 5.536477e-02 0.0224744318 0.0318965909 0.0284500000 2.840909e-02 1           
230:         6.234375e-02 3.230625e-02 0.1414784091 0.0337920455 0.0706823864 6.593972e-01 1           
231:         4.806642e-01 5.197500e-02 0.1227034091 0.2350795455 0.0433460227 6.623182e-02 1           
232:         1.983733e-01 7.886591e-02 0.1147318182 0.0524829545 0.3794846591 1.760614e-01 1           
233:         7.110517e-01 3.037727e-02 0.0547585227 0.1258852273 0.0290306818 4.889659e-02 1           
234:         3.775892e-01 3.028062e-01 0.0390431818 0.1940414773 0.0272085227 5.931136e-02 1           
235:         2.037551e-01 4.705108e-01 0.0444607955 0.1997340909 0.0612005682 2.033864e-02 1           
236:         8.397216e-02 1.491790e-01 0.1221943182 0.1013465909 0.3081835227 2.351244e-01 1           
237:         5.418170e-01 2.639028e-01 0.0285392045 0.0909306818 0.0412704545 3.353977e-02 1           
238:         8.780341e-02 1.484261e-02 0.1427409091 0.0350079545 0.6993426136 2.026250e-02 1           
239:         5.548517e-01 7.208011e-02 0.0953897727 0.0784375000 0.0874511364 1.117898e-01 1           
240:         6.148409e-02 1.963466e-02 0.0293039773 0.0526130682 0.0352761364 8.016881e-01 1           
241:         1.151705e-03 5.056818e-04 0.0018443182 0.4117693182 0.5833068182 1.422159e-03 1           
242:         1.903210e-01 6.984886e-02 0.0656045455 0.6092937500 0.0370323864 2.789943e-02 1           
243:         7.598693e-02 1.006619e-01 0.0470454545 0.1235153409 0.0357153409 6.170750e-01 1           
244:         4.354239e-01 4.470284e-02 0.1345045455 0.0512119318 0.0845352273 2.496216e-01 1           
245:         6.876170e-01 2.603125e-02 0.0896784091 0.0351636364 0.0254789773 1.360307e-01 1           
246:         4.188415e-01 1.308977e-01 0.0626744318 0.2682096591 0.0494801136 6.989659e-02 1           
247:         3.922494e-01 1.254892e-01 0.1520886364 0.1836954545 0.0596500000 8.682727e-02 1           
248:         6.141920e-01 1.052301e-01 0.0651625000 0.0131710227 0.0662488636 1.359955e-01 1           
249:         1.555159e-01 3.245955e-01 0.0333602273 0.1368142045 0.0326431818 3.170710e-01 1           
250:         8.323182e-01 5.105455e-02 0.0182250000 0.0608176136 0.0234176136 1.416705e-02 1           
251:         4.380744e-01 7.885170e-02 0.0599806818 0.1952176136 0.0389215909 1.889540e-01 1           
252:         1.025847e-01 1.128602e-01 0.1894232955 0.0785982955 0.1991409091 3.173926e-01 1           
253:         6.649375e-02 6.475023e-01 0.0927755682 0.0450312500 0.0657602273 8.243693e-02 1           
254:         1.661903e-01 4.209767e-01 0.0665755682 0.0482767045 0.0857852273 2.121955e-01 1           
255:         4.691773e-01 3.536920e-01 0.0390000000 0.0311806818 0.0585636364 4.838636e-02 1           
256:         8.536182e-01 2.006477e-02 0.0499886364 0.0182193182 0.0301119318 2.799716e-02 1           
257:         6.695057e-02 4.884830e-02 0.1710698864 0.0245039773 0.6099306818 7.869659e-02 1           
258:         8.845937e-01 1.105966e-02 0.0361573864 0.0209857955 0.0220960227 2.510739e-02 1           
259:         6.823864e-04 3.255682e-04 0.3177454545 0.6788727273 0.0019375000 4.363636e-04 1           
260:         7.574432e-02 5.119659e-02 0.0349147727 0.1378397727 0.0276789773 6.726256e-01 1           
261:         6.352784e-02 3.657574e-01 0.1054653409 0.0984323864 0.1533534091 2.134636e-01 1           
262:         5.261761e-02 8.896136e-02 0.0546710227 0.0526443182 0.4600426136 2.910631e-01 1           
263:         5.831614e-01 1.989886e-02 0.1665034091 0.0622039773 0.1148142045 5.341818e-02 1           
264:         5.555398e-02 1.794148e-02 0.0377386364 0.0175562500 0.8463204545 2.488920e-02 1           
265:         3.795472e-01 6.579545e-02 0.3490761364 0.0265079545 0.1346840909 4.438920e-02 1           
266:         7.662102e-01 9.277955e-02 0.0240272727 0.0363096591 0.0566812500 2.399205e-02 1           
267:         5.096949e-01 2.450318e-01 0.0266732955 0.0377812500 0.0209727273 1.598460e-01 1           
268:         3.939193e-01 8.936648e-02 0.2387176136 0.0403397727 0.1732897727 6.436705e-02 1           
269:         2.891557e-01 2.625307e-01 0.0528454545 0.3105664773 0.0606301136 2.427159e-02 1           
270:         2.807102e-02 1.469545e-02 0.0703011364 0.0188318182 0.8485642045 1.953636e-02 1           
271:         3.479773e-02 6.826045e-01 0.0387517045 0.0456846591 0.0909420455 1.072193e-01 1           
272:         8.125057e-02 3.087295e-01 0.0543715909 0.1139142045 0.1807823864 2.609517e-01 1           
273:         2.600540e-01 1.374341e-01 0.0374670455 0.1075585227 0.4299460227 2.754034e-02 1           
274:         2.045244e-01 4.946244e-01 0.0768676136 0.0529392045 0.0558795455 1.151648e-01 1           
275:         7.655506e-01 4.170114e-02 0.0493931818 0.0767721591 0.0474357955 1.914716e-02 1           
276:         2.482614e-02 2.323125e-02 0.0457289773 0.0197630682 0.8588789773 2.757159e-02 1           
277:         9.673523e-02 6.598670e-01 0.0516926136 0.0686017045 0.0965715909 2.653182e-02 1           
278:         7.679170e-01 2.970852e-02 0.0525869318 0.0702289773 0.0391443182 4.041420e-02 1           
279:         2.471739e-01 5.346722e-01 0.0669039773 0.1120409091 0.0216176136 1.759148e-02 1           
280:         1.808562e-01 3.591648e-02 0.0447357955 0.1299511364 0.3837363636 2.248040e-01 1           
281:         5.685909e-02 3.315545e-01 0.0316818182 0.1310500000 0.4142454545 3.460909e-02 1           
282:         2.118142e-01 8.094545e-02 0.0890357955 0.2777534091 0.1901903409 1.502608e-01 1           
283:         2.534375e-02 1.227670e-02 0.0351568182 0.0152670455 0.8607636364 5.119205e-02 1           
284:         1.658545e-01 4.452699e-01 0.0461420455 0.0628886364 0.0801465909 1.996983e-01 1           
285:         1.859193e-01 2.069023e-01 0.0757602273 0.4359443182 0.0323164773 6.315739e-02 1           
286:         3.854545e-03 2.973659e-01 0.0039056818 0.0024710227 0.6915795455 8.232955e-04 1           
287:         4.156466e-01 1.316915e-01 0.0344056818 0.1919085227 0.1971295455 2.921818e-02 1           
288:         4.685347e-01 8.649148e-02 0.0517232955 0.1089812500 0.2227772727 6.149205e-02 1           
289:         5.382455e-01 5.526136e-02 0.1448079545 0.0369750000 0.1442482955 8.046193e-02 1           
290:         5.549091e-02 3.694091e-02 0.0478602273 0.0260028409 0.2373511364 5.963540e-01 1           
291:         6.268875e-01 2.721307e-02 0.1351994318 0.0778113636 0.1087176136 2.417102e-02 1           
292:         6.937500e-02 4.749375e-02 0.5959136364 0.0547823864 0.0430227273 1.894125e-01 1           
293:         2.703750e-01 1.900966e-02 0.5938562500 0.0315340909 0.0614068182 2.381818e-02 1           
294:         2.926881e-01 1.261932e-03 0.0724551136 0.0022880682 0.0347107955 5.965960e-01 1           
295:         4.863960e-01 1.393011e-02 0.1038761364 0.2779215909 0.0889920455 2.888409e-02 1           
296:         1.373284e-01 2.108580e-02 0.2178375000 0.0776823864 0.4988011364 4.726477e-02 1           
297:         6.702909e-01 1.816023e-02 0.0574778409 0.0261022727 0.1757698864 5.219886e-02 1           
298:         2.006222e-01 1.429341e-01 0.0381693182 0.5356346591 0.0652903409 1.734943e-02 1           
299:         7.541108e-01 5.362500e-02 0.0512392045 0.0352954545 0.0708215909 3.490795e-02 1           
300:         2.244392e-01 1.412614e-01 0.2529840909 0.0710857955 0.2683715909 4.185795e-02 1           
301:         7.558233e-01 1.577557e-02 0.1290357955 0.0435136364 0.0390909091 1.676080e-02 1           
302:         2.183807e-02 1.217386e-02 0.0329505682 0.0229681818 0.8818954545 2.817386e-02 1           
303:         1.605795e-02 1.411307e-02 0.0401375000 0.0174948864 0.8891721591 2.302443e-02 1           
304:         3.292398e-01 2.727841e-02 0.4707750000 0.0468681818 0.0337528409 9.208580e-02 1           
305:         3.401818e-02 2.188523e-02 0.1002147727 0.0472125000 0.1674903409 6.291790e-01 1           
306:         4.254830e-02 4.069830e-02 0.0276255682 0.0350414773 0.8043000000 4.978636e-02 1           
307:         1.124432e-03 2.325210e-01 0.0021522727 0.6333625000 0.0213306818 1.095091e-01 1           
308:         2.474062e-01 2.414261e-02 0.6021852273 0.0240579545 0.0730522727 2.915568e-02 1           
309:         4.921233e-01 1.243710e-01 0.2033551136 0.0491153409 0.1031556818 2.787955e-02 1           
310:         2.853295e-02 1.234602e-02 0.0284494318 0.0249750000 0.8886477273 1.704886e-02 1           
311:         2.986722e-01 8.780852e-02 0.1460187500 0.0618488636 0.2389045455 1.667472e-01 1           
312:         4.961665e-01 3.089722e-01 0.0313744318 0.0725119318 0.0542880682 3.668693e-02 1           
313:         1.571381e-01 5.467915e-01 0.0935420455 0.1100403409 0.0616477273 3.084034e-02 1           
314:         2.077301e-01 4.002449e-01 0.0260056818 0.2506982955 0.0466386364 6.868239e-02 1           
315:         2.573330e-01 4.122278e-01 0.0803494318 0.1585210227 0.0440948864 4.747386e-02 1           
316:         7.176619e-01 2.742216e-02 0.0875011364 0.0488244318 0.0642590909 5.433125e-02 1           
317:         1.770824e-01 3.472614e-02 0.0750500000 0.5668096591 0.0369215909 1.094102e-01 1           
318:         2.361557e-01 2.386080e-02 0.2247568182 0.0384801136 0.2757636364 2.009830e-01 1           
319:         4.376364e-02 2.322955e-02 0.0713062500 0.0249017045 0.8152181818 2.158068e-02 1           
320:         9.426648e-02 7.447102e-02 0.1949187500 0.0915903409 0.4722130682 7.254034e-02 1           
321:         4.149205e-02 1.778352e-02 0.8410823864 0.0246397727 0.0500272727 2.497500e-02 1           
322:         3.058750e-02 2.646250e-02 0.3032028409 0.0232551136 0.2947164773 3.217756e-01 1           
323:         9.116364e-02 4.002136e-01 0.1104363636 0.1781232955 0.1370147727 8.304830e-02 1           
324:         1.003239e-01 3.901648e-02 0.3209090909 0.0324312500 0.2047880682 3.025312e-01 1           
325:         3.063693e-02 4.016648e-02 0.0628676136 0.0347346591 0.8064204545 2.517386e-02 1           
326:         6.896665e-01 4.520966e-02 0.1114278409 0.0281517045 0.0530681818 7.247614e-02 1           
327:         1.462540e-01 1.228239e-02 0.6362102273 0.0664204545 0.0953664773 4.346648e-02 1           
328:         3.384886e-02 3.715795e-02 0.1170301136 0.0207193182 0.0440346591 7.472091e-01 1           
329:         3.596858e-01 6.405511e-02 0.2971465909 0.0752130682 0.1515892045 5.231023e-02 1           
330:         3.413580e-02 3.603636e-02 0.2352096591 0.0259323864 0.1440250000 5.246608e-01 1           
331:         3.356989e-02 5.712330e-02 0.0811056818 0.0157642045 0.0626801136 7.497568e-01 1           
332:         3.591795e-01 6.261364e-04 0.0017522727 0.0011977273 0.6354221591 1.822159e-03 1           
333:         1.985852e-02 4.079489e-02 0.0311102273 0.0175159091 0.8786215909 1.209886e-02 1           
334:         2.308011e-02 1.924489e-02 0.0286289773 0.0213272727 0.8905159091 1.720284e-02 1           
335:         3.670466e-01 6.725170e-02 0.2716397727 0.0967494318 0.0767471591 1.205653e-01 1           
336:         2.454034e-02 1.389886e-02 0.0488221591 0.0221647727 0.8434113636 4.716250e-02 1           
337:         4.183773e-01 1.995250e-01 0.0990397727 0.0233750000 0.1659073864 9.377557e-02 1           
338:         4.777562e-01 1.360398e-02 0.2937289773 0.0506801136 0.1388482955 2.538239e-02 1           
339:         2.463580e-02 1.426193e-02 0.7254312500 0.0292357955 0.0897613636 1.166739e-01 1           
340:         2.862557e-02 1.155682e-02 0.1121073864 0.0130363636 0.8120102273 2.266364e-02 1           
341:         2.124062e-01 2.013807e-02 0.6304437500 0.0346215909 0.0667306818 3.565966e-02 1           
342:         2.844955e-01 3.125852e-02 0.4247261364 0.0316778409 0.1347676136 9.307443e-02 1           
343:         5.410869e-01 2.647955e-02 0.1982363636 0.0319102273 0.1565312500 4.575568e-02 1           
344:         1.336557e-01 2.091534e-02 0.0871244318 0.0259136364 0.0367977273 6.955932e-01 1           
345:         2.403182e-02 9.450000e-02 0.6501193182 0.0120778409 0.0363897727 1.828812e-01 1           
346:         1.734006e-01 1.619659e-02 0.7061994318 0.0293227273 0.0429250000 3.195568e-02 1           
347:         2.607568e-01 1.251080e-02 0.3015250000 0.0127971591 0.3537789773 5.863125e-02 1           
348:         6.638409e-02 2.586761e-02 0.1839539773 0.0334857955 0.2433562500 4.469523e-01 1           
349:         4.303466e-02 4.190170e-02 0.2587556818 0.0805232955 0.2355005682 3.402841e-01 1           
350:         1.040585e-01 2.740057e-02 0.4478170455 0.0341642045 0.0733392045 3.132205e-01 1           
351:         8.293466e-02 1.965284e-02 0.2331454545 0.0257642045 0.0324159091 6.060869e-01 1           
352:         9.507841e-02 3.226023e-02 0.6165539773 0.0449778409 0.1710409091 4.008864e-02 1           
353:         3.620114e-02 1.017557e-02 0.0563755682 0.0109528409 0.8698119318 1.648295e-02 1           
354:         4.226420e-02 1.831989e-02 0.1059255682 0.0131721591 0.7933278409 2.699034e-02 1           
355:         4.901932e-02 2.868295e-02 0.4909721591 0.0222147727 0.1896431818 2.194676e-01 1           
356:         1.150795e-01 3.995045e-01 0.0372215909 0.0849272727 0.2925397727 7.072727e-02 1           
357:         4.566506e-01 1.823375e-01 0.0277261364 0.1782761364 0.0401596591 1.148500e-01 1           
358:         1.687801e-01 3.357159e-02 0.1021431818 0.5181170455 0.0941982955 8.318977e-02 1           
359:         2.113460e-01 2.694119e-01 0.1580306818 0.1473448864 0.0937255682 1.201409e-01 1           
360:         6.211216e-01 2.358693e-02 0.1356028409 0.0624619318 0.1127931818 4.443352e-02 1           
361:         6.912443e-02 9.229432e-02 0.0314045455 0.6115397727 0.0898619318 1.057750e-01 1           
362:         8.879659e-02 5.040568e-02 0.1400454545 0.0391857955 0.1879306818 4.936358e-01 1           
363:         8.825994e-01 9.633523e-03 0.0316318182 0.0368494318 0.0281664773 1.111932e-02 1           
364:         4.486722e-01 2.140670e-01 0.0579380682 0.0919823864 0.0302704545 1.570699e-01 1           
365:         4.805727e-01 3.354773e-02 0.1151659091 0.1020960227 0.0873954545 1.812222e-01 1           
366:         3.943920e-02 4.728841e-01 0.0720375000 0.3688704545 0.0304130682 1.635568e-02 1           
367:         8.061898e-01 7.131875e-02 0.0310590909 0.0432971591 0.0279875000 2.014773e-02 1           
368:         5.474955e-01 8.192273e-02 0.0458539773 0.2477926136 0.0524875000 2.444773e-02 1           
369:         5.170011e-01 6.741193e-02 0.1318000000 0.0750835227 0.1666482955 4.205511e-02 1           
370:         1.641239e-01 6.125568e-02 0.1679823864 0.0430937500 0.5023000000 6.124432e-02 1           
371:         6.717108e-01 1.430455e-02 0.1386284091 0.0253846591 0.0383806818 1.115909e-01 1           
372:         8.946381e-01 1.318693e-02 0.0310653409 0.0298386364 0.0194505682 1.182045e-02 1           
373:         2.117222e-01 9.302614e-02 0.2287278409 0.3228556818 0.0952102273 4.845795e-02 1           
374:         6.335648e-01 2.312670e-02 0.1132613636 0.1395982955 0.0632113636 2.723750e-02 1           
375:         4.422898e-02 1.135455e-02 0.0839534091 0.0161250000 0.7544698864 8.986818e-02 1           
376:         6.751466e-01 2.896136e-02 0.0444369318 0.1200005682 0.1126142045 1.884034e-02 1           
377:         1.975341e-02 1.019659e-02 0.0670897727 0.0125755682 0.8681375000 2.224716e-02 1           
378:         1.329608e-01 1.656517e-01 0.0322960227 0.5917761364 0.0530028409 2.431250e-02 1           
379:         5.551892e-01 1.409659e-01 0.0173681818 0.2576982955 0.0179204545 1.085795e-02 1           
380:         4.906977e-01 7.949432e-02 0.0441267045 0.2543312500 0.1080181818 2.333182e-02 1           
