Estimated Clustering Probabilities for Samples
Sample	***Cluster  01***	***Cluster  02***	***Cluster  03***	***Cluster  04***	***Cluster  05***	***Cluster  06***	
000001:	0.143815340909091	0.144872727272727	0.111672727272727	0.109052840909091	0.005531250000000	0.485055113636364		1
000002:	0.048965909090909	0.027480681818182	0.104762500000000	0.032930681818182	0.004466477272727	0.781393750000000		1
000003:	0.376485795454545	0.029266477272727	0.054002272727273	0.035798863636364	0.009414204545455	0.495032386363636		1
000004:	0.096002840909091	0.025490340909091	0.447261363636364	0.012085227272727	0.011039772727273	0.408120454545455		1
000005:	0.236457386363636	0.060986363636364	0.051229545454545	0.014809090909091	0.004928409090909	0.631589204545455		1
000006:	0.172819318181818	0.034844886363636	0.419584659090909	0.013359659090909	0.014807386363636	0.344584090909091		1
000007:	0.224787500000000	0.031144318181818	0.062295454545455	0.108901704545455	0.006680113636364	0.566190909090909		1
000008:	0.066748295454545	0.018417045454545	0.040100568181818	0.009585795454545	0.006798863636364	0.858349431818182		1
000009:	0.043930681818182	0.039420454545455	0.053276136363636	0.012883522727273	0.005042613636364	0.845446590909091		1
000010:	0.090509090909091	0.048809659090909	0.065695454545455	0.015630113636364	0.005259659090909	0.774096022727273		1
000011:	0.160304545454545	0.120014204545455	0.296308522727273	0.154111931818182	0.060018750000000	0.209242045454545		1
000012:	0.967196590909091	0.008910227272727	0.015081250000000	0.002291477272727	0.004778977272727	0.001741477272727		1
000013:	0.143935227272727	0.207643750000000	0.288510795454545	0.035923863636364	0.269689204545455	0.054297159090909		1
000014:	0.022073295454545	0.027048863636364	0.877500000000000	0.016909090909091	0.037248295454545	0.019220454545455		1
000015:	0.630148295454545	0.095231818181818	0.094421022727273	0.021272159090909	0.033446590909091	0.125480113636364		1
000016:	0.018128977272727	0.012178977272727	0.935325568181818	0.006169886363636	0.016855681818182	0.011340909090909		1
000017:	0.469963636363636	0.281431250000000	0.099318181818182	0.041278977272727	0.041002272727273	0.067005681818182		1
000018:	0.198139204545455	0.381884090909091	0.078642045454545	0.028992045454545	0.285510227272727	0.026832386363636		1
000019:	0.822069318181818	0.050235795454545	0.020483522727273	0.034565909090909	0.034333522727273	0.038311931818182		1
000020:	0.176914772727273	0.317538068181818	0.350996590909091	0.040634090909091	0.040875568181818	0.073040909090909		1
000021:	0.116450568181818	0.617240909090909	0.036147727272727	0.167018750000000	0.038656818181818	0.024485227272727		1
000022:	0.632975000000000	0.187170454545455	0.064593181818182	0.022122159090909	0.055915340909091	0.037223863636364		1
000023:	0.271860795454545	0.349728409090909	0.088709659090909	0.127050568181818	0.117992613636364	0.044657954545455		1
000024:	0.057305113636364	0.051384090909091	0.839988068181818	0.010978977272727	0.029425568181818	0.010918181818182		1
000025:	0.299641477272727	0.155700568181818	0.161840340909091	0.032260795454545	0.322325568181818	0.028231250000000		1
000026:	0.471033522727273	0.308720454545455	0.066696590909091	0.041480681818182	0.077206250000000	0.034862500000000		1
000027:	0.105240340909091	0.651286363636364	0.059880681818182	0.045190340909091	0.100055681818182	0.038346590909091		1
000028:	0.154246022727273	0.289323295454545	0.105928409090909	0.300453977272727	0.038291477272727	0.111756818181818		1
000029:	0.216785795454545	0.376650000000000	0.200080113636364	0.053544886363636	0.087680681818182	0.065258522727273		1
000030:	0.510208522727273	0.008010227272727	0.466872159090909	0.003183522727273	0.009003977272727	0.002721590909091		1
000031:	0.139667045454545	0.454873295454545	0.066819318181818	0.019924431818182	0.286771022727273	0.031944886363636		1
000032:	0.084303409090909	0.711267045454545	0.074401136363636	0.043872727272727	0.052036363636364	0.034119318181818		1
000033:	0.436726704545455	0.231936931818182	0.101789772727273	0.094830113636364	0.063220454545455	0.071496022727273		1
000034:	0.021545454545455	0.052198295454545	0.820800568181818	0.015435795454545	0.042722727272727	0.047297159090909		1
000035:	0.136798295454545	0.490997727272727	0.048655113636364	0.120355681818182	0.158393181818182	0.044800000000000		1
000036:	0.230624431818182	0.495125000000000	0.100793181818182	0.069234659090909	0.039410227272727	0.064812500000000		1
000037:	0.173655681818182	0.614910227272727	0.086690909090909	0.015856818181818	0.074298863636364	0.034587500000000		1
000038:	0.095524431818182	0.120506818181818	0.127421022727273	0.142261363636364	0.186621590909091	0.327664772727273		1
000039:	0.429521590909091	0.220176704545455	0.116924431818182	0.025228977272727	0.176574431818182	0.031573863636364		1
000040:	0.079735227272727	0.056047727272727	0.732872727272727	0.029255681818182	0.064018181818182	0.038070454545455		1
000041:	0.210894318181818	0.455956250000000	0.187857954545455	0.032794318181818	0.067675000000000	0.044822159090909		1
000042:	0.219755681818182	0.381099431818182	0.121156250000000	0.034667045454545	0.202061363636364	0.041260227272727		1
000043:	0.498964772727273	0.158890340909091	0.162872159090909	0.040561931818182	0.047401136363636	0.091309659090909		1
000044:	0.728998863636364	0.150825000000000	0.049235227272727	0.016988636363636	0.022990909090909	0.030961363636364		1
000045:	0.154182386363636	0.652717045454545	0.028933522727273	0.028187500000000	0.103181250000000	0.032798295454545		1
000046:	0.242492045454545	0.290322159090909	0.084888068181818	0.178745454545455	0.110192045454545	0.093360227272727		1
000047:	0.115334659090909	0.286682386363636	0.189398863636364	0.072756250000000	0.076259659090909	0.259568181818182		1
000048:	0.375696022727273	0.057678977272727	0.076294886363636	0.023717045454545	0.036573863636364	0.430039204545455		1
000049:	0.814527840909091	0.042025568181818	0.048377272727273	0.017927840909091	0.015768181818182	0.061373295454545		1
000050:	0.212798863636364	0.201507386363636	0.370255681818182	0.028538068181818	0.038368750000000	0.148531250000000		1
000051:	0.031764204545455	0.017578977272727	0.836227840909091	0.006377272727273	0.009319886363636	0.098731818181818		1
000052:	0.071298863636364	0.021127272727273	0.840113636363636	0.012055113636364	0.010798295454545	0.044606818181818		1
000053:	0.337959090909091	0.207060795454545	0.197560795454545	0.031847727272727	0.083072727272727	0.142498863636364		1
000054:	0.123557386363636	0.192742045454545	0.098106818181818	0.045733522727273	0.445661931818182	0.094198295454545		1
000055:	0.397708522727273	0.030963636363636	0.355555681818182	0.015682386363636	0.027815340909091	0.172274431818182		1
000056:	0.673019318181818	0.078408522727273	0.068927272727273	0.020523295454545	0.023375000000000	0.135746590909091		1
000057:	0.374069886363636	0.268111363636364	0.170731250000000	0.051475568181818	0.033190340909091	0.102421590909091		1
000058:	0.824272727272727	0.043061931818182	0.024687500000000	0.023714204545455	0.047951136363636	0.036312500000000		1
000059:	0.654638636363636	0.197598295454545	0.031860227272727	0.022570454545455	0.047908522727273	0.045423863636364		1
000060:	0.825687500000000	0.048368750000000	0.038753977272727	0.018110795454545	0.015398295454545	0.053680681818182		1
000061:	0.761980681818182	0.044357954545455	0.098200000000000	0.021136931818182	0.026035227272727	0.048289204545455		1
000062:	0.044369318181818	0.020526704545455	0.863334659090909	0.013700568181818	0.013636363636364	0.044432386363636		1
000063:	0.035242045454545	0.024459090909091	0.832280681818182	0.024146022727273	0.022737500000000	0.061134659090909		1
000064:	0.039230113636364	0.018860227272727	0.830503977272727	0.021156818181818	0.009774431818182	0.080474431818182		1
000065:	0.722023863636364	0.045752840909091	0.085160795454545	0.020985227272727	0.019479545454545	0.106597727272727		1
000066:	0.564440909090909	0.175495454545455	0.093058522727273	0.026325568181818	0.043433522727273	0.097246022727273		1
000067:	0.056481818181818	0.031487500000000	0.618093750000000	0.037938636363636	0.013734659090909	0.242263636363636		1
000068:	0.783391477272727	0.086675568181818	0.025332954545455	0.031909090909091	0.021236363636364	0.051454545454545		1
000069:	0.527907386363636	0.243200568181818	0.075687500000000	0.056730681818182	0.028322159090909	0.068151704545455		1
000070:	0.334280113636364	0.114267045454545	0.319669318181818	0.068856818181818	0.063212500000000	0.099714204545455		1
000071:	0.412530113636364	0.415136931818182	0.039894886363636	0.043971022727273	0.033182386363636	0.055284659090909		1
000072:	0.664836363636364	0.046742045454545	0.092564772727273	0.070080113636364	0.029088636363636	0.096688068181818		1
000073:	0.626233522727273	0.096119886363636	0.077585795454545	0.039753977272727	0.035104545454545	0.125202272727273		1
000074:	0.242445454545455	0.263898295454545	0.175065909090909	0.046342045454545	0.200769318181818	0.071478977272727		1
000075:	0.480507954545455	0.177053409090909	0.098746590909091	0.049842613636364	0.087230681818182	0.106618750000000		1
000076:	0.217418181818182	0.143274431818182	0.029181818181818	0.481906250000000	0.092143181818182	0.036076136363636		1
000077:	0.259228977272727	0.136093750000000	0.065118750000000	0.174745454545455	0.128800000000000	0.236013068181818		1
000078:	0.733667045454545	0.051253977272727	0.055036931818182	0.057844886363636	0.018308522727273	0.083888636363636		1
000079:	0.622210227272727	0.131463068181818	0.068985795454545	0.045648863636364	0.061787500000000	0.069904545454545		1
000080:	0.400355681818182	0.179035795454545	0.027107386363636	0.089232954545455	0.233499431818182	0.070768750000000		1
000081:	0.647582386363636	0.092108522727273	0.051127840909091	0.033183522727273	0.020807386363636	0.155190340909091		1
000082:	0.786995454545454	0.042846590909091	0.047138068181818	0.026659090909091	0.022096590909091	0.074264204545455		1
000083:	0.806696590909091	0.056917045454545	0.029191477272727	0.022810795454545	0.024328977272727	0.060055113636364		1
000084:	0.026355113636364	0.024984659090909	0.877177840909091	0.021755681818182	0.024974431818182	0.024752272727273		1
000085:	0.217388068181818	0.407252272727273	0.152580681818182	0.055886931818182	0.045253409090909	0.121638636363636		1
000086:	0.250106250000000	0.092058522727273	0.318576704545455	0.052049431818182	0.159480113636364	0.127728977272727		1
000087:	0.803317613636364	0.088200568181818	0.035754545454545	0.012106818181818	0.022125568181818	0.038494886363636		1
000088:	0.159447159090909	0.717587500000000	0.040402840909091	0.023452272727273	0.028422727272727	0.030687500000000		1
000089:	0.214559659090909	0.562453409090909	0.068093181818182	0.051546590909091	0.041598295454545	0.061748863636364		1
000090:	0.275817045454545	0.206752840909091	0.122522727272727	0.052732386363636	0.269259659090909	0.072915340909091		1
000091:	0.055580681818182	0.122762500000000	0.003941477272727	0.103257386363636	0.700268750000000	0.014189204545455		1
000092:	0.681901136363636	0.056719886363636	0.055461363636364	0.034315909090909	0.076580113636364	0.095021590909091		1
000093:	0.339609659090909	0.197807954545455	0.082854545454545	0.055661363636364	0.171105113636364	0.152961363636364		1
000094:	0.461167045454545	0.222750000000000	0.064415909090909	0.065373863636364	0.078115340909091	0.108177840909091		1
000095:	0.582147727272727	0.061453977272727	0.117070454545455	0.048352840909091	0.027056818181818	0.163918181818182		1
000096:	0.024969318181818	0.016361363636364	0.928478977272727	0.004756250000000	0.007584659090909	0.017849431818182		1
000097:	0.779485227272727	0.142226136363636	0.022603409090909	0.009039204545455	0.022174431818182	0.024471590909091		1
000098:	0.825322727272727	0.084143750000000	0.019778977272727	0.010372727272727	0.016367045454545	0.044014772727273		1
000099:	0.421413068181818	0.194303977272727	0.236361931818182	0.040910227272727	0.041957386363636	0.065053409090909		1
000100:	0.101859090909091	0.121322159090909	0.701882954545455	0.013589772727273	0.018842045454545	0.042503977272727		1
000101:	0.085151704545455	0.772307954545455	0.053428409090909	0.021713636363636	0.016986363636364	0.050411931818182		1
000102:	0.328989204545455	0.278983522727273	0.186697159090909	0.029774431818182	0.068483522727273	0.107072159090909		1
000103:	0.457209090909091	0.157265909090909	0.034346590909091	0.081793750000000	0.168588068181818	0.100796590909091		1
000104:	0.133153409090909	0.021913636363636	0.789920454545455	0.006539772727273	0.009329545454545	0.039143181818182		1
000105:	0.231463636363636	0.437696022727273	0.181278977272727	0.016206250000000	0.047162500000000	0.086192613636364		1
000106:	0.255518181818182	0.531390909090909	0.046639204545455	0.031053977272727	0.030747159090909	0.104650568181818		1
000107:	0.174908522727273	0.156588636363636	0.544099431818182	0.017808522727273	0.026705681818182	0.079889204545455		1
000108:	0.089722159090909	0.104794318181818	0.688566477272727	0.022725568181818	0.043554545454545	0.050636931818182		1
000109:	0.362283522727273	0.367565340909091	0.079916477272727	0.042220454545455	0.065647159090909	0.082367045454545		1
000110:	0.078359090909091	0.066760795454545	0.138035227272727	0.099891477272727	0.557160795454545	0.059792613636364		1
000111:	0.135040909090909	0.105535227272727	0.578995454545455	0.038997727272727	0.024268750000000	0.117161931818182		1
000112:	0.050075568181818	0.648939204545455	0.142436931818182	0.031217045454545	0.074180681818182	0.053150568181818		1
000113:	0.617572159090909	0.114980113636364	0.124555113636364	0.026782386363636	0.026062500000000	0.090047727272727		1
000114:	0.390961363636364	0.165189204545455	0.052195454545455	0.152896022727273	0.110806818181818	0.127951136363636		1
000115:	0.625701136363636	0.132960795454545	0.095327272727273	0.026455113636364	0.059506818181818	0.060048863636364		1
000116:	0.517193750000000	0.052148295454545	0.250424431818182	0.023715909090909	0.027706818181818	0.128810795454545		1
000117:	0.184757386363636	0.594980113636364	0.052189772727273	0.017671022727273	0.034991477272727	0.115410227272727		1
000118:	0.372453409090909	0.116848863636364	0.220444886363636	0.060786363636364	0.041962500000000	0.187503977272727		1
000119:	0.439045454545455	0.278685795454545	0.090417613636364	0.034201704545455	0.115505113636364	0.042144318181818		1
000120:	0.074423295454545	0.011752840909091	0.816075568181818	0.040102840909091	0.006646590909091	0.050998863636364		1
000121:	0.544734659090909	0.128092613636364	0.063469886363636	0.070790909090909	0.119778409090909	0.073133522727273		1
000122:	0.588417045454545	0.328688068181818	0.031906818181818	0.017288636363636	0.012352840909091	0.021346590909091		1
000123:	0.846911363636364	0.034360227272727	0.035608522727273	0.018846022727273	0.036735795454545	0.027538068181818		1
000124:	0.179499431818182	0.482555681818182	0.045746590909091	0.105321022727273	0.075028977272727	0.111848295454545		1
000125:	0.210220454545455	0.082940909090909	0.157088068181818	0.142090909090909	0.054717613636364	0.352942045454545		1
000126:	0.060846590909091	0.052480681818182	0.038346022727273	0.733683522727273	0.024154545454545	0.090488636363636		1
000127:	0.326322159090909	0.223623863636364	0.209948295454545	0.032797727272727	0.069589204545455	0.137718750000000		1
000128:	0.619604545454545	0.078082954545455	0.101507954545455	0.021487500000000	0.029141477272727	0.150175568181818		1
000129:	0.644932386363636	0.187588636363636	0.034819886363636	0.035173295454545	0.057578409090909	0.039907386363636		1
000130:	0.617781250000000	0.048942045454545	0.141382954545455	0.048796590909091	0.038612500000000	0.104484659090909		1
000131:	0.443739204545455	0.264915909090909	0.135889204545455	0.033810795454545	0.033242045454545	0.088402840909091		1
000132:	0.068263636363636	0.111114772727273	0.634829545454546	0.013809090909091	0.019495454545455	0.152487500000000		1
000133:	0.166931250000000	0.254789204545455	0.068201704545455	0.187668750000000	0.135026704545455	0.187382386363636		1
000134:	0.347884659090909	0.153793181818182	0.124865340909091	0.045503409090909	0.174888068181818	0.153065340909091		1
000135:	0.453957386363636	0.248225568181818	0.022453977272727	0.017256250000000	0.182300000000000	0.075806818181818		1
000136:	0.727681250000000	0.062244318181818	0.057641477272727	0.021034090909091	0.021640909090909	0.109757954545455		1
000137:	0.483385227272727	0.231000568181818	0.053682386363636	0.034524431818182	0.157671590909091	0.039735795454545		1
000138:	0.501524431818182	0.179074431818182	0.049939772727273	0.086280113636364	0.045076136363636	0.138105113636364		1
000139:	0.309925568181818	0.280044318181818	0.102346022727273	0.031989204545455	0.076752840909091	0.198942045454545		1
000140:	0.183317045454545	0.112511363636364	0.084790909090909	0.029947159090909	0.547188068181818	0.042245454545455		1
000141:	0.084865909090909	0.060412500000000	0.490389204545455	0.076325000000000	0.038368181818182	0.249639204545455		1
000142:	0.674051136363636	0.130809090909091	0.083527272727273	0.011314204545455	0.042077840909091	0.058220454545455		1
000143:	0.555975568181818	0.195563636363636	0.074245454545455	0.020806818181818	0.027855681818182	0.125552840909091		1
000144:	0.226163068181818	0.330866477272727	0.189017613636364	0.059348863636364	0.036594318181818	0.158009659090909		1
000145:	0.051238636363636	0.036097727272727	0.813586931818182	0.017727272727273	0.028507386363636	0.052842045454545		1
000146:	0.455998863636364	0.144442613636364	0.079292613636364	0.025854545454545	0.136756818181818	0.157654545454545		1
000147:	0.513816477272727	0.105710795454545	0.137609090909091	0.012902272727273	0.027881250000000	0.202080113636364		1
000148:	0.726433522727273	0.053136931818182	0.019767613636364	0.008744886363636	0.020535795454545	0.171381250000000		1
000149:	0.239660227272727	0.329255681818182	0.129843750000000	0.039856250000000	0.063572727272727	0.197811363636364		1
000150:	0.205513636363636	0.545347159090909	0.068861363636364	0.028931818181818	0.097805113636364	0.053540909090909		1
000151:	0.257117613636364	0.163504545454545	0.333378977272727	0.041293750000000	0.045082954545455	0.159622159090909		1
000152:	0.423888636363636	0.152902272727273	0.099192613636364	0.075048295454545	0.087579545454545	0.161388636363636		1
000153:	0.148860795454545	0.553446022727273	0.152676136363636	0.023737500000000	0.050528977272727	0.070750568181818		1
000154:	0.165272727272727	0.045575000000000	0.665830681818182	0.016696022727273	0.022392045454545	0.084233522727273		1
000155:	0.422221590909091	0.147455681818182	0.280377840909091	0.028950000000000	0.056138068181818	0.064856818181818		1
000156:	0.076681818181818	0.559113068181818	0.207741477272727	0.043746590909091	0.030080681818182	0.082636363636364		1
000157:	0.022665340909091	0.008598295454545	0.884477840909091	0.013747159090909	0.005643181818182	0.064868181818182		1
000158:	0.078931818181818	0.128772727272727	0.101190340909091	0.134073295454545	0.032283522727273	0.524748295454545		1
000159:	0.043466477272727	0.082289204545455	0.618524431818182	0.055165340909091	0.030703409090909	0.169851136363636		1
000160:	0.021452840909091	0.014388636363636	0.073924431818182	0.342265340909091	0.008704545454545	0.539264204545455		1
000161:	0.031093181818182	0.021777272727273	0.084322159090909	0.043427840909091	0.015529545454545	0.803850000000000		1
000162:	0.089391477272727	0.246698863636364	0.030457386363636	0.155713068181818	0.185365340909091	0.292373863636364		1
000163:	0.205792045454545	0.029675568181818	0.036588068181818	0.020870454545455	0.008430113636364	0.698643750000000		1
000164:	0.333126704545455	0.026747727272727	0.436294886363636	0.018815340909091	0.003843750000000	0.181171590909091		1
000165:	0.122337500000000	0.025591477272727	0.068693181818182	0.028850568181818	0.012335227272727	0.742192045454545		1
000166:	0.153825000000000	0.027300568181818	0.084776136363636	0.024012500000000	0.010419318181818	0.699666477272727		1
000167:	0.271068181818182	0.069318181818182	0.058625568181818	0.090590340909091	0.022560795454545	0.487836931818182		1
000168:	0.297278977272727	0.169331818181818	0.395252272727273	0.019082386363636	0.034466477272727	0.084588068181818		1
000169:	0.624718181818182	0.235055113636364	0.038060227272727	0.014249431818182	0.025809659090909	0.062107386363636		1
000170:	0.773492613636364	0.035107386363636	0.023941477272727	0.017929545454545	0.022377272727273	0.127151704545455		1
000171:	0.111220454545455	0.068134090909091	0.669747159090909	0.014002840909091	0.022764772727273	0.114130681818182		1
000172:	0.318450568181818	0.156700568181818	0.330473295454545	0.037269886363636	0.061184090909091	0.095921590909091		1
000173:	0.707979545454545	0.119282954545455	0.056740909090909	0.013322727272727	0.017165340909091	0.085508522727273		1
000174:	0.577656818181818	0.034171590909091	0.019656818181818	0.168809659090909	0.017834659090909	0.181870454545455		1
000175:	0.028668750000000	0.037609090909091	0.898075568181818	0.004114204545455	0.009031818181818	0.022500568181818		1
000176:	0.349884090909091	0.275722727272727	0.123276704545455	0.059503409090909	0.027863068181818	0.163750000000000		1
000177:	0.703544318181818	0.170988636363636	0.059555113636364	0.007466477272727	0.018143181818182	0.040302272727273		1
000178:	0.539474431818182	0.155283522727273	0.174026704545455	0.014545454545455	0.030627840909091	0.086042045454545		1
000179:	0.040263636363636	0.064384659090909	0.822960227272727	0.006396590909091	0.028910227272727	0.037084659090909		1
000180:	0.025806250000000	0.030776704545455	0.884600000000000	0.010628977272727	0.012751136363636	0.035436931818182		1
000181:	0.026450000000000	0.046392045454545	0.842677272727273	0.029783522727273	0.014298295454545	0.040398863636364		1
000182:	0.079916477272727	0.317865340909091	0.518958522727273	0.014161363636364	0.025350000000000	0.043748295454545		1
000183:	0.052259659090909	0.031849431818182	0.847832386363636	0.007951704545455	0.015338068181818	0.044768750000000		1
000184:	0.548384090909091	0.114292613636364	0.095308522727273	0.017138068181818	0.075246590909091	0.149630113636364		1
000185:	0.121770454545455	0.353139772727273	0.128536931818182	0.054748295454545	0.158723863636364	0.183080681818182		1
000186:	0.075534090909091	0.085647727272727	0.744994886363636	0.025689772727273	0.032127840909091	0.036005681818182		1
000187:	0.005535227272727	0.016811363636364	0.961380113636364	0.002259659090909	0.007788068181818	0.006225568181818		1
000188:	0.205160227272727	0.080668181818182	0.349875568181818	0.170694318181818	0.049630113636364	0.143971590909091		1
000189:	0.888189772727273	0.028867613636364	0.027082954545455	0.009632386363636	0.010750568181818	0.035476704545455		1
000190:	0.655568750000000	0.118101136363636	0.035388068181818	0.026655113636364	0.030620454545455	0.133666477272727		1
000191:	0.472406250000000	0.268423863636364	0.091639204545455	0.022789772727273	0.032178409090909	0.112562500000000		1
000192:	0.122096022727273	0.637489204545455	0.109328977272727	0.028803977272727	0.033741477272727	0.068540340909091		1
000193:	0.377221590909091	0.299910795454545	0.152072159090909	0.023118750000000	0.046998295454545	0.100678409090909		1
000194:	0.492733522727273	0.089864204545455	0.123086363636364	0.017365909090909	0.145329545454545	0.131620454545455		1
000195:	0.174496022727273	0.745169886363636	0.033340340909091	0.012292045454545	0.009171590909091	0.025530113636364		1
000196:	0.067498295454545	0.038379545454545	0.229789204545455	0.121280113636364	0.010603977272727	0.532448863636364		1
000197:	0.185407386363636	0.216486931818182	0.170111363636364	0.045798295454545	0.016056250000000	0.366139772727273		1
000198:	0.139578409090909	0.325540909090909	0.104139772727273	0.048294886363636	0.058794886363636	0.323651136363636		1
000199:	0.070231818181818	0.022701136363636	0.099197727272727	0.062936363636364	0.011765909090909	0.733167045454545		1
000200:	0.180186931818182	0.028961931818182	0.039481818181818	0.193708522727273	0.011711363636364	0.545949431818182		1
000201:	0.037355681818182	0.026327272727273	0.818493750000000	0.016943181818182	0.021725000000000	0.079155113636364		1
000202:	0.470761931818182	0.100071590909091	0.207730113636364	0.069239204545455	0.070118181818182	0.082078977272727		1
000203:	0.596367045454545	0.068980113636364	0.110371590909091	0.014952272727273	0.045589772727273	0.163739204545455		1
000204:	0.458255681818182	0.053196022727273	0.212592045454545	0.079613636363636	0.035466477272727	0.160876136363636		1
000205:	0.322789204545455	0.071321022727273	0.399092613636364	0.031421022727273	0.056585227272727	0.118790909090909		1
000206:	0.601632954545455	0.058774431818182	0.094172727272727	0.027096022727273	0.149409659090909	0.068914204545455		1
000207:	0.199284090909091	0.487510227272727	0.033643750000000	0.075056250000000	0.039311363636364	0.165194318181818		1
000208:	0.280166477272727	0.142084090909091	0.283554545454545	0.040176704545455	0.049411931818182	0.204606250000000		1
000209:	0.101115909090909	0.102151704545455	0.467505113636364	0.044624431818182	0.024277840909091	0.260325000000000		1
000210:	0.238111931818182	0.173700568181818	0.319456250000000	0.022058522727273	0.026322727272727	0.220350000000000		1
000211:	0.587156818181818	0.053469318181818	0.116029545454545	0.026385795454545	0.021223295454545	0.195735227272727		1
000212:	0.399489204545455	0.029615340909091	0.156557386363636	0.255894318181818	0.010251704545455	0.148192045454545		1
000213:	0.071759659090909	0.040396590909091	0.201846590909091	0.033523863636364	0.011605681818182	0.640867613636364		1
000214:	0.232697159090909	0.027733522727273	0.047551704545455	0.028954545454545	0.024424431818182	0.638638636363636		1
000215:	0.307415909090909	0.143386363636364	0.093104545454545	0.192672727272727	0.052359659090909	0.211060795454545		1
000216:	0.047373295454545	0.029596022727273	0.299268181818182	0.036582954545455	0.017042045454545	0.570137500000000		1
000217:	0.056817045454545	0.024672159090909	0.127938636363636	0.067351136363636	0.046670454545455	0.676550568181818		1
000218:	0.085747727272727	0.039124431818182	0.099156818181818	0.071774431818182	0.011810795454545	0.692385795454545		1
000219:	0.049803977272727	0.015692045454545	0.096731250000000	0.051203409090909	0.009007954545455	0.777561363636364		1
000220:	0.052755681818182	0.040815909090909	0.149259659090909	0.033667613636364	0.009115909090909	0.714385227272727		1
000221:	0.112115909090909	0.040680681818182	0.080125000000000	0.051388068181818	0.011256818181818	0.704433522727273		1
000222:	0.024437500000000	0.006346590909091	0.783342613636364	0.018871590909091	0.008676136363636	0.158325568181818		1
000223:	0.272211363636364	0.085409659090909	0.250646022727273	0.075432386363636	0.045717045454545	0.270583522727273		1
000224:	0.661125568181818	0.105677840909091	0.048406250000000	0.068117045454545	0.085315909090909	0.031357386363636		1
000225:	0.820790340909091	0.042488068181818	0.041013068181818	0.027313636363636	0.045324431818182	0.023070454545455		1
000226:	0.484635227272727	0.075998863636364	0.209480113636364	0.150835227272727	0.040145454545455	0.038905113636364		1
000227:	0.300900568181818	0.237725000000000	0.058159090909091	0.175842613636364	0.174859659090909	0.052513068181818		1
000228:	0.031931818181818	0.032510227272727	0.025272159090909	0.161023295454545	0.706245454545455	0.043017045454545		1
000229:	0.738873295454545	0.049764204545455	0.034020454545455	0.065919886363636	0.063382954545455	0.048039204545455		1
000230:	0.111163068181818	0.060340909090909	0.032218181818182	0.615933522727273	0.075390340909091	0.104953977272727		1
000231:	0.406377272727273	0.208885227272727	0.042448863636364	0.118627840909091	0.119753977272727	0.103906818181818		1
000232:	0.111619886363636	0.041467045454545	0.267869318181818	0.349633522727273	0.118627272727273	0.110782954545455		1
000233:	0.393631250000000	0.289951704545455	0.035505113636364	0.135127840909091	0.117301136363636	0.028482954545455		1
000234:	0.385651704545455	0.108363636363636	0.024388068181818	0.100534090909091	0.360109090909091	0.020953409090909		1
000235:	0.143705681818182	0.066109090909091	0.056853409090909	0.039783522727273	0.675190340909091	0.018357954545455		1
000236:	0.046646590909091	0.064207386363636	0.331564204545455	0.376433522727273	0.150665909090909	0.030482386363636		1
000237:	0.382527272727273	0.142823295454545	0.037545454545455	0.067267613636364	0.341131250000000	0.028705113636364		1
000238:	0.078347159090909	0.032697159090909	0.732366477272727	0.054612500000000	0.065942045454545	0.036034659090909		1
000239:	0.199380113636364	0.115637500000000	0.082221590909091	0.309940909090909	0.243688636363636	0.049131250000000		1
000240:	0.140542045454545	0.031554545454545	0.021911363636364	0.751101136363636	0.034961363636364	0.019929545454545		1
000241:	0.102673295454545	0.356946590909091	0.263932954545455	0.131971022727273	0.105562500000000	0.038913636363636		1
000242:	0.128937500000000	0.577736363636364	0.036401136363636	0.063055681818182	0.152167613636364	0.041701704545455		1
000243:	0.021409090909091	0.033268750000000	0.032686931818182	0.609414772727273	0.292103409090909	0.011117045454545		1
000244:	0.336467613636364	0.058784090909091	0.073587500000000	0.305576704545455	0.123817045454545	0.101767045454545		1
000245:	0.476896590909091	0.049805113636364	0.023122727272727	0.351135227272727	0.072614772727273	0.026425568181818		1
000246:	0.253211363636364	0.181503977272727	0.049931818181818	0.150264204545455	0.320475000000000	0.044613636363636		1
000247:	0.179086931818182	0.180370454545455	0.053462500000000	0.320901136363636	0.198783522727273	0.067395454545455		1
000248:	0.692738068181818	0.018082386363636	0.024325568181818	0.189242613636364	0.033515909090909	0.042095454545455		1
000249:	0.100331250000000	0.119172727272727	0.030592613636364	0.467888068181818	0.250276704545455	0.031738636363636		1
000250:	0.730048863636364	0.058777272727273	0.023114204545455	0.052175000000000	0.119682386363636	0.016202272727273		1
000251:	0.229802840909091	0.299402272727273	0.048926136363636	0.260320454545455	0.132881818181818	0.028666477272727		1
000252:	0.066585227272727	0.032842045454545	0.237566477272727	0.528506250000000	0.094712500000000	0.039787500000000		1
000253:	0.067655113636364	0.070343181818182	0.050022159090909	0.165067613636364	0.575956250000000	0.070955681818182		1
000254:	0.119276136363636	0.040521590909091	0.102056818181818	0.418680681818182	0.273478977272727	0.045985795454545		1
000255:	0.382134090909091	0.034947727272727	0.063188636363636	0.261089772727273	0.211159090909091	0.047480681818182		1
000256:	0.818277272727273	0.025522159090909	0.033360795454545	0.061743750000000	0.034911363636364	0.026184659090909		1
000257:	0.044038636363636	0.020155113636364	0.697032954545455	0.078382954545455	0.060728409090909	0.099661931818182		1
000258:	0.731754545454545	0.039421022727273	0.064390909090909	0.068997727272727	0.040480681818182	0.054955113636364		1
000259:	0.013930681818182	0.014560795454545	0.904281818181818	0.019995454545455	0.022801704545455	0.024429545454545		1
000260:	0.105150568181818	0.099333522727273	0.045686931818182	0.627997159090909	0.084701704545455	0.037130113636364		1
000261:	0.079965909090909	0.066917613636364	0.151363636363636	0.358099431818182	0.302961931818182	0.040691477272727		1
000262:	0.051084090909091	0.078134090909091	0.289238636363636	0.319169318181818	0.120309090909091	0.142064772727273		1
000263:	0.331759090909091	0.143338068181818	0.138827272727273	0.083746590909091	0.059493750000000	0.242835227272727		1
000264:	0.087142613636364	0.034632386363636	0.710576136363636	0.088471022727273	0.028728977272727	0.050448863636364		1
000265:	0.448515909090909	0.031750000000000	0.072290909090909	0.092888636363636	0.083701704545455	0.270852840909091		1
000266:	0.800951136363636	0.024513636363636	0.041915340909091	0.048782386363636	0.060380681818182	0.023456818181818		1
000267:	0.462955113636364	0.049756250000000	0.029547159090909	0.251550000000000	0.171059659090909	0.035131818181818		1
000268:	0.329087500000000	0.077673863636364	0.176364204545455	0.109400000000000	0.089363068181818	0.218111363636364		1
000269:	0.196723863636364	0.140885795454545	0.052365340909091	0.035096590909091	0.523455681818182	0.051472727272727		1
000270:	0.017728409090909	0.011588636363636	0.897060795454545	0.023336363636364	0.020094886363636	0.030190909090909		1
000271:	0.059873863636364	0.056906250000000	0.166023863636364	0.227563068181818	0.429354545454545	0.060278409090909		1
000272:	0.063873295454545	0.063943750000000	0.194624431818182	0.291755681818182	0.335927840909091	0.049875000000000		1
000273:	0.164727272727273	0.033377272727273	0.555408522727273	0.088232954545455	0.129412500000000	0.028841477272727		1
000274:	0.371185795454545	0.048180681818182	0.050774431818182	0.130301704545455	0.348842045454545	0.050715340909091		1
000275:	0.638562500000000	0.084493181818182	0.070432386363636	0.076880113636364	0.084305113636364	0.045326704545455		1
000276:	0.020859659090909	0.016888636363636	0.749590340909091	0.122946590909091	0.059944318181818	0.029770454545455		1
000277:	0.077725000000000	0.046833522727273	0.103968750000000	0.100485227272727	0.632523295454545	0.038464204545455		1
000278:	0.618068750000000	0.068402272727273	0.054186931818182	0.091770454545455	0.078434090909091	0.089137500000000		1
000279:	0.253946022727273	0.075674431818182	0.030482954545455	0.060453977272727	0.528659090909091	0.050783522727273		1
000280:	0.078265340909091	0.149916477272727	0.105893750000000	0.564097159090909	0.047009090909091	0.054818181818182		1
000281:	0.051800000000000	0.048825000000000	0.276903409090909	0.062344886363636	0.519938068181818	0.040188636363636		1
000282:	0.165869318181818	0.257006818181818	0.176622727272727	0.190152272727273	0.134522159090909	0.075826704545455		1
000283:	0.003277840909091	0.002828977272727	0.737430113636364	0.016712500000000	0.004377272727273	0.235373295454545		1
000284:	0.148651136363636	0.038234090909091	0.059235795454545	0.322933522727273	0.365226136363636	0.065719318181818		1
000285:	0.137040909090909	0.300040340909091	0.024873863636364	0.134203409090909	0.347380681818182	0.056460795454545		1
000286:	0.131778409090909	0.145523863636364	0.239867045454545	0.078159659090909	0.366610227272727	0.038060795454545		1
000287:	0.276014204545455	0.091820454545455	0.197328977272727	0.103431250000000	0.281763636363636	0.049641477272727		1
000288:	0.263550000000000	0.063427272727273	0.303261363636364	0.165650568181818	0.137557386363636	0.066553409090909		1
000289:	0.292840909090909	0.040095454545455	0.235675000000000	0.073423295454545	0.020498863636364	0.337466477272727		1
000290:	0.089467045454545	0.056143181818182	0.167767613636364	0.397998295454545	0.021391477272727	0.267232386363636		1
000291:	0.641913636363636	0.059710795454545	0.063856818181818	0.022215909090909	0.029344886363636	0.182957954545455		1
000292:	0.068271590909091	0.031928977272727	0.042267045454545	0.029273863636364	0.020975568181818	0.807282954545455		1
000293:	0.139811363636364	0.033180113636364	0.058215909090909	0.232303977272727	0.016632954545455	0.519855681818182		1
000294:	0.505391477272727	0.087268750000000	0.102747159090909	0.074846022727273	0.015761931818182	0.213984659090909		1
000295:	0.148421590909091	0.545205681818182	0.048885227272727	0.026475568181818	0.014280681818182	0.216731250000000		1
000296:	0.175900000000000	0.049069318181818	0.287051136363636	0.060249431818182	0.018526136363636	0.409203977272727		1
000297:	0.287504545454545	0.079478409090909	0.408567045454545	0.066884659090909	0.014842045454545	0.142723295454545		1
000298:	0.372220454545455	0.257461363636364	0.079159659090909	0.031955113636364	0.188355113636364	0.070848295454545		1
000299:	0.689896022727273	0.038242613636364	0.064389204545455	0.054463636363636	0.057425000000000	0.095583522727273		1
000300:	0.202237500000000	0.066965340909091	0.349050568181818	0.091880681818182	0.102991477272727	0.186874431818182		1
000301:	0.599647159090909	0.066590340909091	0.053011931818182	0.050730681818182	0.027578409090909	0.202441477272727		1
000302:	0.020176704545455	0.025500568181818	0.764850000000000	0.057014204545455	0.012650000000000	0.119808522727273		1
000303:	0.001579545454545	0.000319318181818	0.989465909090909	0.007700568181818	0.000093181818182	0.000841477272727		1
000304:	0.151836363636364	0.058075568181818	0.036536931818182	0.244122727272727	0.019178977272727	0.490249431818182		1
000305:	0.016579545454545	0.015165340909091	0.076815340909091	0.716926704545455	0.010957954545455	0.163555113636364		1
000306:	0.044754545454545	0.030140909090909	0.800059659090909	0.058172159090909	0.018280113636364	0.048592613636364		1
000307:	0.041567045454545	0.028514772727273	0.090203977272727	0.556215909090909	0.021963636363636	0.261534659090909		1
000308:	0.460486363636364	0.022237500000000	0.191775000000000	0.020686363636364	0.009616477272727	0.295198295454545		1
000309:	0.586199431818182	0.029453977272727	0.105247727272727	0.030090340909091	0.128109659090909	0.120898863636364		1
000310:	0.005407386363636	0.004006818181818	0.511104545454545	0.002989204545455	0.471720454545455	0.004771590909091		1
000311:	0.228252840909091	0.098852840909091	0.243505681818182	0.194832954545455	0.055908522727273	0.178647159090909		1
000312:	0.463582954545455	0.090046590909091	0.055289204545455	0.089564772727273	0.230565909090909	0.070950568181818		1
000313:	0.163767045454545	0.153585227272727	0.066131818181818	0.058039772727273	0.437388068181818	0.121088068181818		1
000314:	0.102363636363636	0.426934090909091	0.093586363636364	0.176022727272727	0.109305681818182	0.091787500000000		1
000315:	0.207307954545455	0.209911931818182	0.037290340909091	0.052384090909091	0.275839772727273	0.217265909090909		1
000316:	0.797798295454546	0.058209659090909	0.032328409090909	0.028200568181818	0.023969318181818	0.059493750000000		1
000317:	0.105952272727273	0.566615340909091	0.044427840909091	0.104593181818182	0.054205681818182	0.124205681818182		1
000318:	0.008659659090909	0.000749431818182	0.000781818181818	0.001465909090909	0.980121022727273	0.008222159090909		1
000319:	0.072956818181818	0.007580113636364	0.850169318181818	0.014885795454545	0.010524431818182	0.043883522727273		1
000320:	0.098894318181818	0.055862500000000	0.398038636363636	0.091450568181818	0.093319318181818	0.262434659090909		1
000321:	0.047446590909091	0.023293750000000	0.046168181818182	0.042780681818182	0.020743750000000	0.819567045454546		1
000322:	0.029152272727273	0.036256818181818	0.193253409090909	0.161292045454545	0.030667045454545	0.549378409090909		1
000323:	0.241641477272727	0.089055681818182	0.087688068181818	0.076718181818182	0.317986931818182	0.186909659090909		1
000324:	0.110089772727273	0.032772159090909	0.189385227272727	0.268954545454545	0.027032386363636	0.371765909090909		1
000325:	0.053978977272727	0.034153977272727	0.696111931818182	0.050316477272727	0.052125568181818	0.113313068181818		1
000326:	0.470452272727273	0.015906250000000	0.063816477272727	0.255006250000000	0.054768750000000	0.140050000000000		1
000327:	0.146299431818182	0.035394886363636	0.115815340909091	0.100995454545455	0.026215340909091	0.575279545454545		1
000328:	0.074090340909091	0.015018181818182	0.048342045454545	0.741432386363636	0.020092045454545	0.101025000000000		1
000329:	0.364512500000000	0.028563068181818	0.118985795454545	0.090253409090909	0.066835795454545	0.330849431818182		1
000330:	0.042115909090909	0.018393750000000	0.113815340909091	0.567083522727273	0.043551704545455	0.215039772727273		1
000331:	0.028762500000000	0.013044886363636	0.054493181818182	0.695230113636364	0.041771590909091	0.166697727272727		1
