Estimated Clustering Probabilities for Samples
Sample	***Cluster  01***	***Cluster  02***	***Cluster  03***	***Cluster  04***	***Cluster  05***	***Cluster  06***	
000001:	0.008151136363636	0.081971590909091	0.613681250000000	0.051906250000000	0.139861363636364	0.104428409090909		1
000002:	0.003436363636364	0.045857386363636	0.801244886363636	0.031640909090909	0.092835227272727	0.024985227272727		1
000003:	0.009288068181818	0.037722159090909	0.392465909090909	0.042805113636364	0.482123863636364	0.035594886363636		1
000004:	0.003589204545455	0.134040909090909	0.707293750000000	0.015053977272727	0.113008522727273	0.027013636363636		1
000005:	0.002835227272727	0.038096022727273	0.667653409090909	0.015855681818182	0.225371590909091	0.050188068181818		1
000006:	0.011459659090909	0.280669318181818	0.505598863636364	0.031636931818182	0.103001704545455	0.067633522727273		1
000007:	0.005103977272727	0.030699431818182	0.771265340909091	0.042022159090909	0.126334659090909	0.024574431818182		1
000008:	0.007023863636364	0.039574431818182	0.829700568181818	0.018717045454545	0.070707954545455	0.034276136363636		1
000009:	0.005884659090909	0.043156250000000	0.834993750000000	0.025207386363636	0.049244318181818	0.041513636363636		1
000010:	0.001471590909091	0.015852272727273	0.174757386363636	0.003972159090909	0.086778977272727	0.717167613636364		1
000011:	0.072285795454545	0.218275568181818	0.173601704545455	0.142499431818182	0.265320454545455	0.128017045454545		1
000012:	0.068057386363636	0.086395454545455	0.048210227272727	0.019226136363636	0.523863636363636	0.254247159090909		1
000013:	0.188231250000000	0.348793750000000	0.046268750000000	0.031386363636364	0.137247159090909	0.248072727272727		1
000014:	0.023590909090909	0.877175000000000	0.025319318181818	0.014664204545455	0.027807954545455	0.031442613636364		1
000015:	0.036889204545455	0.174313068181818	0.089761363636364	0.023258522727273	0.577330113636364	0.098447727272727		1
000016:	0.019787500000000	0.775422159090909	0.052057954545455	0.016883522727273	0.097294886363636	0.038553977272727		1
000017:	0.050170454545455	0.065112500000000	0.055071590909091	0.025725568181818	0.648584659090909	0.155335227272727		1
000018:	0.161246590909091	0.119385795454545	0.044895454545455	0.029227840909091	0.171332954545455	0.473911363636364		1
000019:	0.060643750000000	0.041429545454545	0.052809659090909	0.021435795454545	0.738218750000000	0.085462500000000		1
000020:	0.074092613636364	0.254480681818182	0.254769318181818	0.043108522727273	0.228880113636364	0.144668750000000		1
000021:	0.000390340909091	0.974754545454545	0.000214772727273	0.003040909090909	0.001835795454545	0.019763636363636		1
000022:	0.057057386363636	0.097917045454545	0.044408522727273	0.023497159090909	0.529557386363636	0.247562500000000		1
000023:	0.120725568181818	0.064589204545455	0.071893750000000	0.046521022727273	0.412351136363636	0.283919318181818		1
000024:	0.024093181818182	0.863102272727273	0.036266477272727	0.009155681818182	0.024128977272727	0.043253409090909		1
000025:	0.335990909090909	0.165514772727273	0.044700568181818	0.030897727272727	0.219505681818182	0.203390340909091		1
000026:	0.047527840909091	0.032939204545455	0.021731818181818	0.019923863636364	0.731719318181818	0.146157954545455		1
000027:	0.125578409090909	0.047365909090909	0.034715340909091	0.023539772727273	0.130796022727273	0.638004545454545		1
000028:	0.038086363636364	0.091131250000000	0.081695454545455	0.258404545454545	0.275818750000000	0.254863636363636		1
000029:	0.059521022727273	0.186014204545455	0.043618750000000	0.056626136363636	0.329702272727273	0.324517613636364		1
000030:	0.102826704545455	0.117668750000000	0.054968750000000	0.037684659090909	0.608507386363636	0.078343750000000		1
000031:	0.241358522727273	0.040717045454545	0.034610795454545	0.040442613636364	0.123176136363636	0.519694886363636		1
000032:	0.051109090909091	0.068928977272727	0.047218181818182	0.046752272727273	0.135147159090909	0.650844318181818		1
000033:	0.051728977272727	0.093682954545455	0.053756250000000	0.063790340909091	0.448889204545455	0.288152272727273		1
000034:	0.022302272727273	0.910352840909091	0.015242045454545	0.006677840909091	0.009981250000000	0.035443750000000		1
000035:	0.146523295454545	0.052188636363636	0.058936931818182	0.105041477272727	0.086448863636364	0.550860795454545		1
000036:	0.044216477272727	0.143167045454545	0.059616477272727	0.102748295454545	0.258582386363636	0.391669318181818		1
000037:	0.045286931818182	0.121794886363636	0.040528409090909	0.014661363636364	0.329298295454545	0.448430113636364		1
000038:	0.233949431818182	0.127621590909091	0.117335227272727	0.217427272727273	0.167781818181818	0.135884659090909		1
000039:	0.141389772727273	0.099519318181818	0.036837500000000	0.025547159090909	0.300411363636364	0.396294886363636		1
000040:	0.046098863636364	0.828486363636364	0.013416477272727	0.013006250000000	0.050625568181818	0.048366477272727		1
000041:	0.057760795454545	0.161496022727273	0.067114772727273	0.036130113636364	0.235792613636364	0.441705681818182		1
000042:	0.034860795454545	0.468090340909091	0.011544318181818	0.013244318181818	0.036601136363636	0.435659090909091		1
000043:	0.032423863636364	0.146944886363636	0.089171590909091	0.050318750000000	0.507823863636364	0.173317045454545		1
000044:	0.023723863636364	0.025891477272727	0.089720454545455	0.014707386363636	0.795429545454545	0.050527272727273		1
000045:	0.092513068181818	0.033728409090909	0.043105681818182	0.020017613636364	0.236576136363636	0.574059090909091		1
000046:	0.017007954545455	0.020940340909091	0.028118181818182	0.371999431818182	0.110905113636364	0.451028977272727		1
000047:	0.063997159090909	0.189677272727273	0.259089204545455	0.044855681818182	0.092915909090909	0.349464772727273		1
000048:	0.025467045454545	0.056978409090909	0.328551136363636	0.056461931818182	0.453903409090909	0.078638068181818		1
000049:	0.022857386363636	0.070024431818182	0.090459090909091	0.021302272727273	0.737329545454545	0.058027272727273		1
000050:	0.036319886363636	0.341237500000000	0.171631818181818	0.028007954545455	0.295080681818182	0.127722159090909		1
000051:	0.012352840909091	0.843843750000000	0.056411363636364	0.020381250000000	0.046088636363636	0.020922159090909		1
000052:	0.007148863636364	0.858315909090909	0.054536931818182	0.020122727272727	0.037437500000000	0.022438068181818		1
000053:	0.042672727272727	0.183351704545455	0.148053409090909	0.069002840909091	0.295210795454545	0.261708522727273		1
000054:	0.325943750000000	0.101219886363636	0.131045454545455	0.052978409090909	0.122715909090909	0.266096590909091		1
000055:	0.027242613636364	0.256825000000000	0.247328977272727	0.038125568181818	0.340464204545455	0.090013636363636		1
000056:	0.034457386363636	0.075694886363636	0.160815340909091	0.022534659090909	0.598163068181818	0.108334659090909		1
000057:	0.032995454545455	0.142586931818182	0.188359659090909	0.037611931818182	0.340576136363636	0.257869886363636		1
000058:	0.037029545454545	0.026439772727273	0.045057386363636	0.019329545454545	0.830797727272727	0.041346022727273		1
000059:	0.024423863636364	0.025592613636364	0.047642613636364	0.016572727272727	0.743735227272727	0.142032954545455		1
000060:	0.013407386363636	0.038048295454545	0.053973863636364	0.024984090909091	0.830790909090909	0.038795454545455		1
000061:	0.027536363636364	0.032250568181818	0.048127840909091	0.017254545454545	0.432209659090909	0.442621022727273		1
000062:	0.008548295454545	0.648278977272727	0.038272159090909	0.017744318181818	0.269217613636364	0.017938636363636		1
000063:	0.020874431818182	0.715660795454545	0.162007386363636	0.037491477272727	0.033953409090909	0.030012500000000		1
000064:	0.508668181818182	0.116353409090909	0.004909659090909	0.001626704545455	0.363481250000000	0.004960795454545		1
000065:	0.017477840909091	0.041271590909091	0.148457386363636	0.032574431818182	0.644141477272727	0.116077272727273		1
000066:	0.014394886363636	0.076023863636364	0.122944318181818	0.012573295454545	0.298471022727273	0.475592613636364		1
000067:	0.014194886363636	0.729046590909091	0.176819318181818	0.014248295454545	0.035686931818182	0.030003977272727		1
000068:	0.023598295454545	0.033069318181818	0.041103409090909	0.019418750000000	0.795165340909091	0.087644886363636		1
000069:	0.019263636363636	0.144417045454545	0.077225568181818	0.020106250000000	0.491553977272727	0.247433522727273		1
000070:	0.045956250000000	0.346810795454545	0.084953409090909	0.056744318181818	0.376635795454545	0.088899431818182		1
000071:	0.049882954545455	0.033223863636364	0.060335227272727	0.049806818181818	0.482571022727273	0.324180113636364		1
000072:	0.015889772727273	0.104313636363636	0.068062500000000	0.021528409090909	0.746481250000000	0.043724431818182		1
000073:	0.023518181818182	0.060694318181818	0.104659090909091	0.038022159090909	0.715268181818182	0.057838068181818		1
000074:	0.145767045454545	0.170932386363636	0.045017045454545	0.022856250000000	0.109202840909091	0.506224431818182		1
000075:	0.056535795454545	0.048836931818182	0.042446022727273	0.011137500000000	0.760367045454545	0.080676704545455		1
000076:	0.071774431818182	0.028686363636364	0.063159659090909	0.429278977272727	0.236566477272727	0.170534090909091		1
000077:	0.226085227272727	0.139146022727273	0.129521590909091	0.188959090909091	0.175652272727273	0.140635795454545		1
000078:	0.022886363636364	0.083075568181818	0.140891477272727	0.033251136363636	0.658757386363636	0.061138068181818		1
000079:	0.120864772727273	0.060653409090909	0.053263636363636	0.029251704545455	0.622911931818182	0.113054545454545		1
000080:	0.185802840909091	0.029299431818182	0.060880681818182	0.044615340909091	0.493014772727273	0.186386931818182		1
000081:	0.015867613636364	0.021854545454545	0.079450000000000	0.016999431818182	0.826761931818182	0.039066477272727		1
000082:	0.018693181818182	0.069851136363636	0.154457386363636	0.022303977272727	0.691331250000000	0.043363068181818		1
000083:	0.028715909090909	0.026138636363636	0.096328977272727	0.033091477272727	0.697504545454545	0.118220454545455		1
000084:	0.024781250000000	0.887477840909091	0.020621590909091	0.015982954545455	0.023536931818182	0.027599431818182		1
000085:	0.051594318181818	0.125100568181818	0.139412500000000	0.072640340909091	0.260643181818182	0.350609090909091		1
000086:	0.039506250000000	0.605551704545455	0.087746022727273	0.037409659090909	0.162217613636364	0.067568750000000		1
000087:	0.012831818181818	0.143659659090909	0.031373295454545	0.007721590909091	0.776603409090909	0.027810227272727		1
000088:	0.030800000000000	0.026328977272727	0.056007386363636	0.022147727272727	0.299090340909091	0.565625568181818		1
000089:	0.039393181818182	0.061632386363636	0.075738068181818	0.058718181818182	0.217983522727273	0.546534659090909		1
000090:	0.123732386363636	0.200128977272727	0.061232386363636	0.032719318181818	0.275170454545455	0.307016477272727		1
000091:	0.328264772727273	0.056018181818182	0.075163636363636	0.211696590909091	0.186857954545455	0.141998863636364		1
000092:	0.046469886363636	0.047700568181818	0.086339204545455	0.029393750000000	0.718067045454545	0.072029545454545		1
000093:	0.125948295454545	0.079683522727273	0.176425000000000	0.063846590909091	0.290643750000000	0.263452840909091		1
000094:	0.077777840909091	0.055057954545455	0.065134090909091	0.046490909090909	0.652334659090909	0.103204545454545		1
000095:	0.018441477272727	0.080503409090909	0.128805681818182	0.041997727272727	0.692684659090909	0.037567045454545		1
000096:	0.009449431818182	0.851218181818182	0.039402272727273	0.011256818181818	0.063385795454545	0.025287500000000		1
000097:	0.029125000000000	0.036342045454545	0.048573295454545	0.014461931818182	0.684693181818182	0.186804545454545		1
000098:	0.009814204545455	0.013121022727273	0.021432954545455	0.006240909090909	0.912386931818182	0.037003977272727		1
000099:	0.024839772727273	0.131189204545455	0.122715909090909	0.014946022727273	0.620357386363636	0.085951704545455		1
000100:	0.013343750000000	0.716748295454545	0.064379545454545	0.012947159090909	0.141406250000000	0.051175000000000		1
000101:	0.018617613636364	0.064726704545455	0.101217045454545	0.017837500000000	0.114768750000000	0.682832386363636		1
000102:	0.035046022727273	0.185452272727273	0.133813636363636	0.027434659090909	0.221724431818182	0.396528977272727		1
000103:	0.100947727272727	0.048475568181818	0.087988068181818	0.067264772727273	0.623928977272727	0.071394886363636		1
000104:	0.025087500000000	0.559914772727273	0.080049431818182	0.011092045454545	0.243521022727273	0.080335227272727		1
000105:	0.043367045454545	0.151261931818182	0.089152272727273	0.022326136363636	0.222602272727273	0.471290340909091		1
000106:	0.005419318181818	0.006753977272727	0.152352272727273	0.001364204545455	0.047337500000000	0.786772727272727		1
000107:	0.013519318181818	0.423501136363636	0.040709659090909	0.012823863636364	0.411026136363636	0.098419886363636		1
000108:	0.048759090909091	0.655893750000000	0.081268750000000	0.018361931818182	0.106988636363636	0.088727840909091		1
000109:	0.015514772727273	0.031015909090909	0.053499431818182	0.009799431818182	0.687164772727273	0.203005681818182		1
000110:	0.517602840909091	0.155356818181818	0.068276704545455	0.111806250000000	0.065403977272727	0.081553409090909		1
000111:	0.029964204545455	0.334122159090909	0.204297159090909	0.068472727272727	0.230860795454545	0.132282954545455		1
000112:	0.049315340909091	0.199814772727273	0.056331250000000	0.031923295454545	0.056727840909091	0.605887500000000		1
000113:	0.020505113636364	0.104527840909091	0.159898295454545	0.024325000000000	0.588176704545455	0.102567045454545		1
000114:	0.103240909090909	0.050292045454545	0.188956250000000	0.111861363636364	0.319689204545455	0.225960227272727		1
000115:	0.057946022727273	0.077134659090909	0.094776704545455	0.028307386363636	0.616959659090909	0.124875568181818		1
000116:	0.018067613636364	0.576575568181818	0.054383522727273	0.010846022727273	0.294340340909091	0.045786931818182		1
000117:	0.029339772727273	0.051543181818182	0.158718181818182	0.037846022727273	0.137367613636364	0.585185227272727		1
000118:	0.016947727272727	0.263736363636364	0.147187500000000	0.106425000000000	0.383051136363636	0.082652272727273		1
000119:	0.026821022727273	0.214396590909091	0.054428977272727	0.019843181818182	0.443044886363636	0.241465340909091		1
000120:	0.051115909090909	0.193351704545455	0.287186931818182	0.036815909090909	0.247443181818182	0.184086363636364		1
000121:	0.090094886363636	0.094509659090909	0.071780113636364	0.055086931818182	0.572143750000000	0.116384659090909		1
000122:	0.023837500000000	0.036122727272727	0.072768750000000	0.012036363636364	0.611575568181818	0.243659090909091		1
000123:	0.035119318181818	0.029594318181818	0.034063636363636	0.019229545454545	0.853311931818182	0.028681250000000		1
000124:	0.139681818181818	0.045891477272727	0.130855113636364	0.096540909090909	0.241581818181818	0.345448863636364		1
000125:	0.033547727272727	0.148681250000000	0.454250568181818	0.105595454545455	0.173975000000000	0.083950000000000		1
000126:	0.029560227272727	0.041544318181818	0.092955113636364	0.723452272727273	0.060106818181818	0.052381250000000		1
000127:	0.048044886363636	0.225634659090909	0.120550568181818	0.055421590909091	0.420430113636364	0.129918181818182		1
000128:	0.026945454545455	0.052387500000000	0.181215909090909	0.016797727272727	0.499745454545455	0.222907954545455		1
000129:	0.067327840909091	0.017185795454545	0.033275000000000	0.021790340909091	0.653021590909091	0.207399431818182		1
000130:	0.032571022727273	0.034457954545455	0.066915909090909	0.030790340909091	0.768686363636364	0.066578409090909		1
000131:	0.034287500000000	0.066772727272727	0.066874431818182	0.019703977272727	0.581383522727273	0.230977840909091		1
000132:	0.020955681818182	0.656423295454545	0.080475000000000	0.013506818181818	0.133484659090909	0.095154545454545		1
000133:	0.152372159090909	0.098920454545455	0.168146022727273	0.173515340909091	0.185026704545455	0.222019318181818		1
000134:	0.037544886363636	0.046335795454545	0.087877272727273	0.015537500000000	0.746138068181818	0.066566477272727		1
000135:	0.137815340909091	0.024811363636364	0.115810227272727	0.024595454545455	0.365956250000000	0.331011363636364		1
000136:	0.021279545454545	0.067159090909091	0.228489204545455	0.027009659090909	0.594998295454545	0.061064204545455		1
000137:	0.157810227272727	0.077826704545455	0.053846590909091	0.043109659090909	0.436572159090909	0.230834659090909		1
000138:	0.043509659090909	0.042668750000000	0.197009659090909	0.107591477272727	0.450434659090909	0.158785795454545		1
000139:	0.063518750000000	0.061509090909091	0.232143750000000	0.058783522727273	0.294501704545455	0.289543181818182		1
000140:	0.410420454545455	0.082380681818182	0.067572727272727	0.029988636363636	0.233627840909091	0.176009659090909		1
000141:	0.033267045454545	0.544444886363636	0.211571022727273	0.058073295454545	0.087310795454545	0.065332954545455		1
000142:	0.034069886363636	0.046472727272727	0.070853409090909	0.037822159090909	0.515789772727273	0.294992045454545		1
000143:	0.025342613636364	0.057432954545455	0.087348295454545	0.017514772727273	0.710523295454545	0.101838068181818		1
000144:	0.022000568181818	0.123729545454545	0.192116477272727	0.030357954545455	0.359002840909091	0.272792613636364		1
000145:	0.039663636363636	0.652602272727273	0.111928977272727	0.033740340909091	0.095245454545455	0.066819318181818		1
000146:	0.094139772727273	0.083687500000000	0.212197727272727	0.034019318181818	0.260534659090909	0.315421022727273		1
000147:	0.022763068181818	0.090149431818182	0.255595454545455	0.013338068181818	0.494823295454545	0.123330681818182		1
000148:	0.014663636363636	0.025340909090909	0.076372727272727	0.010760227272727	0.831927840909091	0.040934659090909		1
000149:	0.046075568181818	0.109659659090909	0.268262500000000	0.026007954545455	0.263072727272727	0.286921590909091		1
000150:	0.062620454545455	0.053764204545455	0.046273295454545	0.015078409090909	0.311151136363636	0.511112500000000		1
000151:	0.041546590909091	0.371959090909091	0.160839204545455	0.043418181818182	0.247654545454545	0.134582386363636		1
000152:	0.088126136363636	0.111990340909091	0.165502272727273	0.038207954545455	0.469082954545455	0.127090340909091		1
000153:	0.115065340909091	0.059157954545455	0.029318181818182	0.015986931818182	0.627426136363636	0.153045454545455		1
000154:	0.024822159090909	0.515321022727273	0.171669886363636	0.026469886363636	0.211902272727273	0.049814772727273		1
000155:	0.052451136363636	0.323722159090909	0.060583522727273	0.016463636363636	0.442584659090909	0.104194886363636		1
000156:	0.034151704545455	0.361076704545455	0.058713636363636	0.026875568181818	0.178201704545455	0.340980681818182		1
000157:	0.008570454545455	0.779847727272727	0.128050568181818	0.029957386363636	0.042319318181818	0.011254545454545		1
000158:	0.014468181818182	0.224300000000000	0.386030681818182	0.129796590909091	0.058878409090909	0.186526136363636		1
000159:	0.032017613636364	0.568220454545455	0.181946590909091	0.081801704545455	0.038969318181818	0.097044318181818		1
000160:	0.007182386363636	0.025451704545455	0.455940340909091	0.482752840909091	0.019163636363636	0.009509090909091		1
000161:	0.015050000000000	0.063933522727273	0.819164204545455	0.049918750000000	0.033041477272727	0.018892045454545		1
000162:	0.185315909090909	0.023018181818182	0.255793750000000	0.185226136363636	0.068151704545455	0.282494318181818		1
000163:	0.005587500000000	0.025707386363636	0.492074431818182	0.019190340909091	0.443285795454545	0.014154545454545		1
000164:	0.008927840909091	0.353635227272727	0.503193181818182	0.040033522727273	0.074100568181818	0.020109659090909		1
000165:	0.014177272727273	0.037399431818182	0.824488636363636	0.020817045454545	0.092673295454545	0.010444318181818		1
000166:	0.008117045454545	0.030940340909091	0.780077272727273	0.022205113636364	0.143695454545455	0.014964772727273		1
000167:	0.010709659090909	0.036790340909091	0.358480681818182	0.069905113636364	0.469914204545455	0.054200000000000		1
000168:	0.027547727272727	0.177082386363636	0.108934090909091	0.021235227272727	0.557488068181818	0.107712500000000		1
000169:	0.020935795454545	0.045563636363636	0.067887500000000	0.017481818181818	0.683437500000000	0.164693750000000		1
000170:	0.020033522727273	0.022500568181818	0.120400000000000	0.021267045454545	0.780237500000000	0.035561363636364		1
000171:	0.036084659090909	0.578215340909091	0.131310795454545	0.027533522727273	0.155185795454545	0.071669886363636		1
000172:	0.049205681818182	0.064830113636364	0.175853409090909	0.050126136363636	0.526387500000000	0.133597159090909		1
000173:	0.014724431818182	0.034589204545455	0.068496022727273	0.011897727272727	0.733934090909091	0.136358522727273		1
000174:	0.076181250000000	0.032251704545455	0.057397727272727	0.012067613636364	0.700275000000000	0.121826704545455		1
000175:	0.018902840909091	0.794482954545455	0.050892613636364	0.009126136363636	0.088586931818182	0.038008522727273		1
000176:	0.023143181818182	0.089001136363636	0.137814204545455	0.057408522727273	0.391667045454545	0.300965909090909		1
000177:	0.026356250000000	0.101750568181818	0.050025568181818	0.009561363636364	0.653525568181818	0.158780681818182		1
000178:	0.020921022727273	0.135402840909091	0.074922727272727	0.010398863636364	0.664461363636364	0.093893181818182		1
000179:	0.003931250000000	0.925956250000000	0.016340909090909	0.003056818181818	0.022270454545455	0.028444318181818		1
000180:	0.017062500000000	0.861140909090909	0.047420454545455	0.007497159090909	0.030683522727273	0.036195454545455		1
000181:	0.451629545454545	0.149868181818182	0.019210795454545	0.002772727272727	0.364071022727273	0.012447727272727		1
000182:	0.053397727272727	0.139677272727273	0.089510795454545	0.034417045454545	0.525125000000000	0.157872159090909		1
000183:	0.015428977272727	0.745801136363636	0.053581818181818	0.011250000000000	0.128726704545455	0.045211363636364		1
000184:	0.051134090909091	0.109409090909091	0.159190340909091	0.013867613636364	0.553198295454545	0.113200568181818		1
000185:	0.136396590909091	0.104173863636364	0.201210795454545	0.024801704545455	0.196669886363636	0.336747159090909		1
000186:	0.037731250000000	0.702282386363636	0.062119318181818	0.035959659090909	0.097317045454545	0.064590340909091		1
000187:	0.032031818181818	0.859452272727273	0.032136931818182	0.009382386363636	0.028064772727273	0.038931818181818		1
000188:	0.030905113636364	0.367017613636364	0.166594318181818	0.097397727272727	0.249664204545455	0.088421022727273		1
000189:	0.008818181818182	0.033402272727273	0.041424431818182	0.012633522727273	0.864801704545455	0.038919886363636		1
000190:	0.032231250000000	0.033191477272727	0.192298863636364	0.014864204545455	0.673036363636364	0.054377840909091		1
000191:	0.020746022727273	0.052419886363636	0.112532386363636	0.023225568181818	0.553896590909091	0.237179545454545		1
000192:	0.031906818181818	0.100576704545455	0.084524431818182	0.040684090909091	0.120926136363636	0.621381818181818		1
000193:	0.027192613636364	0.252492045454545	0.115606250000000	0.014688068181818	0.198407954545455	0.391613068181818		1
000194:	0.255711931818182	0.003966477272727	0.003524431818182	0.616743181818182	0.113006818181818	0.007047159090909		1
000195:	0.023202840909091	0.064373295454545	0.063632954545455	0.014259090909091	0.309457386363636	0.525074431818182		1
000196:	0.013395454545455	0.097802272727273	0.605839772727273	0.135139772727273	0.112397159090909	0.035425568181818		1
000197:	0.000943750000000	0.001390340909091	0.010131250000000	0.010564204545455	0.976157386363636	0.000813068181818		1
000198:	0.041136931818182	0.098185795454545	0.435136931818182	0.058278977272727	0.129368750000000	0.237892613636364		1
000199:	0.011433522727273	0.037061363636364	0.814875000000000	0.048253409090909	0.067465909090909	0.020910795454545		1
000200:	0.021766477272727	0.042955113636364	0.727532386363636	0.051100000000000	0.120948295454545	0.035697727272727		1
000201:	0.006684659090909	0.891400000000000	0.062709090909091	0.014135227272727	0.019224431818182	0.005846590909091		1
000202:	0.023378977272727	0.109757954545455	0.046261931818182	0.023938636363636	0.690628977272727	0.106033522727273		1
000203:	0.034493181818182	0.112001704545455	0.134665909090909	0.019086931818182	0.626746022727273	0.073006250000000		1
000204:	0.031390340909091	0.267098863636364	0.252031250000000	0.059075000000000	0.325093750000000	0.065310795454545		1
000205:	0.034672159090909	0.306807386363636	0.186248295454545	0.021079545454545	0.381842045454545	0.069350568181818		1
000206:	0.120856818181818	0.118542613636364	0.060819318181818	0.039810795454545	0.599867045454545	0.060103409090909		1
000207:	0.028244318181818	0.044689204545455	0.119887500000000	0.097697159090909	0.317040340909091	0.392441477272727		1
000208:	0.029081818181818	0.193220454545455	0.184102272727273	0.019965909090909	0.415920454545455	0.157709090909091		1
000209:	0.026658522727273	0.379881818181818	0.197369886363636	0.039762500000000	0.291198295454545	0.065128977272727		1
000210:	0.030043750000000	0.238493750000000	0.239355113636364	0.023521590909091	0.296010227272727	0.172575568181818		1
000211:	0.029180681818182	0.064189772727273	0.387244886363636	0.044950000000000	0.402757386363636	0.071677272727273		1
000212:	0.020451136363636	0.177444318181818	0.632002272727273	0.072044886363636	0.051735227272727	0.046322159090909		1
000213:	0.018965909090909	0.194015340909091	0.556503409090909	0.042747727272727	0.147645454545455	0.040122159090909		1
000214:	0.021035795454545	0.079669318181818	0.536765340909091	0.105927840909091	0.153201704545455	0.103400000000000		1
000215:	0.084508522727273	0.049971022727273	0.161714772727273	0.104942613636364	0.546786931818182	0.052076136363636		1
000216:	0.014943181818182	0.154478409090909	0.707275000000000	0.047924431818182	0.041370454545455	0.034008522727273		1
000217:	0.022973863636364	0.076003409090909	0.754582386363636	0.065644886363636	0.051771590909091	0.029023863636364		1
000218:	0.014148863636364	0.090435227272727	0.738545454545455	0.056660227272727	0.073510227272727	0.026700000000000		1
000219:	0.011284090909091	0.032813068181818	0.873078977272727	0.047508522727273	0.025089204545455	0.010226136363636		1
000220:	0.008514772727273	0.196066477272727	0.631020454545455	0.038642613636364	0.111622727272727	0.014132954545455		1
000221:	0.011947159090909	0.063902272727273	0.707086931818182	0.064242613636364	0.133928977272727	0.018892045454545		1
000222:	0.013126704545455	0.509938636363636	0.333075000000000	0.047696022727273	0.071896590909091	0.024267045454545		1
000223:	0.076288636363636	0.134305113636364	0.347338068181818	0.086803977272727	0.277177840909091	0.078086363636364		1
000224:	0.129345454545455	0.062221022727273	0.026354545454545	0.080988068181818	0.639514772727273	0.061576136363636		1
000225:	0.075125568181818	0.036114772727273	0.039688636363636	0.044138636363636	0.714036931818182	0.090895454545455		1
000226:	0.042978977272727	0.148652840909091	0.044509090909091	0.177300568181818	0.466125000000000	0.120433522727273		1
000227:	0.085274431818182	0.042188068181818	0.049693750000000	0.182187500000000	0.291726704545455	0.348929545454545		1
000228:	0.740050568181818	0.026952840909091	0.049555113636364	0.124438068181818	0.026412500000000	0.032590909090909		1
000229:	0.078422159090909	0.037901704545455	0.038676704545455	0.061990909090909	0.748284090909091	0.034724431818182		1
000230:	0.055465340909091	0.069536363636364	0.078494318181818	0.727683522727273	0.044216477272727	0.024603977272727		1
000231:	0.117447159090909	0.043376704545455	0.097848295454545	0.091599431818182	0.496766477272727	0.152961931818182		1
000232:	0.135713636363636	0.151003977272727	0.119496022727273	0.213977272727273	0.339410227272727	0.040398863636364		1
000233:	0.107973863636364	0.032389772727273	0.021924431818182	0.104081818181818	0.506041477272727	0.227588636363636		1
000234:	0.424753409090909	0.027659659090909	0.053326704545455	0.078203409090909	0.245540909090909	0.170515909090909		1
000235:	0.661570454545455	0.060081250000000	0.025703977272727	0.048119886363636	0.070815909090909	0.133708522727273		1
000236:	0.171512500000000	0.303833522727273	0.028948295454545	0.338863636363636	0.087321022727273	0.069521022727273		1
000237:	0.360006250000000	0.037182386363636	0.036816477272727	0.047465909090909	0.357007954545455	0.161521022727273		1
000238:	0.078960227272727	0.701939204545455	0.039484090909091	0.043884090909091	0.098331818181818	0.037400568181818		1
000239:	0.175332386363636	0.088908522727273	0.024618750000000	0.181989772727273	0.305609659090909	0.223540909090909		1
000240:	0.067636363636364	0.046032954545455	0.015318750000000	0.784759090909091	0.042707954545455	0.043544886363636		1
000241:	0.098500568181818	0.315320454545455	0.067956250000000	0.128721590909091	0.162373863636364	0.227127272727273		1
000242:	0.085180681818182	0.034125000000000	0.027326704545455	0.041127272727273	0.066560795454545	0.745679545454545		1
000243:	0.375248863636364	0.032561363636364	0.021056818181818	0.495853409090909	0.034276704545455	0.041002840909091		1
000244:	0.115644318181818	0.066219318181818	0.081290909090909	0.402308522727273	0.236468750000000	0.098068181818182		1
000245:	0.096513636363636	0.027110795454545	0.020235795454545	0.172488068181818	0.654697727272727	0.028953977272727		1
000246:	0.386130681818182	0.035580681818182	0.027532386363636	0.132512500000000	0.299727272727273	0.118516477272727		1
000247:	0.251661931818182	0.081291477272727	0.068934659090909	0.112885795454545	0.330202840909091	0.155023295454545		1
000248:	0.051508522727273	0.028690909090909	0.026519318181818	0.251877840909091	0.623049431818182	0.018353977272727		1
000249:	0.584773863636364	0.045655113636364	0.139645454545455	0.104061931818182	0.101960795454545	0.023902840909091		1
000250:	0.072128977272727	0.049821022727273	0.026928409090909	0.028760227272727	0.719862500000000	0.102498863636364		1
000251:	0.152477840909091	0.061417045454545	0.046885795454545	0.243364204545455	0.371918750000000	0.123936363636364		1
000252:	0.142771590909091	0.172536363636364	0.066162500000000	0.436961363636364	0.136439204545455	0.045128977272727		1
000253:	0.647210227272727	0.045281818181818	0.074016477272727	0.126335227272727	0.053949431818182	0.053206818181818		1
000254:	0.321471022727273	0.082506818181818	0.078781250000000	0.353485795454545	0.094476704545455	0.069278409090909		1
000255:	0.310004545454545	0.074823863636364	0.042948863636364	0.117363636363636	0.425339204545455	0.029519886363636		1
000256:	0.036964204545455	0.022694318181818	0.033681250000000	0.058285227272727	0.816157954545455	0.032217045454545		1
000257:	0.066444886363636	0.500797727272727	0.100910227272727	0.262017613636364	0.048621590909091	0.021207954545455		1
000258:	0.019650000000000	0.023838068181818	0.054569886363636	0.039601136363636	0.835997727272727	0.026343181818182		1
000259:	0.031472727272727	0.867304545454545	0.038049431818182	0.018144886363636	0.020035227272727	0.024993181818182		1
000260:	0.180033522727273	0.052326704545455	0.049488636363636	0.531301704545455	0.088012500000000	0.098836931818182		1
000261:	0.415286363636364	0.126152840909091	0.103027272727273	0.202246590909091	0.077618750000000	0.075668181818182		1
000262:	0.172367045454545	0.165025568181818	0.411668750000000	0.166659659090909	0.036736363636364	0.047542613636364		1
000263:	0.045826704545455	0.072936931818182	0.184462500000000	0.056742613636364	0.540043750000000	0.099987500000000		1
000264:	0.025974431818182	0.778364204545455	0.059870454545455	0.057224431818182	0.059182954545455	0.019383522727273		1
000265:	0.088455681818182	0.095459659090909	0.259890340909091	0.064089772727273	0.464665909090909	0.027438636363636		1
000266:	0.082242613636364	0.047939204545455	0.025717045454545	0.034859090909091	0.780807386363636	0.028434659090909		1
000267:	0.309478977272727	0.026794318181818	0.034668181818182	0.222817613636364	0.338280113636364	0.067960795454545		1
000268:	0.100356818181818	0.111261931818182	0.156807954545455	0.091861363636364	0.463906250000000	0.075805681818182		1
000269:	0.424836363636364	0.047007386363636	0.064465909090909	0.033567613636364	0.146368181818182	0.283754545454545		1
000270:	0.034284090909091	0.789877272727273	0.083019318181818	0.031541477272727	0.034753977272727	0.026523863636364		1
000271:	0.652281818181818	0.090144318181818	0.041524431818182	0.135467045454545	0.050989772727273	0.029592613636364		1
000272:	0.273394318181818	0.165463068181818	0.111379545454545	0.237902272727273	0.077352840909091	0.134507954545455		1
000273:	0.256435227272727	0.379707954545455	0.043881818181818	0.094101704545455	0.151390909090909	0.074482386363636		1
000274:	0.417290909090909	0.084803409090909	0.055772727272727	0.155569318181818	0.220270454545455	0.066293181818182		1
000275:	0.067986931818182	0.035126136363636	0.022856250000000	0.050792613636364	0.787849431818182	0.035388636363636		1
000276:	0.085538636363636	0.686189772727273	0.076687500000000	0.084555681818182	0.042284659090909	0.024743750000000		1
000277:	0.628304545454546	0.092330113636364	0.036411363636364	0.067563068181818	0.119378977272727	0.056011931818182		1
000278:	0.054709090909091	0.025980113636364	0.036330113636364	0.048693181818182	0.801685227272727	0.032602272727273		1
000279:	0.613479545454545	0.019255113636364	0.028468750000000	0.032585227272727	0.251676704545455	0.054534659090909		1
000280:	0.075981818181818	0.233619318181818	0.063672159090909	0.239139204545455	0.319518750000000	0.068068750000000		1
000281:	0.540447727272727	0.307753977272727	0.047287500000000	0.040937500000000	0.037614772727273	0.025958522727273		1
000282:	0.182105681818182	0.140841477272727	0.068111931818182	0.197931250000000	0.186714204545455	0.224295454545455		1
000283:	0.021435795454545	0.766842613636364	0.051840909090909	0.076139772727273	0.072143181818182	0.011597727272727		1
000284:	0.072546590909091	0.004410227272727	0.242238636363636	0.011489772727273	0.010125568181818	0.659189204545455		1
000285:	0.172036363636364	0.028615909090909	0.037074431818182	0.162527840909091	0.271205681818182	0.328539772727273		1
000286:	0.277578409090909	0.389754545454545	0.037203977272727	0.056643750000000	0.175306250000000	0.063513068181818		1
000287:	0.249592613636364	0.184696590909091	0.052573295454545	0.088323863636364	0.272626704545455	0.152186931818182		1
000288:	0.136044886363636	0.175410227272727	0.092192045454545	0.180530681818182	0.365719318181818	0.050102840909091		1
000289:	0.018447159090909	0.142362500000000	0.199203409090909	0.065527272727273	0.520490340909091	0.053969318181818		1
000290:	0.037944886363636	0.290485795454545	0.285319886363636	0.256266477272727	0.101864772727273	0.028118181818182		1
000291:	0.018378977272727	0.045925000000000	0.291204545454545	0.028456818181818	0.549750000000000	0.066284659090909		1
000292:	0.027532386363636	0.045212500000000	0.632589204545455	0.080140909090909	0.169173863636364	0.045351136363636		1
000293:	0.009519318181818	0.046128977272727	0.508812500000000	0.042082386363636	0.358311363636364	0.035145454545455		1
000294:	0.017585227272727	0.115223295454545	0.226098863636364	0.026302272727273	0.548952272727273	0.065838068181818		1
000295:	0.011136363636364	0.057372159090909	0.203564772727273	0.019094886363636	0.407486931818182	0.301344886363636		1
000296:	0.012663068181818	0.317427272727273	0.504383522727273	0.020615909090909	0.061664772727273	0.083245454545455		1
000297:	0.021293750000000	0.068618750000000	0.180268181818182	0.079530113636364	0.622980113636364	0.027309090909091		1
000298:	0.120721022727273	0.085444886363636	0.067938636363636	0.039423295454545	0.297573295454545	0.388898863636364		1
000299:	0.024298295454545	0.036961363636364	0.043322159090909	0.026082954545455	0.854885795454545	0.014449431818182		1
000300:	0.130207386363636	0.147702840909091	0.313873863636364	0.094324431818182	0.277924431818182	0.035967045454545		1
000301:	0.017534090909091	0.033941477272727	0.170653409090909	0.033248295454545	0.695732954545455	0.048889772727273		1
000302:	0.008535795454545	0.877063636363636	0.050768750000000	0.034581818181818	0.015673863636364	0.013376136363636		1
000303:	0.012519886363636	0.663085795454545	0.245817613636364	0.020618750000000	0.014742045454545	0.043215909090909		1
000304:	0.020901136363636	0.028818181818182	0.458746022727273	0.113380681818182	0.350750000000000	0.027403977272727		1
000305:	0.033113636363636	0.131661931818182	0.437521022727273	0.306595454545455	0.047888636363636	0.043219318181818		1
000306:	0.046930113636364	0.639385795454545	0.125528409090909	0.087920454545455	0.050252272727273	0.049982954545455		1
000307:	0.007311931818182	0.002830681818182	0.007867045454545	0.914442613636364	0.005697727272727	0.061850000000000		1
000308:	0.021419318181818	0.035596590909091	0.668525000000000	0.043980681818182	0.210471022727273	0.020007386363636		1
000309:	0.066175000000000	0.095619886363636	0.169443181818182	0.037488068181818	0.578186931818182	0.053086931818182		1
000310:	0.012907386363636	0.876206250000000	0.039421590909091	0.013493181818182	0.030123295454545	0.027848295454545		1
000311:	0.068032386363636	0.284115340909091	0.123303977272727	0.105600000000000	0.363145454545455	0.055802840909091		1
000312:	0.288023295454545	0.066133522727273	0.082257954545455	0.057157954545455	0.417915909090909	0.088511363636364		1
000313:	0.429329545454545	0.059030113636364	0.094742613636364	0.055681818181818	0.225797727272727	0.135418181818182		1
000314:	0.114463636363636	0.109790340909091	0.097950568181818	0.086001136363636	0.109749431818182	0.482044886363636		1
000315:	0.130709090909091	0.056040340909091	0.104407954545455	0.061043181818182	0.443984659090909	0.203814772727273		1
000316:	0.037417045454545	0.046658522727273	0.082641477272727	0.057625000000000	0.721418750000000	0.054239204545455		1
000317:	0.027648863636364	0.088139204545455	0.070363636363636	0.066037500000000	0.121233522727273	0.626577272727273		1
000318:	0.032993181818182	0.179162500000000	0.308378977272727	0.166850000000000	0.279121022727273	0.033494318181818		1
000319:	0.016207386363636	0.767943181818182	0.108998863636364	0.024180113636364	0.065698295454545	0.016972159090909		1
000320:	0.044364204545455	0.159342613636364	0.553296022727273	0.079951136363636	0.108737500000000	0.054308522727273		1
000321:	0.014935227272727	0.033123863636364	0.766305681818182	0.026901136363636	0.133700000000000	0.025034090909091		1
000322:	0.022122159090909	0.111653409090909	0.617535227272727	0.172732386363636	0.036126136363636	0.039830681818182		1
000323:	0.260879545454545	0.152323295454545	0.225773295454545	0.075259090909091	0.179745454545455	0.106019318181818		1
000324:	0.026188636363636	0.113775568181818	0.441234090909091	0.219343181818182	0.170923295454545	0.028535227272727		1
000325:	0.035801704545455	0.755821022727273	0.099348295454545	0.042460795454545	0.054722727272727	0.011845454545455		1
000326:	0.035625568181818	0.061354545454545	0.180282954545455	0.152789204545455	0.545634659090909	0.024313068181818		1
000327:	0.037934659090909	0.100097727272727	0.406672159090909	0.147231250000000	0.237556818181818	0.070507386363636		1
000328:	0.002970454545455	0.005545454545455	0.015286931818182	0.246815909090909	0.002189772727273	0.727191477272727		1
000329:	0.046201136363636	0.063567613636364	0.451997159090909	0.074020454545455	0.344522159090909	0.019691477272727		1
000330:	0.037743181818182	0.118793181818182	0.298374431818182	0.446523863636364	0.066314772727273	0.032250568181818		1
000331:	0.038033522727273	0.026702840909091	0.093940909090909	0.795345454545455	0.037814204545455	0.008163068181818		1
