Estimated Clustering Probabilities for Samples
Sample	***Cluster  01***	***Cluster  02***	***Cluster  03***	***Cluster  04***	***Cluster  05***	***Cluster  06***	
000001:	0.000111363636364	0.954078409090909	0.000038636363636	0.045634659090909	0.000030113636364	0.000106818181818		1
000002:	0.102227840909091	0.410814772727273	0.031496022727273	0.034793750000000	0.014059659090909	0.406607954545455		1
000003:	0.061690909090909	0.662835795454545	0.022657386363636	0.029652272727273	0.105775000000000	0.117388636363636		1
000004:	0.516643181818182	0.357429545454545	0.025332386363636	0.021240340909091	0.026028409090909	0.053326136363636		1
000005:	0.043146590909091	0.810936363636364	0.009617045454545	0.062588636363636	0.018293181818182	0.055418181818182		1
000006:	0.586467045454545	0.101814204545455	0.056414772727273	0.067633522727273	0.062826704545455	0.124843750000000		1
000007:	0.055588068181818	0.519989772727273	0.022311363636364	0.025334659090909	0.042761931818182	0.334014204545455		1
000008:	0.061557954545455	0.687882954545455	0.031074431818182	0.019180681818182	0.025037500000000	0.175266477272727		1
000009:	0.172730113636364	0.578213636363636	0.030292613636364	0.037336363636364	0.020636363636364	0.160790909090909		1
000010:	0.105964772727273	0.592235227272727	0.080286363636364	0.075117613636364	0.026366477272727	0.120029545454545		1
000011:	0.546009090909091	0.009851136363636	0.002780681818182	0.002787500000000	0.407795454545455	0.030776136363636		1
000012:	0.143382386363636	0.480659090909091	0.170242613636364	0.121282386363636	0.062248863636364	0.022184659090909		1
000013:	0.227906818181818	0.148715909090909	0.260892045454545	0.101770454545455	0.199146590909091	0.061568181818182		1
000014:	0.900199431818182	0.038417045454545	0.015609090909091	0.014936363636364	0.012871590909091	0.017966477272727		1
000015:	0.077551704545455	0.835347727272727	0.023098295454545	0.019468750000000	0.021638068181818	0.022895454545455		1
000016:	0.637855113636364	0.005438068181818	0.000679545454545	0.000906818181818	0.353753409090909	0.001367045454545		1
000017:	0.085444886363636	0.447034090909091	0.023249431818182	0.352961363636364	0.022959659090909	0.068350568181818		1
000018:	0.068969886363636	0.097894318181818	0.684617613636364	0.047544318181818	0.072540909090909	0.028432954545455		1
000019:	0.048961363636364	0.706563068181818	0.031059659090909	0.070892613636364	0.097601136363636	0.044922159090909		1
000020:	0.393145454545455	0.277585227272727	0.041671022727273	0.193360795454545	0.022947159090909	0.071290340909091		1
000021:	0.026129545454545	0.050233522727273	0.015051136363636	0.803524431818182	0.033919886363636	0.071141477272727		1
000022:	0.072313636363636	0.620369318181818	0.091102840909091	0.143739204545455	0.023325000000000	0.049150000000000		1
000023:	0.059664772727273	0.233972727272727	0.037876704545455	0.257706818181818	0.214098863636364	0.196680113636364		1
000024:	0.879075000000000	0.017773863636364	0.016530113636364	0.045403409090909	0.026747727272727	0.014469886363636		1
000025:	0.120660227272727	0.132719886363636	0.091602840909091	0.059425000000000	0.528248295454545	0.067343750000000		1
000026:	0.031535227272727	0.525683522727273	0.177413636363636	0.126660795454545	0.083344886363636	0.055361931818182		1
000027:	0.069765340909091	0.127238068181818	0.275033522727273	0.416296590909091	0.076127840909091	0.035538636363636		1
000028:	0.068008522727273	0.211842045454545	0.028553409090909	0.297463068181818	0.042741477272727	0.351391477272727		1
000029:	0.133540340909091	0.392508522727273	0.035753409090909	0.238812500000000	0.060675000000000	0.138710227272727		1
000030:	0.070017613636364	0.653328977272727	0.027776136363636	0.039882386363636	0.149821590909091	0.059173295454545		1
000031:	0.057576704545455	0.108085227272727	0.596975568181818	0.130428409090909	0.062938068181818	0.043996022727273		1
000032:	0.076554545454545	0.115825000000000	0.160828409090909	0.551686363636364	0.026457954545455	0.068647727272727		1
000033:	0.072091477272727	0.331454545454545	0.041743750000000	0.348866477272727	0.052740909090909	0.153102840909091		1
000034:	0.746467613636364	0.037542045454545	0.155794886363636	0.020277272727273	0.015376704545455	0.024541477272727		1
000035:	0.044533522727273	0.122663636363636	0.074859659090909	0.398205113636364	0.179859659090909	0.179878409090909		1
000036:	0.187456818181818	0.341059090909091	0.038407386363636	0.253623295454545	0.031623295454545	0.147830113636364		1
000037:	0.114317045454545	0.320669318181818	0.093327840909091	0.390244318181818	0.036746022727273	0.044695454545455		1
000038:	0.145773863636364	0.150125568181818	0.031082954545455	0.062269318181818	0.343943181818182	0.266805113636364		1
000039:	0.120199431818182	0.333606818181818	0.184915909090909	0.088898295454545	0.234439204545455	0.037940340909091		1
000040:	0.836536931818182	0.032015909090909	0.019827840909091	0.023458522727273	0.056892045454545	0.031268750000000		1
000041:	0.195260795454545	0.222461363636364	0.096576704545455	0.385302272727273	0.033918181818182	0.066480681818182		1
000042:	0.117799431818182	0.124652272727273	0.088698863636364	0.339281818181818	0.275475568181818	0.054092045454545		1
000043:	0.138126704545455	0.452390340909091	0.027548295454545	0.233017045454545	0.052085795454545	0.096831818181818		1
000044:	0.067205113636364	0.622916477272727	0.062453409090909	0.149292045454545	0.032253409090909	0.065879545454545		1
000045:	0.046105113636364	0.215895454545455	0.473929545454545	0.188464204545455	0.043943750000000	0.031661931818182		1
000046:	0.077426136363636	0.120077272727273	0.347145454545455	0.096698863636364	0.204255113636364	0.154397159090909		1
000047:	0.001177272727273	0.001340340909091	0.001381250000000	0.001029545454545	0.648503409090909	0.346568181818182		1
000048:	0.051389204545455	0.800441477272727	0.014246022727273	0.033453409090909	0.033321022727273	0.067148863636364		1
000049:	0.040222727272727	0.747636363636364	0.019900000000000	0.073099431818182	0.064292045454545	0.054849431818182		1
000050:	0.368827840909091	0.163168181818182	0.056890340909091	0.126039204545455	0.224926136363636	0.060148295454545		1
000051:	0.884126136363636	0.049095454545455	0.027700000000000	0.008067045454545	0.013351704545455	0.017659659090909		1
000052:	0.901745454545455	0.040003977272727	0.011440340909091	0.014826704545455	0.015181818181818	0.016801704545455		1
000053:	0.177817045454545	0.327577840909091	0.113106818181818	0.184928409090909	0.138348863636364	0.058221022727273		1
000054:	0.077560795454545	0.124814772727273	0.127417613636364	0.252773295454545	0.338968750000000	0.078464772727273		1
000055:	0.200001136363636	0.689251704545455	0.026035227272727	0.039800568181818	0.018464772727273	0.026446590909091		1
000056:	0.062628409090909	0.722634659090909	0.073671022727273	0.062550568181818	0.041872727272727	0.036642613636364		1
000057:	0.149480681818182	0.445242613636364	0.134449431818182	0.177317613636364	0.036203409090909	0.057306250000000		1
000058:	0.020123295454545	0.752934659090909	0.022769886363636	0.048970454545455	0.134505681818182	0.020696022727273		1
000059:	0.030864204545455	0.432373295454545	0.087652840909091	0.325101704545455	0.088372727272727	0.035635227272727		1
000060:	0.059322727272727	0.835449431818182	0.015691477272727	0.042822159090909	0.015262500000000	0.031451704545455		1
000061:	0.067322727272727	0.772937500000000	0.023448863636364	0.070537500000000	0.035380113636364	0.030373295454545		1
000062:	0.863011363636364	0.069634659090909	0.009856818181818	0.014824431818182	0.022756818181818	0.019915909090909		1
000063:	0.792435795454545	0.122669886363636	0.019084090909091	0.013613636363636	0.013109659090909	0.039086931818182		1
000064:	0.816154545454545	0.043559090909091	0.012846022727273	0.011566477272727	0.011965340909091	0.103908522727273		1
000065:	0.060228977272727	0.809675568181818	0.022072727272727	0.033826136363636	0.026251136363636	0.047945454545455		1
000066:	0.081856250000000	0.634938636363636	0.099478977272727	0.126247159090909	0.029890340909091	0.027588636363636		1
000067:	0.816290340909091	0.085660227272727	0.011178977272727	0.013868750000000	0.021176704545455	0.051825000000000		1
000068:	0.024592045454545	0.646501704545455	0.056303409090909	0.175842045454545	0.071168750000000	0.025592045454545		1
000069:	0.044931818181818	0.640378977272727	0.064531818181818	0.188228977272727	0.023311931818182	0.038616477272727		1
000070:	0.298317045454545	0.341653977272727	0.075584090909091	0.121995454545455	0.060744886363636	0.101704545454545		1
000071:	0.034257386363636	0.340169318181818	0.046319886363636	0.475908522727273	0.045890909090909	0.057453977272727		1
000072:	0.075057954545455	0.810430113636364	0.025200568181818	0.033621590909091	0.019127840909091	0.036561931818182		1
000073:	0.040750000000000	0.852507386363636	0.017790340909091	0.033994318181818	0.022567045454545	0.032390909090909		1
000074:	0.170343750000000	0.192322159090909	0.455943750000000	0.073427272727273	0.077985227272727	0.029977840909091		1
000075:	0.063114204545455	0.547085227272727	0.052876704545455	0.137586363636364	0.156134090909091	0.043203409090909		1
000076:	0.125165340909091	0.100638068181818	0.030349431818182	0.735906250000000	0.004777840909091	0.003163068181818		1
000077:	0.094415340909091	0.225450000000000	0.117201704545455	0.061035227272727	0.216633522727273	0.285264204545455		1
000078:	0.103701136363636	0.566631818181818	0.019569318181818	0.120896590909091	0.039013636363636	0.150187500000000		1
000079:	0.000973863636364	0.145892613636364	0.000293750000000	0.000491477272727	0.851983522727273	0.000364772727273		1
000080:	0.019568181818182	0.152143181818182	0.041245454545455	0.261628977272727	0.466789204545455	0.058625000000000		1
000081:	0.024425568181818	0.867514204545455	0.012667045454545	0.060172159090909	0.012494886363636	0.022726136363636		1
000082:	0.059819886363636	0.824827840909091	0.022457954545455	0.037776704545455	0.015570454545455	0.039547159090909		1
000083:	0.018755113636364	0.820019318181818	0.044653409090909	0.056964204545455	0.034121022727273	0.025486931818182		1
000084:	0.892769318181818	0.018480681818182	0.036667613636364	0.010121590909091	0.024688068181818	0.017272727272727		1
000085:	0.087908522727273	0.414448863636364	0.056132386363636	0.283294886363636	0.022743181818182	0.135472159090909		1
000086:	0.408411931818182	0.272413636363636	0.037762500000000	0.079285227272727	0.097382386363636	0.104744318181818		1
000087:	0.032211931818182	0.799386363636364	0.021228409090909	0.113623295454545	0.014088636363636	0.019461363636364		1
000088:	0.035887500000000	0.180728977272727	0.077006250000000	0.624221022727273	0.041960227272727	0.040196022727273		1
000089:	0.057372159090909	0.194939204545455	0.061481250000000	0.570652840909091	0.031996022727273	0.083558522727273		1
000090:	0.157365340909091	0.153313068181818	0.454871590909091	0.082103409090909	0.108736363636364	0.043610227272727		1
000091:	0.045164204545455	0.084026704545455	0.044993181818182	0.129402272727273	0.596335227272727	0.100078409090909		1
000092:	0.044693181818182	0.757422727272727	0.078299431818182	0.055850000000000	0.039680681818182	0.024053977272727		1
000093:	0.089119318181818	0.464282954545455	0.304356250000000	0.056291477272727	0.033975568181818	0.051974431818182		1
000094:	0.048877272727273	0.600598863636364	0.060732386363636	0.109544886363636	0.145735227272727	0.034511363636364		1
000095:	0.089336931818182	0.829309659090909	0.018343750000000	0.022402272727273	0.014723295454545	0.025884090909091		1
000096:	0.912165909090909	0.035422159090909	0.009475568181818	0.012342613636364	0.011152840909091	0.019440909090909		1
000097:	0.036286931818182	0.397900000000000	0.073722159090909	0.384206818181818	0.062389204545455	0.045494886363636		1
000098:	0.006872727272727	0.877389772727273	0.011346590909091	0.068007386363636	0.011786931818182	0.024596590909091		1
000099:	0.373274431818182	0.283688636363636	0.037613636363636	0.195269318181818	0.042269886363636	0.067884090909091		1
000100:	0.516624431818182	0.372805113636364	0.027025568181818	0.025916477272727	0.017299431818182	0.040328977272727		1
000101:	0.065628977272727	0.135614772727273	0.027386363636364	0.710675568181818	0.015122727272727	0.045571590909091		1
000102:	0.272408522727273	0.341121590909091	0.059785227272727	0.201107386363636	0.048256250000000	0.077321022727273		1
000103:	0.033376704545455	0.605089204545455	0.034215909090909	0.039682386363636	0.195077840909091	0.092557954545455		1
000104:	0.522672727272727	0.365341477272727	0.023925000000000	0.028269318181818	0.025128977272727	0.034662500000000		1
000105:	0.249031818181818	0.126188068181818	0.181978977272727	0.384714204545455	0.034134659090909	0.023952272727273		1
000106:	0.051560795454545	0.248893181818182	0.104109659090909	0.427028409090909	0.064326704545455	0.104081250000000		1
000107:	0.367229545454545	0.378258522727273	0.030652840909091	0.164874431818182	0.020506250000000	0.038478409090909		1
000108:	0.721787500000000	0.095650000000000	0.046810795454545	0.033203409090909	0.064994886363636	0.037553409090909		1
000109:	0.057986931818182	0.416539772727273	0.071724431818182	0.318034090909091	0.050930681818182	0.084784090909091		1
000110:	0.134393181818182	0.048557954545455	0.101747159090909	0.035951136363636	0.597320454545455	0.082030113636364		1
000111:	0.498632386363636	0.173172159090909	0.037169318181818	0.102736931818182	0.033778409090909	0.154510795454545		1
000112:	0.098386931818182	0.037899431818182	0.050414204545455	0.708366477272727	0.053552840909091	0.051380113636364		1
000113:	0.085199431818182	0.742798295454545	0.020693750000000	0.061271590909091	0.022289772727273	0.067747159090909		1
000114:	0.038127272727273	0.235587500000000	0.073247159090909	0.076298863636364	0.356796590909091	0.219942613636364		1
000115:	0.112055681818182	0.481092613636364	0.131229545454545	0.132659659090909	0.089836931818182	0.053125568181818		1
000116:	0.148618750000000	0.752750000000000	0.035935227272727	0.016355113636364	0.016813068181818	0.029527840909091		1
000117:	0.103141477272727	0.223166477272727	0.194383522727273	0.327146022727273	0.036285227272727	0.115877272727273		1
000118:	0.268686363636364	0.553982954545455	0.027001136363636	0.032957386363636	0.031535227272727	0.085836931818182		1
000119:	0.137163068181818	0.300064204545455	0.049491477272727	0.431490340909091	0.046252272727273	0.035538636363636		1
000120:	0.154831250000000	0.639467045454545	0.027809090909091	0.077770454545455	0.016811931818182	0.083310227272727		1
000121:	0.076821590909091	0.438907954545455	0.132013068181818	0.153407386363636	0.113344886363636	0.085505113636364		1
000122:	0.047880113636364	0.750228977272727	0.066629545454545	0.104451136363636	0.012292045454545	0.018518181818182		1
000123:	0.023078977272727	0.856987500000000	0.023197159090909	0.019207386363636	0.044677272727273	0.032851704545455		1
000124:	0.038629545454545	0.122249431818182	0.038246590909091	0.498294886363636	0.181146590909091	0.121432954545455		1
000125:	0.149721590909091	0.181839772727273	0.018436931818182	0.094221590909091	0.071340340909091	0.484439772727273		1
000126:	0.039558522727273	0.040970454545455	0.018954545454545	0.033069886363636	0.030182954545455	0.837263636363636		1
000127:	0.195595454545455	0.442643750000000	0.074200568181818	0.112450568181818	0.087590340909091	0.087519318181818		1
000128:	0.073611363636364	0.673964772727273	0.026544318181818	0.114308522727273	0.059388068181818	0.052182954545455		1
000129:	0.028136363636364	0.195178977272727	0.582357954545455	0.078012500000000	0.070929545454545	0.045384659090909		1
000130:	0.640305113636364	0.041302272727273	0.003000568181818	0.013812500000000	0.034964204545455	0.266615340909091		1
000131:	0.070311363636364	0.549080113636364	0.040693750000000	0.253173863636364	0.033389772727273	0.053351136363636		1
000132:	0.743795454545455	0.107845454545455	0.025813068181818	0.075349431818182	0.018826704545455	0.028369886363636		1
000133:	0.071902272727273	0.080210795454545	0.047572727272727	0.083447727272727	0.506825000000000	0.210041477272727		1
000134:	0.068857954545455	0.305010795454545	0.051242045454545	0.069019318181818	0.435019318181818	0.070850568181818		1
000135:	0.024980113636364	0.192782954545455	0.389005113636364	0.211189772727273	0.124760795454545	0.057281250000000		1
000136:	0.077748295454545	0.713556250000000	0.019811931818182	0.040877272727273	0.112791477272727	0.035214772727273		1
000137:	0.050206250000000	0.169216477272727	0.213021022727273	0.325743750000000	0.193051704545455	0.048760795454545		1
000138:	0.045165909090909	0.562115340909091	0.030594318181818	0.071372159090909	0.156627272727273	0.134125000000000		1
000139:	0.101704545454545	0.499571022727273	0.019053409090909	0.202601136363636	0.085123295454545	0.091946590909091		1
000140:	0.005941477272727	0.011215340909091	0.099031250000000	0.823379545454546	0.055677840909091	0.004754545454545		1
000141:	0.537731250000000	0.121201704545455	0.025077840909091	0.040912500000000	0.038687500000000	0.236389204545455		1
000142:	0.120825000000000	0.405780681818182	0.342495454545455	0.067903977272727	0.032797727272727	0.030197159090909		1
000143:	0.042788068181818	0.729900568181818	0.032713636363636	0.120524431818182	0.039864772727273	0.034208522727273		1
000144:	0.208538068181818	0.387392613636364	0.059255113636364	0.240803977272727	0.030950000000000	0.073060227272727		1
000145:	0.861052272727273	0.032628977272727	0.019964772727273	0.039915340909091	0.023747727272727	0.022690909090909		1
000146:	0.128313068181818	0.433519886363636	0.271477840909091	0.046868181818182	0.070624431818182	0.049196590909091		1
000147:	0.063292613636364	0.759973863636364	0.043351136363636	0.051822159090909	0.026063636363636	0.055496590909091		1
000148:	0.034697159090909	0.803203409090909	0.017647727272727	0.027347727272727	0.068133522727273	0.048970454545455		1
000149:	0.105985227272727	0.415709090909091	0.107199431818182	0.248811931818182	0.035390340909091	0.086903977272727		1
000150:	0.073510795454545	0.104054545454545	0.082006818181818	0.515731250000000	0.177305113636364	0.047391477272727		1
000151:	0.171575568181818	0.404599431818182	0.028619886363636	0.083080681818182	0.056948295454545	0.255176136363636		1
000152:	0.074449431818182	0.587840340909091	0.027355113636364	0.068963636363636	0.170392613636364	0.070998863636364		1
000153:	0.096073295454545	0.334849431818182	0.097185227272727	0.398663636363636	0.031611363636364	0.041617045454545		1
000154:	0.391092045454545	0.529181250000000	0.020482386363636	0.015587500000000	0.015578977272727	0.028077840909091		1
000155:	0.336746590909091	0.490323863636364	0.080452840909091	0.034610227272727	0.035453977272727	0.022412500000000		1
000156:	0.281308522727273	0.207607386363636	0.041856818181818	0.394678977272727	0.025766477272727	0.048781818181818		1
000157:	0.878310227272727	0.043418181818182	0.015597159090909	0.024770454545455	0.013840340909091	0.024063636363636		1
000158:	0.133085795454545	0.085988068181818	0.026199431818182	0.462269318181818	0.060165340909091	0.232292045454545		1
000159:	0.514065340909091	0.047333522727273	0.121998863636364	0.150735795454545	0.065192045454545	0.100674431818182		1
000160:	0.029973863636364	0.025703977272727	0.018023863636364	0.014426136363636	0.012859090909091	0.899013068181818		1
000161:	0.148380113636364	0.188635227272727	0.077278977272727	0.043206250000000	0.037548863636364	0.504950568181818		1
000162:	0.028943750000000	0.045904545454545	0.491381818181818	0.079400568181818	0.078222727272727	0.276146590909091		1
000163:	0.030534659090909	0.885405113636364	0.019812500000000	0.027577840909091	0.008059090909091	0.028610795454545		1
000164:	0.887650000000000	0.043938068181818	0.010165909090909	0.009231250000000	0.016415340909091	0.032599431818182		1
000165:	0.092481818181818	0.783014204545455	0.025542613636364	0.016119886363636	0.027264204545455	0.055577272727273		1
000166:	0.055642613636364	0.862364204545455	0.018167613636364	0.019584659090909	0.014113636363636	0.030127272727273		1
000167:	0.031489772727273	0.817402272727273	0.020676704545455	0.052293750000000	0.024943750000000	0.053193750000000		1
000168:	0.267021022727273	0.419184659090909	0.044527272727273	0.107840340909091	0.075462500000000	0.085964204545455		1
000169:	0.031308522727273	0.613260795454545	0.035667613636364	0.243650000000000	0.030833522727273	0.045279545454545		1
000170:	0.017925568181818	0.923740909090909	0.011145454545455	0.012267613636364	0.020043750000000	0.014876704545455		1
000171:	0.663060227272727	0.211646022727273	0.027366477272727	0.017621022727273	0.026832386363636	0.053473863636364		1
000172:	0.066451136363636	0.680480681818182	0.069023295454545	0.054099431818182	0.041566477272727	0.088378977272727		1
000173:	0.071872159090909	0.756538636363636	0.024082386363636	0.101407386363636	0.013569886363636	0.032529545454545		1
000174:	0.040671022727273	0.590553409090909	0.267171022727273	0.027902272727273	0.050744318181818	0.022957954545455		1
000175:	0.902336931818182	0.024777272727273	0.025230113636364	0.010356818181818	0.022423295454545	0.014875568181818		1
000176:	0.106355681818182	0.372530681818182	0.030691477272727	0.256013636363636	0.058051136363636	0.176357386363636		1
000177:	0.092309090909091	0.660422159090909	0.066040340909091	0.085486931818182	0.067468181818182	0.028273295454545		1
000178:	0.094413068181818	0.761235227272727	0.042303977272727	0.030408522727273	0.035376136363636	0.036263068181818		1
000179:	0.898985227272727	0.025177840909091	0.012334090909091	0.029749431818182	0.012030681818182	0.021722727272727		1
000180:	0.902730113636364	0.022693750000000	0.017221022727273	0.012859659090909	0.022272159090909	0.022223295454545		1
000181:	0.897750000000000	0.018026136363636	0.011092613636364	0.007167613636364	0.008176136363636	0.057787500000000		1
000182:	0.196432954545455	0.203248863636364	0.211035795454545	0.199177840909091	0.080337500000000	0.109767045454545		1
000183:	0.887637500000000	0.049221590909091	0.014484659090909	0.014878977272727	0.013917045454545	0.019860227272727		1
000184:	0.141407386363636	0.380422159090909	0.035906818181818	0.062956250000000	0.311567045454545	0.067740340909091		1
000185:	0.102318181818182	0.147302272727273	0.250647727272727	0.160676704545455	0.204117045454545	0.134938068181818		1
000186:	0.693985227272727	0.060572727272727	0.025646022727273	0.063570454545455	0.095450000000000	0.060775568181818		1
000187:	0.888856818181818	0.032746590909091	0.016676704545455	0.011597159090909	0.025772727272727	0.024350000000000		1
000188:	0.356222727272727	0.163907386363636	0.021553409090909	0.063199431818182	0.111883522727273	0.283233522727273		1
000189:	0.028969886363636	0.911863636363636	0.011079545454545	0.019198295454545	0.010521022727273	0.018367613636364		1
000190:	0.036128977272727	0.769968181818182	0.025988068181818	0.052730681818182	0.058151136363636	0.057032954545455		1
000191:	0.054835795454545	0.716988636363636	0.048909659090909	0.126344886363636	0.011785227272727	0.041135795454545		1
000192:	0.092660795454545	0.128234659090909	0.123541477272727	0.481085795454545	0.044780681818182	0.129696590909091		1
000193:	0.146523863636364	0.335898295454545	0.067316477272727	0.349449431818182	0.048623863636364	0.052188068181818		1
000194:	0.080829545454545	0.580844318181818	0.058640909090909	0.038388636363636	0.197810227272727	0.043486363636364		1
000195:	0.051846590909091	0.236644886363636	0.028132954545455	0.633375000000000	0.018159090909091	0.031841477272727		1
000196:	0.285320454545455	0.115201136363636	0.023068181818182	0.078707954545455	0.028426704545455	0.469275568181818		1
000197:	0.172369318181818	0.424853977272727	0.038351136363636	0.241172727272727	0.018069318181818	0.105183522727273		1
000198:	0.144038068181818	0.140381250000000	0.290307954545455	0.251867045454545	0.042852840909091	0.130552840909091		1
000199:	0.149234090909091	0.597944318181818	0.054188636363636	0.023450000000000	0.024702840909091	0.150480113636364		1
000200:	0.070082954545455	0.313046022727273	0.051086363636364	0.048582386363636	0.023568750000000	0.493633522727273		1
000201:	0.899256250000000	0.030844886363636	0.015265909090909	0.017216477272727	0.015775568181818	0.021640909090909		1
000202:	0.255130113636364	0.306621022727273	0.153917045454545	0.081643181818182	0.116602272727273	0.086086363636364		1
000203:	0.080578977272727	0.771014204545455	0.019482954545455	0.029056818181818	0.051115909090909	0.048751136363636		1
000204:	0.361752840909091	0.420906250000000	0.018465340909091	0.026031250000000	0.063214204545455	0.109630113636364		1
000205:	0.307460795454545	0.473872727272727	0.038434090909091	0.037547159090909	0.066216477272727	0.076468750000000		1
000206:	0.089989204545455	0.377015340909091	0.024411363636364	0.027307954545455	0.429010227272727	0.052265909090909		1
000207:	0.027364204545455	0.098585795454545	0.028203977272727	0.622556818181818	0.052160795454545	0.171128409090909		1
000208:	0.271165340909091	0.419814772727273	0.028108522727273	0.082235795454545	0.036213068181818	0.162462500000000		1
000209:	0.621135795454545	0.135936363636364	0.037238636363636	0.074550568181818	0.038089772727273	0.093048863636364		1
000210:	0.341083522727273	0.436788636363636	0.041190340909091	0.101713068181818	0.043781250000000	0.035443181818182		1
000211:	0.099506818181818	0.744970454545455	0.037074431818182	0.032676704545455	0.032921590909091	0.052850000000000		1
000212:	0.322906818181818	0.156284659090909	0.039501704545455	0.041682954545455	0.023819318181818	0.415804545454545		1
000213:	0.341792045454545	0.522593181818182	0.017564204545455	0.026156818181818	0.026823863636364	0.065069886363636		1
000214:	0.074894886363636	0.454801704545455	0.037987500000000	0.075739204545455	0.040933522727273	0.315643181818182		1
000215:	0.078963068181818	0.295442045454545	0.040034659090909	0.345026704545455	0.139631250000000	0.100902272727273		1
000216:	0.604200568181818	0.118278409090909	0.046363068181818	0.057828977272727	0.021128409090909	0.152200568181818		1
000217:	0.128462500000000	0.177700000000000	0.121052840909091	0.032913636363636	0.032734090909091	0.507136931818182		1
000218:	0.000552840909091	0.000805681818182	0.000310227272727	0.125169886363636	0.000105113636364	0.873056250000000		1
000219:	0.223511363636364	0.319708522727273	0.022265340909091	0.032136363636364	0.036020454545455	0.366357954545455		1
000220:	0.487169886363636	0.129996590909091	0.011705681818182	0.194436363636364	0.012432386363636	0.164259090909091		1
000221:	0.176268750000000	0.679913636363636	0.015448863636364	0.027213068181818	0.022199431818182	0.078956250000000		1
000222:	0.799404545454545	0.107544886363636	0.009230113636364	0.015950568181818	0.013969318181818	0.053900568181818		1
000223:	0.377052840909091	0.208793181818182	0.132400568181818	0.134654545454545	0.053871590909091	0.093227272727273		1
000224:	0.068696590909091	0.170097727272727	0.174563636363636	0.179932386363636	0.374148295454545	0.032561363636364		1
000225:	0.035871022727273	0.373281250000000	0.191761363636364	0.203164772727273	0.141859090909091	0.054062500000000		1
000226:	0.177706818181818	0.239571590909091	0.035785227272727	0.318693181818182	0.115118750000000	0.113124431818182		1
000227:	0.057084090909091	0.159046022727273	0.165494318181818	0.342375568181818	0.223187500000000	0.052812500000000		1
000228:	0.035413636363636	0.030595454545455	0.323707386363636	0.024787500000000	0.364485795454545	0.221010227272727		1
000229:	0.040543750000000	0.500567613636364	0.027903977272727	0.061205681818182	0.325211931818182	0.044567045454545		1
000230:	0.058357386363636	0.034955681818182	0.019380113636364	0.031764772727273	0.048914772727273	0.806627272727273		1
000231:	0.029331250000000	0.263404545454545	0.113676136363636	0.371701136363636	0.115107386363636	0.106779545454545		1
000232:	0.241437500000000	0.238436931818182	0.053143750000000	0.033541477272727	0.207249431818182	0.226190909090909		1
000233:	0.032927272727273	0.184007386363636	0.025962500000000	0.588603977272727	0.118793181818182	0.049705681818182		1
000234:	0.026046590909091	0.091758522727273	0.104539772727273	0.113742613636364	0.623743181818182	0.040169318181818		1
000235:	0.060133522727273	0.095609659090909	0.514825568181818	0.042885795454545	0.261300000000000	0.025245454545455		1
000236:	0.325417045454545	0.086220454545455	0.064597727272727	0.129319318181818	0.145905681818182	0.248539772727273		1
000237:	0.037503409090909	0.161164772727273	0.035609659090909	0.134635227272727	0.610269886363636	0.020817045454545		1
000238:	0.706313636363636	0.169565909090909	0.044720454545455	0.025526704545455	0.018757954545455	0.035115340909091		1
000239:	0.095677272727273	0.342789772727273	0.041416477272727	0.166903977272727	0.239179545454545	0.114032954545455		1
000240:	0.025941477272727	0.062661363636364	0.030185795454545	0.108948863636364	0.055663636363636	0.716598863636364		1
000241:	0.273851136363636	0.154401136363636	0.104040340909091	0.300755681818182	0.070607386363636	0.096344318181818		1
000242:	0.029311363636364	0.044753977272727	0.056155681818182	0.784893181818182	0.046807954545455	0.038077840909091		1
000243:	0.037575568181818	0.041221590909091	0.120981250000000	0.055647727272727	0.250035795454545	0.494538068181818		1
000244:	0.056543750000000	0.320508522727273	0.033492613636364	0.096671590909091	0.104279545454545	0.388503977272727		1
000245:	0.033682954545455	0.358138068181818	0.036678409090909	0.138654545454545	0.199254545454545	0.233591477272727		1
000246:	0.024923295454545	0.318324431818182	0.163406250000000	0.089126704545455	0.217618750000000	0.186600568181818		1
000247:	0.052082954545455	0.116318750000000	0.040394886363636	0.360855681818182	0.326952840909091	0.103394886363636		1
000248:	0.031192613636364	0.552626704545455	0.017637500000000	0.032861363636364	0.202043181818182	0.163638636363636		1
000249:	0.021397727272727	0.042403977272727	0.041917045454545	0.187867613636364	0.640059659090909	0.066353977272727		1
000250:	0.048969886363636	0.139319318181818	0.049745454545455	0.234655113636364	0.495368750000000	0.031941477272727		1
000251:	0.047760795454545	0.127892045454545	0.141811931818182	0.110376704545455	0.458030681818182	0.114127840909091		1
000252:	0.178340340909091	0.098692613636364	0.025187500000000	0.084446022727273	0.153914204545455	0.459419318181818		1
000253:	0.044534659090909	0.067302272727273	0.023347727272727	0.035033522727273	0.765597727272727	0.064184090909091		1
000254:	0.039940909090909	0.058773295454545	0.034869318181818	0.022294886363636	0.751640909090909	0.092480681818182		1
000255:	0.033963636363636	0.075333522727273	0.021250568181818	0.017628409090909	0.806389204545455	0.045434659090909		1
000256:	0.033202272727273	0.764821590909091	0.017897727272727	0.070031250000000	0.076802840909091	0.037244318181818		1
000257:	0.329988068181818	0.034463636363636	0.339721022727273	0.016433522727273	0.025199431818182	0.254194318181818		1
000258:	0.028457386363636	0.854010227272727	0.016868750000000	0.038952840909091	0.019039204545455	0.042671590909091		1
000259:	0.905357386363636	0.020532386363636	0.017956818181818	0.019739772727273	0.014544318181818	0.021869318181818		1
000260:	0.051621590909091	0.059495454545455	0.050238636363636	0.203518750000000	0.319272159090909	0.315853409090909		1
000261:	0.159798863636364	0.073421590909091	0.059773863636364	0.067050000000000	0.468210795454545	0.171744886363636		1
000262:	0.423667045454545	0.058228977272727	0.064054545454545	0.049651704545455	0.198826136363636	0.205571590909091		1
000263:	0.081642613636364	0.578734659090909	0.029682954545455	0.092998295454545	0.024366477272727	0.192575000000000		1
000264:	0.842651136363636	0.055106250000000	0.013565909090909	0.022821022727273	0.034206250000000	0.031649431818182		1
000265:	0.053457386363636	0.801518181818182	0.020443750000000	0.019433522727273	0.057369886363636	0.047777272727273		1
000266:	0.054993750000000	0.478525000000000	0.040556250000000	0.035030113636364	0.356240340909091	0.034654545454545		1
000267:	0.018932386363636	0.056020454545455	0.020909659090909	0.036139204545455	0.844774431818182	0.023223863636364		1
000268:	0.148960795454545	0.440988636363636	0.022393750000000	0.086073863636364	0.139800000000000	0.161782954545455		1
000269:	0.066364772727273	0.114071022727273	0.545415909090909	0.062189772727273	0.182400568181818	0.029557954545455		1
000270:	0.875703977272727	0.050725568181818	0.013500568181818	0.020965340909091	0.016541477272727	0.022563068181818		1
000271:	0.064465340909091	0.036852840909091	0.033838068181818	0.055207386363636	0.737715340909091	0.071921022727273		1
000272:	0.142032954545455	0.051011931818182	0.045222727272727	0.091564204545455	0.541560227272727	0.128607954545455		1
000273:	0.357564204545455	0.169836931818182	0.216134659090909	0.062218750000000	0.144585795454545	0.049659659090909		1
000274:	0.076390909090909	0.043702840909091	0.021618181818182	0.037588068181818	0.735427272727273	0.085272727272727		1
000275:	0.067068181818182	0.688687500000000	0.093667045454545	0.067640909090909	0.056137500000000	0.026798863636364		1
000276:	0.833467613636364	0.039273295454545	0.011171022727273	0.036611363636364	0.034620454545455	0.044856250000000		1
000277:	0.113222159090909	0.094896590909091	0.290310227272727	0.038677272727273	0.423127840909091	0.039765909090909		1
000278:	0.039479545454545	0.688865909090909	0.043635795454545	0.099216477272727	0.063596022727273	0.065206250000000		1
000279:	0.022251704545455	0.148497727272727	0.202579545454545	0.084914204545455	0.512048863636364	0.029707954545455		1
000280:	0.166475568181818	0.116768181818182	0.024568750000000	0.336134659090909	0.201310227272727	0.154742613636364		1
000281:	0.426085795454545	0.032693750000000	0.076578409090909	0.060979545454545	0.377310227272727	0.026352272727273		1
000282:	0.159577272727273	0.121641477272727	0.130867613636364	0.312498295454545	0.188538636363636	0.086876704545455		1
000283:	0.879860795454545	0.029576704545455	0.012917045454545	0.014787500000000	0.012932386363636	0.049925568181818		1
000284:	0.053168181818182	0.057469318181818	0.022573863636364	0.032194318181818	0.784637500000000	0.049956818181818		1
000285:	0.029384090909091	0.141863636363636	0.087367613636364	0.400420454545455	0.295882954545455	0.045081250000000		1
000286:	0.267300568181818	0.084724431818182	0.135456818181818	0.123102840909091	0.347489204545455	0.041926136363636		1
000287:	0.200272727272727	0.121291477272727	0.213796022727273	0.070657386363636	0.363484659090909	0.030497727272727		1
000288:	0.251499431818182	0.232694318181818	0.111642045454545	0.097048863636364	0.221410227272727	0.085705113636364		1
000289:	0.173200000000000	0.364821590909091	0.018820454545455	0.060454545454545	0.167858522727273	0.214844886363636		1
000290:	0.002011931818182	0.257640340909091	0.720226704545455	0.000823295454545	0.017211363636364	0.002086363636364		1
000291:	0.076073863636364	0.773187500000000	0.057798863636364	0.030322159090909	0.028776136363636	0.033841477272727		1
000292:	0.070425568181818	0.283439772727273	0.038058522727273	0.052568181818182	0.060785227272727	0.494722727272727		1
000293:	0.048816477272727	0.821874431818182	0.030080681818182	0.034341477272727	0.014440340909091	0.050446590909091		1
000294:	0.144500568181818	0.623167613636364	0.029817613636364	0.111245454545455	0.040144318181818	0.051124431818182		1
000295:	0.061360227272727	0.109082954545455	0.016490909090909	0.732539204545455	0.019911931818182	0.060614772727273		1
000296:	0.519390340909091	0.233825568181818	0.024907386363636	0.076988068181818	0.073061363636364	0.071827272727273		1
000297:	0.004072159090909	0.597934659090909	0.003376704545455	0.004431250000000	0.377994318181818	0.012190909090909		1
000298:	0.057055681818182	0.087465340909091	0.686932386363636	0.070570454545455	0.075965909090909	0.022010227272727		1
000299:	0.064175568181818	0.648846590909091	0.019956250000000	0.054597727272727	0.170062500000000	0.042361363636364		1
000300:	0.225155113636364	0.454742045454545	0.143124431818182	0.024264772727273	0.103567045454545	0.049146590909091		1
000301:	0.032040909090909	0.874706250000000	0.020451704545455	0.032823295454545	0.017680113636364	0.022297727272727		1
000302:	0.863475000000000	0.033382386363636	0.013706818181818	0.023377840909091	0.014109659090909	0.051948295454545		1
000303:	0.901206818181818	0.016296022727273	0.013849431818182	0.019518181818182	0.017252840909091	0.031876704545455		1
000304:	0.033451704545455	0.605296022727273	0.016520454545455	0.093417045454545	0.037528409090909	0.213786363636364		1
000305:	0.149488068181818	0.045048295454545	0.022626136363636	0.064815909090909	0.048583522727273	0.669438068181818		1
000306:	0.768335795454545	0.043053977272727	0.037719318181818	0.034969886363636	0.056623863636364	0.059297159090909		1
000307:	0.067677272727273	0.047820454545455	0.013823863636364	0.021785227272727	0.057570454545455	0.791322727272727		1
000308:	0.053623295454545	0.816196022727273	0.016526704545455	0.019236931818182	0.033246590909091	0.061170454545455		1
000309:	0.052189204545455	0.684161363636364	0.036392045454545	0.054009090909091	0.138757386363636	0.034490909090909		1
000310:	0.872792613636364	0.038285227272727	0.013121590909091	0.023744318181818	0.021726136363636	0.030330113636364		1
000311:	0.116585227272727	0.238070454545455	0.019564204545455	0.247314204545455	0.157521022727273	0.220944886363636		1
000312:	0.050701704545455	0.058701136363636	0.031989772727273	0.075647727272727	0.746335795454545	0.036623863636364		1
000313:	0.044575568181818	0.065935227272727	0.084282386363636	0.051400000000000	0.680996590909091	0.072810227272727		1
000314:	0.090149431818182	0.070146022727273	0.054132954545455	0.500695454545454	0.212157386363636	0.072718750000000		1
000315:	0.033780113636364	0.088364204545455	0.044171590909091	0.102673863636364	0.693711931818182	0.037298295454545		1
000316:	0.044824431818182	0.661881250000000	0.017897727272727	0.123189204545455	0.104361931818182	0.047845454545455		1
000317:	0.033299431818182	0.025786931818182	0.027947159090909	0.751292045454545	0.074191477272727	0.087482954545455		1
000318:	0.140184659090909	0.507377840909091	0.013174431818182	0.056311363636364	0.033431250000000	0.249520454545455		1
000319:	0.858620454545455	0.047921022727273	0.019668181818182	0.021929545454545	0.023052840909091	0.028807954545455		1
000320:	0.495134090909091	0.173186363636364	0.067732954545455	0.057775568181818	0.108448863636364	0.097722159090909		1
000321:	0.061213636363636	0.762681250000000	0.017530113636364	0.030601704545455	0.023096590909091	0.104876704545455		1
000322:	0.189181250000000	0.048370454545455	0.020430113636364	0.025006818181818	0.054382954545455	0.662628409090909		1
000323:	0.152383522727273	0.115672159090909	0.253603977272727	0.056397159090909	0.271154545454545	0.150788636363636		1
000324:	0.183423863636364	0.181051704545455	0.010991477272727	0.022605681818182	0.044547727272727	0.557379545454545		1
000325:	0.793494886363636	0.036307386363636	0.027043750000000	0.029053409090909	0.045433522727273	0.068667045454545		1
000326:	0.057486931818182	0.503387500000000	0.022608522727273	0.063516477272727	0.175030681818182	0.177969886363636		1
000327:	0.099910795454545	0.595665909090909	0.031398295454545	0.082561363636364	0.019966477272727	0.170497159090909		1
000328:	0.034596022727273	0.028556250000000	0.010881250000000	0.020744886363636	0.080955113636364	0.824266477272727		1
000329:	0.110191477272727	0.507956818181818	0.035908522727273	0.072703409090909	0.095239772727273	0.178000000000000		1
000330:	0.144895454545455	0.054777840909091	0.014686363636364	0.031800568181818	0.080872159090909	0.672967613636364		1
000331:	0.084867613636364	0.063047159090909	0.029627272727273	0.017445454545455	0.131840340909091	0.673172159090909		1
