Estimated Clustering Probabilities for Samples
Sample	***Cluster  01***	***Cluster  02***	***Cluster  03***	***Cluster  04***	
000001:	0.070353409090909	0.009138068181818	0.659221022727273	0.261287500000000		1
000002:	0.023521590909091	0.005603409090909	0.930571022727273	0.040303977272727		1
000003:	0.063348863636364	0.007728977272727	0.877370454545455	0.051551704545455		1
000004:	0.014849431818182	0.005261363636364	0.947456250000000	0.032432954545455		1
000005:	0.038540340909091	0.004467613636364	0.884942613636364	0.072049431818182		1
000006:	0.034492045454545	0.019583522727273	0.892016477272727	0.053907954545455		1
000007:	0.052944886363636	0.008834090909091	0.902826136363636	0.035394886363636		1
000008:	0.015175000000000	0.013305113636364	0.938219318181818	0.033300568181818		1
000009:	0.019436931818182	0.007104545454545	0.921970454545455	0.051488068181818		1
000010:	0.020410227272727	0.013975000000000	0.894911363636364	0.070703409090909		1
000011:	0.137336931818182	0.109657954545455	0.513524431818182	0.239480681818182		1
000012:	0.032182386363636	0.220720454545455	0.215440340909091	0.531656818181818		1
000013:	0.027445454545455	0.463760795454545	0.114561363636364	0.394232386363636		1
000014:	0.056472727272727	0.199996590909091	0.589256818181818	0.154273863636364		1
000015:	0.019790909090909	0.039214204545455	0.563089204545455	0.377905681818182		1
000016:	0.032829545454545	0.063171022727273	0.780075568181818	0.123923863636364		1
000017:	0.061781818181818	0.053198863636364	0.270850568181818	0.614168750000000		1
000018:	0.018538636363636	0.502563636363636	0.076122727272727	0.402775000000000		1
000019:	0.036906818181818	0.175076704545455	0.398135795454545	0.389880681818182		1
000020:	0.037890340909091	0.050906818181818	0.415266477272727	0.495936363636364		1
000021:	0.107665909090909	0.035640909090909	0.118215340909091	0.738477840909091		1
000022:	0.019600000000000	0.073832386363636	0.166509659090909	0.740057954545455		1
000023:	0.147119886363636	0.164036363636364	0.186112500000000	0.502731250000000		1
000024:	0.039328977272727	0.300031818181818	0.374905681818182	0.285733522727273		1
000025:	0.657596590909091	0.269846022727273	0.001436931818182	0.071120454545455		1
000026:	0.040288636363636	0.074101704545455	0.074556818181818	0.811052840909091		1
000027:	0.025822727272727	0.166383522727273	0.070663636363636	0.737130113636364		1
000028:	0.258375568181818	0.053302840909091	0.269092045454545	0.419229545454545		1
000029:	0.056430681818182	0.098287500000000	0.244776136363636	0.600505681818182		1
000030:	0.120039204545455	0.189600000000000	0.397901704545455	0.292459090909091		1
000031:	0.021668181818182	0.216856818181818	0.048175568181818	0.713299431818182		1
000032:	0.053406250000000	0.063275000000000	0.080898295454545	0.802420454545455		1
000033:	0.085572159090909	0.054343181818182	0.150306818181818	0.709777840909091		1
000034:	0.046256250000000	0.145048863636364	0.446513068181818	0.362181818181818		1
000035:	0.129617613636364	0.172503977272727	0.114897159090909	0.582981250000000		1
000036:	0.096586363636364	0.058374431818182	0.201407954545455	0.643631250000000		1
000037:	0.018768750000000	0.090810795454545	0.113918750000000	0.776501704545455		1
000038:	0.231409090909091	0.247358522727273	0.288223863636364	0.233008522727273		1
000039:	0.022644318181818	0.234330113636364	0.125286363636364	0.617739204545455		1
000040:	0.054737500000000	0.200351136363636	0.606419886363636	0.138491477272727		1
000041:	0.040447159090909	0.091030681818182	0.157207386363636	0.711314772727273		1
000042:	0.042693181818182	0.313764772727273	0.107813636363636	0.535728409090909		1
000043:	0.037173863636364	0.043614772727273	0.572921022727273	0.346290340909091		1
000044:	0.035797159090909	0.066263636363636	0.230051136363636	0.667888068181818		1
000045:	0.017935795454545	0.099199431818182	0.063345454545455	0.819519318181818		1
000046:	0.380751136363636	0.000172727272727	0.618803409090909	0.000272727272727		1
000047:	0.088630681818182	0.097299431818182	0.354324431818182	0.459745454545455		1
000048:	0.039520454545455	0.026519886363636	0.822477272727273	0.111482386363636		1
000049:	0.045841477272727	0.062573863636364	0.547012500000000	0.344572159090909		1
000050:	0.035548863636364	0.120447727272727	0.401275000000000	0.442728409090909		1
000051:	0.030557386363636	0.023964204545455	0.894444886363636	0.051033522727273		1
000052:	0.022009090909091	0.022226704545455	0.876076136363636	0.079688068181818		1
000053:	0.029225000000000	0.077826704545455	0.383781818181818	0.509166477272727		1
000054:	0.053731818181818	0.466241477272727	0.217855681818182	0.262171022727273		1
000055:	0.031723863636364	0.026872159090909	0.773228977272727	0.168175000000000		1
000056:	0.020539204545455	0.029022159090909	0.427556250000000	0.522882386363636		1
000057:	0.035907386363636	0.035894318181818	0.394175000000000	0.534023295454545		1
000058:	0.063881818181818	0.166522727272727	0.290896022727273	0.478699431818182		1
000059:	0.033671590909091	0.043409090909091	0.106607386363636	0.816311931818182		1
000060:	0.033217045454545	0.025907954545455	0.496307954545455	0.444567045454545		1
000061:	0.025492045454545	0.037273295454545	0.422389204545455	0.514845454545454		1
000062:	0.031975568181818	0.036201136363636	0.851528977272727	0.080294318181818		1
000063:	0.040471590909091	0.035435227272727	0.861027272727273	0.063065909090909		1
000064:	0.253421022727273	0.017971022727273	0.692157386363636	0.036450568181818		1
000065:	0.035901136363636	0.032475000000000	0.785665340909091	0.145958522727273		1
000066:	0.022300000000000	0.025825000000000	0.300578977272727	0.651296022727273		1
000067:	0.033172727272727	0.028598863636364	0.883468181818182	0.054760227272727		1
000068:	0.031263068181818	0.051927272727273	0.128256818181818	0.788552840909091		1
000069:	0.019418181818182	0.019333522727273	0.196771022727273	0.764477272727273		1
000070:	0.105553409090909	0.134340909090909	0.453252840909091	0.306852840909091		1
000071:	0.026164204545455	0.031917045454545	0.185184090909091	0.756734659090909		1
000072:	0.051797727272727	0.037767613636364	0.693051136363636	0.217383522727273		1
000073:	0.038398295454545	0.051067613636364	0.688206250000000	0.222327840909091		1
000074:	0.037309659090909	0.321850568181818	0.148407386363636	0.492432386363636		1
000075:	0.041941477272727	0.158257386363636	0.441055113636364	0.358746022727273		1
000076:	0.496067045454545	0.117625000000000	0.121097727272727	0.265210227272727		1
000077:	0.270540340909091	0.140900568181818	0.282021590909091	0.306537500000000		1
000078:	0.054711363636364	0.030744886363636	0.584175568181818	0.330368181818182		1
000079:	0.061564204545455	0.071452272727273	0.170031250000000	0.696952272727273		1
000080:	0.074061363636364	0.188456818181818	0.151899431818182	0.585582386363636		1
000081:	0.042453977272727	0.022716477272727	0.604260795454545	0.330568750000000		1
000082:	0.062530681818182	0.022554545454545	0.591879545454545	0.323035227272727		1
000083:	0.089005681818182	0.047652272727273	0.323213068181818	0.540128977272727		1
000084:	0.140388068181818	0.322818750000000	0.438167045454545	0.098626136363636		1
000085:	0.065206250000000	0.066638068181818	0.345607386363636	0.522548295454546		1
000086:	0.055713636363636	0.172132386363636	0.473496590909091	0.298657386363636		1
000087:	0.019505681818182	0.029178977272727	0.176236363636364	0.775078977272727		1
000088:	0.025757386363636	0.039243181818182	0.087991477272727	0.847007954545455		1
000089:	0.063086931818182	0.037502840909091	0.126067613636364	0.773342613636364		1
000090:	0.034481250000000	0.215334659090909	0.145918750000000	0.604265340909091		1
000091:	0.271550000000000	0.238152272727273	0.110257954545455	0.380039772727273		1
000092:	0.058934659090909	0.074233522727273	0.348724431818182	0.518107386363636		1
000093:	0.075596590909091	0.147900568181818	0.340194886363636	0.436307954545455		1
000094:	0.076918750000000	0.113302840909091	0.197159659090909	0.612618750000000		1
000095:	0.036082954545455	0.033698295454545	0.787197727272727	0.143021022727273		1
000096:	0.034185227272727	0.036196022727273	0.812040340909091	0.117578409090909		1
000097:	0.021555681818182	0.033223295454545	0.098492045454545	0.846728977272727		1
000098:	0.030136363636364	0.026734659090909	0.168997727272727	0.774131250000000		1
000099:	0.058560795454545	0.098129545454545	0.417319886363636	0.425989772727273		1
000100:	0.022612500000000	0.037791477272727	0.801484659090909	0.138111363636364		1
000101:	0.013101136363636	0.020992045454545	0.140263636363636	0.825643181818182		1
000102:	0.026063068181818	0.081168181818182	0.292772727272727	0.599996022727273		1
000103:	0.155800568181818	0.228109090909091	0.241052840909091	0.375037500000000		1
000104:	0.019094886363636	0.036024431818182	0.774726136363636	0.170154545454545		1
000105:	0.024316477272727	0.050427272727273	0.126463068181818	0.798793181818182		1
000106:	0.029090340909091	0.045594318181818	0.140161931818182	0.785153409090909		1
000107:	0.023303977272727	0.053537500000000	0.482157386363636	0.441001136363636		1
000108:	0.044860795454545	0.115322727272727	0.623406818181818	0.216409659090909		1
000109:	0.065543750000000	0.080682386363636	0.162722159090909	0.691051704545455		1
000110:	0.126373863636364	0.668466477272727	0.121277840909091	0.083881818181818		1
000111:	0.079564772727273	0.040486363636364	0.631943181818182	0.248005681818182		1
000112:	0.053255113636364	0.107734090909091	0.137339204545455	0.701671590909091		1
000113:	0.042614204545455	0.030778409090909	0.516344318181818	0.410263068181818		1
000114:	0.271025568181818	0.068527840909091	0.151952840909091	0.508493750000000		1
000115:	0.050653409090909	0.101747159090909	0.365863636363636	0.481735795454545		1
000116:	0.032942613636364	0.071439772727273	0.737592613636364	0.158025000000000		1
000117:	0.057181250000000	0.034192045454545	0.286025000000000	0.622601704545454		1
000118:	0.060306250000000	0.029350000000000	0.775422159090909	0.134921590909091		1
000119:	0.025236363636364	0.055112500000000	0.143798295454545	0.775852840909091		1
000120:	0.021875568181818	0.040638636363636	0.819844318181818	0.117641477272727		1
000121:	0.079355681818182	0.247775000000000	0.247517045454545	0.425352272727273		1
000122:	0.013520454545455	0.023113636363636	0.201731818181818	0.761634090909091		1
000123:	0.087269886363636	0.095567045454545	0.517874431818182	0.299288636363636		1
000124:	0.172529545454545	0.098087500000000	0.183881818181818	0.545501136363636		1
000125:	0.133431818181818	0.037989772727273	0.739777272727273	0.088801136363636		1
000126:	0.801057954545455	0.027556250000000	0.104100000000000	0.067285795454545		1
000127:	0.041635795454545	0.051168181818182	0.565083522727273	0.342112500000000		1
000128:	0.045844318181818	0.035818181818182	0.737721590909091	0.180615909090909		1
000129:	0.036301704545455	0.075376136363636	0.087107386363636	0.801214772727273		1
000130:	0.078653409090909	0.068251136363636	0.719236363636364	0.133859090909091		1
000131:	0.025943181818182	0.028309090909091	0.299210795454545	0.646536931818182		1
000132:	0.021918750000000	0.033731250000000	0.719740340909091	0.224609659090909		1
000133:	0.281302272727273	0.149523863636364	0.248318750000000	0.320855113636364		1
000134:	0.053193750000000	0.217755113636364	0.396333522727273	0.332717613636364		1
000135:	0.023371022727273	0.122200000000000	0.116420454545455	0.738008522727273		1
000136:	0.045517613636364	0.044319318181818	0.600808522727273	0.309354545454545		1
000137:	0.048086931818182	0.227092045454545	0.102361363636364	0.622459659090909		1
000138:	0.175155681818182	0.092753977272727	0.389964204545455	0.342126136363636		1
000139:	0.063606818181818	0.060780681818182	0.402743181818182	0.472869318181818		1
000140:	0.029671590909091	0.605394886363636	0.109012500000000	0.255921022727273		1
000141:	0.054077272727273	0.054026704545455	0.802236363636364	0.089659659090909		1
000142:	0.016825000000000	0.057642613636364	0.151669318181818	0.773863068181818		1
000143:	0.026547727272727	0.049128409090909	0.329040340909091	0.595283522727273		1
000144:	0.021957386363636	0.032806818181818	0.470288636363636	0.474947159090909		1
000145:	0.649121022727273	0.322896022727273	0.020888068181818	0.007094886363636		1
000146:	0.025767045454545	0.102938068181818	0.368222159090909	0.503072727272727		1
000147:	0.025371590909091	0.035456250000000	0.695942045454545	0.243230113636364		1
000148:	0.043150568181818	0.071519886363636	0.704411363636364	0.180918181818182		1
000149:	0.029657386363636	0.060003409090909	0.454064204545455	0.456275000000000		1
000150:	0.026157386363636	0.122051136363636	0.092502840909091	0.759288636363636		1
000151:	0.066214204545455	0.054271590909091	0.678672159090909	0.200842045454545		1
000152:	0.105888636363636	0.143564772727273	0.482085227272727	0.268461363636364		1
000153:	0.025525568181818	0.054082954545455	0.197454545454545	0.722936931818182		1
000154:	0.022943181818182	0.026377272727273	0.878614204545455	0.072065340909091		1
000155:	0.026289204545455	0.121837500000000	0.506500000000000	0.345373295454545		1
000156:	0.032477840909091	0.048954545454545	0.293775000000000	0.624792613636364		1
000157:	0.045346590909091	0.012850000000000	0.899896590909091	0.041906818181818		1
000158:	0.194298295454545	0.029007386363636	0.575809659090909	0.200884659090909		1
000159:	0.204217613636364	0.215111931818182	0.369333522727273	0.211336931818182		1
000160:	0.716358522727273	0.010882954545455	0.248061931818182	0.024696590909091		1
000161:	0.189055681818182	0.039382954545455	0.725554545454545	0.046006818181818		1
000162:	0.289230113636364	0.161559659090909	0.212552840909091	0.336657386363636		1
000163:	0.029261931818182	0.007307386363636	0.901951136363636	0.061479545454545		1
000164:	0.054483522727273	0.010686363636364	0.918328977272727	0.016501136363636		1
000165:	0.029355113636364	0.011546022727273	0.932798863636364	0.026300000000000		1
000166:	0.022937500000000	0.009386363636364	0.929652272727273	0.038023863636364		1
000167:	0.095459659090909	0.031996022727273	0.746438636363636	0.126105681818182		1
000168:	0.037844886363636	0.061022159090909	0.547594886363636	0.353538068181818		1
000169:	0.023998863636364	0.033532386363636	0.178015909090909	0.764452840909091		1
000170:	0.023577272727273	0.031468181818182	0.859039772727273	0.085914772727273		1
000171:	0.027817045454545	0.040607954545455	0.753580681818182	0.177994318181818		1
000172:	0.103028977272727	0.090747159090909	0.470253977272727	0.335969886363636		1
000173:	0.022006818181818	0.019919886363636	0.490335227272727	0.467738068181818		1
000174:	0.013889772727273	0.050985227272727	0.152557386363636	0.782567613636364		1
000175:	0.022044886363636	0.097295454545455	0.753231818181818	0.127427840909091		1
000176:	0.066173863636364	0.029116477272727	0.327825568181818	0.576884090909091		1
000177:	0.021868750000000	0.049141477272727	0.276267045454545	0.652722727272727		1
000178:	0.009185795454545	0.037849431818182	0.501137500000000	0.451827272727273		1
000179:	0.013764772727273	0.030747159090909	0.801550568181818	0.153937500000000		1
000180:	0.022796590909091	0.078619886363636	0.752288068181818	0.146295454545455		1
000181:	0.038462500000000	0.040323295454545	0.832889772727273	0.088324431818182		1
000182:	0.066539204545455	0.184242045454545	0.298080113636364	0.451138636363636		1
000183:	0.017168181818182	0.026243181818182	0.854178409090909	0.102410227272727		1
000184:	0.031686363636364	0.095103409090909	0.509825000000000	0.363385227272727		1
000185:	0.064039204545455	0.214600000000000	0.247914772727273	0.473446022727273		1
000186:	0.055364772727273	0.124942613636364	0.655509659090909	0.164182954545455		1
000187:	0.027212500000000	0.120090909090909	0.718346590909091	0.134350000000000		1
000188:	0.096794318181818	0.063268750000000	0.718486931818182	0.121450000000000		1
000189:	0.033427272727273	0.022573295454545	0.583318750000000	0.360680681818182		1
000190:	0.062931250000000	0.050500568181818	0.626960227272727	0.259607954545455		1
000191:	0.023243750000000	0.023589772727273	0.388539772727273	0.564626704545454		1
000192:	0.061976704545455	0.035497159090909	0.147352272727273	0.755173863636364		1
000193:	0.021452272727273	0.057770454545455	0.312333522727273	0.608443750000000		1
000194:	0.029051136363636	0.160161931818182	0.561400568181818	0.249386363636364		1
000195:	0.013142045454545	0.028861363636364	0.135952840909091	0.822043750000000		1
000196:	0.144630681818182	0.012869318181818	0.792161363636364	0.050338636363636		1
000197:	0.042961931818182	0.014626136363636	0.698197159090909	0.244214772727273		1
000198:	0.086923863636364	0.072925000000000	0.410494886363636	0.429656250000000		1
000199:	0.051608522727273	0.012689204545455	0.898882386363636	0.036819886363636		1
000200:	0.071986363636364	0.018382954545455	0.859350000000000	0.050280681818182		1
000201:	0.049822159090909	0.017300568181818	0.895864204545455	0.037013068181818		1
000202:	0.044527272727273	0.086382954545455	0.364650000000000	0.504439772727273		1
000203:	0.018580681818182	0.043618181818182	0.815738068181818	0.122063068181818		1
000204:	0.032138636363636	0.042668750000000	0.857103977272727	0.068088636363636		1
000205:	0.043152840909091	0.092577840909091	0.707818181818182	0.156451136363636		1
000206:	0.027576704545455	0.334510227272727	0.509209659090909	0.128703409090909		1
000207:	0.080308522727273	0.032621022727273	0.207562500000000	0.679507954545455		1
000208:	0.020526704545455	0.048721590909091	0.743390909090909	0.187360795454545		1
000209:	0.045211363636364	0.029797159090909	0.771081818181818	0.153909659090909		1
000210:	0.026784659090909	0.031602840909091	0.791410795454545	0.150201704545455		1
000211:	0.045843181818182	0.029219886363636	0.841208522727273	0.083728409090909		1
000212:	0.080044886363636	0.017367045454545	0.832635795454545	0.069952272727273		1
000213:	0.047140909090909	0.017369318181818	0.892886931818182	0.042602840909091		1
000214:	0.096164772727273	0.023676136363636	0.767978409090909	0.112180681818182		1
000215:	0.214220454545455	0.096294318181818	0.475905113636364	0.213580113636364		1
000216:	0.002584090909091	0.495232386363636	0.285001136363636	0.217182386363636		1
000217:	0.081121022727273	0.027010227272727	0.865357386363636	0.026511363636364		1
000218:	0.034736363636364	0.016387500000000	0.911138068181818	0.037738068181818		1
000219:	0.049078977272727	0.010286931818182	0.916678409090909	0.023955681818182		1
000220:	0.055200000000000	0.012875000000000	0.912638068181818	0.019286931818182		1
000221:	0.043726704545455	0.009551136363636	0.929026704545455	0.017695454545455		1
000222:	0.048126136363636	0.012800568181818	0.916463068181818	0.022610227272727		1
000223:	0.080878409090909	0.144345454545455	0.622506250000000	0.152269886363636		1
000224:	0.094783522727273	0.152950568181818	0.068548295454545	0.683717613636364		1
000225:	0.068277272727273	0.093010795454545	0.061358522727273	0.777353409090909		1
000226:	0.321523863636364	0.065918181818182	0.102938636363636	0.509619318181818		1
000227:	0.190534090909091	0.135405113636364	0.052885227272727	0.621175568181818		1
000228:	0.297098863636364	0.603650000000000	0.050907386363636	0.048343750000000		1
000229:	0.212428977272727	0.191532954545455	0.178590340909091	0.417447727272727		1
000230:	0.831947727272727	0.055477840909091	0.081984659090909	0.030589772727273		1
000231:	0.185639772727273	0.103298863636364	0.110877272727273	0.600184090909091		1
000232:	0.350660227272727	0.211005113636364	0.353971590909091	0.084363068181818		1
000233:	0.188829545454545	0.112971590909091	0.040243181818182	0.657955681818182		1
000234:	0.137930681818182	0.315675000000000	0.029840340909091	0.516553977272727		1
000235:	0.035610227272727	0.789815340909091	0.045668181818182	0.128906250000000		1
000236:	0.394194886363636	0.460854545454545	0.081503977272727	0.063446590909091		1
000237:	0.069038068181818	0.391002840909091	0.055242613636364	0.484716477272727		1
000238:	0.081869886363636	0.164932954545455	0.578596590909091	0.174600568181818		1
000239:	0.277190909090909	0.306669318181818	0.089973295454545	0.326166477272727		1
000240:	0.840005681818182	0.053988068181818	0.029126136363636	0.076880113636364		1
000241:	0.165095454545455	0.071467045454545	0.048993750000000	0.714443750000000		1
000242:	0.064419318181818	0.142144318181818	0.035463636363636	0.757972727272727		1
000243:	0.612774431818182	0.249259090909091	0.029747159090909	0.108219318181818		1
000244:	0.509034090909091	0.144702840909091	0.166164204545455	0.180098863636364		1
000245:	0.380977272727273	0.071815909090909	0.037009659090909	0.510197159090909		1
000246:	0.139685227272727	0.374365909090909	0.051132386363636	0.434816477272727		1
000247:	0.232119886363636	0.330393750000000	0.111899431818182	0.325586931818182		1
000248:	0.747942045454545	0.074778409090909	0.060082954545455	0.117196590909091		1
000249:	0.385681250000000	0.412649431818182	0.040327840909091	0.161341477272727		1
000250:	0.110236931818182	0.207611363636364	0.042867045454545	0.639284659090909		1
000251:	0.319252272727273	0.144917045454545	0.057222159090909	0.478608522727273		1
000252:	0.549200568181818	0.249828409090909	0.125690340909091	0.075280681818182		1
000253:	0.202538068181818	0.662403977272727	0.064850568181818	0.070207386363636		1
000254:	0.411928409090909	0.448265340909091	0.077514204545455	0.062292045454545		1
000255:	0.455336363636364	0.341266477272727	0.097736363636364	0.105660795454545		1
000256:	0.265546022727273	0.088234659090909	0.145183522727273	0.501035795454545		1
000257:	0.235944318181818	0.144115340909091	0.568342613636364	0.051597727272727		1
000258:	0.119619318181818	0.055202840909091	0.363390909090909	0.461786931818182		1
000259:	0.106654545454545	0.218380113636364	0.522738068181818	0.152227272727273		1
000260:	0.637365909090909	0.156891477272727	0.052057954545455	0.153684659090909		1
000261:	0.252994318181818	0.509533522727273	0.144591477272727	0.092880681818182		1
000262:	0.373801704545455	0.374447727272727	0.172707954545455	0.079042613636364		1
000263:	0.110998295454545	0.073710227272727	0.531856818181818	0.283434659090909		1
000264:	0.235681818181818	0.152905681818182	0.510248863636364	0.101163636363636		1
000265:	0.071014772727273	0.083076136363636	0.804667045454545	0.041242045454545		1
000266:	0.199355113636364	0.305763636363636	0.143696590909091	0.351184659090909		1
000267:	0.432445454545455	0.250178977272727	0.061430113636364	0.255945454545455		1
000268:	0.107623295454545	0.106070454545455	0.672498863636364	0.113807386363636		1
000269:	0.046642045454545	0.473940909090909	0.099715909090909	0.379701136363636		1
000270:	0.102094886363636	0.100541477272727	0.728851136363636	0.068512500000000		1
000271:	0.209806250000000	0.680349431818182	0.058039772727273	0.051804545454545		1
000272:	0.350925568181818	0.437506818181818	0.101597727272727	0.109969886363636		1
000273:	0.110459659090909	0.526531250000000	0.134364204545455	0.228644886363636		1
000274:	0.326115340909091	0.459952840909091	0.092971590909091	0.120960227272727		1
000275:	0.169996022727273	0.127446022727273	0.150815340909091	0.551742613636364		1
000276:	0.188753409090909	0.428782954545455	0.318839772727273	0.063623863636364		1
000277:	0.109647727272727	0.741796590909091	0.059421022727273	0.089134659090909		1
000278:	0.132063068181818	0.110161363636364	0.233119318181818	0.524656250000000		1
000279:	0.046359659090909	0.590316477272727	0.061488636363636	0.301835227272727		1
000280:	0.543794886363636	0.145791477272727	0.157855681818182	0.152557954545455		1
000281:	0.060834659090909	0.823539204545455	0.069623295454545	0.046002840909091		1
000282:	0.226136931818182	0.205121022727273	0.135657954545455	0.433084090909091		1
000283:	0.332377840909091	0.086050568181818	0.537101136363636	0.044470454545455		1
000284:	0.297283522727273	0.487939204545455	0.096332954545455	0.118444318181818		1
000285:	0.109184659090909	0.398840909090909	0.078128977272727	0.413845454545455		1
000286:	0.130119886363636	0.607871590909091	0.088301704545455	0.173706818181818		1
000287:	0.096800568181818	0.505211363636364	0.078730113636364	0.319257954545455		1
000288:	0.347557954545455	0.256056250000000	0.178057954545455	0.218327840909091		1
000289:	0.061473863636364	0.018674431818182	0.837746022727273	0.082105681818182		1
000290:	0.442871590909091	0.024831818181818	0.464079545454545	0.068217045454545		1
000291:	0.018398863636364	0.031030113636364	0.786768181818182	0.163802840909091		1
000292:	0.070889204545455	0.034640340909091	0.826309090909091	0.068161363636364		1
000293:	0.043980113636364	0.018000568181818	0.884893750000000	0.053125568181818		1
000294:	0.021525568181818	0.012878409090909	0.815329545454546	0.150266477272727		1
000295:	0.043711363636364	0.014643181818182	0.380826704545455	0.560818750000000		1
000296:	0.021201136363636	0.029250568181818	0.883120454545455	0.066427840909091		1
000297:	0.135832954545455	0.033692045454545	0.533902840909091	0.296572159090909		1
000298:	0.034467613636364	0.178875568181818	0.119240909090909	0.667415909090909		1
000299:	0.098335227272727	0.069759659090909	0.514126136363636	0.317778977272727		1
000300:	0.114063636363636	0.166244886363636	0.642698295454545	0.076993181818182		1
000301:	0.059497727272727	0.029899431818182	0.744660795454545	0.165942045454545		1
000302:	0.156655113636364	0.035602840909091	0.748405113636364	0.059336931818182		1
000303:	0.124173863636364	0.072188068181818	0.726839772727273	0.076798295454545		1
000304:	0.114877272727273	0.026375000000000	0.777894886363636	0.080852840909091		1
000305:	0.549357954545455	0.026635227272727	0.373911931818182	0.050094886363636		1
000306:	0.232496590909091	0.154933522727273	0.502599431818182	0.109970454545455		1
000307:	0.572363068181818	0.023268750000000	0.378839204545455	0.025528977272727		1
000308:	0.052955681818182	0.019443750000000	0.893110227272727	0.034490340909091		1
000309:	0.035905681818182	0.084360795454545	0.804005113636364	0.075728409090909		1
000310:	0.075342613636364	0.042666477272727	0.788338636363636	0.093652272727273		1
000311:	0.249550568181818	0.117411363636364	0.491239772727273	0.141798295454545		1
000312:	0.077903977272727	0.366186931818182	0.183638636363636	0.372270454545455		1
000313:	0.053947727272727	0.528723863636364	0.198955681818182	0.218372727272727		1
000314:	0.128432954545455	0.166429545454545	0.162967613636364	0.542169886363636		1
000315:	0.061430113636364	0.354078409090909	0.206357954545455	0.378133522727273		1
000316:	0.148241477272727	0.074683522727273	0.426693750000000	0.350381250000000		1
000317:	0.120937500000000	0.041054545454545	0.143457386363636	0.694550568181818		1
000318:	0.160984090909091	0.019693181818182	0.758335227272727	0.060987500000000		1
000319:	0.000994886363636	0.000498295454545	0.095134090909091	0.903372727272727		1
000320:	0.090590909090909	0.068420454545455	0.726195454545455	0.114793181818182		1
000321:	0.048626704545455	0.017048295454545	0.895226704545454	0.039098295454545		1
000322:	0.362838068181818	0.031800568181818	0.570002272727273	0.035359090909091		1
000323:	0.082886931818182	0.405517045454545	0.314460795454545	0.197135227272727		1
000324:	0.196434090909091	0.023313636363636	0.732956250000000	0.047296022727273		1
000325:	0.180739204545455	0.235610227272727	0.518302840909091	0.065347727272727		1
000326:	0.584511363636364	0.057567613636364	0.293950568181818	0.063970454545455		1
000327:	0.199771590909091	0.029155681818182	0.658043181818182	0.113029545454545		1
000328:	0.811021022727273	0.035160795454545	0.126019318181818	0.027798863636364		1
000329:	0.136227272727273	0.074342045454545	0.691767045454545	0.097663636363636		1
000330:	0.626871022727273	0.057832386363636	0.276593750000000	0.038702840909091		1
000331:	0.732770454545455	0.065567613636364	0.183964772727273	0.017697159090909		1
000332:	0.053231818181818	0.026073863636364	0.874407954545455	0.046286363636364		1
000333:	0.071097727272727	0.117632386363636	0.772001704545455	0.039268181818182		1
000334:	0.059783522727273	0.081905113636364	0.817019318181818	0.041292045454545		1
000335:	0.109272159090909	0.058492613636364	0.670410795454545	0.161824431818182		1
000336:	0.147609659090909	0.028553977272727	0.792111363636364	0.031725000000000		1
000337:	0.423211931818182	0.098242613636364	0.435922159090909	0.042623295454545		1
000338:	0.049980113636364	0.015194886363636	0.875123295454545	0.059701704545455		1
000339:	0.081562500000000	0.014246022727273	0.870922727272727	0.033268750000000		1
000340:	0.054282954545455	0.018835795454545	0.904657386363636	0.022223863636364		1
000341:	0.041533522727273	0.021225568181818	0.878591477272727	0.058649431818182		1
000342:	0.104752840909091	0.017526704545455	0.848568750000000	0.029151704545455		1
000343:	0.076503409090909	0.021729545454545	0.847525000000000	0.054242045454545		1
000344:	0.806585227272727	0.018746590909091	0.139269318181818	0.035398863636364		1
000345:	0.647681818181818	0.015115340909091	0.313617613636364	0.023585227272727		1
000346:	0.110545454545455	0.017058522727273	0.828572159090909	0.043823863636364		1
000347:	0.221736363636364	0.021002272727273	0.706954545454546	0.050306818181818		1
000348:	0.147223295454545	0.018552840909091	0.747473863636364	0.086750000000000		1
000349:	0.159800568181818	0.029974431818182	0.741470454545455	0.068754545454545		1
000350:	0.204855113636364	0.013934659090909	0.728990340909091	0.052219886363636		1
000351:	0.518896022727273	0.015740909090909	0.419284659090909	0.046078409090909		1
000352:	0.031899431818182	0.025498295454545	0.891067045454545	0.051535227272727		1
000353:	0.040898295454545	0.011701136363636	0.909303409090909	0.038097159090909		1
000354:	0.044382386363636	0.014834659090909	0.905311931818182	0.035471022727273		1
000355:	0.102211363636364	0.034647159090909	0.833564204545455	0.029577272727273		1
000356:	0.092230681818182	0.493382954545455	0.263909659090909	0.150476704545455		1
000357:	0.148677272727273	0.152180681818182	0.079477272727273	0.619664772727273		1
000358:	0.122647727272727	0.101306818181818	0.189201704545455	0.586843750000000		1
000359:	0.269523863636364	0.338843181818182	0.172002840909091	0.219630113636364		1
000360:	0.087234090909091	0.038353977272727	0.620819318181818	0.253592613636364		1
000361:	0.108555113636364	0.214926136363636	0.072374431818182	0.604144318181818		1
000362:	0.494323863636364	0.072462500000000	0.364865340909091	0.068348295454545		1
000363:	0.052393750000000	0.028842045454545	0.197946022727273	0.720818181818182		1
000364:	0.318349431818182	0.189411931818182	0.133825000000000	0.358413636363636		1
000365:	0.297331818181818	0.059876136363636	0.272494886363636	0.370297159090909		1
000366:	0.042195454545455	0.505692045454545	0.125118181818182	0.326994318181818		1
000367:	0.083092613636364	0.138296022727273	0.120647159090909	0.657964204545455		1
000368:	0.049448295454545	0.112584659090909	0.116636931818182	0.721330113636364		1
000369:	0.132698295454545	0.128472159090909	0.314846022727273	0.423983522727273		1
000370:	0.095283522727273	0.124623295454545	0.694381250000000	0.085711931818182		1
000371:	0.258318750000000	0.029991477272727	0.538188068181818	0.173501704545455		1
000372:	0.075252272727273	0.026721590909091	0.223037500000000	0.674988636363636		1
000373:	0.133161363636364	0.224197727272727	0.317340909090909	0.325300000000000		1
000374:	0.051799431818182	0.045669886363636	0.291850568181818	0.610680113636364		1
000375:	0.218711363636364	0.048344886363636	0.685195454545454	0.047748295454545		1
000376:	0.071387500000000	0.090710795454545	0.231010227272727	0.606891477272727		1
000377:	0.220691477272727	0.054295454545455	0.675267613636364	0.049745454545455		1
000378:	0.040444318181818	0.320267613636364	0.078567045454545	0.560721022727273		1
000379:	0.023310795454545	0.319719318181818	0.055728977272727	0.601240909090909		1
000380:	0.050817613636364	0.184725568181818	0.137835227272727	0.626621590909091		1
000381:	0.033781818181818	0.447062500000000	0.065125568181818	0.454030113636364		1
000382:	0.065401704545455	0.069114772727273	0.168807954545455	0.696675568181818		1
000383:	0.123219886363636	0.141615340909091	0.266388068181818	0.468776704545455		1
000384:	0.076288636363636	0.140036931818182	0.223476704545455	0.560197727272727		1
000385:	0.403374431818182	0.045309659090909	0.115564772727273	0.435751136363636		1
000386:	0.048296590909091	0.636923295454545	0.075835227272727	0.238944886363636		1
000387:	0.052872159090909	0.074353977272727	0.213175568181818	0.659598295454545		1
000388:	0.154023863636364	0.490056818181818	0.256742045454545	0.099177272727273		1
000389:	0.215752272727273	0.042334090909091	0.178831818181818	0.563081818181818		1
000390:	0.473525568181818	0.056015909090909	0.424846022727273	0.045612500000000		1
000391:	0.089552272727273	0.068486931818182	0.144423295454545	0.697537500000000		1
000392:	0.180223863636364	0.227498295454545	0.065271022727273	0.527006818181818		1
000393:	0.066966477272727	0.135862500000000	0.155132386363636	0.642038636363636		1
000394:	0.037689204545455	0.039485227272727	0.101523863636364	0.821301704545455		1
000395:	0.044135227272727	0.046158522727273	0.256061363636364	0.653644886363636		1
000396:	0.202626704545455	0.059896022727273	0.183329545454545	0.554147727272727		1
000397:	0.043482386363636	0.024588068181818	0.077262500000000	0.854667045454545		1
000398:	0.183672159090909	0.136939772727273	0.222771022727273	0.456617045454545		1
000399:	0.047359090909091	0.836809659090909	0.048222727272727	0.067608522727273		1
000400:	0.100896590909091	0.188001704545455	0.150581818181818	0.560519886363636		1
000401:	0.048073295454545	0.127775568181818	0.105025000000000	0.719126136363636		1
000402:	0.057409090909091	0.064236931818182	0.181438068181818	0.696915909090909		1
000403:	0.110896590909091	0.275738068181818	0.359227840909091	0.254137500000000		1
000404:	0.208503977272727	0.160821022727273	0.176858522727273	0.453816477272727		1
000405:	0.028539204545455	0.062284659090909	0.105881818181818	0.803294318181818		1
000406:	0.049670454545455	0.042894886363636	0.433169886363636	0.474264772727273		1
000407:	0.051890909090909	0.038960227272727	0.238286363636364	0.670862500000000		1
000408:	0.270795454545455	0.341555681818182	0.132397727272727	0.255251136363636		1
000409:	0.103806250000000	0.078833522727273	0.720754545454545	0.096605681818182		1
000410:	0.090483522727273	0.070288636363636	0.734686363636364	0.104541477272727		1
000411:	0.115978409090909	0.121503409090909	0.666106818181818	0.096411363636364		1
000412:	0.065560795454545	0.490535227272727	0.085369886363636	0.358534090909091		1
000413:	0.098073863636364	0.105275568181818	0.219746590909091	0.576903977272727		1
000414:	0.040485795454545	0.624266477272727	0.130344886363636	0.204902840909091		1
000415:	0.243355113636364	0.665369886363636	0.048828977272727	0.042446022727273		1
000416:	0.041329545454545	0.757120454545455	0.036147159090909	0.165402840909091		1
000417:	0.159769886363636	0.494668750000000	0.218523863636364	0.127037500000000		1
000418:	0.081274431818182	0.539764204545455	0.098296590909091	0.280664772727273		1
000419:	0.110327840909091	0.781561931818182	0.032658522727273	0.075451704545455		1
000420:	0.383564204545455	0.063507954545455	0.459677272727273	0.093250568181818		1
000421:	0.046807954545455	0.492743181818182	0.127275568181818	0.333173295454545		1
000422:	0.207940340909091	0.280305113636364	0.169811931818182	0.341942613636364		1
000423:	0.521845454545455	0.077584090909091	0.335308522727273	0.065261931818182		1
000424:	0.052483522727273	0.597911363636364	0.033198863636364	0.316406250000000		1
000425:	0.050496022727273	0.730906250000000	0.062376704545455	0.156221022727273		1
000426:	0.526638068181818	0.348356250000000	0.063966477272727	0.061039204545455		1
000427:	0.127360227272727	0.163751704545455	0.125152840909091	0.583735227272727		1
000428:	0.050827840909091	0.160918750000000	0.295293750000000	0.492959659090909		1
000429:	0.133430113636364	0.139641477272727	0.418413068181818	0.308515340909091		1
000430:	0.323968181818182	0.111367613636364	0.079631818181818	0.485032386363636		1
000431:	0.056735227272727	0.153967045454545	0.104384090909091	0.684913636363636		1
000432:	0.132715340909091	0.263276704545455	0.164667613636364	0.439340340909091		1
000433:	0.283604545454545	0.388077272727273	0.210632386363636	0.117685795454545		1
000434:	0.190089772727273	0.125789772727273	0.106688636363636	0.577431818181818		1
000435:	0.148658522727273	0.185547727272727	0.336536931818182	0.329256818181818		1
000436:	0.425789772727273	0.385923863636364	0.069924431818182	0.118361931818182		1
000437:	0.207102840909091	0.367032386363636	0.056043750000000	0.369821022727273		1
000438:	0.180730113636364	0.414344318181818	0.099340909090909	0.305584659090909		1
000439:	0.037296590909091	0.818343181818182	0.033580113636364	0.110780113636364		1
000440:	0.034297727272727	0.614298295454546	0.046170454545455	0.305233522727273		1
000441:	0.031265909090909	0.864195454545455	0.025880113636364	0.078658522727273		1
000442:	0.037469886363636	0.860609659090909	0.044703409090909	0.057217045454545		1
000443:	0.060190340909091	0.119713636363636	0.697168181818182	0.122927840909091		1
000444:	0.316106818181818	0.275590340909091	0.042014772727273	0.366288068181818		1
000445:	0.082085795454545	0.360043181818182	0.167650000000000	0.390221022727273		1
000446:	0.248203977272727	0.194098295454545	0.304275568181818	0.253422159090909		1
000447:	0.063158522727273	0.421776136363636	0.119051704545455	0.396013636363636		1
000448:	0.109101136363636	0.438614772727273	0.240052840909091	0.212231250000000		1
000449:	0.117497159090909	0.073702840909091	0.109023295454545	0.699776704545455		1
000450:	0.047309090909091	0.100483522727273	0.619378409090909	0.232828977272727		1
000451:	0.044126136363636	0.104011363636364	0.618586363636364	0.233276136363636		1
000452:	0.744654545454545	0.092118181818182	0.089908522727273	0.073318750000000		1
000453:	0.044397727272727	0.519661931818182	0.046019318181818	0.389921022727273		1
000454:	0.110059659090909	0.384468750000000	0.427251136363636	0.078220454545455		1
000455:	0.081646022727273	0.020597727272727	0.735841477272727	0.161914772727273		1
000456:	0.033385227272727	0.012092613636364	0.923053977272727	0.031468181818182		1
000457:	0.056144886363636	0.012075000000000	0.890831818181818	0.040948295454545		1
000458:	0.073840340909091	0.045812500000000	0.798643181818182	0.081703977272727		1
000459:	0.027775000000000	0.010290340909091	0.931885227272727	0.030049431818182		1
000460:	0.021527272727273	0.017130113636364	0.890888636363636	0.070453977272727		1
000461:	0.037202840909091	0.022336931818182	0.785279545454545	0.155180681818182		1
000462:	0.086863636363636	0.017204545454545	0.832312500000000	0.063619318181818		1
000463:	0.170918750000000	0.023156250000000	0.742402840909091	0.063522159090909		1
000464:	0.761523863636364	0.026401704545455	0.040773863636364	0.171300568181818		1
000465:	0.070910227272727	0.029418181818182	0.831734659090909	0.067936931818182		1
000466:	0.027323863636364	0.012779545454545	0.907901136363636	0.051995454545455		1
000467:	0.043567613636364	0.011050000000000	0.912274431818182	0.033107954545455		1
000468:	0.021033522727273	0.012182386363636	0.925701704545455	0.041082386363636		1
000469:	0.100259659090909	0.159426704545455	0.099588636363636	0.640725000000000		1
000470:	0.108565340909091	0.159126704545455	0.110893750000000	0.621414204545455		1
000471:	0.036271590909091	0.120564772727273	0.154684090909091	0.688479545454545		1
000472:	0.526238636363636	0.190779545454545	0.211071590909091	0.071910227272727		1
000473:	0.357101704545455	0.058244886363636	0.501003977272727	0.083649431818182		1
000474:	0.039809659090909	0.218892045454545	0.197292613636364	0.544005681818182		1
