Estimated Clustering Probabilities for Samples
Sample	***Cluster  01***	***Cluster  02***	***Cluster  03***	***Cluster  04***	
000001:	0.012509659090909	0.117465340909091	0.688338068181818	0.181686931818182		1
000002:	0.007321022727273	0.059243750000000	0.889000568181818	0.044434659090909		1
000003:	0.018101136363636	0.103344318181818	0.826803409090909	0.051751136363636		1
000004:	0.009230681818182	0.029900568181818	0.931803977272727	0.029064772727273		1
000005:	0.656474431818182	0.295396590909091	0.046586931818182	0.001542045454545		1
000006:	0.020498295454545	0.048362500000000	0.862330113636364	0.068809090909091		1
000007:	0.008725000000000	0.120870454545455	0.842300000000000	0.028104545454545		1
000008:	0.013691477272727	0.055321022727273	0.903147727272727	0.027839772727273		1
000009:	0.007536931818182	0.037913636363636	0.919180681818182	0.035368750000000		1
000010:	0.014707386363636	0.047030681818182	0.847225568181818	0.091036363636364		1
000011:	0.094206250000000	0.147906818181818	0.614862500000000	0.143024431818182		1
000012:	0.207108522727273	0.029489772727273	0.254156250000000	0.509245454545455		1
000013:	0.520905113636364	0.023753977272727	0.156136363636364	0.299204545454545		1
000014:	0.207916477272727	0.038110227272727	0.653004545454545	0.100968750000000		1
000015:	0.055982386363636	0.035643750000000	0.732044886363636	0.176328977272727		1
000016:	0.047566477272727	0.032650000000000	0.835267045454545	0.084516477272727		1
000017:	0.036797727272727	0.069955113636364	0.406801704545455	0.486445454545455		1
000018:	0.282076704545455	0.022548295454545	0.112530681818182	0.582844318181818		1
000019:	0.162877272727273	0.035738068181818	0.482597727272727	0.318786931818182		1
000020:	0.055959090909091	0.040561363636364	0.592413068181818	0.311066477272727		1
000021:	0.049273295454545	0.116752272727273	0.071799431818182	0.762175000000000		1
000022:	0.012230681818182	0.646420454545454	0.256501136363636	0.084847727272727		1
000023:	0.216393181818182	0.093178409090909	0.286475568181818	0.403952840909091		1
000024:	0.242246590909091	0.021391477272727	0.475576136363636	0.260785795454545		1
000025:	0.517901704545455	0.034329545454545	0.202652840909091	0.245115909090909		1
000026:	0.095255113636364	0.029678977272727	0.129310227272727	0.745755681818182		1
000027:	0.134846590909091	0.018009659090909	0.089374431818182	0.757769318181818		1
000028:	0.063292045454545	0.219840909090909	0.381284090909091	0.335582954545455		1
000029:	0.097892613636364	0.052506250000000	0.327005681818182	0.522595454545455		1
000030:	0.239788636363636	0.083775000000000	0.453546590909091	0.222889772727273		1
000031:	0.182802272727273	0.026893181818182	0.059046590909091	0.731257954545455		1
000032:	0.060036931818182	0.048281818181818	0.116476136363636	0.775205113636364		1
000033:	0.075227272727273	0.091001704545455	0.200510227272727	0.633260795454545		1
000034:	0.120201136363636	0.037467613636364	0.575458522727273	0.266872727272727		1
000035:	0.161212500000000	0.087959090909091	0.100097159090909	0.650731250000000		1
000036:	0.052851136363636	0.089137500000000	0.395525568181818	0.462485795454545		1
000037:	0.069364204545455	0.026518181818182	0.146043750000000	0.758073863636364		1
000038:	0.360890340909091	0.198403977272727	0.260643750000000	0.180061931818182		1
000039:	0.203976136363636	0.027296590909091	0.176051704545455	0.592675568181818		1
000040:	0.179323295454545	0.044305681818182	0.675991477272727	0.100379545454545		1
000041:	0.076490340909091	0.027225568181818	0.219603977272727	0.676680113636364		1
000042:	0.362088068181818	0.028837500000000	0.109802272727273	0.499272159090909		1
000043:	0.041961931818182	0.055656250000000	0.594147727272727	0.308234090909091		1
000044:	0.061063636363636	0.050430113636364	0.379351136363636	0.509155113636364		1
000045:	0.074113068181818	0.020041477272727	0.079120454545455	0.826725000000000		1
000046:	0.176310795454545	0.132866477272727	0.181339204545455	0.509483522727273		1
000047:	0.096043750000000	0.102604545454545	0.437636363636364	0.363715340909091		1
000048:	0.037973295454545	0.030719318181818	0.876489772727273	0.054817613636364		1
000049:	0.058777840909091	0.037160795454545	0.652125000000000	0.251936363636364		1
000050:	0.122250568181818	0.053367613636364	0.447755113636364	0.376626704545455		1
000051:	0.028824431818182	0.035047159090909	0.895231818181818	0.040896590909091		1
000052:	0.026978409090909	0.028800000000000	0.896272159090909	0.047949431818182		1
000053:	0.064713636363636	0.047450000000000	0.410585227272727	0.477251136363636		1
000054:	0.399769886363636	0.068566477272727	0.229839204545455	0.301824431818182		1
000055:	0.028869318181818	0.031554545454545	0.845859090909091	0.093717045454545		1
000056:	0.052174431818182	0.047398863636364	0.583492613636364	0.316934090909091		1
000057:	0.037603409090909	0.040626136363636	0.458106818181818	0.463663636363636		1
000058:	0.167828409090909	0.049677272727273	0.430051704545455	0.352442613636364		1
000059:	0.062792613636364	0.040886363636364	0.162696022727273	0.733625000000000		1
000060:	0.033198295454545	0.034072159090909	0.722854545454545	0.209875000000000		1
000061:	0.033979545454545	0.030480113636364	0.634205113636364	0.301335227272727		1
000062:	0.043772727272727	0.041601136363636	0.858838068181818	0.055788068181818		1
000063:	0.057019318181818	0.049464772727273	0.845123295454545	0.048392613636364		1
000064:	0.024590909090909	0.090525568181818	0.848547727272727	0.036335795454545		1
000065:	0.029599431818182	0.057450000000000	0.806906818181818	0.106043750000000		1
000066:	0.031028977272727	0.031565909090909	0.387914772727273	0.549490340909091		1
000067:	0.025419318181818	0.043007386363636	0.892652840909091	0.038920454545455		1
000068:	0.057910227272727	0.032983522727273	0.242888636363636	0.666217613636364		1
000069:	0.028285795454545	0.035960795454545	0.316878409090909	0.618875000000000		1
000070:	0.156186363636364	0.109419886363636	0.535451136363636	0.198942613636364		1
000071:	0.075146590909091	0.043831250000000	0.147845454545455	0.733176704545455		1
000072:	0.034068750000000	0.043568750000000	0.768539204545455	0.153823295454545		1
000073:	0.046669318181818	0.041382386363636	0.762627272727273	0.149321022727273		1
000074:	0.231180681818182	0.037744886363636	0.182897159090909	0.548177272727273		1
000075:	0.151093181818182	0.049233522727273	0.523246590909091	0.276426704545455		1
000076:	0.135374431818182	0.457476704545455	0.160500000000000	0.246648863636364		1
000077:	0.143210227272727	0.283970454545455	0.330859659090909	0.241959659090909		1
000078:	0.023350568181818	0.072688636363636	0.729633522727273	0.174327272727273		1
000079:	0.133080113636364	0.083039772727273	0.244289772727273	0.539590340909091		1
000080:	0.302864772727273	0.086115909090909	0.168946022727273	0.442073295454545		1
000081:	0.016140909090909	0.040248863636364	0.710818750000000	0.232791477272727		1
000082:	0.027099431818182	0.067734659090909	0.685018181818182	0.220147727272727		1
000083:	0.050786363636364	0.074536931818182	0.416932954545455	0.457743750000000		1
000084:	0.431976136363636	0.078688068181818	0.422069318181818	0.067266477272727		1
000085:	0.060346022727273	0.084671590909091	0.332648863636364	0.522333522727273		1
000086:	0.119710227272727	0.062620454545455	0.600120454545455	0.217548863636364		1
000087:	0.025725000000000	0.029052272727273	0.289289772727273	0.655932954545455		1
000088:	0.047627272727273	0.029498863636364	0.153864772727273	0.769009090909091		1
000089:	0.035156250000000	0.065585795454545	0.134631818181818	0.764626136363636		1
000090:	0.212042613636364	0.038719318181818	0.202353409090909	0.546884659090909		1
000091:	0.310556818181818	0.233134090909091	0.115805681818182	0.340503409090909		1
000092:	0.303193181818182	0.028666477272727	0.202889772727273	0.465250568181818		1
000093:	0.133907386363636	0.080650000000000	0.367610795454545	0.417831818181818		1
000094:	0.120080113636364	0.079254545454545	0.281560795454545	0.519104545454545		1
000095:	0.030039204545455	0.041153977272727	0.824332386363636	0.104474431818182		1
000096:	0.038237500000000	0.030306818181818	0.855788636363636	0.075667045454545		1
000097:	0.033729545454545	0.025625000000000	0.147284659090909	0.793360795454545		1
000098:	0.031580113636364	0.032107954545455	0.268680113636364	0.667631818181818		1
000099:	0.076341477272727	0.049282386363636	0.520064204545455	0.354311931818182		1
000100:	0.043697159090909	0.024298863636364	0.847609090909091	0.084394886363636		1
000101:	0.019278977272727	0.024847159090909	0.191114204545455	0.764759659090909		1
000102:	0.073254545454545	0.043227272727273	0.428388068181818	0.455130113636364		1
000103:	0.295513068181818	0.071369886363636	0.419003409090909	0.214113636363636		1
000104:	0.029675568181818	0.024933522727273	0.862135795454545	0.083255113636364		1
000105:	0.052978977272727	0.023335795454545	0.182672159090909	0.741013068181818		1
000106:	0.059152272727273	0.039485227272727	0.202157386363636	0.699205113636364		1
000107:	0.045649431818182	0.028890340909091	0.654090340909091	0.271369886363636		1
000108:	0.122020454545455	0.030602840909091	0.678569886363636	0.168806818181818		1
000109:	0.111000568181818	0.068860227272727	0.273915909090909	0.546223295454546		1
000110:	0.734994318181818	0.074289772727273	0.107264772727273	0.083451136363636		1
000111:	0.039985227272727	0.121014772727273	0.649289204545455	0.189710795454545		1
000112:	0.094988636363636	0.043259659090909	0.175111363636364	0.686640340909091		1
000113:	0.030718750000000	0.051059659090909	0.673327272727273	0.244894318181818		1
000114:	0.110453977272727	0.222412500000000	0.220994886363636	0.446138636363636		1
000115:	0.105342045454545	0.047888068181818	0.467384659090909	0.379385227272727		1
000116:	0.070106818181818	0.035023863636364	0.781775000000000	0.113094318181818		1
000117:	0.029402840909091	0.069532954545455	0.283243181818182	0.617821022727273		1
000118:	0.031422727272727	0.055763068181818	0.830050000000000	0.082764204545455		1
000119:	0.058679545454545	0.028680113636364	0.257656818181818	0.654983522727273		1
000120:	0.037081250000000	0.036179545454545	0.822589204545455	0.104150000000000		1
000121:	0.267089772727273	0.086888636363636	0.322479545454545	0.323542045454545		1
000122:	0.031765909090909	0.017783522727273	0.254040340909091	0.696410227272727		1
000123:	0.136491477272727	0.069292045454545	0.640252272727273	0.153964204545455		1
000124:	0.095860795454545	0.184321022727273	0.200103409090909	0.519714772727273		1
000125:	0.061890909090909	0.228985795454545	0.628000000000000	0.081123295454545		1
000126:	0.036897727272727	0.777923863636364	0.126579545454545	0.058598863636364		1
000127:	0.272073863636364	0.000329545454545	0.001838068181818	0.725758522727273		1
000128:	0.030828409090909	0.035226136363636	0.810231250000000	0.123714204545455		1
000129:	0.076015909090909	0.035144886363636	0.100875568181818	0.787963636363636		1
000130:	0.087736931818182	0.057616477272727	0.775461931818182	0.079184659090909		1
000131:	0.051124431818182	0.045659090909091	0.354471022727273	0.548745454545455		1
000132:	0.038831250000000	0.029870454545455	0.798523295454545	0.132775000000000		1
000133:	0.199440340909091	0.249569886363636	0.287507954545455	0.263481818181818		1
000134:	0.224528409090909	0.061398863636364	0.438146590909091	0.275926136363636		1
000135:	0.112907954545455	0.036238068181818	0.114810795454545	0.736043181818182		1
000136:	0.067669318181818	0.064120454545455	0.663095454545455	0.205114772727273		1
000137:	0.288222159090909	0.039294886363636	0.166464204545455	0.506018750000000		1
000138:	0.100884090909091	0.124328409090909	0.507903977272727	0.266883522727273		1
000139:	0.087463068181818	0.071268181818182	0.492552272727273	0.348716477272727		1
000140:	0.652311363636364	0.022038068181818	0.109462500000000	0.216188068181818		1
000141:	0.059616477272727	0.101357386363636	0.750644318181818	0.088381818181818		1
000142:	0.058386931818182	0.026236931818182	0.223398863636364	0.691977272727273		1
000143:	0.039720454545455	0.035528409090909	0.576493181818182	0.348257954545455		1
000144:	0.027948863636364	0.032523863636364	0.596514772727273	0.343012500000000		1
000145:	0.095888068181818	0.056413636363636	0.759942613636364	0.087755681818182		1
000146:	0.103584659090909	0.044549431818182	0.436935795454545	0.414930113636364		1
000147:	0.028652272727273	0.028636363636364	0.756467613636364	0.186243750000000		1
000148:	0.054197727272727	0.048352272727273	0.771233522727273	0.126216477272727		1
000149:	0.064694318181818	0.047272727272727	0.437694318181818	0.450338636363636		1
000150:	0.151443181818182	0.032910227272727	0.148681250000000	0.666965340909091		1
000151:	0.057140340909091	0.096371022727273	0.664580681818182	0.181907954545455		1
000152:	0.171334090909091	0.066881250000000	0.588480681818182	0.173303977272727		1
000153:	0.049569886363636	0.031222159090909	0.257622727272727	0.661585227272727		1
000154:	0.024648295454545	0.022575000000000	0.895748863636364	0.057027840909091		1
000155:	0.145083522727273	0.026638636363636	0.585490909090909	0.242786931818182		1
000156:	0.037410227272727	0.040302840909091	0.430743750000000	0.491543181818182		1
000157:	0.026264772727273	0.065040909090909	0.857932386363636	0.050761931818182		1
000158:	0.036393181818182	0.418097727272727	0.420101136363636	0.125407954545455		1
000159:	0.229522727272727	0.281064772727273	0.284654545454545	0.204757954545455		1
000160:	0.012066477272727	0.806769318181818	0.162730113636364	0.018434090909091		1
000161:	0.034022727272727	0.406477840909091	0.498340340909091	0.061159090909091		1
000162:	0.096300000000000	0.348601704545455	0.151904545454545	0.403193750000000		1
000163:	0.009451136363636	0.041792613636364	0.899645454545455	0.049110795454545		1
000164:	0.013441477272727	0.099788068181818	0.872102272727273	0.014668181818182		1
000165:	0.019749431818182	0.076761931818182	0.885014204545455	0.018474431818182		1
000166:	0.011497727272727	0.041018750000000	0.923936363636364	0.023547159090909		1
000167:	0.030263636363636	0.097688068181818	0.814978977272727	0.057069318181818		1
000168:	0.056242613636364	0.033756250000000	0.593056818181818	0.316944318181818		1
000169:	0.040755681818182	0.045144886363636	0.383397727272727	0.530701704545455		1
000170:	0.035695454545455	0.028225000000000	0.870522159090909	0.065557386363636		1
000171:	0.051156818181818	0.028584659090909	0.814348295454545	0.105910227272727		1
000172:	0.091855113636364	0.075740909090909	0.597829545454545	0.234574431818182		1
000173:	0.016211931818182	0.034390340909091	0.577113636363636	0.372284090909091		1
000174:	0.068067045454545	0.017743750000000	0.242976136363636	0.671213068181818		1
000175:	0.196736363636364	0.020792613636364	0.698338068181818	0.084132954545455		1
000176:	0.028472727272727	0.068334659090909	0.446262500000000	0.456930113636364		1
000177:	0.042367613636364	0.020039772727273	0.432955681818182	0.504636931818182		1
000178:	0.045097727272727	0.013727840909091	0.671335227272727	0.269839204545455		1
000179:	0.033073295454545	0.022250000000000	0.821598863636364	0.123077840909091		1
000180:	0.068993181818182	0.019079545454545	0.791371590909091	0.120555681818182		1
000181:	0.029199431818182	0.058910795454545	0.837210227272727	0.074679545454545		1
000182:	0.220722727272727	0.058695454545455	0.364676704545455	0.355905113636364		1
000183:	0.042122727272727	0.018905681818182	0.879511363636364	0.059460227272727		1
000184:	0.184943181818182	0.027418181818182	0.572336931818182	0.215301704545455		1
000185:	0.271674431818182	0.065221022727273	0.272163636363636	0.390940909090909		1
000186:	0.182014204545455	0.052599431818182	0.658173863636364	0.107212500000000		1
000187:	0.110505681818182	0.028577840909091	0.764498295454546	0.096418181818182		1
000188:	0.068770454545455	0.109398295454545	0.721843181818182	0.099988068181818		1
000189:	0.021502272727273	0.027516477272727	0.732542613636364	0.218438636363636		1
000190:	0.059196590909091	0.062104545454545	0.639044886363636	0.239653977272727		1
000191:	0.022478977272727	0.027764204545455	0.520760227272727	0.428996590909091		1
000192:	0.036872727272727	0.068336931818182	0.192234659090909	0.702555681818182		1
000193:	0.056598863636364	0.033418181818182	0.411659090909091	0.498323863636364		1
000194:	0.170149431818182	0.038538636363636	0.560060227272727	0.231251704545455		1
000195:	0.021522159090909	0.019356818181818	0.224533522727273	0.734587500000000		1
000196:	0.021515340909091	0.270354545454545	0.659127272727273	0.049002840909091		1
000197:	0.014534090909091	0.065632954545455	0.746325000000000	0.173507954545455		1
000198:	0.046842045454545	0.135793750000000	0.292359090909091	0.525005113636364		1
000199:	0.019822159090909	0.088561931818182	0.857998863636364	0.033617045454545		1
000200:	0.024476136363636	0.184096590909091	0.747172727272727	0.044254545454545		1
000201:	0.028667613636364	0.075636363636364	0.861404545454545	0.034291477272727		1
000202:	0.084873295454545	0.046744318181818	0.450802272727273	0.417580113636364		1
000203:	0.045854545454545	0.018888636363636	0.855398295454545	0.079858522727273		1
000204:	0.045289204545455	0.055026136363636	0.830823295454545	0.068861363636364		1
000205:	0.061002840909091	0.064665909090909	0.733919886363636	0.140411363636364		1
000206:	0.283826704545455	0.033984090909091	0.585747159090909	0.096442045454545		1
000207:	0.030175000000000	0.104173863636364	0.234466477272727	0.631184659090909		1
000208:	0.033869886363636	0.026166477272727	0.792958522727273	0.147005113636364		1
000209:	0.031260227272727	0.047776704545455	0.837331250000000	0.083631818181818		1
000210:	0.039857954545455	0.035939204545455	0.783849431818182	0.140353409090909		1
000211:	0.035236363636364	0.053207386363636	0.821327272727273	0.090228977272727		1
000212:	0.024002840909091	0.210879545454545	0.707310227272727	0.057807386363636		1
000213:	0.022010227272727	0.075795454545455	0.868137500000000	0.034056818181818		1
000214:	0.026619318181818	0.126142613636364	0.765506818181818	0.081731250000000		1
000215:	0.170479545454545	0.229154545454545	0.485986363636364	0.114379545454545		1
000216:	0.027310795454545	0.096113068181818	0.848032386363636	0.028543750000000		1
000217:	0.038880681818182	0.179950568181818	0.748328977272727	0.032839772727273		1
000218:	0.012645454545455	0.099490909090909	0.847391477272727	0.040472159090909		1
000219:	0.015356250000000	0.168247727272727	0.796362500000000	0.020033522727273		1
000220:	0.012955681818182	0.064852840909091	0.905118181818182	0.017073295454545		1
000221:	0.017366477272727	0.039845454545455	0.925146022727273	0.017642045454545		1
000222:	0.016289204545455	0.080681818181818	0.882994886363636	0.020034090909091		1
000223:	0.117481250000000	0.090145454545455	0.655316477272727	0.137056818181818		1
000224:	0.264382386363636	0.076637500000000	0.078990909090909	0.579989204545455		1
000225:	0.147684090909091	0.063553409090909	0.084881250000000	0.703881250000000		1
000226:	0.094742613636364	0.316186363636364	0.125334659090909	0.463736363636364		1
000227:	0.162577272727273	0.156358522727273	0.068442613636364	0.612621590909091		1
000228:	0.619291477272727	0.287371590909091	0.041147159090909	0.052189772727273		1
000229:	0.362347159090909	0.139472727272727	0.206652840909091	0.291527272727273		1
000230:	0.064264204545455	0.838985795454545	0.073383522727273	0.023366477272727		1
000231:	0.101581250000000	0.203646022727273	0.112677272727273	0.582095454545455		1
000232:	0.321354545454545	0.226278409090909	0.369919886363636	0.082447159090909		1
000233:	0.170422727272727	0.161609090909091	0.045822159090909	0.622146022727273		1
000234:	0.452522727272727	0.068414204545455	0.037176704545455	0.441886363636364		1
000235:	0.722568181818182	0.044006818181818	0.046800568181818	0.186624431818182		1
000236:	0.537498863636364	0.336491477272727	0.059735795454545	0.066273863636364		1
000237:	0.482450000000000	0.054307386363636	0.052310795454545	0.410931818181818		1
000238:	0.207125000000000	0.074163636363636	0.645664772727273	0.073046590909091		1
000239:	0.433205113636364	0.198557386363636	0.122685227272727	0.245552272727273		1
000240:	0.065959090909091	0.828978409090909	0.033128409090909	0.071934090909091		1
000241:	0.160265340909091	0.138075568181818	0.136003409090909	0.565655681818182		1
000242:	0.097510795454545	0.044689772727273	0.031150000000000	0.826649431818182		1
000243:	0.366853977272727	0.514051136363636	0.025990340909091	0.093104545454545		1
000244:	0.192447159090909	0.411371022727273	0.237747159090909	0.158434659090909		1
000245:	0.010000000000000	0.748815909090909	0.121619318181818	0.119564772727273		1
000246:	0.341219318181818	0.073863636363636	0.038199431818182	0.546717613636364		1
000247:	0.336978977272727	0.191849431818182	0.161160795454545	0.310010795454545		1
000248:	0.107927272727273	0.703614204545455	0.074758522727273	0.113700000000000		1
000249:	0.554489772727273	0.252236931818182	0.041530681818182	0.151742613636364		1
000250:	0.348875568181818	0.058215909090909	0.049304545454545	0.543603977272727		1
000251:	0.326073295454545	0.232252272727273	0.051502272727273	0.390172159090909		1
000252:	0.302795454545455	0.517142045454545	0.132159090909091	0.047903409090909		1
000253:	0.729255681818182	0.155001704545455	0.060621590909091	0.055121022727273		1
000254:	0.516015909090909	0.324530681818182	0.100767045454545	0.058686363636364		1
000255:	0.657624431818182	0.152934659090909	0.113081250000000	0.076359659090909		1
000256:	0.133953409090909	0.232584659090909	0.252301136363636	0.381160795454545		1
000257:	0.161648863636364	0.283642045454545	0.522657386363636	0.032051704545455		1
000258:	0.056356250000000	0.114638068181818	0.556419318181818	0.272586363636364		1
000259:	0.259423863636364	0.078635227272727	0.554530113636364	0.107410795454545		1
000260:	0.289137500000000	0.510622159090909	0.059163068181818	0.141077272727273		1
000261:	0.624166477272727	0.173967613636364	0.123132386363636	0.078733522727273		1
000262:	0.505532386363636	0.218460795454545	0.198860795454545	0.077146022727273		1
000263:	0.052935227272727	0.139526136363636	0.595596590909091	0.211942045454545		1
000264:	0.185507386363636	0.256261363636364	0.492606250000000	0.065625000000000		1
000265:	0.097501136363636	0.069294318181818	0.796114204545455	0.037090340909091		1
000266:	0.602463636363636	0.089273295454545	0.171705681818182	0.136557386363636		1
000267:	0.581944318181818	0.195469318181818	0.057227272727273	0.165359090909091		1
000268:	0.116815340909091	0.096149431818182	0.714014204545455	0.073021022727273		1
000269:	0.473408522727273	0.041528977272727	0.095955681818182	0.389106818181818		1
000270:	0.110324431818182	0.073730113636364	0.749711363636364	0.066234090909091		1
000271:	0.813724431818182	0.112422159090909	0.045835795454545	0.028017613636364		1
000272:	0.420003409090909	0.211727840909091	0.248860795454545	0.119407954545455		1
000273:	0.624115340909091	0.086067045454545	0.137585227272727	0.152232386363636		1
000274:	0.550677272727273	0.243511931818182	0.097335795454545	0.108475000000000		1
000275:	0.152707386363636	0.159576136363636	0.168729545454545	0.518986931818182		1
000276:	0.337393181818182	0.164755113636364	0.439450000000000	0.058401704545455		1
000277:	0.797169886363636	0.072559090909091	0.047990340909091	0.082280681818182		1
000278:	0.151296022727273	0.176021022727273	0.224288068181818	0.448394886363636		1
000279:	0.603839204545455	0.049151704545455	0.059200568181818	0.287808522727273		1
000280:	0.259310795454545	0.374390340909091	0.175101704545455	0.191197159090909		1
000281:	0.848299431818182	0.039469886363636	0.079798863636364	0.032431818181818		1
000282:	0.256556250000000	0.164226704545455	0.178285227272727	0.400931818181818		1
000283:	0.099686931818182	0.372831250000000	0.498790909090909	0.028690909090909		1
000284:	0.695727272727273	0.180540909090909	0.075511931818182	0.048219886363636		1
000285:	0.406802272727273	0.117115340909091	0.101144886363636	0.374937500000000		1
000286:	0.735941477272727	0.061243181818182	0.090501136363636	0.112314204545455		1
000287:	0.633543750000000	0.056143181818182	0.079472727272727	0.230840340909091		1
000288:	0.407759090909091	0.240677840909091	0.187882386363636	0.163680681818182		1
000289:	0.026339772727273	0.100190909090909	0.816651704545455	0.056817613636364		1
000290:	0.053890340909091	0.377978977272727	0.514397727272727	0.053732954545455		1
000291:	0.016082386363636	0.028336363636364	0.822731818181818	0.132849431818182		1
000292:	0.042646590909091	0.129535795454545	0.784271022727273	0.043546590909091		1
000293:	0.016193750000000	0.038348863636364	0.870017613636364	0.075439772727273		1
000294:	0.017835227272727	0.034662500000000	0.805305681818182	0.142196590909091		1
000295:	0.013928409090909	0.052252272727273	0.533307386363636	0.400511931818182		1
000296:	0.025803977272727	0.043189772727273	0.871616477272727	0.059389772727273		1
000297:	0.037696022727273	0.097213068181818	0.723819886363636	0.141271022727273		1
000298:	0.181219886363636	0.033027840909091	0.169084659090909	0.616667613636364		1
000299:	0.090351704545455	0.094666477272727	0.632330681818182	0.182651136363636		1
000300:	0.207050000000000	0.105864204545455	0.617853977272727	0.069231818181818		1
000301:	0.038697159090909	0.074860227272727	0.760868750000000	0.125573863636364		1
000302:	0.041110227272727	0.191934090909091	0.727971590909091	0.038984090909091		1
000303:	0.076256818181818	0.158330681818182	0.687117045454545	0.078295454545455		1
000304:	0.024347159090909	0.165966477272727	0.752230113636364	0.057456250000000		1
000305:	0.049035227272727	0.526975000000000	0.381034659090909	0.042955113636364		1
000306:	0.213859659090909	0.256334090909091	0.431289204545455	0.098517045454545		1
000307:	0.033636363636364	0.686218181818182	0.259505681818182	0.020639772727273		1
000308:	0.029372727272727	0.075858522727273	0.873660795454545	0.021107954545455		1
000309:	0.087165909090909	0.052249431818182	0.808568750000000	0.052015909090909		1
000310:	0.055143181818182	0.056269886363636	0.782625568181818	0.105961363636364		1
000311:	0.102259090909091	0.221657954545455	0.589548295454545	0.086534659090909		1
000312:	0.463212500000000	0.063605113636364	0.209057386363636	0.264125000000000		1
000313:	0.534506250000000	0.082971590909091	0.202286363636364	0.180235795454545		1
000314:	0.208960795454545	0.102767613636364	0.162265340909091	0.526006250000000		1
000315:	0.324031818181818	0.084492613636364	0.242564204545455	0.348911363636364		1
000316:	0.078504545454545	0.112043181818182	0.629482386363636	0.179969886363636		1
000317:	0.047635227272727	0.123696590909091	0.155373863636364	0.673294318181818		1
000318:	0.023810227272727	0.123976136363636	0.815280681818182	0.036932954545455		1
000319:	0.038063636363636	0.065902840909091	0.856484659090909	0.039548863636364		1
000320:	0.081085227272727	0.096534090909091	0.739089772727273	0.083290909090909		1
000321:	0.019505681818182	0.088533522727273	0.856754545454545	0.035206250000000		1
000322:	0.036596022727273	0.502398295454546	0.436185227272727	0.024820454545455		1
000323:	0.387804545454545	0.119052272727273	0.334921022727273	0.158222159090909		1
000324:	0.029634659090909	0.395932954545455	0.542713068181818	0.031719318181818		1
000325:	0.288423863636364	0.185884090909091	0.465323863636364	0.060368181818182		1
000326:	0.149628409090909	0.423065909090909	0.376868181818182	0.050437500000000		1
000327:	0.030526704545455	0.315446022727273	0.564632386363636	0.089394886363636		1
000328:	0.026728409090909	0.804843750000000	0.151269318181818	0.017158522727273		1
000329:	0.067952840909091	0.215210795454545	0.646255113636364	0.070581250000000		1
000330:	0.057882386363636	0.675649431818182	0.244007386363636	0.022460795454545		1
000331:	0.101724431818182	0.725431818181818	0.160298863636364	0.012544886363636		1
000332:	0.032022159090909	0.059278409090909	0.848063068181818	0.060636363636364		1
000333:	0.114077840909091	0.075877840909091	0.776490909090909	0.033553409090909		1
000334:	0.072047159090909	0.079313068181818	0.816120454545455	0.032519318181818		1
000335:	0.048068750000000	0.134937500000000	0.689651704545455	0.127342045454545		1
000336:	0.030052840909091	0.216398295454545	0.727863636363636	0.025685227272727		1
000337:	0.157181818181818	0.393811363636364	0.423247159090909	0.025759659090909		1
000338:	0.016440340909091	0.079325000000000	0.866436363636364	0.037798295454545		1
000339:	0.020263636363636	0.221319886363636	0.727076704545455	0.031339772727273		1
000340:	0.018444886363636	0.108937500000000	0.849230681818182	0.023386931818182		1
000341:	0.024622159090909	0.082161931818182	0.865607386363636	0.027608522727273		1
000342:	0.021668750000000	0.210761931818182	0.733028977272727	0.034540340909091		1
000343:	0.022178977272727	0.070274431818182	0.885889772727273	0.021656818181818		1
000344:	0.026735795454545	0.821337500000000	0.121035227272727	0.030891477272727		1
000345:	0.012324431818182	0.794506250000000	0.178751704545455	0.014417613636364		1
000346:	0.024955113636364	0.242506818181818	0.677974431818182	0.054563636363636		1
000347:	0.019314772727273	0.304339204545455	0.653182954545454	0.023163068181818		1
000348:	0.019936931818182	0.359884090909091	0.580443181818182	0.039735795454545		1
000349:	0.041408522727273	0.359278409090909	0.512901136363636	0.086411931818182		1
000350:	0.026788636363636	0.377559090909091	0.549307954545455	0.046344318181818		1
000351:	0.016615340909091	0.546896022727273	0.391130681818182	0.045357954545455		1
000352:	0.023461363636364	0.067763068181818	0.865035227272727	0.043740340909091		1
000353:	0.017938636363636	0.050294318181818	0.906773863636364	0.024993181818182		1
000354:	0.014046022727273	0.054066477272727	0.900078977272727	0.031808522727273		1
000355:	0.034210795454545	0.165422159090909	0.768489772727273	0.031877272727273		1
000356:	0.552758522727273	0.078075568181818	0.264114772727273	0.105051136363636		1
000357:	0.260294886363636	0.144750568181818	0.099761363636364	0.495193181818182		1
000358:	0.086836931818182	0.146200568181818	0.177475568181818	0.589486931818182		1
000359:	0.422200568181818	0.260453409090909	0.155903409090909	0.161442613636364		1
000360:	0.059556818181818	0.081800000000000	0.686884659090909	0.171758522727273		1
000361:	0.352369318181818	0.088757954545455	0.083726136363636	0.475146590909091		1
000362:	0.131651136363636	0.515080113636364	0.294053977272727	0.059214772727273		1
000363:	0.034218750000000	0.049234090909091	0.364000568181818	0.552546590909091		1
000364:	0.338400000000000	0.221296590909091	0.192914772727273	0.247388636363636		1
000365:	0.072451704545455	0.335027272727273	0.322017613636364	0.270503409090909		1
000366:	0.301878409090909	0.053246022727273	0.155738636363636	0.489136931818182		1
000367:	0.248737500000000	0.075798863636364	0.167805681818182	0.507657954545455		1
000368:	0.125417045454545	0.050798863636364	0.138534090909091	0.685250000000000		1
000369:	0.167287500000000	0.153475568181818	0.365653977272727	0.313582954545455		1
000370:	0.110932386363636	0.098617613636364	0.721755113636364	0.068694886363636		1
000371:	0.036200568181818	0.256821590909091	0.563634090909091	0.143343750000000		1
000372:	0.029531250000000	0.074541477272727	0.287093181818182	0.608834090909091		1
000373:	0.225106818181818	0.195656250000000	0.274261931818182	0.304975000000000		1
000374:	0.042184659090909	0.059851704545455	0.420698863636364	0.477264772727273		1
000375:	0.062731250000000	0.257116477272727	0.640080113636364	0.040072159090909		1
000376:	0.125138068181818	0.062267045454545	0.315779545454545	0.496815340909091		1
000377:	0.088632954545455	0.259620454545455	0.608555113636364	0.043191477272727		1
000378:	0.331043750000000	0.041581818181818	0.066488068181818	0.560886363636364		1
000379:	0.199944886363636	0.020043750000000	0.059984659090909	0.720026704545455		1
000380:	0.133794886363636	0.053293750000000	0.167238636363636	0.645672727272727		1
000381:	0.516323863636364	0.033716477272727	0.069012500000000	0.380947159090909		1
000382:	0.085296590909091	0.052750568181818	0.235518750000000	0.626434090909091		1
000383:	0.251276704545455	0.095935227272727	0.347459090909091	0.305328977272727		1
000384:	0.188351136363636	0.092323863636364	0.281263068181818	0.438061931818182		1
000385:	0.077314204545455	0.452446590909091	0.139539204545455	0.330700000000000		1
000386:	0.668369318181818	0.040879545454545	0.102466477272727	0.188284659090909		1
000387:	0.129572727272727	0.067375000000000	0.345555681818182	0.457496590909091		1
000388:	0.523846022727273	0.181193750000000	0.219580113636364	0.075380113636364		1
000389:	0.059394318181818	0.211100000000000	0.221353409090909	0.508152272727273		1
000390:	0.071917045454545	0.439410227272727	0.459789204545455	0.028883522727273		1
000391:	0.092895454545455	0.112265909090909	0.168803977272727	0.626034659090909		1
000392:	0.330625568181818	0.147093750000000	0.072021022727273	0.450259659090909		1
000393:	0.109339204545455	0.047146022727273	0.211886363636364	0.631628409090909		1
000394:	0.046251704545455	0.042328977272727	0.158700000000000	0.752719318181818		1
000395:	0.055175568181818	0.043311931818182	0.387830113636364	0.513682386363636		1
000396:	0.073835227272727	0.221277840909091	0.175440909090909	0.529446022727273		1
000397:	0.040732954545455	0.048522727272727	0.166398295454545	0.744346022727273		1
000398:	0.239100568181818	0.127131250000000	0.327039772727273	0.306728409090909		1
000399:	0.871144318181818	0.033274431818182	0.039072159090909	0.056509090909091		1
000400:	0.285663636363636	0.097922159090909	0.238739204545455	0.377675000000000		1
000401:	0.218746022727273	0.043858522727273	0.121240340909091	0.616155113636364		1
000402:	0.104245454545455	0.049382386363636	0.256669886363636	0.589702272727273		1
000403:	0.259128977272727	0.128681818181818	0.365009659090909	0.247179545454545		1
000404:	0.227388636363636	0.236968181818182	0.168456250000000	0.367186931818182		1
000405:	0.006766477272727	0.003898295454545	0.526040340909091	0.463294886363636		1
000406:	0.035584659090909	0.045152840909091	0.649863068181818	0.269399431818182		1
000407:	0.051375000000000	0.044561363636364	0.448123295454545	0.455940340909091		1
000408:	0.445289204545455	0.221745454545455	0.127043750000000	0.205921590909091		1
000409:	0.096318181818182	0.075441477272727	0.761898863636364	0.066341477272727		1
000410:	0.082289204545455	0.071668750000000	0.802706818181818	0.043335227272727		1
000411:	0.116231818181818	0.062134090909091	0.758077840909091	0.063556250000000		1
000412:	0.522594886363636	0.070916477272727	0.092622727272727	0.313865909090909		1
000413:	0.114177840909091	0.116580113636364	0.223981818181818	0.545260227272727		1
000414:	0.560901704545455	0.041529545454545	0.152578977272727	0.244989772727273		1
000415:	0.691082386363636	0.207966477272727	0.055142045454545	0.045809090909091		1
000416:	0.549011931818182	0.051693181818182	0.038916477272727	0.360378409090909		1
000417:	0.609238068181818	0.097182386363636	0.215792613636364	0.077786931818182		1
000418:	0.592256250000000	0.067082954545455	0.162675000000000	0.177985795454545		1
000419:	0.846708522727273	0.047141477272727	0.036276704545455	0.069873295454545		1
000420:	0.063128977272727	0.368961931818182	0.504032386363636	0.063876704545455		1
000421:	0.456988068181818	0.031051704545455	0.183602840909091	0.328357386363636		1
000422:	0.391799431818182	0.132794886363636	0.212585795454545	0.262819886363636		1
000423:	0.092346590909091	0.612988636363636	0.246001704545455	0.048663068181818		1
000424:	0.728721022727273	0.026708522727273	0.037607386363636	0.206963068181818		1
000425:	0.728180681818182	0.044767613636364	0.072536363636364	0.154515340909091		1
000426:	0.399588636363636	0.485293181818182	0.047199431818182	0.067918750000000		1
000427:	0.181280681818182	0.100639204545455	0.207005113636364	0.511075000000000		1
000428:	0.204019318181818	0.079163636363636	0.324919886363636	0.391897159090909		1
000429:	0.134592613636364	0.146367045454545	0.503510227272727	0.215530113636364		1
000430:	0.199545454545455	0.245512500000000	0.109323295454545	0.445618750000000		1
000431:	0.110657386363636	0.063698295454545	0.164946022727273	0.660698295454546		1
000432:	0.255997727272727	0.150819886363636	0.189554545454545	0.403627840909091		1
000433:	0.616019886363636	0.260641477272727	0.086887500000000	0.036451136363636		1
000434:	0.130816477272727	0.183942613636364	0.104001136363636	0.581239772727273		1
000435:	0.137639772727273	0.240598863636364	0.268277272727273	0.353484090909091		1
000436:	0.550017613636364	0.286667045454545	0.072390909090909	0.090924431818182		1
000437:	0.382473295454545	0.179371590909091	0.056307954545455	0.381847159090909		1
000438:	0.569021022727273	0.096344886363636	0.105094318181818	0.229539772727273		1
000439:	0.829176136363636	0.027509659090909	0.029716477272727	0.113597727272727		1
000440:	0.618640909090909	0.027420454545455	0.053069318181818	0.300869318181818		1
000441:	0.884465340909091	0.022903409090909	0.023682954545455	0.068948295454545		1
000442:	0.888702840909091	0.019771022727273	0.037943750000000	0.053582386363636		1
000443:	0.134080681818182	0.075999431818182	0.718635795454545	0.071284090909091		1
000444:	0.274652272727273	0.338488636363636	0.036842045454545	0.350017045454545		1
000445:	0.473303977272727	0.062663636363636	0.180171022727273	0.283861363636364		1
000446:	0.223708522727273	0.300306818181818	0.207646022727273	0.268338636363636		1
000447:	0.399178977272727	0.069840909090909	0.117836931818182	0.413143181818182		1
000448:	0.468176136363636	0.066724431818182	0.295919318181818	0.169180113636364		1
000449:	0.093655681818182	0.119751136363636	0.236283522727273	0.550309659090909		1
000450:	0.106994886363636	0.083782386363636	0.703202272727273	0.106020454545455		1
000451:	0.100792613636364	0.063447159090909	0.699347159090909	0.136413068181818		1
000452:	0.262819318181818	0.541152840909091	0.122701704545455	0.073326136363636		1
000453:	0.455018181818182	0.042398863636364	0.050694318181818	0.451888636363636		1
000454:	0.389281250000000	0.099107954545455	0.449646590909091	0.061964204545455		1
000455:	0.028930113636364	0.133438068181818	0.728684659090909	0.108947159090909		1
000456:	0.014370454545455	0.078372159090909	0.878497159090909	0.028760227272727		1
000457:	0.537843750000000	0.005381250000000	0.455371590909091	0.001403409090909		1
000458:	0.052171590909091	0.115372727272727	0.727705113636364	0.104750568181818		1
000459:	0.015016477272727	0.074880681818182	0.879782386363636	0.030320454545455		1
000460:	0.015496022727273	0.035467613636364	0.913453409090909	0.035582954545455		1
000461:	0.028476704545455	0.057554545454545	0.803334090909091	0.110634659090909		1
000462:	0.030902272727273	0.254710795454545	0.666698295454546	0.047688636363636		1
000463:	0.029077840909091	0.452881818181818	0.460028409090909	0.058011931818182		1
000464:	0.101596022727273	0.238062500000000	0.611264772727273	0.049076704545455		1
000465:	0.031899431818182	0.107405113636364	0.813790909090909	0.046904545454545		1
000466:	0.012581818181818	0.038364772727273	0.915762500000000	0.033290909090909		1
000467:	0.019993181818182	0.052036363636364	0.892159090909091	0.035811363636364		1
000468:	0.013771590909091	0.044900568181818	0.906547159090909	0.034780681818182		1
000469:	0.174625000000000	0.052202840909091	0.107448295454545	0.665723863636364		1
000470:	0.212630113636364	0.110169318181818	0.121292613636364	0.555907954545454		1
000471:	0.114555113636364	0.031226704545455	0.170535227272727	0.683682954545455		1
000472:	0.138687500000000	0.572792613636364	0.224737500000000	0.063782386363636		1
000473:	0.072846022727273	0.470178409090909	0.390613068181818	0.066362500000000		1
000474:	0.279243750000000	0.053709659090909	0.261153977272727	0.405892613636364		1
