Estimated Clustering Probabilities for Samples
Sample	***Cluster  01***	***Cluster  02***	***Cluster  03***	***Cluster  04***	***Cluster  05***	
000001:	0.294592045454545	0.138338636363636	0.126905681818182	0.038661363636364	0.401502272727273		1
000002:	0.397261363636364	0.038968750000000	0.099263636363636	0.017418750000000	0.447087500000000		1
000003:	0.087115909090909	0.029540909090909	0.034957954545455	0.027855113636364	0.820530113636364		1
000004:	0.059854545454545	0.030721022727273	0.540210795454545	0.021944886363636	0.347268750000000		1
000005:	0.053397159090909	0.058665909090909	0.036877840909091	0.012230113636364	0.838828977272727		1
000006:	0.070930113636364	0.080844318181818	0.662236931818182	0.066140909090909	0.119847727272727		1
000007:	0.317422727272727	0.028621022727273	0.044031250000000	0.022064772727273	0.587860227272727		1
000008:	0.158132386363636	0.031740340909091	0.069620454545455	0.025002840909091	0.715503977272727		1
000009:	0.045772727272727	0.046866477272727	0.167410227272727	0.017602272727273	0.722348295454545		1
000010:	0.073706250000000	0.114881250000000	0.067339772727273	0.026237500000000	0.717835227272727		1
000011:	0.344828409090909	0.089209090909091	0.210526136363636	0.034460795454545	0.320975568181818		1
000012:	0.030776136363636	0.258886363636364	0.128793181818182	0.066881250000000	0.514663068181818		1
000013:	0.029631818181818	0.390311363636364	0.246689772727273	0.195785795454545	0.137581250000000		1
000014:	0.021535227272727	0.017717045454545	0.903359659090909	0.018419886363636	0.038968181818182		1
000015:	0.027305681818182	0.068562500000000	0.094651136363636	0.015096022727273	0.794384659090909		1
000016:	0.020916477272727	0.018351704545455	0.812156818181818	0.015227272727273	0.133347727272727		1
000017:	0.057831250000000	0.149429545454545	0.077678977272727	0.011191477272727	0.703868750000000		1
000018:	0.024952840909091	0.514555681818182	0.065057954545455	0.284069886363636	0.111363636363636		1
000019:	0.017453409090909	0.078333522727273	0.028229545454545	0.054792045454545	0.821191477272727		1
000020:	0.048378409090909	0.251580113636364	0.394155113636364	0.013896590909091	0.291989772727273		1
000021:	0.220854545454545	0.624734659090909	0.020799431818182	0.019853977272727	0.113757386363636		1
000022:	0.034736363636364	0.244627840909091	0.068878977272727	0.024955113636364	0.626801704545455		1
000023:	0.163790909090909	0.180134659090909	0.087743181818182	0.054779545454545	0.513551704545455		1
000024:	0.019880113636364	0.019097727272727	0.922223863636364	0.011939772727273	0.026858522727273		1
000025:	0.068977840909091	0.310311363636364	0.140618181818182	0.225618750000000	0.254473863636364		1
000026:	0.041715340909091	0.580958522727273	0.032588636363636	0.036875000000000	0.307862500000000		1
000027:	0.022259090909091	0.819327840909091	0.037086363636364	0.055549431818182	0.065777272727273		1
000028:	0.353063636363636	0.169898863636364	0.052797159090909	0.013971022727273	0.410269318181818		1
000029:	0.058422727272727	0.368943750000000	0.132512500000000	0.029364772727273	0.410756250000000		1
000030:	0.079559659090909	0.061456818181818	0.067005113636364	0.051669318181818	0.740309090909091		1
000031:	0.022842613636364	0.760627272727273	0.034278977272727	0.107476136363636	0.074775000000000		1
000032:	0.064223295454545	0.699351704545455	0.068518181818182	0.034307954545455	0.133598863636364		1
000033:	0.110797727272727	0.344407386363636	0.060765340909091	0.026557954545455	0.457471590909091		1
000034:	0.023650000000000	0.022900568181818	0.896605113636364	0.011258522727273	0.045585795454545		1
000035:	0.234955113636364	0.483159659090909	0.041471022727273	0.070367045454545	0.170047159090909		1
000036:	0.125394318181818	0.292212500000000	0.100047159090909	0.011984659090909	0.470361363636364		1
000037:	0.033989772727273	0.526430681818182	0.089778409090909	0.018964772727273	0.330836363636364		1
000038:	0.526886931818182	0.058642613636364	0.094550568181818	0.084583522727273	0.235336363636364		1
000039:	0.034445454545455	0.427103409090909	0.101311931818182	0.067881818181818	0.369257386363636		1
000040:	0.024351136363636	0.023929545454545	0.891479545454545	0.019152272727273	0.041087500000000		1
000041:	0.046418181818182	0.551548295454545	0.175498295454545	0.023977840909091	0.202557386363636		1
000042:	0.045455113636364	0.462925568181818	0.103672727272727	0.214756250000000	0.173190340909091		1
000043:	0.037465340909091	0.116884090909091	0.097840909090909	0.016716477272727	0.731093181818182		1
000044:	0.069105113636364	0.282947727272727	0.075378409090909	0.031956250000000	0.540612500000000		1
000045:	0.021359090909091	0.817264204545455	0.025071022727273	0.030596590909091	0.105709090909091		1
000046:	0.159824431818182	0.485471590909091	0.073109090909091	0.153368181818182	0.128226704545455		1
000047:	0.153521590909091	0.338701136363636	0.179713636363636	0.121283522727273	0.206780113636364		1
000048:	0.046751136363636	0.026233522727273	0.036139204545455	0.023206250000000	0.867669886363636		1
000049:	0.037993181818182	0.061553409090909	0.048200000000000	0.028994318181818	0.823259090909091		1
000050:	0.080214204545455	0.270868750000000	0.352998295454545	0.095787500000000	0.200131250000000		1
000051:	0.024807954545455	0.014378409090909	0.892923863636364	0.012631818181818	0.055257954545455		1
000052:	0.017894886363636	0.018501704545455	0.883206818181818	0.013177272727273	0.067219318181818		1
000053:	0.036238636363636	0.317744318181818	0.174004545454545	0.081443181818182	0.390569318181818		1
000054:	0.068436931818182	0.279602272727273	0.058753977272727	0.377776136363636	0.215430681818182		1
000055:	0.031282954545455	0.055124431818182	0.196227272727273	0.015144886363636	0.702220454545455		1
000056:	0.021105681818182	0.106726704545455	0.055505113636364	0.021736363636364	0.794926136363636		1
000057:	0.055192613636364	0.371477840909091	0.148153977272727	0.020171590909091	0.405003977272727		1
000058:	0.017904545454545	0.086864772727273	0.019032954545455	0.047747727272727	0.828450000000000		1
000059:	0.025523863636364	0.407417613636364	0.017407954545455	0.051041477272727	0.498609090909091		1
000060:	0.018711363636364	0.083980113636364	0.049839772727273	0.012893181818182	0.834575568181818		1
000061:	0.025030113636364	0.136047727272727	0.036253977272727	0.013869886363636	0.788798295454545		1
000062:	0.023272159090909	0.019547159090909	0.885743181818182	0.010750568181818	0.060686931818182		1
000063:	0.026428977272727	0.015270454545455	0.896177272727273	0.015792613636364	0.046330681818182		1
000064:	0.068152840909091	0.011834090909091	0.856303409090909	0.006922727272727	0.056786931818182		1
000065:	0.049510227272727	0.039155113636364	0.029543750000000	0.011430113636364	0.870360795454545		1
000066:	0.024520454545455	0.310215909090909	0.081125568181818	0.017667613636364	0.566470454545455		1
000067:	0.041660795454545	0.018652840909091	0.844971590909091	0.011967613636364	0.082747159090909		1
000068:	0.014824431818182	0.075886363636364	0.014353977272727	0.391556250000000	0.503378977272727		1
000069:	0.023089204545455	0.424321590909091	0.060171022727273	0.016526136363636	0.475892045454545		1
000070:	0.098939204545455	0.244181818181818	0.301858522727273	0.058890340909091	0.296130113636364		1
000071:	0.045885795454545	0.441386363636364	0.027389204545455	0.023327272727273	0.462011363636364		1
000072:	0.034505681818182	0.044473295454545	0.066563636363636	0.011741477272727	0.842715909090909		1
000073:	0.025203977272727	0.046343750000000	0.050916477272727	0.010942045454545	0.866593750000000		1
000074:	0.036077272727273	0.549385795454545	0.130573863636364	0.137513636363636	0.146449431818182		1
000075:	0.018195454545455	0.032680681818182	0.033864772727273	0.441742613636364	0.473516477272727		1
000076:	0.500187500000000	0.179196590909091	0.021436931818182	0.092599431818182	0.206579545454545		1
000077:	0.293060227272727	0.146378409090909	0.075160795454545	0.096129545454545	0.389271022727273		1
000078:	0.115292045454545	0.077557386363636	0.083613636363636	0.012470454545455	0.711066477272727		1
000079:	0.072380113636364	0.255122159090909	0.043625000000000	0.063441477272727	0.565431250000000		1
000080:	0.063590340909091	0.261275000000000	0.018457386363636	0.174669318181818	0.482007954545455		1
000081:	0.020501136363636	0.048327272727273	0.025410227272727	0.006105113636364	0.899656250000000		1
000082:	0.026229545454545	0.035069318181818	0.039790340909091	0.008622159090909	0.890288636363636		1
000083:	0.029053977272727	0.094572159090909	0.014351704545455	0.028254545454545	0.833767613636364		1
000084:	0.021231818181818	0.014367045454545	0.919148295454545	0.021884659090909	0.023368181818182		1
000085:	0.116328409090909	0.492602272727273	0.080069886363636	0.032305681818182	0.278693750000000		1
000086:	0.101365909090909	0.143748295454545	0.432217613636364	0.061228409090909	0.261439772727273		1
000087:	0.022070454545455	0.196978977272727	0.029777272727273	0.010140909090909	0.741032386363636		1
000088:	0.035336931818182	0.763656818181818	0.029314204545455	0.020421022727273	0.151271022727273		1
000089:	0.065847159090909	0.763650568181818	0.045528977272727	0.016867045454545	0.108106250000000		1
000090:	0.038122727272727	0.590521590909091	0.103132954545455	0.082001136363636	0.186221590909091		1
000091:	0.221759090909091	0.291994886363636	0.036601136363636	0.310588636363636	0.139056250000000		1
000092:	0.045613636363636	0.253257954545455	0.042353409090909	0.029547727272727	0.629227272727273		1
000093:	0.054896022727273	0.281021590909091	0.063083522727273	0.076130681818182	0.524868181818182		1
000094:	0.043402840909091	0.198313068181818	0.029196022727273	0.045798295454545	0.683289772727273		1
000095:	0.039278409090909	0.039839204545455	0.072227840909091	0.014339772727273	0.834314772727273		1
000096:	0.023200000000000	0.013324431818182	0.838842613636364	0.012566477272727	0.112066477272727		1
000097:	0.040514772727273	0.606301136363636	0.026192045454545	0.025033522727273	0.301958522727273		1
000098:	0.024193181818182	0.169730681818182	0.012888636363636	0.013376136363636	0.779811363636364		1
000099:	0.061653977272727	0.202291477272727	0.373038636363636	0.025944886363636	0.337071022727273		1
000100:	0.029817613636364	0.034221590909091	0.612101704545455	0.012587500000000	0.311271590909091		1
000101:	0.033593181818182	0.756747727272727	0.054128977272727	0.009011363636364	0.146518750000000		1
000102:	0.060056818181818	0.348285227272727	0.180283522727273	0.031541477272727	0.379832954545455		1
000103:	0.095808522727273	0.063013068181818	0.034006818181818	0.154309090909091	0.652862500000000		1
000104:	0.028580681818182	0.033843750000000	0.597110227272727	0.013484090909091	0.326981250000000		1
000105:	0.029569318181818	0.620618750000000	0.168929545454545	0.031424431818182	0.149457954545455		1
000106:	0.049139204545455	0.672503409090909	0.039806818181818	0.024194318181818	0.214356250000000		1
000107:	0.032848295454545	0.206839772727273	0.409394318181818	0.018289772727273	0.332627840909091		1
000108:	0.032086931818182	0.070621022727273	0.768077272727273	0.026146590909091	0.103068181818182		1
000109:	0.067988068181818	0.408877272727273	0.039501136363636	0.044664772727273	0.438968750000000		1
000110:	0.001371022727273	0.001213068181818	0.000858522727273	0.647763068181818	0.348794318181818		1
000111:	0.110272159090909	0.086648863636364	0.386122727272727	0.013423863636364	0.403532386363636		1
000112:	0.055717613636364	0.726006250000000	0.105742613636364	0.037158522727273	0.075375000000000		1
000113:	0.083253409090909	0.138068181818182	0.072940909090909	0.015338636363636	0.690398863636364		1
000114:	0.312864204545455	0.292177840909091	0.032674431818182	0.064759090909091	0.297524431818182		1
000115:	0.027086363636364	0.182633522727273	0.071549431818182	0.056817045454545	0.661913636363636		1
000116:	0.035458522727273	0.052719318181818	0.390219318181818	0.018874431818182	0.502728409090909		1
000117:	0.101606818181818	0.529778977272727	0.075506250000000	0.024526136363636	0.268581818181818		1
000118:	0.084148863636364	0.056647159090909	0.176579545454545	0.014820454545455	0.667803977272727		1
000119:	0.021030681818182	0.546147727272727	0.114107386363636	0.034528409090909	0.284185795454545		1
000120:	0.042564204545455	0.092626136363636	0.107165909090909	0.015655681818182	0.741988068181818		1
000121:	0.080094886363636	0.282558522727273	0.073403409090909	0.122393181818182	0.441550000000000		1
000122:	0.016192613636364	0.349382954545455	0.039573863636364	0.013351704545455	0.581498863636364		1
000123:	0.039465340909091	0.021754545454545	0.028604545454545	0.028930681818182	0.881244886363636		1
000124:	0.218617045454545	0.379205113636364	0.030943181818182	0.073202272727273	0.298032386363636		1
000125:	0.503672159090909	0.046857386363636	0.103158522727273	0.022259659090909	0.324052272727273		1
000126:	0.876465340909091	0.027796022727273	0.029347159090909	0.017055113636364	0.049336363636364		1
000127:	0.047363636363636	0.111907386363636	0.099189772727273	0.036035227272727	0.705503977272727		1
000128:	0.043842045454545	0.085694886363636	0.041897727272727	0.020129545454545	0.808435795454545		1
000129:	0.028512500000000	0.665313068181818	0.022559659090909	0.091879545454545	0.191735227272727		1
000130:	0.049126136363636	0.027594318181818	0.035626136363636	0.027200568181818	0.860452840909091		1
000131:	0.042671022727273	0.388982954545455	0.045999431818182	0.018368750000000	0.503977840909091		1
000132:	0.024775568181818	0.056359090909091	0.661393750000000	0.012509659090909	0.244961931818182		1
000133:	0.403313068181818	0.200398295454545	0.055152840909091	0.181593181818182	0.159542613636364		1
000134:	0.116175568181818	0.145103409090909	0.073968181818182	0.153046022727273	0.511706818181818		1
000135:	0.036013068181818	0.646341477272727	0.014687500000000	0.111755681818182	0.191202272727273		1
000136:	0.031582386363636	0.083819318181818	0.052992045454545	0.033968750000000	0.797637500000000		1
000137:	0.046028409090909	0.553939772727273	0.035317613636364	0.177621022727273	0.187093181818182		1
000138:	0.162453977272727	0.098968750000000	0.036985227272727	0.039340340909091	0.662251704545455		1
000139:	0.081410227272727	0.186645454545455	0.096565340909091	0.092927840909091	0.542451136363636		1
000140:	0.025617045454545	0.187379545454545	0.046903977272727	0.638684659090909	0.101414772727273		1
000141:	0.261782954545455	0.043291477272727	0.525775568181818	0.034189772727273	0.134960227272727		1
000142:	0.025452272727273	0.501760227272727	0.051161931818182	0.026555681818182	0.395069886363636		1
000143:	0.043955113636364	0.108834090909091	0.042796022727273	0.027152272727273	0.777262500000000		1
000144:	0.059163636363636	0.332836931818182	0.147971022727273	0.018946590909091	0.441081818181818		1
000145:	0.044906250000000	0.023391477272727	0.866923295454545	0.025725568181818	0.039053409090909		1
000146:	0.051231818181818	0.227192045454545	0.136475568181818	0.126550000000000	0.458550568181818		1
000147:	0.061333522727273	0.082805681818182	0.055347727272727	0.016345454545455	0.784167613636364		1
000148:	0.033153977272727	0.029274431818182	0.024069318181818	0.024886363636364	0.888615909090909		1
000149:	0.105928977272727	0.415063068181818	0.072715909090909	0.014865909090909	0.391426136363636		1
000150:	0.043989772727273	0.579754545454545	0.060397159090909	0.087647159090909	0.228211363636364		1
000151:	0.182822159090909	0.098896590909091	0.176876136363636	0.037180113636364	0.504225000000000		1
000152:	0.077386363636364	0.081478977272727	0.067079545454545	0.057269886363636	0.716785227272727		1
000153:	0.027775568181818	0.647740909090909	0.067632386363636	0.018809659090909	0.238041477272727		1
000154:	0.028508522727273	0.026676136363636	0.654873863636364	0.009475000000000	0.280466477272727		1
000155:	0.031587500000000	0.119042045454545	0.300681818181818	0.072353977272727	0.476334659090909		1
000156:	0.035126704545455	0.414045454545455	0.363991477272727	0.013310227272727	0.173526136363636		1
000157:	0.025006250000000	0.023883522727273	0.884383522727273	0.012068181818182	0.054658522727273		1
000158:	0.372265909090909	0.291182954545455	0.144678977272727	0.037513068181818	0.154359090909091		1
000159:	0.116318181818182	0.215340340909091	0.572567613636364	0.058203977272727	0.037569886363636		1
000160:	0.899323863636364	0.020676136363636	0.040771022727273	0.012293750000000	0.026935227272727		1
000161:	0.543784090909091	0.082396022727273	0.102870454545455	0.046361931818182	0.224587500000000		1
000162:	0.284793750000000	0.446029545454545	0.019030113636364	0.159056250000000	0.091090340909091		1
000163:	0.028664204545455	0.046033522727273	0.038114772727273	0.008857386363636	0.878330113636364		1
000164:	0.059238636363636	0.018313636363636	0.788038068181818	0.011630681818182	0.122778977272727		1
000165:	0.072027272727273	0.022641477272727	0.074797727272727	0.020397159090909	0.810136363636364		1
000166:	0.024180113636364	0.025543181818182	0.047533522727273	0.008077840909091	0.894665340909091		1
000167:	0.050739772727273	0.064279545454545	0.047730113636364	0.022073863636364	0.815176704545455		1
000168:	0.049819886363636	0.163861363636364	0.209876136363636	0.032036931818182	0.544405681818182		1
000169:	0.026288068181818	0.153273863636364	0.025915340909091	0.019884090909091	0.774638636363636		1
000170:	0.001369318181818	0.588695454545455	0.000544318181818	0.000238636363636	0.409152272727273		1
000171:	0.048312500000000	0.040132954545455	0.554684090909091	0.023219886363636	0.333650568181818		1
000172:	0.075000568181818	0.086883522727273	0.062433522727273	0.066294886363636	0.709387500000000		1
000173:	0.037784090909091	0.136136363636364	0.038489204545455	0.011389772727273	0.776200568181818		1
000174:	0.020573295454545	0.250934090909091	0.023211363636364	0.065975000000000	0.639306250000000		1
000175:	0.016088068181818	0.016991477272727	0.917109090909091	0.026330113636364	0.023481250000000		1
000176:	0.180739204545455	0.324636363636364	0.084090909090909	0.023420454545455	0.387113068181818		1
000177:	0.028043181818182	0.201904545454545	0.054991477272727	0.038633522727273	0.676427272727273		1
000178:	0.021780681818182	0.115072159090909	0.132554545454545	0.035751136363636	0.694841477272727		1
000179:	0.017486363636364	0.024121022727273	0.909782386363636	0.010885795454545	0.037724431818182		1
000180:	0.024817045454545	0.036965909090909	0.881566477272727	0.018211931818182	0.038438636363636		1
000181:	0.073320454545455	0.012884090909091	0.864027840909091	0.011129545454545	0.038638068181818		1
000182:	0.093076136363636	0.358771022727273	0.155107954545455	0.136626704545455	0.256418181818182		1
000183:	0.022147727272727	0.022300568181818	0.846264772727273	0.012801704545455	0.096485227272727		1
000184:	0.109102272727273	0.138077272727273	0.090300568181818	0.059546022727273	0.602973863636364		1
000185:	0.143907386363636	0.371829545454545	0.079744886363636	0.247444318181818	0.157073863636364		1
000186:	0.072921590909091	0.046130113636364	0.766330113636364	0.030085795454545	0.084532386363636		1
000187:	0.033763636363636	0.022978977272727	0.887161931818182	0.017106250000000	0.038989204545455		1
000188:	0.300882386363636	0.043393750000000	0.366863636363636	0.043389204545455	0.245471022727273		1
000189:	0.019569318181818	0.036520454545455	0.026274431818182	0.009317613636364	0.908318181818182		1
000190:	0.064815909090909	0.048629545454545	0.024921590909091	0.031196022727273	0.830436931818182		1
000191:	0.023584090909091	0.192044886363636	0.051479545454545	0.010331250000000	0.722560227272727		1
000192:	0.077140909090909	0.638809659090909	0.085317045454545	0.019044318181818	0.179688068181818		1
000193:	0.046677840909091	0.415935795454545	0.127470454545455	0.035247159090909	0.374668750000000		1
000194:	0.035481250000000	0.060476136363636	0.050160227272727	0.079389772727273	0.774492613636364		1
000195:	0.025540340909091	0.442275000000000	0.044351136363636	0.010845454545455	0.476988068181818		1
000196:	0.512713068181818	0.068171022727273	0.273711363636364	0.011480681818182	0.133923863636364		1
000197:	0.099940909090909	0.171230113636364	0.099212500000000	0.014065909090909	0.615550568181818		1
000198:	0.091764204545455	0.388979545454545	0.253193750000000	0.169306250000000	0.096756250000000		1
000199:	0.217063636363636	0.046828977272727	0.103864772727273	0.025033522727273	0.607209090909091		1
000200:	0.377640340909091	0.078955681818182	0.086373295454545	0.031535227272727	0.425495454545455		1
000201:	0.039247727272727	0.028619886363636	0.864794318181818	0.010523863636364	0.056814204545455		1
000202:	0.078440340909091	0.324488068181818	0.179243750000000	0.050797159090909	0.367030681818182		1
000203:	0.042173295454545	0.027482386363636	0.103056250000000	0.019821590909091	0.807466477272727		1
000204:	0.114421022727273	0.019705681818182	0.263709090909091	0.027482386363636	0.574681818181818		1
000205:	0.072448863636364	0.045168750000000	0.444141477272727	0.068097727272727	0.370143181818182		1
000206:	0.069646590909091	0.048212500000000	0.084440340909091	0.170455681818182	0.627244886363636		1
000207:	0.198985795454545	0.504871022727273	0.021852840909091	0.029789204545455	0.244501136363636		1
000208:	0.084642045454545	0.099534659090909	0.253247727272727	0.021240909090909	0.541334659090909		1
000209:	0.071332954545455	0.077240340909091	0.579003409090909	0.023949431818182	0.248473863636364		1
000210:	0.028706818181818	0.128314772727273	0.272549431818182	0.022632386363636	0.547796590909091		1
000211:	0.035452272727273	0.049839772727273	0.071431818181818	0.023777840909091	0.819498295454545		1
000212:	0.362533522727273	0.068140340909091	0.320675000000000	0.023998863636364	0.224652272727273		1
000213:	0.078574431818182	0.029027840909091	0.469769886363636	0.018780681818182	0.403847159090909		1
000214:	0.384874431818182	0.112225000000000	0.064719886363636	0.027081250000000	0.411099431818182		1
000215:	0.102638068181818	0.220385795454545	0.088980681818182	0.111809090909091	0.476186363636364		1
000216:	0.109315340909091	0.059480681818182	0.659931250000000	0.018068181818182	0.153204545454545		1
000217:	0.332130113636364	0.063156818181818	0.207105681818182	0.065100000000000	0.332507386363636		1
000218:	0.074776136363636	0.044765909090909	0.144476704545455	0.016140909090909	0.719840340909091		1
000219:	0.300680681818182	0.036614772727273	0.123266477272727	0.014347727272727	0.525090340909091		1
000220:	0.069288068181818	0.027194886363636	0.413078977272727	0.010786363636364	0.479651704545455		1
000221:	0.045657954545455	0.019534090909091	0.139977272727273	0.008219318181818	0.786611363636364		1
000222:	0.057907386363636	0.015173863636364	0.838016477272727	0.009242613636364	0.079659659090909		1
000223:	0.103500000000000	0.251274431818182	0.306483522727273	0.103611363636364	0.235130681818182		1
000224:	0.033278409090909	0.575200568181818	0.071485227272727	0.068178409090909	0.251857386363636		1
000225:	0.020786363636364	0.509706250000000	0.030442045454545	0.046114772727273	0.392950568181818		1
000226:	0.154922159090909	0.286555113636364	0.119293750000000	0.021505681818182	0.417723295454545		1
000227:	0.060748863636364	0.666350000000000	0.038687500000000	0.050643750000000	0.183569886363636		1
000228:	0.601530113636364	0.001578409090909	0.385519318181818	0.004320454545455	0.007051704545455		1
000229:	0.043496590909091	0.097232954545455	0.015751136363636	0.064918181818182	0.778601136363636		1
000230:	0.820911931818182	0.029990340909091	0.065349431818182	0.021455113636364	0.062293181818182		1
000231:	0.091089204545455	0.591147727272727	0.029103409090909	0.039686931818182	0.248972727272727		1
000232:	0.260658522727273	0.042267045454545	0.184450568181818	0.081051704545455	0.431572159090909		1
000233:	0.075877272727273	0.434489204545455	0.023918181818182	0.035773295454545	0.429942045454545		1
000234:	0.054845454545455	0.340384659090909	0.025023863636364	0.300918750000000	0.278827272727273		1
000235:	0.021388068181818	0.233409090909091	0.056179545454545	0.561492045454545	0.127531250000000		1
000236:	0.385827272727273	0.118516477272727	0.321964204545455	0.090817613636364	0.082874431818182		1
000237:	0.039456250000000	0.275405113636364	0.020513068181818	0.302430681818182	0.362194886363636		1
000238:	0.025957954545455	0.052034659090909	0.612659659090909	0.017963636363636	0.291384090909091		1
000239:	0.126199431818182	0.146577272727273	0.053597159090909	0.068605113636364	0.605021022727273		1
000240:	0.795620454545454	0.081295454545455	0.028761931818182	0.033384090909091	0.060938068181818		1
000241:	0.079793181818182	0.476602840909091	0.267906250000000	0.018715909090909	0.156981818181818		1
000242:	0.040613068181818	0.810093750000000	0.027197727272727	0.031406250000000	0.090689204545455		1
000243:	0.563615340909091	0.125782954545455	0.033516477272727	0.207198295454545	0.069886931818182		1
000244:	0.249461931818182	0.072267045454545	0.058348295454545	0.036403409090909	0.583519318181818		1
000245:	0.121727272727273	0.084736363636364	0.016944886363636	0.021973295454545	0.754618181818182		1
000246:	0.087974431818182	0.476002840909091	0.035983522727273	0.147590340909091	0.252448863636364		1
000247:	0.119336363636364	0.270988068181818	0.047095454545455	0.116540340909091	0.446039772727273		1
000248:	0.168007954545455	0.038186363636364	0.034295454545455	0.038594318181818	0.720915909090909		1
000249:	0.251167613636364	0.272505681818182	0.024886363636364	0.362360795454545	0.089079545454545		1
000250:	0.027501704545455	0.550368750000000	0.024136931818182	0.066423863636364	0.331568750000000		1
000251:	0.127954545454545	0.339496022727273	0.040705681818182	0.090318750000000	0.401525000000000		1
000252:	0.539673295454545	0.076537500000000	0.182902272727273	0.073740909090909	0.127146022727273		1
000253:	0.156793181818182	0.073248863636364	0.051867613636364	0.646744318181818	0.071346022727273		1
000254:	0.269664772727273	0.090958522727273	0.066800568181818	0.322826136363636	0.249750000000000		1
000255:	0.080774431818182	0.075152840909091	0.050152272727273	0.310035795454545	0.483884659090909		1
000256:	0.035642045454545	0.117007386363636	0.018111931818182	0.023503977272727	0.805734659090909		1
000257:	0.244409090909091	0.001448863636364	0.001294886363636	0.751034659090909	0.001812500000000		1
000258:	0.046352272727273	0.101599431818182	0.030839772727273	0.017119886363636	0.804088636363636		1
000259:	0.025316477272727	0.039776704545455	0.891233522727273	0.012905113636364	0.030768181818182		1
000260:	0.507359659090909	0.294537500000000	0.043709659090909	0.105501704545455	0.048891477272727		1
000261:	0.239434090909091	0.144351136363636	0.189039772727273	0.320340909090909	0.106834090909091		1
000262:	0.269380113636364	0.084151136363636	0.491175568181818	0.089260227272727	0.066032954545455		1
000263:	0.111828977272727	0.121567045454545	0.093351704545455	0.017365340909091	0.655886931818182		1
000264:	0.036038636363636	0.023848863636364	0.795236931818182	0.016459659090909	0.128415909090909		1
000265:	0.030764772727273	0.021883522727273	0.060419318181818	0.037317613636364	0.849614772727273		1
000266:	0.027854545454545	0.135932386363636	0.043822159090909	0.093660795454545	0.698730113636364		1
000267:	0.113714772727273	0.136782386363636	0.019909090909091	0.321297159090909	0.408296590909091		1
000268:	0.076842045454545	0.066145454545455	0.140489204545455	0.040531818181818	0.675991477272727		1
000269:	0.025766477272727	0.418031818181818	0.047098295454545	0.388376136363636	0.120727272727273		1
000270:	0.024832386363636	0.017718750000000	0.908445454545455	0.009968181818182	0.039035227272727		1
000271:	0.127162500000000	0.071036931818182	0.104873863636364	0.653546590909091	0.043380113636364		1
000272:	0.297834090909091	0.124311931818182	0.153273295454545	0.335676704545455	0.088903977272727		1
000273:	0.042842613636364	0.209711931818182	0.334156818181818	0.260389204545455	0.152899431818182		1
000274:	0.240176704545455	0.152314204545455	0.056439204545455	0.323943750000000	0.227126136363636		1
000275:	0.027617045454545	0.249043750000000	0.050496022727273	0.031657386363636	0.641185795454545		1
000276:	0.046563636363636	0.035391477272727	0.831601704545455	0.024432386363636	0.062010795454545		1
000277:	0.026142613636364	0.132310227272727	0.094468750000000	0.616650568181818	0.130427840909091		1
000278:	0.494768750000000	0.003282386363636	0.000953977272727	0.493497159090909	0.007497727272727		1
000279:	0.022234659090909	0.200208522727273	0.011714204545455	0.595571590909091	0.170271022727273		1
000280:	0.318571022727273	0.192744318181818	0.190081818181818	0.035153977272727	0.263448863636364		1
000281:	0.022161931818182	0.074979545454545	0.553656250000000	0.308442613636364	0.040759659090909		1
000282:	0.078751704545455	0.574544886363636	0.179932954545455	0.048453977272727	0.118316477272727		1
000283:	0.080444318181818	0.017401704545455	0.839587500000000	0.009932954545455	0.052633522727273		1
000284:	0.177910227272727	0.091151136363636	0.090037500000000	0.492130681818182	0.148770454545455		1
000285:	0.081505681818182	0.530733522727273	0.032482954545455	0.189907386363636	0.165370454545455		1
000286:	0.033327840909091	0.392200568181818	0.251399431818182	0.179574431818182	0.143497727272727		1
000287:	0.029645454545455	0.374696022727273	0.187050000000000	0.194338636363636	0.214269886363636		1
000288:	0.105229545454545	0.200475000000000	0.193383522727273	0.121330681818182	0.379581250000000		1
000289:	0.144435795454545	0.046705681818182	0.114255113636364	0.028979545454545	0.665623863636364		1
000290:	0.678948295454545	0.040100568181818	0.183339204545455	0.035128409090909	0.062483522727273		1
000291:	0.032707954545455	0.076390340909091	0.084505113636364	0.029556818181818	0.776839772727273		1
000292:	0.000977272727273	0.000420454545455	0.000605681818182	0.057415340909091	0.940581250000000		1
000293:	0.036150568181818	0.030266477272727	0.043864772727273	0.010936363636364	0.878781818181818		1
000294:	0.064990909090909	0.142139204545455	0.101712500000000	0.020095454545455	0.671061931818182		1
000295:	0.061989204545455	0.363588068181818	0.032717613636364	0.009972727272727	0.531732386363636		1
000296:	0.094897159090909	0.120254545454545	0.454929545454545	0.019707386363636	0.310211363636364		1
000297:	0.067464204545455	0.080332954545455	0.143207954545455	0.013296590909091	0.695698295454545		1
000298:	0.018003977272727	0.658669886363636	0.048581250000000	0.174159659090909	0.100585227272727		1
000299:	0.049458522727273	0.075159659090909	0.035092045454545	0.039294318181818	0.800995454545455		1
000300:	0.079534659090909	0.084538636363636	0.190225568181818	0.122850000000000	0.522851136363636		1
000301:	0.025889772727273	0.067702272727273	0.026953409090909	0.014886363636364	0.864568181818182		1
000302:	0.036865340909091	0.028869318181818	0.894010795454545	0.012260795454545	0.027993750000000		1
000303:	0.034078409090909	0.025821022727273	0.904921022727273	0.011260795454545	0.023918750000000		1
000304:	0.126547727272727	0.044054545454545	0.023315340909091	0.015131250000000	0.790951136363636		1
000305:	0.760071590909091	0.058661363636364	0.114357954545455	0.024004545454545	0.042904545454545		1
000306:	0.038822727272727	0.047289204545455	0.839370454545455	0.035034659090909	0.039482954545455		1
000307:	0.791225000000000	0.018160795454545	0.074751704545455	0.019853977272727	0.096008522727273		1
000308:	0.045373863636364	0.017005681818182	0.047334659090909	0.014455113636364	0.875830681818182		1
000309:	0.040734090909091	0.090732954545455	0.063581818181818	0.096435795454545	0.708515340909091		1
000310:	0.024935227272727	0.021131250000000	0.837657386363636	0.012993181818182	0.103282954545455		1
000311:	0.136280681818182	0.053746590909091	0.189271022727273	0.042399431818182	0.578302272727273		1
000312:	0.058577272727273	0.158177272727273	0.041847159090909	0.419090340909091	0.322307954545455		1
000313:	0.061842045454545	0.182843181818182	0.052569886363636	0.578114204545455	0.124630681818182		1
000314:	0.136366477272727	0.664240909090909	0.060367045454545	0.059991477272727	0.079034090909091		1
000315:	0.047326136363636	0.220130681818182	0.031181250000000	0.329389772727273	0.371972159090909		1
000316:	0.040878977272727	0.071508522727273	0.038834659090909	0.024832386363636	0.823945454545455		1
000317:	0.145392045454545	0.694089204545455	0.032417045454545	0.033161931818182	0.094939772727273		1
000318:	0.258031818181818	0.039186363636364	0.197063068181818	0.013596590909091	0.492122159090909		1
000319:	0.020171022727273	0.018142045454545	0.922582386363636	0.011692613636364	0.027411931818182		1
000320:	0.105344318181818	0.093725000000000	0.433896590909091	0.074543181818182	0.292490909090909		1
000321:	0.181848295454545	0.037077272727273	0.075026136363636	0.015259090909091	0.690789204545455		1
000322:	0.649704545454545	0.027515909090909	0.226358522727273	0.022122727272727	0.074298295454545		1
000323:	0.115860795454545	0.233927840909091	0.117692613636364	0.337113068181818	0.195405681818182		1
000324:	0.509276704545455	0.029617045454545	0.128900000000000	0.021576136363636	0.310630113636364		1
000325:	0.069388068181818	0.033460227272727	0.807142613636364	0.041628409090909	0.048380681818182		1
000326:	0.145423863636364	0.048443181818182	0.035364772727273	0.035455113636364	0.735313068181818		1
000327:	0.188365909090909	0.134066477272727	0.074670454545455	0.016297727272727	0.586599431818182		1
000328:	0.885622727272727	0.016239772727273	0.029621022727273	0.016508522727273	0.052007954545455		1
000329:	0.154753409090909	0.065372727272727	0.093934090909091	0.045325568181818	0.640614204545455		1
000330:	0.720410227272727	0.027787500000000	0.160411931818182	0.033474431818182	0.057915909090909		1
000331:	0.855579545454546	0.016589772727273	0.035305681818182	0.046091477272727	0.046433522727273		1
000332:	0.018753409090909	0.033119886363636	0.888978409090909	0.011626136363636	0.047522159090909		1
000333:	0.022011363636364	0.019759090909091	0.902763068181818	0.018498863636364	0.036967613636364		1
000334:	0.015959659090909	0.018761931818182	0.908481250000000	0.020904545454545	0.035892613636364		1
000335:	0.093110795454545	0.055446590909091	0.073932954545455	0.025764204545455	0.751745454545454		1
000336:	0.037128409090909	0.020547727272727	0.893228409090909	0.012382954545455	0.036712500000000		1
000337:	0.209192613636364	0.021181818181818	0.116094886363636	0.065558522727273	0.587972159090909		1
000338:	0.031038068181818	0.045554545454545	0.077088636363636	0.007731818181818	0.838586931818182		1
000339:	0.320094318181818	0.051432386363636	0.215104545454545	0.020968181818182	0.392400568181818		1
000340:	0.045178977272727	0.016096022727273	0.820046022727273	0.010827840909091	0.107851136363636		1
000341:	0.037498863636364	0.033544886363636	0.037942045454545	0.014517613636364	0.876496590909091		1
000342:	0.174709659090909	0.040230681818182	0.087981818181818	0.022981250000000	0.674096590909091		1
000343:	0.035495454545455	0.026294318181818	0.072142613636364	0.018231818181818	0.847835795454545		1
000344:	0.809029545454545	0.036259090909091	0.023503977272727	0.022626704545455	0.108580681818182		1
000345:	0.859572727272727	0.023196590909091	0.040852272727273	0.011337500000000	0.065040909090909		1
000346:	0.125171590909091	0.029045454545455	0.040032386363636	0.016505113636364	0.789245454545455		1
000347:	0.193026136363636	0.017528409090909	0.023807386363636	0.013703977272727	0.751934090909091		1
000348:	0.623818750000000	0.047107386363636	0.157638636363636	0.016251136363636	0.155184090909091		1
000349:	0.614764204545455	0.074214772727273	0.177169886363636	0.045767045454545	0.088084090909091		1
000350:	0.627296022727273	0.027827840909091	0.048729545454545	0.012271022727273	0.283875568181818		1
000351:	0.823508522727273	0.030484090909091	0.028306250000000	0.018349431818182	0.099351704545455		1
000352:	0.127455681818182	0.053736931818182	0.146439204545455	0.022884659090909	0.649483522727273		1
000353:	0.032165340909091	0.016745454545455	0.819077272727273	0.010447727272727	0.121564204545455		1
000354:	0.040523295454545	0.013652840909091	0.855603409090909	0.011355681818182	0.078864772727273		1
000355:	0.391204545454545	0.033875000000000	0.173749431818182	0.056342045454545	0.344828977272727		1
000356:	0.092075000000000	0.102765340909091	0.283082954545455	0.371494886363636	0.150581818181818		1
000357:	0.089305681818182	0.481931818181818	0.024956818181818	0.248144318181818	0.155661363636364		1
000358:	0.100157386363636	0.714908522727273	0.086116477272727	0.036238068181818	0.062579545454545		1
000359:	0.229696590909091	0.243539772727273	0.057610795454545	0.251913636363636	0.217239204545455		1
000360:	0.034553977272727	0.057126136363636	0.063259090909091	0.018976704545455	0.826084090909091		1
000361:	0.074907386363636	0.679883522727273	0.071181818181818	0.140233522727273	0.033793750000000		1
000362:	0.585350568181818	0.042997727272727	0.182631818181818	0.042076136363636	0.146943750000000		1
000363:	0.016906818181818	0.191264204545455	0.028093181818182	0.010842045454545	0.752893750000000		1
000364:	0.138081818181818	0.154629545454545	0.026684090909091	0.267048863636364	0.413555681818182		1
000365:	0.224450568181818	0.284962500000000	0.078795454545455	0.038355113636364	0.373436363636364		1
000366:	0.040668750000000	0.689692045454545	0.036579545454545	0.150678409090909	0.082381250000000		1
000367:	0.036191477272727	0.130494318181818	0.018689772727273	0.081090909090909	0.733533522727273		1
000368:	0.036871590909091	0.488875000000000	0.045155113636364	0.133011931818182	0.296086363636364		1
000369:	0.073053977272727	0.134988636363636	0.096324431818182	0.048930113636364	0.646702840909091		1
000370:	0.112161931818182	0.069911363636364	0.342430113636364	0.040338068181818	0.435158522727273		1
000371:	0.118199431818182	0.042191477272727	0.031412500000000	0.014742613636364	0.793453977272727		1
000372:	0.019523863636364	0.224451704545455	0.017202840909091	0.015592045454545	0.723229545454545		1
000373:	0.112539772727273	0.287808522727273	0.075835795454545	0.131933522727273	0.391882386363636		1
000374:	0.033744886363636	0.299178409090909	0.056621022727273	0.019435795454545	0.591019886363636		1
000375:	0.105428409090909	0.022191477272727	0.763172727272727	0.014452840909091	0.094754545454545		1
000376:	0.028228409090909	0.233506250000000	0.088905113636364	0.034900000000000	0.614460227272727		1
000377:	0.033996022727273	0.015779545454545	0.909525000000000	0.011460795454545	0.029238636363636		1
000378:	0.025785795454545	0.663631250000000	0.057192045454545	0.191613068181818	0.061777840909091		1
000379:	0.010484659090909	0.644677272727273	0.013760795454545	0.163614772727273	0.167462500000000		1
000380:	0.023253409090909	0.574110795454545	0.088156818181818	0.081253977272727	0.233225000000000		1
000381:	0.018486931818182	0.566859659090909	0.025302272727273	0.328016477272727	0.061334659090909		1
000382:	0.033539204545455	0.275964772727273	0.062556818181818	0.040293750000000	0.587645454545455		1
000383:	0.058891477272727	0.213410795454545	0.059008522727273	0.060784090909091	0.607905113636364		1
000384:	0.028223863636364	0.362752272727273	0.027071590909091	0.064265340909091	0.517686931818182		1
000385:	0.192081250000000	0.134721590909091	0.016839204545455	0.053157954545455	0.603200000000000		1
000386:	0.021447159090909	0.100561931818182	0.025848295454545	0.632614772727273	0.219527840909091		1
000387:	0.028148863636364	0.292625000000000	0.054064772727273	0.035352840909091	0.589808522727273		1
000388:	0.157934659090909	0.115774431818182	0.090148295454545	0.401290909090909	0.234851704545455		1
000389:	0.075696022727273	0.172222727272727	0.015176136363636	0.040155113636364	0.696750000000000		1
000390:	0.333548863636364	0.028577840909091	0.088581818181818	0.042958522727273	0.506332954545455		1
