Estimated Clustering Probabilities for Samples
Sample	***Cluster  01***	***Cluster  02***	***Cluster  03***	***Cluster  04***	***Cluster  05***	***Cluster  06***	
000001:	0.607856250000000	0.005459659090909	0.001992613636364	0.266218750000000	0.002061931818182	0.116410795454545		1
000002:	0.011019886363636	0.033268181818182	0.132178409090909	0.034777272727273	0.746869318181818	0.041886931818182		1
000003:	0.100169886363636	0.134081250000000	0.049935795454545	0.028085795454545	0.587284090909091	0.100443181818182		1
000004:	0.019828977272727	0.041325000000000	0.620053409090909	0.022817613636364	0.266278409090909	0.029696590909091		1
000005:	0.016577272727273	0.179253977272727	0.046488068181818	0.025090909090909	0.691308522727273	0.041281250000000		1
000006:	0.054587500000000	0.074612500000000	0.566030681818182	0.058678977272727	0.197642613636364	0.048447727272727		1
000007:	0.018536931818182	0.043955113636364	0.036769318181818	0.020546590909091	0.744897727272727	0.135294318181818		1
000008:	0.017230113636364	0.042772727272727	0.087529545454545	0.027596022727273	0.774201136363636	0.050670454545455		1
000009:	0.011739772727273	0.026373863636364	0.072043750000000	0.021052272727273	0.837410227272727	0.031380113636364		1
000010:	0.018512500000000	0.164345454545455	0.076132954545455	0.061844318181818	0.638671022727273	0.040493750000000		1
000011:	0.065115340909091	0.235881250000000	0.166777272727273	0.024019318181818	0.205178409090909	0.303028409090909		1
000012:	0.000662500000000	0.125580113636364	0.850382954545455	0.019763636363636	0.002072159090909	0.001538636363636		1
000013:	0.126222159090909	0.195721590909091	0.265323295454545	0.319326704545455	0.054323295454545	0.039082954545455		1
000014:	0.014448863636364	0.024303977272727	0.908740909090909	0.011039204545455	0.028457386363636	0.013009659090909		1
000015:	0.017080113636364	0.254632386363636	0.186897727272727	0.045065340909091	0.469490909090909	0.026833522727273		1
000016:	0.012745454545455	0.054810795454545	0.732082386363636	0.016101704545455	0.168471022727273	0.015788636363636		1
000017:	0.016913068181818	0.649986363636364	0.095530681818182	0.045592045454545	0.149896590909091	0.042081250000000		1
000018:	0.042797727272727	0.066763636363636	0.102544886363636	0.706685795454545	0.063069886363636	0.018138068181818		1
000019:	0.099286931818182	0.560380681818182	0.047452272727273	0.039367045454545	0.210893181818182	0.042619886363636		1
000020:	0.015717613636364	0.271743181818182	0.499473295454545	0.093246022727273	0.087513636363636	0.032306250000000		1
000021:	0.032394318181818	0.549886931818182	0.026167613636364	0.098710227272727	0.035953409090909	0.256887500000000		1
000022:	0.027331818181818	0.621143750000000	0.076146590909091	0.109632954545455	0.134160227272727	0.031584659090909		1
000023:	0.175114772727273	0.431902272727273	0.077880113636364	0.078803409090909	0.080209090909091	0.156090340909091		1
000024:	0.006871022727273	0.113075000000000	0.433023863636364	0.012331818181818	0.034055681818182	0.400642613636364		1
000025:	0.287696590909091	0.262659090909091	0.169498295454545	0.132295454545455	0.102538636363636	0.045311931818182		1
000026:	0.039676136363636	0.688544886363636	0.042411363636364	0.130967045454545	0.058710795454545	0.039689772727273		1
000027:	0.062950568181818	0.293740909090909	0.043567045454545	0.442330681818182	0.135553977272727	0.021856818181818		1
000028:	0.023067613636364	0.307203977272727	0.055802272727273	0.059482954545455	0.121605113636364	0.432838068181818		1
000029:	0.028675000000000	0.465205681818182	0.211771590909091	0.081415909090909	0.167759659090909	0.045172159090909		1
000030:	0.106155681818182	0.420682954545455	0.115111931818182	0.044180113636364	0.224162500000000	0.089706818181818		1
000031:	0.039086931818182	0.126953409090909	0.037985795454545	0.720421022727273	0.056078409090909	0.019474431818182		1
000032:	0.034311931818182	0.508393181818182	0.113733522727273	0.238590340909091	0.048367613636364	0.056603409090909		1
000033:	0.028653409090909	0.635250000000000	0.078674431818182	0.058993181818182	0.098272159090909	0.100156818181818		1
000034:	0.010510795454545	0.028607386363636	0.887973295454546	0.014403409090909	0.042873863636364	0.015631250000000		1
000035:	0.146095454545455	0.312757386363636	0.040782386363636	0.163157386363636	0.124085227272727	0.213122159090909		1
000036:	0.023413068181818	0.446922159090909	0.099964772727273	0.085784659090909	0.237498295454545	0.106417045454545		1
000037:	0.024940909090909	0.601044318181818	0.072156818181818	0.150691477272727	0.132124431818182	0.019042045454545		1
000038:	0.186840340909091	0.104168181818182	0.115208522727273	0.044990909090909	0.218365909090909	0.330426136363636		1
000039:	0.070021590909091	0.492997727272727	0.117878977272727	0.171439772727273	0.115796590909091	0.031865340909091		1
000040:	0.029756250000000	0.036955113636364	0.835515909090909	0.017316477272727	0.044775000000000	0.035681250000000		1
000041:	0.029060795454545	0.396672159090909	0.207442045454545	0.212115340909091	0.109523863636364	0.045185795454545		1
000042:	0.167489204545455	0.541089204545455	0.081336931818182	0.112323863636364	0.060919318181818	0.036841477272727		1
000043:	0.027811931818182	0.418468750000000	0.106388068181818	0.027983522727273	0.376057954545455	0.043289772727273		1
000044:	0.025952272727273	0.561010227272727	0.114169318181818	0.087272159090909	0.175317045454545	0.036278977272727		1
000045:	0.035277272727273	0.309517045454545	0.023219318181818	0.526565909090909	0.087201704545455	0.018218750000000		1
000046:	0.072957386363636	0.257268750000000	0.070121590909091	0.314240340909091	0.057610795454545	0.227801136363636		1
000047:	0.149431250000000	0.236654545454545	0.186364204545455	0.147167613636364	0.159150000000000	0.121232386363636		1
000048:	0.028543181818182	0.276194886363636	0.066978977272727	0.022830681818182	0.547696022727273	0.057756250000000		1
000049:	0.039185795454545	0.783668750000000	0.052471022727273	0.014284090909091	0.077661363636364	0.032728977272727		1
000050:	0.132565909090909	0.259336363636364	0.414041477272727	0.074315909090909	0.075096590909091	0.044643750000000		1
000051:	0.024382954545455	0.022288068181818	0.797201704545455	0.019113068181818	0.112130681818182	0.024883522727273		1
000052:	0.013389204545455	0.035099431818182	0.870021590909091	0.011995454545455	0.052861931818182	0.016632386363636		1
000053:	0.123667613636364	0.473620454545455	0.177864772727273	0.074030681818182	0.114807954545455	0.036008522727273		1
000054:	0.309720454545455	0.119131250000000	0.082848295454545	0.306605113636364	0.134750568181818	0.046944318181818		1
000055:	0.014149431818182	0.329026136363636	0.246038636363636	0.046630681818182	0.317985227272727	0.046169886363636		1
000056:	0.021544318181818	0.619525568181818	0.113876136363636	0.048895454545455	0.170082954545455	0.026075568181818		1
000057:	0.023124431818182	0.535714772727273	0.135083522727273	0.125813068181818	0.150601704545455	0.029662500000000		1
000058:	0.088685227272727	0.791174431818182	0.018715340909091	0.017909659090909	0.060495454545455	0.023019886363636		1
000059:	0.044007954545455	0.829697159090909	0.024677840909091	0.055669886363636	0.028194318181818	0.017752840909091		1
000060:	0.022293750000000	0.760934090909091	0.072998295454545	0.030858522727273	0.084702840909091	0.028212500000000		1
000061:	0.027641477272727	0.807482386363636	0.050066477272727	0.028889772727273	0.063928977272727	0.021990909090909		1
000062:	0.014676136363636	0.026194886363636	0.873809659090909	0.014431250000000	0.054506818181818	0.016381250000000		1
000063:	0.012405681818182	0.020193750000000	0.888723295454545	0.014960227272727	0.044538068181818	0.019178977272727		1
000064:	0.014097159090909	0.025558522727273	0.831901704545455	0.010621022727273	0.080030681818182	0.037790909090909		1
000065:	0.025231250000000	0.353530113636364	0.087104545454545	0.035823295454545	0.448362500000000	0.049948295454545		1
000066:	0.010969318181818	0.802107386363636	0.055457954545455	0.041461931818182	0.074256250000000	0.015747159090909		1
000067:	0.015035227272727	0.030575568181818	0.765755113636364	0.013681818181818	0.154700568181818	0.020251704545455		1
000068:	0.022053409090909	0.856969886363636	0.021616477272727	0.051113068181818	0.034467045454545	0.013780113636364		1
000069:	0.016139204545455	0.789300000000000	0.059115909090909	0.047815340909091	0.063384659090909	0.024244886363636		1
000070:	0.044755113636364	0.430818750000000	0.222576704545455	0.095171590909091	0.102577840909091	0.104100000000000		1
000071:	0.017464772727273	0.865629545454545	0.023885227272727	0.029478977272727	0.035028977272727	0.028512500000000		1
000072:	0.019076136363636	0.447410227272727	0.118013636363636	0.025676704545455	0.332421590909091	0.057401704545455		1
000073:	0.017076136363636	0.395248295454545	0.055739772727273	0.042953409090909	0.462389772727273	0.026592613636364		1
000074:	0.077456818181818	0.159768750000000	0.182746590909091	0.458012500000000	0.091411363636364	0.030603977272727		1
000075:	0.106941477272727	0.447766477272727	0.062828977272727	0.092882386363636	0.245229545454545	0.044351136363636		1
000076:	0.075611363636364	0.233581250000000	0.026303977272727	0.120510227272727	0.100281250000000	0.443711931818182		1
000077:	0.098003409090909	0.281617045454545	0.089507954545455	0.100152272727273	0.182648863636364	0.248070454545455		1
000078:	0.017922159090909	0.651244886363636	0.070103977272727	0.024952840909091	0.157205113636364	0.078571022727273		1
000079:	0.081259659090909	0.751743181818182	0.066838636363636	0.021371022727273	0.048128977272727	0.030658522727273		1
000080:	0.172069318181818	0.664045454545454	0.020648863636364	0.062781818181818	0.039640340909091	0.040814204545455		1
000081:	0.000533522727273	0.002851136363636	0.162194886363636	0.812730113636364	0.008059090909091	0.013631250000000		1
000082:	0.013137500000000	0.612569318181818	0.078173863636364	0.023669886363636	0.235373863636364	0.037075568181818		1
000083:	0.033368181818182	0.577543181818182	0.031560795454545	0.087387500000000	0.233572727272727	0.036567613636364		1
000084:	0.023590909090909	0.030846022727273	0.886667045454545	0.010755113636364	0.021881250000000	0.026259659090909		1
000085:	0.020551136363636	0.395443181818182	0.113719318181818	0.168440909090909	0.204271022727273	0.097574431818182		1
000086:	0.069511363636364	0.208096022727273	0.412936931818182	0.104485795454545	0.142706818181818	0.062263068181818		1
000087:	0.012721022727273	0.837243181818182	0.036635227272727	0.026188636363636	0.067644318181818	0.019567613636364		1
000088:	0.028007954545455	0.672301136363636	0.031000568181818	0.177307386363636	0.056206250000000	0.035176704545455		1
000089:	0.017700568181818	0.642003409090909	0.047940909090909	0.155268750000000	0.078074431818182	0.059011931818182		1
000090:	0.089535227272727	0.312839204545455	0.135622159090909	0.344117045454545	0.089067613636364	0.028818750000000		1
000091:	0.414500568181818	0.226390340909091	0.040982386363636	0.105285227272727	0.061735795454545	0.151105681818182		1
000092:	0.028802272727273	0.733313068181818	0.047352840909091	0.044215909090909	0.124489772727273	0.021826136363636		1
000093:	0.074927840909091	0.401480681818182	0.082020454545455	0.222478977272727	0.166369318181818	0.052722727272727		1
000094:	0.064911931818182	0.737278409090909	0.043599431818182	0.028048863636364	0.100134090909091	0.026027272727273		1
000095:	0.014993181818182	0.488222727272727	0.126093181818182	0.031160227272727	0.305140340909091	0.034390340909091		1
000096:	0.015982386363636	0.036805113636364	0.846082954545455	0.019690909090909	0.056480113636364	0.024958522727273		1
000097:	0.017784659090909	0.855781818181818	0.022872727272727	0.040626136363636	0.042267613636364	0.020667045454545		1
000098:	0.015654545454545	0.829690340909091	0.011950568181818	0.031145454545455	0.098841477272727	0.012717613636364		1
000099:	0.042660227272727	0.422664772727273	0.340149431818182	0.059752272727273	0.079862500000000	0.054910795454545		1
000100:	0.016085795454545	0.110455113636364	0.726942045454545	0.021000000000000	0.107433522727273	0.018083522727273		1
000101:	0.013498295454545	0.708535795454545	0.053313636363636	0.130483522727273	0.070612500000000	0.023556250000000		1
000102:	0.052204545454545	0.579118181818182	0.163980681818182	0.071980681818182	0.085310227272727	0.047405681818182		1
000103:	0.170306818181818	0.529901136363636	0.042350000000000	0.037175000000000	0.124619318181818	0.095647727272727		1
000104:	0.015621590909091	0.140372727272727	0.601660227272727	0.026443750000000	0.193028977272727	0.022872727272727		1
000105:	0.040919886363636	0.466290909090909	0.113215909090909	0.296626704545455	0.053510795454545	0.029435795454545		1
000106:	0.031802272727273	0.623171590909091	0.034536363636364	0.169812500000000	0.094889204545455	0.045788068181818		1
000107:	0.028856250000000	0.367701136363636	0.416003409090909	0.063998295454545	0.079369886363636	0.044071022727273		1
000108:	0.034764772727273	0.105147727272727	0.683815909090909	0.059268181818182	0.084514772727273	0.032488636363636		1
000109:	0.035068181818182	0.681555113636364	0.054331818181818	0.106451136363636	0.060018181818182	0.062575568181818		1
000110:	0.448464204545455	0.069087500000000	0.152959659090909	0.109393181818182	0.047103977272727	0.172991477272727		1
000111:	0.021935227272727	0.194031818181818	0.498093181818182	0.061863636363636	0.112206250000000	0.111869886363636		1
000112:	0.070108522727273	0.306609090909091	0.158382954545455	0.332714204545455	0.054885227272727	0.077300000000000		1
000113:	0.016097159090909	0.641176136363636	0.086114204545455	0.035822159090909	0.184319886363636	0.036470454545455		1
000114:	0.151323863636364	0.452003977272727	0.043621590909091	0.060276136363636	0.096406250000000	0.196368181818182		1
000115:	0.070686931818182	0.615013068181818	0.077837500000000	0.082749431818182	0.110003409090909	0.043709659090909		1
000116:	0.028042045454545	0.165636931818182	0.371589772727273	0.052932954545455	0.349782954545455	0.032015340909091		1
000117:	0.021865340909091	0.311038636363636	0.095591477272727	0.352061363636364	0.172022727272727	0.047420454545455		1
000118:	0.013651704545455	0.102672727272727	0.179243750000000	0.026503409090909	0.612258522727273	0.065669886363636		1
000119:	0.019468750000000	0.783941477272727	0.075068181818182	0.057872159090909	0.043509659090909	0.020139772727273		1
000120:	0.015437500000000	0.108852840909091	0.137136363636364	0.053970454545455	0.657911931818182	0.026690909090909		1
000121:	0.079043181818182	0.513211931818182	0.084498863636364	0.138043750000000	0.112243181818182	0.072959090909091		1
000122:	0.012410795454545	0.763352272727273	0.045352840909091	0.082026704545455	0.085057386363636	0.011800000000000		1
000123:	0.051684090909091	0.537734659090909	0.034353977272727	0.024975000000000	0.313644886363636	0.037607386363636		1
000124:	0.098431818181818	0.492279545454545	0.042231250000000	0.107106818181818	0.130631818181818	0.129318750000000		1
000125:	0.028725000000000	0.129456250000000	0.125868181818182	0.024703977272727	0.386759090909091	0.304487500000000		1
000126:	0.022290909090909	0.036954545454545	0.043190340909091	0.017557386363636	0.050343181818182	0.829663636363636		1
000127:	0.049567045454545	0.386005681818182	0.171960795454545	0.054599431818182	0.309482954545455	0.028384090909091		1
000128:	0.039494318181818	0.398673863636364	0.061973863636364	0.043178409090909	0.418228977272727	0.038450568181818		1
000129:	0.072088636363636	0.483271590909091	0.024150568181818	0.326980113636364	0.075868181818182	0.017640909090909		1
000130:	0.154038068181818	0.290904545454545	0.079806818181818	0.023434659090909	0.398681818181818	0.053134090909091		1
000131:	0.019704545454545	0.709439772727273	0.037175000000000	0.085352840909091	0.119708522727273	0.028619318181818		1
000132:	0.016910795454545	0.048721022727273	0.786575568181818	0.031951704545455	0.095155681818182	0.020685227272727		1
000133:	0.360312500000000	0.162864204545455	0.062956250000000	0.067156250000000	0.073607954545455	0.273102840909091		1
000134:	0.285290340909091	0.407159090909091	0.076550568181818	0.046950000000000	0.119428409090909	0.064621590909091		1
000135:	0.105325000000000	0.482709659090909	0.020141477272727	0.295160795454545	0.073163068181818	0.023500000000000		1
000136:	0.077250000000000	0.639082386363636	0.056753977272727	0.031999431818182	0.157202272727273	0.037711931818182		1
000137:	0.088463636363636	0.551618750000000	0.038161363636364	0.226457954545455	0.053363636363636	0.041934659090909		1
000138:	0.072645454545455	0.497244886363636	0.041760795454545	0.047586931818182	0.204347727272727	0.136414204545455		1
000139:	0.057836363636364	0.655173295454546	0.064335795454545	0.032381250000000	0.143518181818182	0.046755113636364		1
000140:	0.544875000000000	0.077596590909091	0.069471590909091	0.240224431818182	0.042771022727273	0.025061363636364		1
000141:	0.021283522727273	0.259098863636364	0.554012500000000	0.013075568181818	0.081227840909091	0.071301704545455		1
000142:	0.034380113636364	0.613262500000000	0.092471590909091	0.165591477272727	0.071063068181818	0.023231250000000		1
000143:	0.030243181818182	0.742572727272727	0.070776704545455	0.037651136363636	0.088490340909091	0.030265909090909		1
000144:	0.023346022727273	0.403987500000000	0.164278409090909	0.124051136363636	0.245601704545455	0.038735227272727		1
000145:	0.028307386363636	0.044324431818182	0.812057386363636	0.019401704545455	0.064989204545455	0.030919886363636		1
000146:	0.114435227272727	0.185131818181818	0.077844318181818	0.275268181818182	0.312124431818182	0.035196022727273		1
000147:	0.029286363636364	0.264103977272727	0.056197159090909	0.091235227272727	0.540157386363636	0.019019886363636		1
000148:	0.050322159090909	0.202797159090909	0.034272727272727	0.030228409090909	0.649181250000000	0.033198295454545		1
000149:	0.032523295454545	0.264815340909091	0.090792613636364	0.117438068181818	0.464285227272727	0.030145454545455		1
000150:	0.106151136363636	0.581054545454545	0.063601136363636	0.174021590909091	0.043721022727273	0.031450568181818		1
000151:	0.036027840909091	0.303657386363636	0.203096590909091	0.043044886363636	0.341395454545455	0.072777840909091		1
000152:	0.170408522727273	0.390823863636364	0.114884090909091	0.037101136363636	0.201775568181818	0.085006818181818		1
000153:	0.001710227272727	0.037846022727273	0.694520454545455	0.251485795454545	0.012151704545455	0.002285795454545		1
000154:	0.014017613636364	0.055260227272727	0.579481818181818	0.020046590909091	0.304445454545455	0.026748295454545		1
000155:	0.057918181818182	0.336557386363636	0.377479545454545	0.078989772727273	0.127647727272727	0.021407386363636		1
000156:	0.010772159090909	0.157682954545455	0.171286931818182	0.386068750000000	0.067278977272727	0.206910227272727		1
000157:	0.014821590909091	0.028755113636364	0.878117613636364	0.015785227272727	0.041103977272727	0.021416477272727		1
000158:	0.049360227272727	0.263246022727273	0.132663636363636	0.111098863636364	0.214084090909091	0.229547159090909		1
000159:	0.098685795454545	0.054011363636364	0.509734659090909	0.186657386363636	0.073919318181818	0.076991477272727		1
000160:	0.016801136363636	0.023164204545455	0.050871590909091	0.020301704545455	0.113420454545455	0.775440909090909		1
000161:	0.035864204545455	0.044257954545455	0.081011931818182	0.104465340909091	0.669235227272727	0.065165340909091		1
000162:	0.029585227272727	0.043016477272727	0.029785227272727	0.576798863636364	0.100130113636364	0.220684090909091		1
000163:	0.007561931818182	0.341935795454545	0.027405113636364	0.026613068181818	0.583355681818182	0.013128409090909		1
000164:	0.013185795454545	0.025062500000000	0.767448863636364	0.014542045454545	0.134897159090909	0.044863636363636		1
000165:	0.017341477272727	0.030242045454545	0.064900000000000	0.018518750000000	0.845903977272727	0.023093750000000		1
000166:	0.006458522727273	0.039009659090909	0.044931250000000	0.012590909090909	0.889244886363636	0.007764772727273		1
000167:	0.032519318181818	0.290712500000000	0.064473863636364	0.036857954545455	0.497440340909091	0.077996022727273		1
000168:	0.047638636363636	0.377253409090909	0.278718181818182	0.098823295454545	0.168474431818182	0.029092045454545		1
000169:	0.021351136363636	0.805481818181818	0.033043181818182	0.042378977272727	0.071450568181818	0.026294318181818		1
000170:	0.036590340909091	0.262757386363636	0.026688636363636	0.018669886363636	0.633893750000000	0.021400000000000		1
000171:	0.023844886363636	0.091753977272727	0.703957386363636	0.030021022727273	0.107802272727273	0.042620454545455		1
000172:	0.034763068181818	0.533703977272727	0.079352272727273	0.075251136363636	0.195755113636364	0.081174431818182		1
000173:	0.009448295454545	0.781374431818182	0.044051136363636	0.033317045454545	0.109877272727273	0.021931818181818		1
000174:	0.051114772727273	0.651853409090909	0.044944886363636	0.138121590909091	0.099005113636364	0.014960227272727		1
000175:	0.024814204545455	0.024247159090909	0.891947727272727	0.014905113636364	0.029976136363636	0.014109659090909		1
000176:	0.022697727272727	0.561760795454545	0.081732954545455	0.069469318181818	0.166731250000000	0.097607954545455		1
000177:	0.027452840909091	0.735563636363636	0.088130681818182	0.054306818181818	0.067733522727273	0.026812500000000		1
000178:	0.035780681818182	0.278214772727273	0.360028409090909	0.079721590909091	0.230398863636364	0.015855681818182		1
000179:	0.013193750000000	0.029255113636364	0.886486931818182	0.018173863636364	0.032356818181818	0.020533522727273		1
000180:	0.019402272727273	0.017617613636364	0.900370454545455	0.018545454545455	0.027637500000000	0.016426704545455		1
000181:	0.017720454545455	0.026394318181818	0.795188068181818	0.010707386363636	0.110243181818182	0.039746590909091		1
000182:	0.077186931818182	0.246752840909091	0.214459659090909	0.259711931818182	0.123637500000000	0.078251136363636		1
000183:	0.013855681818182	0.056079545454545	0.844212500000000	0.020090340909091	0.048616477272727	0.017145454545455		1
000184:	0.104394886363636	0.495683522727273	0.117027272727273	0.049163636363636	0.132485227272727	0.101245454545455		1
000185:	0.230905113636364	0.211962500000000	0.076314772727273	0.248804545454545	0.162973863636364	0.069039204545455		1
000186:	0.067150000000000	0.080792613636364	0.691980113636364	0.029053409090909	0.065521590909091	0.065502272727273		1
000187:	0.019510227272727	0.040022159090909	0.865933522727273	0.017732386363636	0.036459090909091	0.020342613636364		1
000188:	0.077488636363636	0.150681250000000	0.269885227272727	0.025161363636364	0.211326136363636	0.265457386363636		1
000189:	0.011680113636364	0.655110227272727	0.041168750000000	0.027988636363636	0.235231250000000	0.028821022727273		1
000190:	0.049356250000000	0.260450568181818	0.034918181818182	0.036401136363636	0.581426136363636	0.037447727272727		1
000191:	0.011243750000000	0.635393750000000	0.061996022727273	0.095741477272727	0.167014204545455	0.028610795454545		1
000192:	0.034506818181818	0.597660227272727	0.072400568181818	0.113207386363636	0.097544886363636	0.084680113636364		1
000193:	0.035177272727273	0.597548863636364	0.112074431818182	0.116913068181818	0.093556818181818	0.044729545454545		1
000194:	0.174375000000000	0.347139204545455	0.101993181818182	0.051778409090909	0.297406250000000	0.027307954545455		1
000195:	0.016309659090909	0.831881818181818	0.032842613636364	0.052731250000000	0.051763636363636	0.014471022727273		1
000196:	0.015096022727273	0.109421590909091	0.255500000000000	0.038920454545455	0.259559090909091	0.321502840909091		1
000197:	0.021694886363636	0.456090340909091	0.123316477272727	0.089857954545455	0.246795454545455	0.062244886363636		1
000198:	0.029188068181818	0.159150568181818	0.105040340909091	0.432918181818182	0.226481250000000	0.047221590909091		1
000199:	0.020331250000000	0.032544318181818	0.063465340909091	0.029565909090909	0.817938636363636	0.036154545454545		1
000200:	0.024638636363636	0.082173863636364	0.057794886363636	0.048021022727273	0.732072159090909	0.055299431818182		1
000201:	0.020365340909091	0.038424431818182	0.814693750000000	0.015663068181818	0.083751136363636	0.027102272727273		1
000202:	0.086816477272727	0.418872727272727	0.207398295454545	0.099760795454545	0.124463068181818	0.062688636363636		1
000203:	0.041201704545455	0.285786931818182	0.137731818181818	0.029836931818182	0.473910795454545	0.031531818181818		1
000204:	0.041988068181818	0.136521590909091	0.284825568181818	0.019256818181818	0.445072727272727	0.072335227272727		1
000205:	0.044552840909091	0.138514204545455	0.472905681818182	0.037021590909091	0.247785795454545	0.059219886363636		1
000206:	0.380352840909091	0.179044318181818	0.099386363636364	0.039311363636364	0.260121022727273	0.041784090909091		1
000207:	0.021337500000000	0.674742613636364	0.030236931818182	0.072019886363636	0.098989204545455	0.102673863636364		1
000208:	0.030810227272727	0.122813068181818	0.205985795454545	0.030956250000000	0.534287500000000	0.075147159090909		1
000209:	0.033932386363636	0.097475000000000	0.635347159090909	0.032778977272727	0.142281250000000	0.058185227272727		1
000210:	0.017760795454545	0.327232954545455	0.383106250000000	0.119366477272727	0.133321590909091	0.019211931818182		1
000211:	0.024414204545455	0.377916477272727	0.111689772727273	0.053309090909091	0.389375000000000	0.043295454545455		1
000212:	0.026855113636364	0.061197159090909	0.289969886363636	0.038475000000000	0.391948863636364	0.191553977272727		1
000213:	0.022798863636364	0.054201704545455	0.246917045454545	0.022862500000000	0.585993181818182	0.067226704545455		1
000214:	0.032010227272727	0.239646590909091	0.071554545454545	0.046247159090909	0.421034659090909	0.189506818181818		1
000215:	0.140864204545455	0.505168181818182	0.078577272727273	0.080307954545455	0.094614772727273	0.100467613636364		1
000216:	0.019434090909091	0.061753977272727	0.539107954545455	0.047798295454545	0.273830113636364	0.058075568181818		1
000217:	0.032663068181818	0.069844318181818	0.206146590909091	0.069149431818182	0.472743181818182	0.149453409090909		1
000218:	0.016089772727273	0.232681250000000	0.205648863636364	0.029769886363636	0.452228409090909	0.063581818181818		1
000219:	0.016776704545455	0.045252272727273	0.121048863636364	0.026356250000000	0.726900000000000	0.063665909090909		1
000220:	0.020023863636364	0.068242613636364	0.240758522727273	0.018055681818182	0.584103409090909	0.068815909090909		1
000221:	0.014334090909091	0.074527272727273	0.148193750000000	0.014307954545455	0.707758522727273	0.040878409090909		1
000222:	0.013760795454545	0.024802272727273	0.701713636363636	0.014061931818182	0.221750568181818	0.023910795454545		1
000223:	0.041363068181818	0.209234090909091	0.324614772727273	0.231962500000000	0.119181250000000	0.073644318181818		1
000224:	0.050487500000000	0.791146022727273	0.040491477272727	0.075328409090909	0.019105681818182	0.023440909090909		1
000225:	0.052856250000000	0.819614204545455	0.032088636363636	0.055954545454545	0.020615909090909	0.018870454545455		1
000226:	0.013223863636364	0.832200000000000	0.044709659090909	0.018213636363636	0.026903409090909	0.064749431818182		1
000227:	0.054755113636364	0.701603977272727	0.041461363636364	0.109238636363636	0.034411931818182	0.058528977272727		1
000228:	0.507434090909091	0.029124431818182	0.032183522727273	0.192612500000000	0.065554545454545	0.173090909090909		1
000229:	0.108018181818182	0.747531818181818	0.033506250000000	0.030355681818182	0.055021590909091	0.025566477272727		1
000230:	0.033711363636364	0.056680113636364	0.069446022727273	0.028510795454545	0.065226704545455	0.746425000000000		1
000231:	0.040848863636364	0.532361363636364	0.036707386363636	0.178288068181818	0.096060227272727	0.115734090909091		1
000232:	0.104384090909091	0.154123295454545	0.275122159090909	0.039869886363636	0.188446022727273	0.238054545454545		1
000233:	0.020238068181818	0.841017045454545	0.014375000000000	0.032108522727273	0.031108522727273	0.061152840909091		1
000234:	0.360654545454545	0.456075000000000	0.027758522727273	0.075336931818182	0.036945454545455	0.043229545454545		1
000235:	0.357773295454545	0.123007386363636	0.066850568181818	0.360010227272727	0.071638068181818	0.020720454545455		1
000236:	0.093409090909091	0.108482954545455	0.288985227272727	0.113265909090909	0.106689204545455	0.289167613636364		1
000237:	0.319493750000000	0.517468750000000	0.032184090909091	0.063338068181818	0.047271590909091	0.020243750000000		1
000238:	0.016271590909091	0.063215909090909	0.708978977272727	0.031310227272727	0.160419318181818	0.019803977272727		1
000239:	0.677464772727273	0.318021022727273	0.000701704545455	0.000388636363636	0.002766477272727	0.000657386363636		1
000240:	0.025025568181818	0.083822159090909	0.030275000000000	0.033644886363636	0.039768750000000	0.787463636363636		1
000241:	0.037736363636364	0.312480113636364	0.314771022727273	0.170534090909091	0.088697727272727	0.075780681818182		1
000242:	0.050180113636364	0.725235227272727	0.031650568181818	0.096800568181818	0.067945454545455	0.028188068181818		1
000243:	0.145388636363636	0.088871590909091	0.041795454545455	0.116751704545455	0.039423295454545	0.567769318181818		1
000244:	0.068289772727273	0.392796590909091	0.108852272727273	0.036051704545455	0.193644318181818	0.200365340909091		1
000245:	0.043039204545455	0.721728977272727	0.025693750000000	0.017956818181818	0.072255113636364	0.119326136363636		1
000246:	0.189127840909091	0.463851136363636	0.036152840909091	0.175552840909091	0.068105113636364	0.067210227272727		1
000247:	0.950429545454545	0.000363068181818	0.000449431818182	0.048292613636364	0.000251136363636	0.000214204545455		1
000248:	0.131472727272727	0.543413636363636	0.031930113636364	0.013202272727273	0.138106250000000	0.141875000000000		1
000249:	0.620269886363636	0.071301704545455	0.011244318181818	0.039238068181818	0.179401704545455	0.078544318181818		1
000250:	0.054799431818182	0.849644318181818	0.026827272727273	0.028581250000000	0.026656818181818	0.013490909090909		1
000251:	0.112198295454545	0.612685227272727	0.038911931818182	0.070707954545455	0.040401704545455	0.125094886363636		1
000252:	0.084677272727273	0.110451136363636	0.173119886363636	0.039094318181818	0.220409090909091	0.372248295454545		1
000253:	0.362834090909091	0.003206250000000	0.621207386363636	0.001927272727273	0.008981818181818	0.001843181818182		1
000254:	0.608905113636364	0.072368181818182	0.064547159090909	0.043409659090909	0.068842045454545	0.141927840909091		1
000255:	0.642035795454545	0.152151704545455	0.055605681818182	0.028477272727273	0.064989772727273	0.056739772727273		1
000256:	0.019918750000000	0.795053977272727	0.023453977272727	0.021478977272727	0.109510227272727	0.030584090909091		1
000257:	0.048778977272727	0.042098863636364	0.590802272727273	0.021869318181818	0.215716477272727	0.080734090909091		1
000258:	0.023038068181818	0.741450000000000	0.037918750000000	0.021848863636364	0.125827840909091	0.049916477272727		1
000259:	0.019252840909091	0.023531250000000	0.892007386363636	0.016986363636364	0.026681818181818	0.021540340909091		1
000260:	0.099382386363636	0.124640909090909	0.031188636363636	0.101873295454545	0.038422159090909	0.604492613636364		1
000261:	0.379536931818182	0.113897159090909	0.161319886363636	0.064830113636364	0.094350568181818	0.186065340909091		1
000262:	0.100090909090909	0.069178977272727	0.430123295454545	0.068323295454545	0.071255113636364	0.261028409090909		1
000263:	0.020813068181818	0.583925000000000	0.056488636363636	0.039685795454545	0.243392613636364	0.055694886363636		1
000264:	0.026424431818182	0.090496590909091	0.778262500000000	0.018033522727273	0.065532954545455	0.021250000000000		1
000265:	0.044150568181818	0.147617613636364	0.086107954545455	0.020148863636364	0.663874431818182	0.038100568181818		1
000266:	0.183401704545455	0.645860227272727	0.068362500000000	0.034526704545455	0.041336363636364	0.026512500000000		1
000267:	0.691401704545455	0.181522159090909	0.025796590909091	0.018941477272727	0.032801136363636	0.049536931818182		1
000268:	0.074293181818182	0.328985795454545	0.151669318181818	0.031361363636364	0.346760227272727	0.066930113636364		1
000269:	0.175774431818182	0.257365909090909	0.078231818181818	0.389613636363636	0.074541477272727	0.024472727272727		1
000270:	0.019953977272727	0.024551136363636	0.861832386363636	0.018279545454545	0.051533522727273	0.023849431818182		1
000271:	0.625863636363636	0.062034090909091	0.145694886363636	0.056118181818182	0.041563068181818	0.068726136363636		1
000272:	0.474710227272727	0.127990340909091	0.157268181818182	0.053605113636364	0.085866477272727	0.100559659090909		1
000273:	0.120935227272727	0.215404545454545	0.418819886363636	0.124384659090909	0.081153409090909	0.039302272727273		1
000274:	0.437594318181818	0.282952840909091	0.070227840909091	0.046984659090909	0.068788068181818	0.093452272727273		1
000275:	0.027149431818182	0.827061931818182	0.048684659090909	0.024196590909091	0.053884659090909	0.019022727272727		1
000276:	0.049128409090909	0.039322727272727	0.760558522727273	0.020130681818182	0.084055113636364	0.046804545454545		1
000277:	0.462489772727273	0.153072727272727	0.092765909090909	0.208650568181818	0.056526136363636	0.026494886363636		1
000278:	0.731217045454545	0.071318750000000	0.007302272727273	0.008668181818182	0.155339772727273	0.026153977272727		1
000279:	0.515964204545455	0.212122159090909	0.019994886363636	0.184111931818182	0.051702840909091	0.016103977272727		1
000280:	0.098636931818182	0.352181818181818	0.138056818181818	0.047472159090909	0.069531818181818	0.294120454545455		1
000281:	0.236666477272727	0.057248295454545	0.554185227272727	0.093458522727273	0.036840340909091	0.021601136363636		1
000282:	0.067103409090909	0.535256250000000	0.163275000000000	0.107290909090909	0.055235227272727	0.071839204545455		1
000283:	0.011249431818182	0.035318750000000	0.803237500000000	0.012751704545455	0.096328977272727	0.041113636363636		1
000284:	0.642361931818182	0.125443750000000	0.065651704545455	0.028809659090909	0.047227272727273	0.090505681818182		1
000285:	0.222357386363636	0.343190340909091	0.026836363636364	0.247587500000000	0.101373863636364	0.058654545454545		1
000286:	0.195481818181818	0.279390909090909	0.234572159090909	0.200138068181818	0.053592613636364	0.036824431818182		1
000287:	0.102193181818182	0.400072159090909	0.222766477272727	0.206130113636364	0.037180681818182	0.031657386363636		1
000288:	0.078350568181818	0.436299431818182	0.226629545454545	0.080683522727273	0.072330113636364	0.105706818181818		1
000289:	0.128550568181818	0.264178409090909	0.222900568181818	0.019691477272727	0.271178977272727	0.093500000000000		1
000290:	0.130813636363636	0.052959090909091	0.130105681818182	0.020311363636364	0.158842045454545	0.506968181818182		1
000291:	0.025573863636364	0.460639204545455	0.099885227272727	0.093869886363636	0.298693750000000	0.021338068181818		1
000292:	0.046614204545455	0.060158522727273	0.057084090909091	0.042743181818182	0.634117045454546	0.159282954545455		1
000293:	0.016042613636364	0.145140340909091	0.059196590909091	0.034694886363636	0.721171590909091	0.023753977272727		1
000294:	0.023678409090909	0.454760227272727	0.110001136363636	0.042867613636364	0.331081250000000	0.037611363636364		1
000295:	0.010656818181818	0.652034659090909	0.031498863636364	0.098730681818182	0.183315340909091	0.023763636363636		1
000296:	0.035856818181818	0.119949431818182	0.493259659090909	0.062479545454545	0.255018181818182	0.033436363636364		1
000297:	0.027675000000000	0.432410227272727	0.219046022727273	0.097674431818182	0.109339772727273	0.113854545454545		1
000298:	0.110747727272727	0.221713068181818	0.069621590909091	0.539566477272727	0.041482954545455	0.016868181818182		1
000299:	0.068170454545455	0.742856250000000	0.060951136363636	0.021682954545455	0.068069318181818	0.038269886363636		1
000300:	0.137469318181818	0.127200568181818	0.321198863636364	0.083433522727273	0.278896590909091	0.051801136363636		1
000301:	0.026889772727273	0.386285227272727	0.068267045454545	0.050320454545455	0.444371590909091	0.023865909090909		1
000302:	0.010058522727273	0.018826136363636	0.895374431818182	0.021191477272727	0.026409659090909	0.028139772727273		1
000303:	0.020605113636364	0.019923295454545	0.845033522727273	0.017009090909091	0.021702840909091	0.075726136363636		1
000304:	0.037861931818182	0.169944886363636	0.023052272727273	0.018440909090909	0.670620454545454	0.080079545454545		1
000305:	0.043500000000000	0.046036363636364	0.116737500000000	0.031003409090909	0.083064204545455	0.679658522727273		1
000306:	0.045151136363636	0.040866477272727	0.764247727272727	0.040883522727273	0.043212500000000	0.065638636363636		1
000307:	0.041565340909091	0.029168181818182	0.080911363636364	0.013154545454545	0.196586363636364	0.638614204545455		1
000308:	0.025301136363636	0.050502272727273	0.046584090909091	0.017414204545455	0.831906818181818	0.028291477272727		1
000309:	0.137109659090909	0.343148295454545	0.073410227272727	0.050273863636364	0.357376136363636	0.038681818181818		1
000310:	0.011459659090909	0.037447159090909	0.862968750000000	0.031426136363636	0.040817045454545	0.015881250000000		1
000311:	0.097988068181818	0.387541477272727	0.145276704545455	0.029419318181818	0.165309659090909	0.174464772727273		1
000312:	0.010720454545455	0.555186931818182	0.004022159090909	0.008205681818182	0.003830681818182	0.418034090909091		1
000313:	0.598137500000000	0.175715340909091	0.043988068181818	0.081060227272727	0.068525568181818	0.032573295454545		1
000314:	0.153359090909091	0.285969318181818	0.082247727272727	0.264327840909091	0.056386931818182	0.157709090909091		1
000315:	0.583090909090909	0.221087500000000	0.027982386363636	0.036895454545455	0.100697159090909	0.030246590909091		1
000316:	0.029878977272727	0.737459090909091	0.035325568181818	0.015922727272727	0.137622727272727	0.043790909090909		1
000317:	0.057375568181818	0.572750000000000	0.037057386363636	0.157378409090909	0.058211363636364	0.117227272727273		1
000318:	0.026640340909091	0.164709090909091	0.163273863636364	0.020138068181818	0.364384659090909	0.260853977272727		1
000319:	0.014060227272727	0.032144318181818	0.859015340909091	0.012495454545455	0.064813636363636	0.017471022727273		1
000320:	0.080596590909091	0.092548863636364	0.454820454545455	0.069052840909091	0.229353977272727	0.073627272727273		1
000321:	0.019543750000000	0.037961363636364	0.049789772727273	0.017246022727273	0.843510795454545	0.031948295454545		1
000322:	0.047048863636364	0.037967045454545	0.266330681818182	0.024840340909091	0.211781250000000	0.412031818181818		1
000323:	0.177963068181818	0.168912500000000	0.115235795454545	0.290642613636364	0.140562500000000	0.106683522727273		1
000324:	0.055016477272727	0.068894318181818	0.152319318181818	0.017784090909091	0.361432386363636	0.344553409090909		1
000325:	0.038115340909091	0.023358522727273	0.819365340909091	0.024143750000000	0.069680681818182	0.025336363636364		1
000326:	0.089957386363636	0.534885227272727	0.059755681818182	0.024505113636364	0.197322727272727	0.093573863636364		1
000327:	0.015714772727273	0.217129545454545	0.067735795454545	0.042512500000000	0.588296590909091	0.068610795454545		1
000328:	0.044107954545455	0.035306818181818	0.039689772727273	0.015757954545455	0.056110227272727	0.809027272727273		1
000329:	0.067192613636364	0.338288636363636	0.113314772727273	0.047942613636364	0.353803977272727	0.079457386363636		1
000330:	0.060315340909091	0.038890909090909	0.115953409090909	0.023084090909091	0.096452840909091	0.665303409090909		1
000331:	0.110365340909091	0.037293181818182	0.059127272727273	0.014101704545455	0.089141477272727	0.689971022727273		1
