Estimated Clustering Probabilities for Samples
Sample	***Cluster  01***	***Cluster  02***	***Cluster  03***	
000001:	0.391222159090909	0.600110795454545	0.008667045454545		1
000002:	0.082973863636364	0.909969318181818	0.007056818181818		1
000003:	0.117376136363636	0.873295454545455	0.009328409090909		1
000004:	0.093281250000000	0.898190909090909	0.008527840909091		1
000005:	0.286976704545455	0.707346590909091	0.005676704545455		1
000006:	0.214402840909091	0.770064204545455	0.015532954545455		1
000007:	0.081447159090909	0.913335795454545	0.005217045454545		1
000008:	0.081417613636364	0.912810795454545	0.005771590909091		1
000009:	0.105586363636364	0.886851136363636	0.007562500000000		1
000010:	0.263282386363636	0.731185227272727	0.005532386363636		1
000011:	0.464226136363636	0.461942613636364	0.073831250000000		1
000012:	0.803234659090909	0.081637500000000	0.115127840909091		1
000013:	0.502799431818182	0.085859659090909	0.411340909090909		1
000014:	0.459097727272727	0.435490909090909	0.105411363636364		1
000015:	0.693600000000000	0.274361931818182	0.032038068181818		1
000016:	0.383926704545455	0.577774431818182	0.038298863636364		1
000017:	0.868884659090909	0.106126136363636	0.024989204545455		1
000018:	0.633942613636364	0.038696022727273	0.327361363636364		1
000019:	0.713422159090909	0.174291477272727	0.112286363636364		1
000020:	0.774123295454546	0.193523295454545	0.032353409090909		1
000021:	0.816498295454545	0.103889204545455	0.079612500000000		1
000022:	0.891675000000000	0.063226136363636	0.045098863636364		1
000023:	0.624992045454545	0.197141477272727	0.177866477272727		1
000024:	0.674668181818182	0.200076136363636	0.125255681818182		1
000025:	0.646144886363636	0.068177272727273	0.285677840909091		1
000026:	0.857416477272727	0.061844886363636	0.080738636363636		1
000027:	0.874822727272727	0.037050568181818	0.088126704545455		1
000028:	0.530193750000000	0.415263068181818	0.054543181818182		1
000029:	0.811327272727273	0.120963636363636	0.067709090909091		1
000030:	0.606010227272727	0.238188068181818	0.155801704545455		1
000031:	0.701641477272727	0.038682386363636	0.259676136363636		1
000032:	0.873846590909091	0.071039772727273	0.055113636363636		1
000033:	0.798861363636364	0.140714204545455	0.060424431818182		1
000034:	0.704377272727273	0.217406250000000	0.078216477272727		1
000035:	0.580577272727273	0.128669318181818	0.290753409090909		1
000036:	0.762415909090909	0.188678977272727	0.048905113636364		1
000037:	0.897125000000000	0.052392045454545	0.050482954545455		1
000038:	0.327535795454545	0.372636931818182	0.299827272727273		1
000039:	0.802524431818182	0.054340909090909	0.143134659090909		1
000040:	0.494883522727273	0.341284090909091	0.163832386363636		1
000041:	0.866092613636364	0.078109090909091	0.055798295454545		1
000042:	0.678024431818182	0.068634659090909	0.253340909090909		1
000043:	0.737604545454545	0.225753977272727	0.036641477272727		1
000044:	0.858040909090909	0.091089772727273	0.050869318181818		1
000045:	0.893894318181818	0.031719318181818	0.074386363636364		1
000046:	0.428003409090909	0.191365340909091	0.380631250000000		1
000047:	0.573679545454545	0.318191477272727	0.108128977272727		1
000048:	0.325110227272727	0.649758522727273	0.025131250000000		1
000049:	0.716058522727273	0.236039772727273	0.047901704545455		1
000050:	0.713132386363636	0.231642613636364	0.055225000000000		1
000051:	0.122807954545455	0.858657386363636	0.018534659090909		1
000052:	0.312023295454545	0.660516477272727	0.027460227272727		1
000053:	0.768623295454545	0.181879545454545	0.049497159090909		1
000054:	0.411546022727273	0.193792613636364	0.394661363636364		1
000055:	0.522057954545455	0.448558522727273	0.029383522727273		1
000056:	0.717464204545455	0.254302840909091	0.028232954545455		1
000057:	0.782548863636364	0.190572727272727	0.026878409090909		1
000058:	0.759481250000000	0.160014772727273	0.080503977272727		1
000059:	0.882834659090909	0.073286931818182	0.043878409090909		1
000060:	0.791529545454545	0.187276136363636	0.021194318181818		1
000061:	0.824931818181818	0.153517045454545	0.021551136363636		1
000062:	0.290429545454545	0.673397159090909	0.036173295454545		1
000063:	0.125800000000000	0.832701704545455	0.041498295454545		1
000064:	0.070117613636364	0.908176136363636	0.021706250000000		1
000065:	0.331278977272727	0.645257954545455	0.023463068181818		1
000066:	0.883455681818182	0.100983522727273	0.015560795454545		1
000067:	0.108091477272727	0.865127840909091	0.026780681818182		1
000068:	0.878964772727273	0.079588636363636	0.041446590909091		1
000069:	0.883972727272727	0.097201136363636	0.018826136363636		1
000070:	0.509171022727273	0.394670454545455	0.096158522727273		1
000071:	0.866040340909091	0.091297727272727	0.042661931818182		1
000072:	0.510292045454545	0.466056818181818	0.023651136363636		1
000073:	0.520863636363636	0.445070454545455	0.034065909090909		1
000074:	0.630282954545455	0.093211363636364	0.276505681818182		1
000075:	0.713060795454545	0.186905681818182	0.100033522727273		1
000076:	0.261392045454545	0.505608522727273	0.232999431818182		1
000077:	0.372780681818182	0.457477840909091	0.169741477272727		1
000078:	0.590436931818182	0.383809659090909	0.025753409090909		1
000079:	0.782973863636364	0.111592045454545	0.105434090909091		1
000080:	0.647328977272727	0.145860227272727	0.206810795454545		1
000081:	0.647257386363636	0.335706250000000	0.017036363636364		1
000082:	0.599736363636364	0.377470454545455	0.022793181818182		1
000083:	0.727448863636364	0.236590909090909	0.035960227272727		1
000084:	0.198835795454545	0.586021590909091	0.215142613636364		1
000085:	0.731934090909091	0.204677840909091	0.063388068181818		1
000086:	0.578301704545455	0.333109090909091	0.088589204545455		1
000087:	0.919117045454545	0.061892045454545	0.018990909090909		1
000088:	0.904086363636364	0.058026136363636	0.037887500000000		1
000089:	0.840519886363636	0.120666477272727	0.038813636363636		1
000090:	0.702448295454545	0.083449431818182	0.214102272727273		1
000091:	0.287532386363636	0.175746590909091	0.536721022727273		1
000092:	0.765530681818182	0.179308522727273	0.055160795454545		1
000093:	0.638169886363636	0.240385227272727	0.121444886363636		1
000094:	0.747335227272727	0.152924431818182	0.099740340909091		1
000095:	0.471792045454545	0.494360227272727	0.033847727272727		1
000096:	0.317802272727273	0.644765340909091	0.037432386363636		1
000097:	0.905102840909091	0.059866477272727	0.035030681818182		1
000098:	0.890593750000000	0.088079545454545	0.021326704545455		1
000099:	0.709158522727273	0.237413636363636	0.053427840909091		1
000100:	0.586053409090909	0.385711363636364	0.028235227272727		1
000101:	0.921010227272727	0.061959090909091	0.017030681818182		1
000102:	0.837343750000000	0.113105681818182	0.049550568181818		1
000103:	0.508264204545455	0.265244318181818	0.226491477272727		1
000104:	0.561990340909091	0.409691477272727	0.028318181818182		1
000105:	0.894760227272727	0.065522159090909	0.039717613636364		1
000106:	0.839898863636364	0.098398295454545	0.061702840909091		1
000107:	0.819823295454545	0.150305113636364	0.029871590909091		1
000108:	0.622647159090909	0.292657386363636	0.084695454545455		1
000109:	0.783309659090909	0.137088636363636	0.079601704545455		1
000110:	0.095396590909091	0.112954545454545	0.791648863636364		1
000111:	0.483001704545455	0.478075568181818	0.038922727272727		1
000112:	0.839588068181818	0.097564772727273	0.062847159090909		1
000113:	0.737166477272727	0.234880113636364	0.027953409090909		1
000114:	0.532139772727273	0.326702840909091	0.141157386363636		1
000115:	0.744446022727273	0.196952840909091	0.058601136363636		1
000116:	0.445631250000000	0.509786363636364	0.044582386363636		1
000117:	0.809617045454545	0.151428409090909	0.038954545454545		1
000118:	0.316507954545455	0.661635795454545	0.021856250000000		1
000119:	0.896301704545455	0.065748863636364	0.037949431818182		1
000120:	0.528644886363636	0.442097159090909	0.029257954545455		1
000121:	0.576189204545455	0.226351704545455	0.197459090909091		1
000122:	0.936560227272727	0.047308522727273	0.016131250000000		1
000123:	0.479873295454545	0.445681250000000	0.074445454545455		1
000124:	0.643313636363636	0.224963636363636	0.131722727272727		1
000125:	0.187773295454545	0.777160227272727	0.035066477272727		1
000126:	0.062789204545455	0.902514772727273	0.034696022727273		1
000127:	0.619250000000000	0.325853409090909	0.054896590909091		1
000128:	0.551134090909091	0.422142613636364	0.026723295454545		1
000129:	0.788344886363636	0.075946590909091	0.135708522727273		1
000130:	0.309084659090909	0.618097727272727	0.072817613636364		1
000131:	0.834389772727273	0.129805681818182	0.035804545454545		1
000132:	0.694388636363636	0.276907954545455	0.028703409090909		1
000133:	0.392617045454545	0.405862500000000	0.201520454545455		1
000134:	0.632261931818182	0.205667613636364	0.162070454545455		1
000135:	0.782660227272727	0.064779545454545	0.152560227272727		1
000136:	0.609873295454545	0.360005113636364	0.030121590909091		1
000137:	0.675782386363636	0.114307954545455	0.209909659090909		1
000138:	0.475723295454545	0.417987500000000	0.106289204545455		1
000139:	0.700676136363636	0.241915909090909	0.057407954545455		1
000140:	0.341627840909091	0.079377840909091	0.578994318181818		1
000141:	0.177347727272727	0.761573863636364	0.061078409090909		1
000142:	0.903980113636364	0.061155681818182	0.034864204545455		1
000143:	0.806744318181818	0.167206250000000	0.026049431818182		1
000144:	0.803070454545455	0.178357386363636	0.018572159090909		1
000145:	0.271365909090909	0.633505681818182	0.095128409090909		1
000146:	0.748238636363636	0.180825568181818	0.070935795454545		1
000147:	0.547151136363636	0.429572159090909	0.023276704545455		1
000148:	0.474949431818182	0.482630113636364	0.042420454545455		1
000149:	0.719661363636364	0.242678409090909	0.037660227272727		1
000150:	0.867840909090909	0.047985227272727	0.084173863636364		1
000151:	0.488775568181818	0.467675000000000	0.043549431818182		1
000152:	0.590898863636364	0.317264204545455	0.091836931818182		1
000153:	0.884026136363636	0.077866477272727	0.038107386363636		1
000154:	0.334031250000000	0.644138068181818	0.021830681818182		1
000155:	0.674060227272727	0.246985227272727	0.078954545454545		1
000156:	0.858925000000000	0.113556250000000	0.027518750000000		1
000157:	0.218803409090909	0.767551136363636	0.013645454545455		1
000158:	0.190011931818182	0.782155681818182	0.027832386363636		1
000159:	0.279987500000000	0.530311931818182	0.189700568181818		1
000160:	0.022169318181818	0.969290340909091	0.008540340909091		1
000161:	0.049305681818182	0.936438068181818	0.014256250000000		1
000162:	0.262913636363636	0.398332954545455	0.338753409090909		1
000163:	0.315114204545455	0.676413068181818	0.008472727272727		1
000164:	0.045466477272727	0.942840340909091	0.011693181818182		1
000165:	0.040496590909091	0.946521590909091	0.012981818181818		1
000166:	0.098908522727273	0.895244318181818	0.005847159090909		1
000167:	0.229839772727273	0.745464772727273	0.024695454545455		1
000168:	0.749043750000000	0.220021022727273	0.030935227272727		1
000169:	0.874405681818182	0.099785795454545	0.025808522727273		1
000170:	0.323466477272727	0.635541477272727	0.040992045454545		1
000171:	0.386246022727273	0.579073295454545	0.034680681818182		1
000172:	0.477357386363636	0.469168181818182	0.053474431818182		1
000173:	0.833736931818182	0.156738068181818	0.009525000000000		1
000174:	0.910784090909091	0.055996022727273	0.033219886363636		1
000175:	0.497863636363636	0.402201704545455	0.099934659090909		1
000176:	0.753682954545455	0.221089772727273	0.025227272727273		1
000177:	0.881037500000000	0.090355681818182	0.028606818181818		1
000178:	0.873655113636364	0.100938068181818	0.025406818181818		1
000179:	0.679484659090909	0.290525000000000	0.029990340909091		1
000180:	0.516555681818182	0.436685795454545	0.046758522727273		1
000181:	0.248023295454545	0.725118181818182	0.026858522727273		1
000182:	0.630470454545455	0.212814204545455	0.156715340909091		1
000183:	0.477165340909091	0.496620454545455	0.026214204545455		1
000184:	0.751123295454545	0.203117613636364	0.045759090909091		1
000185:	0.641546022727273	0.200867045454545	0.157586931818182		1
000186:	0.411941477272727	0.451401704545455	0.136656818181818		1
000187:	0.419628977272727	0.493526136363636	0.086844886363636		1
000188:	0.321966477272727	0.629951136363636	0.048082386363636		1
000189:	0.744235795454545	0.238353409090909	0.017410795454545		1
000190:	0.423425568181818	0.540422159090909	0.036152272727273		1
000191:	0.853635795454545	0.126394318181818	0.019969886363636		1
000192:	0.832194886363636	0.125127272727273	0.042677840909091		1
000193:	0.868907954545455	0.098634090909091	0.032457954545455		1
000194:	0.576419318181818	0.256110795454545	0.167469886363636		1
000195:	0.937274431818182	0.046798863636364	0.015926704545455		1
000196:	0.076129545454545	0.914689772727273	0.009180681818182		1
000197:	0.566359659090909	0.420784090909091	0.012856250000000		1
000198:	0.476227272727273	0.439848863636364	0.083923863636364		1
000199:	0.062230113636364	0.924900000000000	0.012869886363636		1
000200:	0.094460227272727	0.891192613636364	0.014347159090909		1
000201:	0.120983522727273	0.858005681818182	0.021010795454545		1
000202:	0.730414204545455	0.181408522727273	0.088177272727273		1
000203:	0.420817613636364	0.540915340909091	0.038267045454545		1
000204:	0.217757954545455	0.750709090909091	0.031532954545455		1
000205:	0.377971590909091	0.563721022727273	0.058307386363636		1
000206:	0.373326136363636	0.346296590909091	0.280377272727273		1
000207:	0.735940340909091	0.219413068181818	0.044646590909091		1
000208:	0.658442613636364	0.308000568181818	0.033556818181818		1
000209:	0.425625568181818	0.543897159090909	0.030477272727273		1
000210:	0.607707386363636	0.367496022727273	0.024796590909091		1
000211:	0.442879545454545	0.537565909090909	0.019554545454545		1
000212:	0.088807386363636	0.890168181818182	0.021024431818182		1
000213:	0.087818181818182	0.898203977272727	0.013977840909091		1
000214:	0.173886931818182	0.800233522727273	0.025879545454545		1
000215:	0.314181250000000	0.625744318181818	0.060074431818182		1
000216:	0.120528977272727	0.873826136363636	0.005644886363636		1
000217:	0.062641477272727	0.916690909090909	0.020667613636364		1
000218:	0.070685227272727	0.919978409090909	0.009336363636364		1
000219:	0.043393181818182	0.945972727272727	0.010634090909091		1
000220:	0.037682386363636	0.950716477272727	0.011601136363636		1
000221:	0.050292613636364	0.938267613636364	0.011439772727273		1
000222:	0.033400568181818	0.950964772727273	0.015634659090909		1
000223:	0.346000568181818	0.530430681818182	0.123568750000000		1
000224:	0.578509090909091	0.098996590909091	0.322494318181818		1
000225:	0.705381818181818	0.087528977272727	0.207089204545455		1
000226:	0.509937500000000	0.379351704545455	0.110710795454545		1
000227:	0.541261363636364	0.140529545454545	0.318209090909091		1
000228:	0.036749431818182	0.109557954545455	0.853692613636364		1
000229:	0.388373295454545	0.245996590909091	0.365630113636364		1
000230:	0.036205113636364	0.818401704545455	0.145393181818182		1
000231:	0.546482386363636	0.243084090909091	0.210433522727273		1
000232:	0.103554545454545	0.689151136363636	0.207294318181818		1
000233:	0.611040909090909	0.129987500000000	0.258971590909091		1
000234:	0.261685227272727	0.070203977272727	0.668110795454545		1
000235:	0.170130113636364	0.068717045454545	0.761152840909091		1
000236:	0.102192613636364	0.289486363636364	0.608321022727273		1
000237:	0.386948863636364	0.088574431818182	0.524476704545455		1
000238:	0.281153977272727	0.588073295454545	0.130772727272727		1
000239:	0.366950000000000	0.253781250000000	0.379268750000000		1
000240:	0.114650568181818	0.712160795454545	0.173188636363636		1
000241:	0.684036931818182	0.174361363636364	0.141601704545455		1
000242:	0.762781818181818	0.062466477272727	0.174751704545455		1
000243:	0.051563068181818	0.217572727272727	0.730864204545455		1
000244:	0.256875000000000	0.569693750000000	0.173431250000000		1
000245:	0.343790340909091	0.414867045454545	0.241342613636364		1
000246:	0.373863068181818	0.113170454545455	0.512966477272727		1
000247:	0.383558522727273	0.265520454545455	0.350921022727273		1
000248:	0.211677840909091	0.563631250000000	0.224690909090909		1
000249:	0.086480681818182	0.132786363636364	0.780732954545455		1
000250:	0.495404545454545	0.056020454545455	0.448575000000000		1
000251:	0.309090909090909	0.160885227272727	0.530023863636364		1
000252:	0.114465909090909	0.572561931818182	0.312972159090909		1
000253:	0.056007954545455	0.202339204545455	0.741652840909091		1
000254:	0.056271590909091	0.328851704545455	0.614876704545455		1
000255:	0.103831250000000	0.298714204545455	0.597454545454545		1
000256:	0.520344318181818	0.322298295454545	0.157357386363636		1
000257:	0.052054545454545	0.848734090909091	0.099211363636364		1
000258:	0.669985795454546	0.282380681818182	0.047633522727273		1
000259:	0.386343181818182	0.463790340909091	0.149866477272727		1
000260:	0.124186363636364	0.245609659090909	0.630203977272727		1
000261:	0.155171590909091	0.353400000000000	0.491428409090909		1
000262:	0.127758522727273	0.507855113636364	0.364386363636364		1
000263:	0.588261363636364	0.364815909090909	0.046922727272727		1
000264:	0.116542613636364	0.752431818181818	0.131025568181818		1
000265:	0.113195454545455	0.806268750000000	0.080535795454545		1
000266:	0.387578977272727	0.229313636363636	0.383107386363636		1
000267:	0.136829545454545	0.127749431818182	0.735421022727273		1
000268:	0.252440340909091	0.635269886363636	0.112289772727273		1
000269:	0.456769886363636	0.091404545454545	0.451825568181818		1
000270:	0.175954545454545	0.764800000000000	0.059245454545455		1
000271:	0.046709090909091	0.118510795454545	0.834780113636364		1
000272:	0.121485795454545	0.374241477272727	0.504272727272727		1
000273:	0.424560795454545	0.222859659090909	0.352579545454545		1
000274:	0.135319886363636	0.289288068181818	0.575392045454545		1
000275:	0.614902272727273	0.239907386363636	0.145190340909091		1
000276:	0.094994886363636	0.647205681818182	0.257799431818182		1
000277:	0.085009659090909	0.124801704545455	0.790188636363636		1
000278:	0.586832386363636	0.288106250000000	0.125061363636364		1
000279:	0.220559090909091	0.086273295454545	0.693167613636364		1
000280:	0.211250568181818	0.527367045454545	0.261382386363636		1
000281:	0.065261931818182	0.097473863636364	0.837264204545455		1
000282:	0.817589204545455	0.003975000000000	0.178435795454545		1
000283:	0.043562500000000	0.887130113636364	0.069307386363636		1
000284:	0.089447727272727	0.222953409090909	0.687598863636364		1
000285:	0.430790340909091	0.151515340909091	0.417694318181818		1
000286:	0.187611931818182	0.135473295454545	0.676914772727273		1
000287:	0.238886363636364	0.113240340909091	0.647873295454545		1
000288:	0.182496590909091	0.390528409090909	0.426975000000000		1
000289:	0.189030681818182	0.781889204545455	0.029080113636364		1
000290:	0.077863636363636	0.903647159090909	0.018489204545455		1
000291:	0.647771022727273	0.339705113636364	0.012523863636364		1
000292:	0.081559090909091	0.892942045454545	0.025498863636364		1
000293:	0.199690340909091	0.790464204545455	0.009845454545455		1
000294:	0.566753977272727	0.419460227272727	0.013785795454545		1
000295:	0.807709090909091	0.181340340909091	0.010950568181818		1
000296:	0.341641477272727	0.645297159090909	0.013061363636364		1
000297:	0.456987500000000	0.511638636363636	0.031373863636364		1
000298:	0.710043750000000	0.084526136363636	0.205430113636364		1
000299:	0.517384659090909	0.416046590909091	0.066568750000000		1
000300:	0.140568750000000	0.736260227272727	0.123171022727273		1
000301:	0.432664204545455	0.542297727272727	0.025038068181818		1
000302:	0.099930113636364	0.869680113636364	0.030389772727273		1
000303:	0.160432954545455	0.794242045454545	0.045325000000000		1
000304:	0.104006250000000	0.879795454545454	0.016198295454545		1
000305:	0.062893181818182	0.911228977272727	0.025877840909091		1
000306:	0.230284659090909	0.648844886363636	0.120870454545455		1
000307:	0.027676704545455	0.955948295454545	0.016375000000000		1
000308:	0.075164204545455	0.910694318181818	0.014141477272727		1
000309:	0.251155113636364	0.668019886363636	0.080825000000000		1
000310:	0.393588636363636	0.564080681818182	0.042330681818182		1
000311:	0.375425000000000	0.503631250000000	0.120943750000000		1
000312:	0.459251136363636	0.144375000000000	0.396373863636364		1
000313:	0.278765340909091	0.156611931818182	0.564622727272727		1
000314:	0.597663636363636	0.167992613636364	0.234343750000000		1
000315:	0.575943750000000	0.170288068181818	0.253768181818182		1
000316:	0.538993181818182	0.364457954545455	0.096548863636364		1
000317:	0.706971022727273	0.225314772727273	0.067714204545455		1
000318:	0.115926704545455	0.862822727272727	0.021250568181818		1
000319:	0.120846590909091	0.837974431818182	0.041178977272727		1
000320:	0.173752272727273	0.772187500000000	0.054060227272727		1
000321:	0.049322727272727	0.934167613636364	0.016509659090909		1
000322:	0.033772159090909	0.944071590909091	0.022156250000000		1
000323:	0.304508522727273	0.351818750000000	0.343672727272727		1
000324:	0.046805681818182	0.932836931818182	0.020357386363636		1
000325:	0.101045454545455	0.703461363636364	0.195493181818182		1
000326:	0.077048295454545	0.773406818181818	0.149544886363636		1
000327:	0.084807386363636	0.899945454545454	0.015247159090909		1
000328:	0.018873863636364	0.957105681818182	0.024020454545455		1
000329:	0.162999431818182	0.753110227272727	0.083890340909091		1
000330:	0.033519886363636	0.930506250000000	0.035973863636364		1
000331:	0.024153977272727	0.860290340909091	0.115555681818182		1
000332:	0.241525568181818	0.721022727272727	0.037451704545455		1
000333:	0.106321590909091	0.835007954545455	0.058670454545455		1
000334:	0.110095454545455	0.840073863636364	0.049830681818182		1
000335:	0.274133522727273	0.675235795454545	0.050630681818182		1
000336:	0.054011363636364	0.920948863636364	0.025039772727273		1
000337:	0.060784659090909	0.837396590909091	0.101818750000000		1
000338:	0.126846590909091	0.860289204545455	0.012864204545455		1
000339:	0.036167045454545	0.950859659090909	0.012973295454545		1
000340:	0.033409659090909	0.952009090909091	0.014581250000000		1
000341:	0.077050568181818	0.906040909090909	0.016908522727273		1
000342:	0.045260795454545	0.941616477272727	0.013122727272727		1
000343:	0.052895454545455	0.928717613636364	0.018386931818182		1
000344:	0.044541477272727	0.904888068181818	0.050570454545455		1
000345:	0.016890909090909	0.969940909090909	0.013168181818182		1
000346:	0.057376136363636	0.930010227272727	0.012613636363636		1
000347:	0.045091477272727	0.941839204545455	0.013069318181818		1
000348:	0.086790340909091	0.899714204545455	0.013495454545455		1
000349:	0.128178409090909	0.846119886363636	0.025701704545455		1
000350:	0.075904545454545	0.909874431818182	0.014221022727273		1
000351:	0.064335795454545	0.922663636363636	0.013000568181818		1
000352:	0.125093750000000	0.859547727272727	0.015358522727273		1
000353:	0.081402272727273	0.905059659090909	0.013538068181818		1
000354:	0.078386363636364	0.902747727272727	0.018865909090909		1
000355:	0.055034090909091	0.928723863636364	0.016242045454545		1
000356:	0.274999431818182	0.283773295454545	0.441227272727273		1
000357:	0.486607954545455	0.120356250000000	0.393035795454545		1
000358:	0.663913068181818	0.234564772727273	0.101522159090909		1
000359:	0.258131250000000	0.321224431818182	0.420644318181818		1
000360:	0.499615909090909	0.457796590909091	0.042587500000000		1
000361:	0.444530681818182	0.102861363636364	0.452607954545455		1
000362:	0.068021022727273	0.846652840909091	0.085326136363636		1
000363:	0.891817613636364	0.087972727272727	0.020209659090909		1
000364:	0.269272727272727	0.259421022727273	0.471306250000000		1
000365:	0.466656250000000	0.481905113636364	0.051438636363636		1
000366:	0.425874431818182	0.169753977272727	0.404371590909091		1
000367:	0.699453409090909	0.123059659090909	0.177486931818182		1
000368:	0.709826136363636	0.107630681818182	0.182543181818182		1
000369:	0.590730113636364	0.322202272727273	0.087067613636364		1
000370:	0.164989772727273	0.716960795454545	0.118049431818182		1
000371:	0.274440909090909	0.687132386363636	0.038426704545455		1
000372:	0.852470454545455	0.121986931818182	0.025542613636364		1
000373:	0.412807954545455	0.343953409090909	0.243238636363636		1
000374:	0.781119886363636	0.189234090909091	0.029646022727273		1
000375:	0.064193750000000	0.885764772727273	0.050041477272727		1
000376:	0.776813636363636	0.141965909090909	0.081220454545455		1
000377:	0.068625000000000	0.892477840909091	0.038897159090909		1
000378:	0.533189772727273	0.073673295454545	0.393136931818182		1
000379:	0.665205113636364	0.040270454545455	0.294524431818182		1
000380:	0.783422727272727	0.088952840909091	0.127624431818182		1
000381:	0.293238068181818	0.056537500000000	0.650224431818182		1
000382:	0.768283522727273	0.138608522727273	0.093107954545455		1
000383:	0.620280113636364	0.247140909090909	0.132578977272727		1
000384:	0.728749431818182	0.160818750000000	0.110431818181818		1
000385:	0.454073863636364	0.423977840909091	0.121948295454545		1
000386:	0.172894318181818	0.086381818181818	0.740723863636364		1
000387:	0.778264204545455	0.151456250000000	0.070279545454545		1
000388:	0.124707386363636	0.378057386363636	0.497235227272727		1
000389:	0.606744318181818	0.304958522727273	0.088297159090909		1
000390:	0.055060227272727	0.898177272727273	0.046762500000000		1
000391:	0.744953977272727	0.166994886363636	0.088051136363636		1
000392:	0.243130113636364	0.085575000000000	0.671294886363636		1
000393:	0.758008522727273	0.128232954545455	0.113758522727273		1
000394:	0.893536363636364	0.072883522727273	0.033580113636364		1
000395:	0.808202272727273	0.147038068181818	0.044759659090909		1
000396:	0.570578977272727	0.325445454545455	0.103975568181818		1
000397:	0.910459090909091	0.060493750000000	0.029047159090909		1
000398:	0.473857386363636	0.334748863636364	0.191393750000000		1
000399:	0.068906818181818	0.052091477272727	0.879001704545455		1
000400:	0.607215909090909	0.140024431818182	0.252759659090909		1
000401:	0.778963636363636	0.067405681818182	0.153630681818182		1
000402:	0.850873295454545	0.097648295454545	0.051478409090909		1
000403:	0.415699431818182	0.330995454545455	0.253305113636364		1
000404:	0.397973295454545	0.277955681818182	0.324071022727273		1
000405:	0.889136931818182	0.058869318181818	0.051993750000000		1
000406:	0.756285227272727	0.214267613636364	0.029447159090909		1
000407:	0.816442613636364	0.148576136363636	0.034981250000000		1
000408:	0.190558522727273	0.248064204545455	0.561377272727273		1
000409:	0.176006818181818	0.763270454545455	0.060722727272727		1
000410:	0.153811931818182	0.768800000000000	0.077388068181818		1
000411:	0.250230113636364	0.643080681818182	0.106689204545455		1
000412:	0.241256250000000	0.099564772727273	0.659178977272727		1
000413:	0.666661931818182	0.232663636363636	0.100674431818182		1
000414:	0.406298863636364	0.098947159090909	0.494753977272727		1
000415:	0.034747159090909	0.146106818181818	0.819146022727273		1
000416:	0.107184090909091	0.039107386363636	0.853708522727273		1
000417:	0.173778977272727	0.263285795454545	0.562935227272727		1
000418:	0.315890340909091	0.147714772727273	0.536394886363636		1
000419:	0.051107954545455	0.039877272727273	0.909014772727273		1
000420:	0.122946590909091	0.824012500000000	0.053040909090909		1
000421:	0.547465340909091	0.107288068181818	0.345246590909091		1
000422:	0.516992045454545	0.210694886363636	0.272313068181818		1
000423:	0.072529545454545	0.859424431818182	0.068046022727273		1
000424:	0.150780681818182	0.027463636363636	0.821755681818182		1
000425:	0.126064204545455	0.073269318181818	0.800666477272727		1
000426:	0.047775568181818	0.243161363636364	0.709063068181818		1
000427:	0.729409090909091	0.157905681818182	0.112685227272727		1
000428:	0.692527840909091	0.191392613636364	0.116079545454545		1
000429:	0.397114772727273	0.465709659090909	0.137175568181818		1
000430:	0.324151704545455	0.226825000000000	0.449023295454545		1
000431:	0.689200000000000	0.167197727272727	0.143602272727273		1
000432:	0.504985795454545	0.224755681818182	0.270258522727273		1
000433:	0.179591477272727	0.471222727272727	0.349185795454545		1
000434:	0.596640909090909	0.213500568181818	0.189858522727273		1
000435:	0.508238636363636	0.364102272727273	0.127659090909091		1
000436:	0.083208522727273	0.184401136363636	0.732390340909091		1
000437:	0.231621590909091	0.114199431818182	0.654178977272727		1
000438:	0.378148295454545	0.140665909090909	0.481185795454545		1
000439:	0.138703409090909	0.049552840909091	0.811743750000000		1
000440:	0.207467045454545	0.037235795454545	0.755297159090909		1
000441:	0.068389772727273	0.027269318181818	0.904340909090909		1
000442:	0.073210795454545	0.045517613636364	0.881271590909091		1
000443:	0.331488068181818	0.573935795454545	0.094576136363636		1
000444:	0.196110795454545	0.128362500000000	0.675526704545454		1
000445:	0.477854545454545	0.157684659090909	0.364460795454545		1
000446:	0.376858522727273	0.454120454545455	0.169021022727273		1
000447:	0.477613636363636	0.095986363636364	0.426400000000000		1
000448:	0.419531818181818	0.224676136363636	0.355792045454545		1
000449:	0.764214204545455	0.153005681818182	0.082780113636364		1
000450:	0.547409659090909	0.395398295454545	0.057192045454545		1
000451:	0.437759659090909	0.471476136363636	0.090764204545455		1
000452:	0.109127840909091	0.649309090909091	0.241563068181818		1
000453:	0.309002840909091	0.044413068181818	0.646584090909091		1
000454:	0.156111931818182	0.617602272727273	0.226285795454545		1
000455:	0.385894886363636	0.588340909090909	0.025764204545455		1
000456:	0.060572727272727	0.931684090909091	0.007743181818182		1
000457:	0.050402840909091	0.941263068181818	0.008334090909091		1
000458:	0.120151136363636	0.844646590909091	0.035202272727273		1
000459:	0.072761931818182	0.919972727272727	0.007265340909091		1
000460:	0.168098863636364	0.815036363636364	0.016864772727273		1
000461:	0.401865340909091	0.570639204545455	0.027495454545455		1
000462:	0.136222159090909	0.848995454545455	0.014782386363636		1
000463:	0.003369318181818	0.652655681818182	0.343975000000000		1
000464:	0.068703977272727	0.848684090909091	0.082611931818182		1
000465:	0.103068750000000	0.867165909090909	0.029765340909091		1
000466:	0.158690340909091	0.829863068181818	0.011446590909091		1
000467:	0.103614204545455	0.877618181818182	0.018767613636364		1
000468:	0.151256818181818	0.840355113636364	0.008388068181818		1
000469:	0.643797727272727	0.117298863636364	0.238903409090909		1
000470:	0.558714204545455	0.137841477272727	0.303444318181818		1
000471:	0.814860795454545	0.076036931818182	0.109102272727273		1
000472:	0.126351704545455	0.619710227272727	0.253938068181818		1
000473:	0.107170454545455	0.833186931818182	0.059642613636364		1
000474:	0.761032954545454	0.115696022727273	0.123271022727273		1
000475:	0.886457954545455	0.071042045454545	0.042500000000000		1
000476:	0.240644886363636	0.609416477272727	0.149938636363636		1
000477:	0.705076136363636	0.070585795454545	0.224338068181818		1
000478:	0.521032954545455	0.179458522727273	0.299508522727273		1
000479:	0.385393181818182	0.505002272727273	0.109604545454545		1
000480:	0.814707386363636	0.139430681818182	0.045861931818182		1
000481:	0.575832954545455	0.371844318181818	0.052322727272727		1
000482:	0.101148863636364	0.623290909090909	0.275560227272727		1
000483:	0.139615909090909	0.412777272727273	0.447606818181818		1
000484:	0.276589204545455	0.681457386363636	0.041953409090909		1
000485:	0.215639772727273	0.153318750000000	0.631041477272727		1
000486:	0.798505681818182	0.140813068181818	0.060681250000000		1
000487:	0.062064204545455	0.892900568181818	0.045035227272727		1
000488:	0.829173863636364	0.115676136363636	0.055150000000000		1
000489:	0.312290909090909	0.167849431818182	0.519859659090909		1
000490:	0.803330681818182	0.103231818181818	0.093437500000000		1
000491:	0.082678977272727	0.843273863636364	0.074047159090909		1
000492:	0.645928977272727	0.087385227272727	0.266685795454545		1
000493:	0.175430113636364	0.719613068181818	0.104956818181818		1
000494:	0.233684659090909	0.698998863636364	0.067316477272727		1
000495:	0.404288636363636	0.516364772727273	0.079346590909091		1
000496:	0.171701136363636	0.809090340909091	0.019208522727273		1
000497:	0.426844318181818	0.480877840909091	0.092277840909091		1
000498:	0.447742613636364	0.524741477272727	0.027515909090909		1
000499:	0.096617613636364	0.887318181818182	0.016064204545455		1
000500:	0.611436363636364	0.369265909090909	0.019297727272727		1
000501:	0.132001704545455	0.807279545454545	0.060718750000000		1
000502:	0.103519318181818	0.885476136363636	0.011004545454545		1
000503:	0.126624431818182	0.861550568181818	0.011825000000000		1
000504:	0.027884659090909	0.955426704545455	0.016688636363636		1
000505:	0.163807954545455	0.804264772727273	0.031927272727273		1
000506:	0.234583522727273	0.706040340909091	0.059376136363636		1
000507:	0.368084090909091	0.606534090909091	0.025381818181818		1
000508:	0.192395454545455	0.787649431818182	0.019955113636364		1
000509:	0.152469886363636	0.834607954545455	0.012922159090909		1
000510:	0.060736363636364	0.926355113636364	0.012908522727273		1
000511:	0.066136931818182	0.920599431818182	0.013263636363636		1
000512:	0.064046590909091	0.923550568181818	0.012402840909091		1
000513:	0.120815340909091	0.849129545454545	0.030055113636364		1
000514:	0.037947159090909	0.943896022727273	0.018156818181818		1
000515:	0.074153409090909	0.912218181818182	0.013628409090909		1
000516:	0.110145454545455	0.878122159090909	0.011732386363636		1
000517:	0.107825568181818	0.883009659090909	0.009164772727273		1
000518:	0.022721590909091	0.952503977272727	0.024774431818182		1
000519:	0.048060227272727	0.870155113636364	0.081784659090909		1
000520:	0.027847727272727	0.766791477272727	0.205360795454545		1
000521:	0.014957386363636	0.959052272727273	0.025990340909091		1
000522:	0.043291477272727	0.675423863636364	0.281284659090909		1
000523:	0.026302840909091	0.438569886363636	0.535127272727273		1
000524:	0.032769886363636	0.863834659090909	0.103395454545455		1
000525:	0.025945454545455	0.914008522727273	0.060046022727273		1
000526:	0.092205113636364	0.823776704545455	0.084018181818182		1
000527:	0.038380113636364	0.829925568181818	0.131694318181818		1
000528:	0.033664204545455	0.730865909090909	0.235469886363636		1
000529:	0.082238636363636	0.797775568181818	0.119985795454545		1
000530:	0.032496022727273	0.746143181818182	0.221360795454545		1
000531:	0.029888636363636	0.915452840909091	0.054658522727273		1
000532:	0.010847727272727	0.935006818181818	0.054145454545455		1
000533:	0.017960227272727	0.963864772727273	0.018175000000000		1
000534:	0.029990909090909	0.911801136363636	0.058207954545455		1
000535:	0.015832954545455	0.880002840909091	0.104164204545455		1
000536:	0.037123295454545	0.925194318181818	0.037682386363636		1
000537:	0.119905113636364	0.429736363636364	0.450358522727273		1
000538:	0.058471022727273	0.706365909090909	0.235163068181818		1
000539:	0.046507386363636	0.519205681818182	0.434286931818182		1
000540:	0.099987500000000	0.782417045454545	0.117595454545455		1
000541:	0.050068750000000	0.907733522727273	0.042197727272727		1
000542:	0.103628409090909	0.637481250000000	0.258890340909091		1
000543:	0.028165909090909	0.885721022727273	0.086113068181818		1
000544:	0.014521022727273	0.971781818181818	0.013697159090909		1
000545:	0.025500000000000	0.953232386363636	0.021267613636364		1
000546:	0.067632954545455	0.892599431818182	0.039767613636364		1
000547:	0.037751136363636	0.918357386363636	0.043891477272727		1
000548:	0.023776704545455	0.950509090909091	0.025714204545455		1
000549:	0.019689204545455	0.943975568181818	0.036335227272727		1
000550:	0.064864204545455	0.852262500000000	0.082873295454545		1
000551:	0.027452272727273	0.779215909090909	0.193331818181818		1
000552:	0.029698295454545	0.857726136363636	0.112575568181818		1
000553:	0.035992045454545	0.882344318181818	0.081663636363636		1
000554:	0.024011363636364	0.939673295454545	0.036315340909091		1
000555:	0.020963068181818	0.937975000000000	0.041061931818182		1
000556:	0.021036931818182	0.843188068181818	0.135775000000000		1
000557:	0.026051136363636	0.929931818181818	0.044017045454545		1
000558:	0.017617613636364	0.576078977272727	0.406303409090909		1
000559:	0.016102272727273	0.934595454545455	0.049302272727273		1
000560:	0.016165340909091	0.727614204545455	0.256220454545455		1
000561:	0.955149431818182	0.001575568181818	0.043275000000000		1
000562:	0.040232954545455	0.931493750000000	0.028273295454545		1
000563:	0.039757386363636	0.416834090909091	0.543408522727273		1
000564:	0.126973295454545	0.756225568181818	0.116801136363636		1
000565:	0.025890909090909	0.933775568181818	0.040333522727273		1
000566:	0.016479545454545	0.955479545454545	0.028040909090909		1
000567:	0.013306250000000	0.966393181818182	0.020300568181818		1
000568:	0.015354545454545	0.961886931818182	0.022758522727273		1
000569:	0.026017045454545	0.956260227272727	0.017722727272727		1
000570:	0.046274431818182	0.935248295454545	0.018477272727273		1
000571:	0.013946590909091	0.957129545454545	0.028923863636364		1
000572:	0.026755681818182	0.956709659090909	0.016534659090909		1
000573:	0.024598863636364	0.956682954545455	0.018718181818182		1
000574:	0.023440909090909	0.954876136363636	0.021682954545455		1
000575:	0.133585227272727	0.837194318181818	0.029220454545455		1
000576:	0.030510227272727	0.937241477272727	0.032248295454545		1
000577:	0.082986931818182	0.586557386363636	0.330455681818182		1
000578:	0.050018750000000	0.793176136363636	0.156805113636364		1
000579:	0.037968750000000	0.886697159090909	0.075334090909091		1
000580:	0.194020454545455	0.603152272727273	0.202827272727273		1
000581:	0.035899431818182	0.921882386363636	0.042218181818182		1
000582:	0.032644886363636	0.940732386363636	0.026622727272727		1
000583:	0.452343181818182	0.417586363636364	0.130070454545455		1
000584:	0.037993181818182	0.916371590909091	0.045635227272727		1
000585:	0.016726136363636	0.961732386363636	0.021541477272727		1
000586:	0.019089204545455	0.963983522727273	0.016927272727273		1
000587:	0.040375000000000	0.922045454545455	0.037579545454545		1
000588:	0.058253409090909	0.911630681818182	0.030115909090909		1
000589:	0.052046022727273	0.884896022727273	0.063057954545455		1
000590:	0.046384659090909	0.913247727272727	0.040367613636364		1
000591:	0.011169318181818	0.975243750000000	0.013586931818182		1
000592:	0.014435795454545	0.970506818181818	0.015057386363636		1
000593:	0.020270454545455	0.944915909090909	0.034813636363636		1
000594:	0.070312500000000	0.893922159090909	0.035765340909091		1
000595:	0.105021590909091	0.568084659090909	0.326893750000000		1
000596:	0.061127272727273	0.824301136363636	0.114571590909091		1
000597:	0.075300000000000	0.860905681818182	0.063794318181818		1
000598:	0.027856250000000	0.922255681818182	0.049888068181818		1
000599:	0.031785795454545	0.799664772727273	0.168549431818182		1
000600:	0.053315340909091	0.760817613636364	0.185867045454545		1
000601:	0.015577840909091	0.942707386363636	0.041714772727273		1
000602:	0.072128977272727	0.883111931818182	0.044759090909091		1
000603:	0.025057954545455	0.940806818181818	0.034135227272727		1
000604:	0.039536363636364	0.929143750000000	0.031319886363636		1
