Estimated Clustering Probabilities for Samples
Sample	***Cluster  01***	***Cluster  02***	***Cluster  03***	***Cluster  04***	***Cluster  05***	***Cluster  06***	***Cluster  07***	
000001:	0.372377272727273	0.009256818181818	0.260363636363636	0.076497727272727	0.012257954545455	0.147970454545455	0.121276136363636		1
000002:	0.783286363636364	0.006445454545455	0.071230681818182	0.053639772727273	0.004608522727273	0.051614204545455	0.029175000000000		1
000003:	0.189305113636364	0.010760227272727	0.067473295454545	0.036437500000000	0.002054545454545	0.671468181818182	0.022501136363636		1
000004:	0.468244318181818	0.009093181818182	0.066586931818182	0.210030681818182	0.011538636363636	0.195723863636364	0.038782386363636		1
000005:	0.507110795454545	0.009277272727273	0.037739772727273	0.059618750000000	0.008248295454545	0.300504545454545	0.077500568181818		1
000006:	0.224618750000000	0.018325568181818	0.058999431818182	0.462275568181818	0.098940340909091	0.074878409090909	0.061961931818182		1
000007:	0.616518750000000	0.011133522727273	0.142888636363636	0.029057386363636	0.007412500000000	0.164702840909091	0.028286363636364		1
000008:	0.364964772727273	0.009221590909091	0.078474431818182	0.056355113636364	0.013015909090909	0.446240340909091	0.031727840909091		1
000009:	0.310194318181818	0.009143750000000	0.056731818181818	0.109431818181818	0.029005113636364	0.453257386363636	0.032235795454545		1
000010:	0.314757954545455	0.008044886363636	0.132528409090909	0.077493750000000	0.010268181818182	0.377686931818182	0.079219886363636		1
000011:	0.375475568181818	0.071234090909091	0.050959659090909	0.168313068181818	0.035346590909091	0.187993181818182	0.110677840909091		1
000012:	0.044455681818182	0.161178409090909	0.023231250000000	0.206604545454545	0.076688068181818	0.311382954545455	0.176459090909091		1
000013:	0.059007954545455	0.128746590909091	0.035989204545455	0.207919318181818	0.293034659090909	0.077891477272727	0.197410795454545		1
000014:	0.015054545454545	0.023463636363636	0.010213068181818	0.896300000000000	0.010501136363636	0.014195454545455	0.030272159090909		1
000015:	0.052095454545455	0.035492045454545	0.029610227272727	0.088231250000000	0.015448863636364	0.685194318181818	0.093927840909091		1
000016:	0.015682954545455	0.017898295454545	0.013778977272727	0.888666477272727	0.011795454545455	0.021024431818182	0.031153409090909		1
000017:	0.126363068181818	0.039299431818182	0.050467045454545	0.137525568181818	0.032324431818182	0.159403409090909	0.454617045454545		1
000018:	0.049513636363636	0.087355113636364	0.015524431818182	0.061111363636364	0.331067613636364	0.196086931818182	0.259340909090909		1
000019:	0.062047727272727	0.267564772727273	0.027141477272727	0.072388068181818	0.036618181818182	0.296355681818182	0.237884090909091		1
000020:	0.062794318181818	0.058340909090909	0.035254545454545	0.378861931818182	0.025085795454545	0.079843181818182	0.359819318181818		1
000021:	0.052998863636364	0.104673295454545	0.052587500000000	0.038427272727273	0.022181818181818	0.028112500000000	0.701018750000000		1
000022:	0.048125568181818	0.075921022727273	0.038000000000000	0.093926136363636	0.054675568181818	0.459026136363636	0.230325568181818		1
000023:	0.143360795454545	0.358856818181818	0.050238636363636	0.083523295454545	0.025731250000000	0.076823863636364	0.261465340909091		1
000024:	0.022697159090909	0.027802840909091	0.009313068181818	0.879330113636364	0.019438636363636	0.011519886363636	0.029898295454545		1
000025:	0.130310227272727	0.462710227272727	0.018509659090909	0.118946590909091	0.070438068181818	0.093885227272727	0.105200000000000		1
000026:	0.082341477272727	0.132562500000000	0.021611931818182	0.024346022727273	0.032252272727273	0.204697727272727	0.502188068181818		1
000027:	0.022604545454545	0.195565909090909	0.016084659090909	0.059130681818182	0.122409659090909	0.044053409090909	0.540151136363636		1
000028:	0.177139772727273	0.063392045454545	0.128341477272727	0.109237500000000	0.029361363636364	0.107203977272727	0.385323863636364		1
000029:	0.038982954545455	0.055727272727273	0.020700568181818	0.072686931818182	0.035819318181818	0.074326704545455	0.701756250000000		1
000030:	0.223674431818182	0.184999431818182	0.034781250000000	0.152314772727273	0.037259659090909	0.248984659090909	0.117985795454545		1
000031:	0.023252840909091	0.156877272727273	0.022051136363636	0.062828409090909	0.359593750000000	0.043095454545455	0.332301136363636		1
000032:	0.016761931818182	0.048183522727273	0.046609659090909	0.051706250000000	0.017415340909091	0.039607386363636	0.779715909090909		1
000033:	0.031641477272727	0.090897727272727	0.064436931818182	0.086959090909091	0.025948863636364	0.261331818181818	0.438784090909091		1
000034:	0.022457386363636	0.030048863636364	0.013514204545455	0.819907386363636	0.021386363636364	0.024850568181818	0.067835227272727		1
000035:	0.085334090909091	0.199955681818182	0.051859090909091	0.093321022727273	0.062070454545455	0.048846590909091	0.458613068181818		1
000036:	0.088501136363636	0.056201136363636	0.078527272727273	0.190464772727273	0.061382954545455	0.154921022727273	0.370001704545455		1
000037:	0.017154545454545	0.038172159090909	0.012684659090909	0.130908522727273	0.035714772727273	0.051800000000000	0.713565340909091		1
000038:	0.113135795454545	0.455625000000000	0.076396022727273	0.164157386363636	0.036100568181818	0.073932386363636	0.080652840909091		1
000039:	0.037150568181818	0.314786931818182	0.027873295454545	0.162718181818182	0.075481250000000	0.093415909090909	0.288573863636364		1
000040:	0.027598295454545	0.064253977272727	0.024060227272727	0.769859659090909	0.022471590909091	0.043146590909091	0.048609659090909		1
000041:	0.025913636363636	0.103388636363636	0.012697727272727	0.472892045454545	0.021631250000000	0.038100568181818	0.325376136363636		1
000042:	0.063915340909091	0.232948863636364	0.030338068181818	0.128553977272727	0.077314772727273	0.089625000000000	0.377303977272727		1
000043:	0.187859090909091	0.055017045454545	0.033248295454545	0.169781250000000	0.024042045454545	0.250249431818182	0.279802840909091		1
000044:	0.089367613636364	0.070743750000000	0.044173863636364	0.158755681818182	0.055667613636364	0.279665909090909	0.301625568181818		1
000045:	0.033565909090909	0.135281250000000	0.019162500000000	0.040956818181818	0.053798295454545	0.132461363636364	0.584773863636364		1
000046:	0.041253409090909	0.140652272727273	0.087150568181818	0.174683522727273	0.078615909090909	0.106949431818182	0.370694886363636		1
000047:	0.227584090909091	0.093102840909091	0.079657954545455	0.106823863636364	0.059194318181818	0.128890909090909	0.304746022727273		1
000048:	0.315335795454545	0.037215340909091	0.036675568181818	0.107504545454545	0.027422159090909	0.414138636363636	0.061707954545455		1
000049:	0.182132386363636	0.067550000000000	0.044046590909091	0.063888636363636	0.019523295454545	0.487855113636364	0.135003977272727		1
000050:	0.090017045454545	0.055807954545455	0.064991477272727	0.570094318181818	0.029730113636364	0.080738636363636	0.108620454545455		1
000051:	0.128107954545455	0.009530681818182	0.099327840909091	0.697861363636364	0.008548295454545	0.037712500000000	0.018911363636364		1
000052:	0.041059090909091	0.006557954545455	0.007845454545455	0.901323863636364	0.006854545454545	0.020314772727273	0.016044318181818		1
000053:	0.090351136363636	0.079955681818182	0.035509659090909	0.251352272727273	0.040659090909091	0.325279545454545	0.176892613636364		1
000054:	0.131911931818182	0.310188636363636	0.055717613636364	0.137692045454545	0.125573863636364	0.097718181818182	0.141197727272727		1
000055:	0.097937500000000	0.028005113636364	0.043635795454545	0.195089204545455	0.012034659090909	0.568055681818182	0.055242045454545		1
000056:	0.046388068181818	0.050243750000000	0.031847727272727	0.102696590909091	0.033502272727273	0.573882954545455	0.161438636363636		1
000057:	0.055230113636364	0.054270454545455	0.033882954545455	0.150870454545455	0.034433522727273	0.412382386363636	0.258930113636364		1
000058:	0.057057386363636	0.217255681818182	0.036582386363636	0.034621590909091	0.027378409090909	0.547409659090909	0.079694886363636		1
000059:	0.064428409090909	0.113528409090909	0.032336363636364	0.037331818181818	0.028725568181818	0.316801704545455	0.406847727272727		1
000060:	0.065818181818182	0.026659659090909	0.021168750000000	0.082153977272727	0.011393750000000	0.676561363636364	0.116244318181818		1
000061:	0.131217045454545	0.052181250000000	0.033722159090909	0.085109659090909	0.029614772727273	0.540014204545455	0.128140909090909		1
000062:	0.026485795454545	0.014296022727273	0.020139772727273	0.834442045454545	0.040114772727273	0.038599431818182	0.025922159090909		1
000063:	0.053071590909091	0.023689204545455	0.020125568181818	0.753150000000000	0.011386363636364	0.096713068181818	0.041864204545455		1
000064:	0.058364772727273	0.019729545454545	0.058795454545455	0.667784090909091	0.009007954545455	0.159758522727273	0.026559659090909		1
000065:	0.091903977272727	0.021015340909091	0.027891477272727	0.046756250000000	0.015281250000000	0.725725000000000	0.071426704545455		1
000066:	0.050976136363636	0.045950568181818	0.028386931818182	0.087251136363636	0.021302840909091	0.474715909090909	0.291416477272727		1
000067:	0.995906250000000	0.000263636363636	0.000323295454545	0.000932954545455	0.000221022727273	0.000947159090909	0.001405681818182		1
000068:	0.055625000000000	0.066126704545455	0.025778409090909	0.037735227272727	0.035516477272727	0.500625000000000	0.278593181818182		1
000069:	0.078493750000000	0.040208522727273	0.038558522727273	0.067081818181818	0.056355113636364	0.362550000000000	0.356752272727273		1
000070:	0.142497727272727	0.056007386363636	0.064139204545455	0.367604545454545	0.063074431818182	0.182481818181818	0.124194886363636		1
000071:	0.075596590909091	0.127626136363636	0.056785227272727	0.051646590909091	0.030550000000000	0.220286363636364	0.437509090909091		1
000072:	0.256522159090909	0.035468750000000	0.042907386363636	0.143158522727273	0.043453409090909	0.390081818181818	0.088407954545455		1
000073:	0.029377840909091	0.022365340909091	0.024878977272727	0.058739772727273	0.016662500000000	0.806525000000000	0.041450568181818		1
000074:	0.002139772727273	0.022500000000000	0.000859090909091	0.712596590909091	0.027528409090909	0.232582386363636	0.001793750000000		1
000075:	0.296164772727273	0.168572727272727	0.046511931818182	0.087406250000000	0.038273863636364	0.177422727272727	0.185647727272727		1
000076:	0.081673863636364	0.120843181818182	0.366913068181818	0.043654545454545	0.073363636363636	0.167619318181818	0.145932386363636		1
000077:	0.097324431818182	0.194341477272727	0.158815340909091	0.121667613636364	0.033528977272727	0.304539204545455	0.089782954545455		1
000078:	0.318698295454545	0.041898295454545	0.069906250000000	0.127781818181818	0.015934659090909	0.246928977272727	0.178851704545455		1
000079:	0.087723295454545	0.486134090909091	0.057951704545455	0.091489772727273	0.018466477272727	0.127807954545455	0.130426704545455		1
000080:	0.063244886363636	0.464374431818182	0.057443181818182	0.032846022727273	0.045967045454545	0.122552272727273	0.213572159090909		1
000081:	0.056786363636364	0.012393750000000	0.024244886363636	0.025912500000000	0.024289204545455	0.769807386363636	0.086565909090909		1
000082:	0.052648863636364	0.032886363636364	0.044934090909091	0.052986363636364	0.012896022727273	0.751880113636364	0.051768181818182		1
000083:	0.050527272727273	0.034231818181818	0.039241477272727	0.029826704545455	0.029905681818182	0.716947159090909	0.099319886363636		1
000084:	0.014097727272727	0.020453977272727	0.016919886363636	0.864623295454545	0.042011931818182	0.023556818181818	0.018336363636364		1
000085:	0.085424431818182	0.051410795454545	0.073969886363636	0.137044318181818	0.087343750000000	0.193111363636364	0.371695454545455		1
000086:	0.079347159090909	0.097686363636364	0.050172159090909	0.410966477272727	0.037075568181818	0.171290909090909	0.153461363636364		1
000087:	0.023303409090909	0.026439204545455	0.014555681818182	0.080064772727273	0.011753409090909	0.666187500000000	0.177696022727273		1
000088:	0.025975568181818	0.025109090909091	0.013136931818182	0.031748863636364	0.050697727272727	0.056961363636364	0.796370454545455		1
000089:	0.058031818181818	0.048264772727273	0.060126704545455	0.064558522727273	0.036544886363636	0.131494886363636	0.600978409090909		1
000090:	0.047289204545455	0.182648295454545	0.031281250000000	0.139893750000000	0.178684659090909	0.185737500000000	0.234465340909091		1
000091:	0.074678977272727	0.600465909090909	0.094565909090909	0.060090340909091	0.034927272727273	0.049626704545455	0.085644886363636		1
000092:	0.038545454545455	0.068815340909091	0.183152840909091	0.057026136363636	0.029010227272727	0.555826704545455	0.067623295454545		1
000093:	0.041072159090909	0.154990340909091	0.057812500000000	0.050964772727273	0.143478977272727	0.467278977272727	0.084402272727273		1
000094:	0.031777272727273	0.143398863636364	0.047676136363636	0.097601136363636	0.023721590909091	0.409402840909091	0.246422159090909		1
000095:	0.091656250000000	0.026606818181818	0.040500568181818	0.095627272727273	0.023647727272727	0.684059090909091	0.037902272727273		1
000096:	0.036657386363636	0.010568181818182	0.006265340909091	0.893161363636364	0.003627840909091	0.025948863636364	0.023771022727273		1
000097:	0.063559659090909	0.040561363636364	0.024094318181818	0.034005681818182	0.024439772727273	0.358262500000000	0.455076704545455		1
000098:	0.066197159090909	0.042618181818182	0.016340909090909	0.017195454545455	0.014967045454545	0.680044886363636	0.162636363636364		1
000099:	0.137214772727273	0.041196022727273	0.031827272727273	0.395321590909091	0.037548295454545	0.095460227272727	0.261431818181818		1
000100:	0.044073863636364	0.014047159090909	0.013756250000000	0.638946022727273	0.015528977272727	0.230205113636364	0.043442613636364		1
000101:	0.056089772727273	0.020890340909091	0.039404545454545	0.061728977272727	0.024275000000000	0.060918181818182	0.736693181818182		1
000102:	0.171264204545455	0.074989204545455	0.042428409090909	0.216021590909091	0.041186931818182	0.176306250000000	0.277803409090909		1
000103:	0.107094886363636	0.330357386363636	0.058564772727273	0.050589204545455	0.052830113636364	0.295070454545455	0.105493181818182		1
000104:	0.053296590909091	0.025464204545455	0.024847159090909	0.407343181818182	0.020383522727273	0.402981818181818	0.065683522727273		1
000105:	0.080157954545455	0.066785227272727	0.022534659090909	0.153894886363636	0.117747159090909	0.114284659090909	0.444595454545455		1
000106:	0.072398863636364	0.059460795454545	0.027030113636364	0.059114204545455	0.097532954545455	0.187424431818182	0.497038636363636		1
000107:	0.033196590909091	0.018962500000000	0.020196022727273	0.567846022727273	0.018550568181818	0.071221022727273	0.270027272727273		1
000108:	0.062434090909091	0.034603977272727	0.019545454545455	0.741223863636364	0.045469886363636	0.042128409090909	0.054594318181818		1
000109:	0.087628977272727	0.048199431818182	0.053198295454545	0.054618750000000	0.066384659090909	0.212758522727273	0.477211363636364		1
000110:	0.057035227272727	0.611340340909091	0.047081250000000	0.074940909090909	0.119439204545455	0.041767613636364	0.048395454545455		1
000111:	0.282860227272727	0.023813636363636	0.057932386363636	0.437450568181818	0.025744886363636	0.090092045454545	0.082106250000000		1
000112:	0.081753977272727	0.036254545454545	0.029511363636364	0.118393181818182	0.026166477272727	0.029398295454545	0.678522159090909		1
000113:	0.139823295454545	0.038701704545455	0.029771590909091	0.201672159090909	0.019244886363636	0.402975000000000	0.167811363636364		1
000114:	0.058541477272727	0.384301704545455	0.180726704545455	0.051663636363636	0.030565909090909	0.112573295454545	0.181627272727273		1
000115:	0.082538636363636	0.202548863636364	0.044820454545455	0.100837500000000	0.043619318181818	0.211231250000000	0.314403977272727		1
000116:	0.089369886363636	0.061058522727273	0.038938068181818	0.294436931818182	0.033677840909091	0.402626136363636	0.079892613636364		1
000117:	0.080191477272727	0.102951136363636	0.126706250000000	0.085756818181818	0.043621590909091	0.099934090909091	0.460838636363636		1
000118:	0.180690909090909	0.041818181818182	0.072569318181818	0.155027272727273	0.030669886363636	0.444961931818182	0.074262500000000		1
000119:	0.054431818181818	0.114146590909091	0.021151704545455	0.210525000000000	0.039481818181818	0.215486363636364	0.344776704545455		1
000120:	0.242625568181818	0.031561931818182	0.092975000000000	0.182280681818182	0.048500000000000	0.299032386363636	0.103024431818182		1
000121:	0.132616477272727	0.146882386363636	0.075976704545455	0.097473295454545	0.111409090909091	0.242921022727273	0.192721022727273		1
000122:	0.053323863636364	0.030765909090909	0.020426704545455	0.082715340909091	0.046664204545455	0.488930681818182	0.277173295454545		1
000123:	0.033735227272727	0.038721022727273	0.029505113636364	0.026864772727273	0.016270454545455	0.815864204545454	0.039039204545455		1
000124:	0.162315340909091	0.172477840909091	0.107181818181818	0.067232954545455	0.035210227272727	0.069417613636364	0.386164204545455		1
000125:	0.524325568181818	0.033628409090909	0.085460227272727	0.139834090909091	0.025344318181818	0.114619886363636	0.076787500000000		1
000126:	0.100628977272727	0.037330113636364	0.683527840909091	0.046022727272727	0.022155681818182	0.056340909090909	0.053993750000000		1
000127:	0.104065909090909	0.095497159090909	0.043991477272727	0.209940340909091	0.035176704545455	0.371739772727273	0.139588636363636		1
000128:	0.282231250000000	0.056256818181818	0.042986363636364	0.150273295454545	0.034099431818182	0.328934659090909	0.105218181818182		1
000129:	0.032821590909091	0.135989204545455	0.027780113636364	0.062634659090909	0.036277272727273	0.274523295454545	0.429973863636364		1
000130:	0.286133522727273	0.169676704545455	0.040883522727273	0.071193181818182	0.015002840909091	0.359529545454545	0.057580681818182		1
000131:	0.154152840909091	0.063907386363636	0.032393750000000	0.078406250000000	0.036000568181818	0.250282386363636	0.384856818181818		1
000132:	0.056946022727273	0.025596022727273	0.027167045454545	0.673924431818182	0.016085795454545	0.083734659090909	0.116546022727273		1
000133:	0.117447727272727	0.302631818181818	0.176961931818182	0.141367613636364	0.051388068181818	0.090428409090909	0.119774431818182		1
000134:	0.111255681818182	0.349683522727273	0.062200000000000	0.098803409090909	0.024055113636364	0.178828977272727	0.175173295454545		1
000135:	0.037676136363636	0.248007386363636	0.021127840909091	0.027794318181818	0.247452840909091	0.130438068181818	0.287503409090909		1
000136:	0.113186931818182	0.060137500000000	0.038647727272727	0.103901136363636	0.025542613636364	0.591300568181818	0.067283522727273		1
000137:	0.046668750000000	0.158433522727273	0.039283522727273	0.065047159090909	0.144472159090909	0.206517613636364	0.339577272727273		1
000138:	0.281969886363636	0.125963636363636	0.084380681818182	0.072668750000000	0.027042045454545	0.262768181818182	0.145206818181818		1
000139:	0.058880681818182	0.067968750000000	0.118217045454545	0.039116477272727	0.028393750000000	0.428876136363636	0.258547159090909		1
000140:	0.029907954545455	0.786863068181818	0.014621590909091	0.020407954545455	0.041963636363636	0.041480681818182	0.064755113636364		1
000141:	0.192394886363636	0.064355681818182	0.074823295454545	0.492268750000000	0.025036931818182	0.083142045454545	0.067978409090909		1
000142:	0.038372727272727	0.057085795454545	0.023281818181818	0.084765909090909	0.107080681818182	0.520863068181818	0.168550000000000		1
000143:	0.017950568181818	0.004438068181818	0.002725000000000	0.009201136363636	0.002047727272727	0.614760795454545	0.348876704545455		1
000144:	0.438825568181818	0.012135227272727	0.023203977272727	0.113624431818182	0.020929545454545	0.146498863636364	0.244782386363636		1
000145:	0.051680113636364	0.041190909090909	0.018256818181818	0.735715340909091	0.012403409090909	0.081289204545455	0.059464204545455		1
000146:	0.064951136363636	0.069222159090909	0.043776704545455	0.082833522727273	0.087346590909091	0.497916477272727	0.153953409090909		1
000147:	0.158442045454545	0.031496590909091	0.041811931818182	0.059106250000000	0.020138636363636	0.556747159090909	0.132257386363636		1
000148:	0.061826704545455	0.168773863636364	0.016947159090909	0.036180113636364	0.017148295454545	0.646457386363636	0.052666477272727		1
000149:	0.232355681818182	0.086165909090909	0.052638068181818	0.131872727272727	0.058127840909091	0.150073863636364	0.288765909090909		1
000150:	0.042793750000000	0.190476136363636	0.024366477272727	0.056425568181818	0.039972727272727	0.062399431818182	0.583565909090909		1
000151:	0.137157386363636	0.033068750000000	0.024301704545455	0.132571590909091	0.037110795454545	0.176756818181818	0.459032954545455		1
000152:	0.196381250000000	0.205927840909091	0.053540340909091	0.145163636363636	0.045555681818182	0.186672159090909	0.166759090909091		1
000153:	0.072782386363636	0.032946590909091	0.045589204545455	0.091280113636364	0.033057954545455	0.127006818181818	0.597336931818182		1
000154:	0.075702840909091	0.047302840909091	0.032038068181818	0.296481250000000	0.022963636363636	0.473642045454545	0.051869318181818		1
000155:	0.025786363636364	0.046472159090909	0.012598295454545	0.661685795454545	0.016642613636364	0.139513636363636	0.097301136363636		1
000156:	0.042100568181818	0.024875000000000	0.019076136363636	0.259830681818182	0.025010795454545	0.059468181818182	0.569638636363636		1
000157:	0.102252272727273	0.009594886363636	0.031063068181818	0.769834090909091	0.008874431818182	0.060143750000000	0.018237500000000		1
000158:	0.282350568181818	0.062868750000000	0.292447727272727	0.116242613636364	0.044579545454545	0.104256818181818	0.097253977272727		1
000159:	0.127709090909091	0.030222159090909	0.182203977272727	0.385741477272727	0.119747159090909	0.051323295454545	0.103052840909091		1
000160:	0.100093181818182	0.007135795454545	0.794872159090909	0.035338068181818	0.009600568181818	0.043535795454545	0.009424431818182		1
000161:	0.531627840909091	0.016921022727273	0.234151704545455	0.045163636363636	0.076033522727273	0.072428409090909	0.023673863636364		1
000162:	0.165460795454545	0.024331250000000	0.162138636363636	0.032003977272727	0.456696022727273	0.069030681818182	0.090338636363636		1
000163:	0.173864204545455	0.008580113636364	0.043332954545455	0.043589772727273	0.011615909090909	0.694719318181818	0.024297727272727		1
000164:	0.175165909090909	0.009992613636364	0.073377840909091	0.571331818181818	0.007749431818182	0.148375568181818	0.014006818181818		1
000165:	0.187002840909091	0.009430113636364	0.046006250000000	0.036123863636364	0.019789772727273	0.679921022727273	0.021726136363636		1
000166:	0.098388636363636	0.014473295454545	0.046311363636364	0.055026136363636	0.011139204545455	0.752300000000000	0.022361363636364		1
000167:	0.415579545454545	0.025097159090909	0.098223863636364	0.178729545454545	0.010102840909091	0.165929545454545	0.106337500000000		1
000168:	0.023568750000000	0.002000568181818	0.000413068181818	0.000648863636364	0.000428977272727	0.970005681818182	0.002934090909091		1
000169:	0.121814772727273	0.043764204545455	0.029135795454545	0.038502272727273	0.026057386363636	0.313900568181818	0.426825000000000		1
000170:	0.077541477272727	0.024891477272727	0.015580681818182	0.025501704545455	0.009961363636364	0.809762500000000	0.036760795454545		1
000171:	0.045961363636364	0.019889772727273	0.020769318181818	0.694990340909091	0.019340909090909	0.119898295454545	0.079150000000000		1
000172:	0.074120454545455	0.040095454545455	0.036529545454545	0.051199431818182	0.042946022727273	0.637735227272727	0.117373863636364		1
000173:	0.112000000000000	0.019467613636364	0.023955681818182	0.071177840909091	0.019438068181818	0.465227840909091	0.288732954545455		1
000174:	0.029315340909091	0.040608522727273	0.018807954545455	0.039672727272727	0.048288636363636	0.732930113636364	0.090376704545455		1
000175:	0.039547727272727	0.018820454545455	0.008431250000000	0.861871590909091	0.009996022727273	0.026884090909091	0.034448863636364		1
000176:	0.204253977272727	0.063001136363636	0.039640909090909	0.122566477272727	0.017634659090909	0.116552840909091	0.436350000000000		1
000177:	0.103731818181818	0.069493750000000	0.038364772727273	0.160157954545455	0.035863636363636	0.362094886363636	0.230293181818182		1
000178:	0.053171022727273	0.038377840909091	0.014758522727273	0.140158522727273	0.023825568181818	0.600509659090909	0.129198863636364		1
000179:	0.061256250000000	0.012793181818182	0.012726136363636	0.833467045454545	0.010101136363636	0.023198295454545	0.046457954545455		1
000180:	0.000979545454545	0.000711931818182	0.000207386363636	0.004624431818182	0.011355681818182	0.976110227272727	0.006010795454545		1
000181:	0.023912500000000	0.008763068181818	0.041226704545455	0.852969886363636	0.008360227272727	0.030155681818182	0.034611931818182		1
000182:	0.020552272727273	0.005472159090909	0.505284090909091	0.301209659090909	0.039057954545455	0.022704545454545	0.105719318181818		1
000183:	0.051644318181818	0.015530681818182	0.014626704545455	0.775136931818182	0.012064204545455	0.086547159090909	0.044450000000000		1
000184:	0.180432386363636	0.148117045454545	0.022296022727273	0.233298863636364	0.021531818181818	0.198622159090909	0.195701704545455		1
000185:	0.132571590909091	0.143982954545455	0.054257954545455	0.118008522727273	0.110977272727273	0.128902840909091	0.311298863636364		1
000186:	0.097267613636364	0.072789204545455	0.032167613636364	0.646792613636364	0.024564204545455	0.051927840909091	0.074490909090909		1
000187:	0.034876136363636	0.033498295454545	0.013797727272727	0.824378977272727	0.013082954545455	0.042975000000000	0.037390909090909		1
000188:	0.140240909090909	0.084111931818182	0.152098295454545	0.345013636363636	0.019092045454545	0.158005681818182	0.101437500000000		1
000189:	0.024542045454545	0.011639772727273	0.016864772727273	0.050110227272727	0.010220454545455	0.818723295454545	0.067899431818182		1
000190:	0.166905681818182	0.126186363636364	0.029772159090909	0.056123863636364	0.023880113636364	0.439753977272727	0.157377840909091		1
000191:	0.106897727272727	0.023198295454545	0.030543181818182	0.064953977272727	0.028514772727273	0.349866477272727	0.396025568181818		1
000192:	0.058755113636364	0.059742613636364	0.028315340909091	0.074859090909091	0.020091477272727	0.099517613636364	0.658718750000000		1
000193:	0.139783522727273	0.077838068181818	0.016273863636364	0.274019886363636	0.030142045454545	0.121527840909091	0.340414772727273		1
000194:	0.178884090909091	0.260039204545455	0.006860795454545	0.418815909090909	0.014689772727273	0.087378977272727	0.033331250000000		1
000195:	0.053081818181818	0.036343750000000	0.014679545454545	0.047654545454545	0.015261931818182	0.063904545454545	0.769073863636364		1
000196:	0.313502272727273	0.019094886363636	0.483511931818182	0.086234090909091	0.007126136363636	0.062256250000000	0.028274431818182		1
000197:	0.430263636363636	0.011053409090909	0.083226136363636	0.057409090909091	0.013617613636364	0.287082954545455	0.117347159090909		1
000198:	0.146065340909091	0.029911931818182	0.154974431818182	0.115354545454545	0.190196590909091	0.153877272727273	0.209619886363636		1
000199:	0.606350000000000	0.015714772727273	0.044688636363636	0.078855681818182	0.008518750000000	0.223771590909091	0.022100568181818		1
000200:	0.697538068181818	0.018463636363636	0.070485227272727	0.037502272727273	0.015779545454545	0.064002272727273	0.096228977272727		1
000201:	0.129842045454545	0.019268750000000	0.043735227272727	0.716274431818182	0.006279545454545	0.073198863636364	0.011401136363636		1
000202:	0.088746590909091	0.126210227272727	0.059353409090909	0.208686363636364	0.037946590909091	0.270362500000000	0.208694318181818		1
000203:	0.162313636363636	0.064552840909091	0.016322727272727	0.188498863636364	0.014935795454545	0.450444318181818	0.102931818181818		1
000204:	0.406503409090909	0.058588636363636	0.040236931818182	0.232506818181818	0.010432954545455	0.189178977272727	0.062552272727273		1
000205:	0.057548295454545	0.071448295454545	0.044618181818182	0.355262500000000	0.020668181818182	0.353101704545455	0.097352840909091		1
000206:	0.146056250000000	0.387630681818182	0.030128409090909	0.107925568181818	0.031831250000000	0.214248295454545	0.082179545454545		1
000207:	0.098367613636364	0.082926136363636	0.091030113636364	0.043273863636364	0.024247159090909	0.080931250000000	0.579223863636364		1
000208:	0.270917613636364	0.027846022727273	0.035075568181818	0.310597159090909	0.023289204545455	0.172549431818182	0.159725000000000		1
000209:	0.268893181818182	0.049740909090909	0.037814204545455	0.459883522727273	0.016680681818182	0.098678977272727	0.068308522727273		1
000210:	0.178388068181818	0.039729545454545	0.042903977272727	0.352964772727273	0.017739204545455	0.247660227272727	0.120614204545455		1
000211:	0.137732954545455	0.019892045454545	0.048144318181818	0.173896022727273	0.017033522727273	0.539753409090909	0.063547727272727		1
000212:	0.225454545454545	0.080278409090909	0.283572159090909	0.255721022727273	0.013594886363636	0.083147159090909	0.058231818181818		1
000213:	0.259406250000000	0.037950568181818	0.174308522727273	0.332268181818182	0.011471022727273	0.157032386363636	0.027563068181818		1
000214:	0.616006818181818	0.019420454545455	0.054013636363636	0.073042613636364	0.019917045454545	0.094065340909091	0.123534090909091		1
000215:	0.191151136363636	0.069827272727273	0.188062500000000	0.113848863636364	0.042253977272727	0.248742045454545	0.146114204545455		1
000216:	0.516665340909091	0.018834090909091	0.116113068181818	0.224013068181818	0.027372159090909	0.062205681818182	0.034796590909091		1
000217:	0.420267613636364	0.039047159090909	0.235484659090909	0.103859090909091	0.022534090909091	0.136622159090909	0.042185227272727		1
000218:	0.560908522727273	0.016518181818182	0.136170454545455	0.154043750000000	0.011952840909091	0.093968181818182	0.026438068181818		1
000219:	0.393571022727273	0.019155681818182	0.188040909090909	0.100192045454545	0.009414204545455	0.252093750000000	0.037532386363636		1
000220:	0.137279545454545	0.011267045454545	0.152833522727273	0.280758522727273	0.010025568181818	0.360325568181818	0.047510227272727		1
000221:	0.274795454545455	0.018103409090909	0.100333522727273	0.070639204545455	0.007325000000000	0.515236363636364	0.013567045454545		1
000222:	0.186528977272727	0.011479545454545	0.082857954545455	0.522826704545455	0.006589772727273	0.181282386363636	0.008434659090909		1
000223:	0.199776136363636	0.013272727272727	0.082709090909091	0.241614204545455	0.288989204545455	0.138259090909091	0.035379545454545		1
000224:	0.062634659090909	0.729699431818182	0.086329545454545	0.021878977272727	0.023073863636364	0.035088068181818	0.041295454545455		1
000225:	0.020011931818182	0.424392613636364	0.046671022727273	0.038905113636364	0.053313068181818	0.300039204545455	0.116667045454545		1
000226:	0.048687500000000	0.322338068181818	0.208282386363636	0.146204545454545	0.024229545454545	0.070981818181818	0.179276136363636		1
000227:	0.085013636363636	0.450660795454545	0.090647727272727	0.057976136363636	0.071764204545455	0.098185795454545	0.145751704545455		1
000228:	0.030384659090909	0.351643181818182	0.227317045454545	0.037076704545455	0.292055113636364	0.032032386363636	0.029490909090909		1
000229:	0.074415340909091	0.471932386363636	0.054394318181818	0.037938068181818	0.019628977272727	0.307830681818182	0.033860227272727		1
000230:	0.049709659090909	0.006635227272727	0.913765340909091	0.019760795454545	0.004072159090909	0.003830113636364	0.002226704545455		1
000231:	0.047505681818182	0.206386363636364	0.157968181818182	0.038650568181818	0.096628409090909	0.279853409090909	0.173007386363636		1
000232:	0.096213636363636	0.237695454545455	0.312733522727273	0.205556250000000	0.036498863636364	0.082029545454545	0.029272727272727		1
000233:	0.021102272727273	0.546055113636364	0.093264772727273	0.032834090909091	0.029980681818182	0.052507954545455	0.224255113636364		1
000234:	0.000861363636364	0.915731818181818	0.004143181818182	0.014186363636364	0.049436363636364	0.012880681818182	0.002760227272727		1
000235:	0.017067613636364	0.556052272727273	0.055135795454545	0.083928977272727	0.181842045454545	0.047121590909091	0.058851704545455		1
000236:	0.036037500000000	0.211670454545455	0.211493181818182	0.298575000000000	0.165664204545455	0.035276136363636	0.041283522727273		1
000237:	0.018411363636364	0.633637500000000	0.047299431818182	0.025555113636364	0.039584090909091	0.116324431818182	0.119188068181818		1
000238:	0.027139772727273	0.058055113636364	0.060780113636364	0.644234090909091	0.112965340909091	0.076815340909091	0.020010227272727		1
000239:	0.065427272727273	0.536107386363636	0.087516477272727	0.070594886363636	0.050789772727273	0.138475000000000	0.051089204545455		1
000240:	0.013164772727273	0.144634090909091	0.711481818181818	0.034451136363636	0.029881250000000	0.025917045454545	0.040469886363636		1
000241:	0.018543181818182	0.229077840909091	0.148090340909091	0.367178977272727	0.046864204545455	0.062436931818182	0.127808522727273		1
000242:	0.035912500000000	0.552071590909091	0.055704545454545	0.044615340909091	0.061677272727273	0.029040909090909	0.220977840909091		1
000243:	0.032346022727273	0.391239772727273	0.346552840909091	0.047542613636364	0.116454545454545	0.025884659090909	0.039979545454545		1
000244:	0.059307386363636	0.216195454545455	0.261867613636364	0.077082954545455	0.028593750000000	0.281805113636364	0.075147727272727		1
000245:	0.024060795454545	0.410264772727273	0.292821022727273	0.032742045454545	0.024527272727273	0.135709659090909	0.079874431818182		1
000246:	0.020578977272727	0.613164772727273	0.067110227272727	0.084330113636364	0.047656250000000	0.056328409090909	0.110831250000000		1
000247:	0.028652840909091	0.528948295454545	0.132728977272727	0.049903977272727	0.042186931818182	0.095326704545455	0.122252272727273		1
000248:	0.038185227272727	0.392222727272727	0.272909090909091	0.026726136363636	0.024378977272727	0.222573863636364	0.023003977272727		1
000249:	0.013788636363636	0.758464204545454	0.083946590909091	0.024953409090909	0.039312500000000	0.024444318181818	0.055090340909091		1
000250:	0.017421590909091	0.749017045454546	0.029980681818182	0.057988636363636	0.043771590909091	0.042123295454545	0.059697159090909		1
000251:	0.022760795454545	0.629419886363636	0.070334090909091	0.080852272727273	0.030022159090909	0.035905113636364	0.130705681818182		1
000252:	0.032814204545455	0.187447727272727	0.371377840909091	0.305582954545455	0.037638068181818	0.043601136363636	0.021538068181818		1
000253:	0.030278977272727	0.693940340909091	0.115429545454545	0.061103409090909	0.053514772727273	0.022960227272727	0.022772727272727		1
000254:	0.007924431818182	0.786894318181818	0.132971022727273	0.041489772727273	0.012636363636364	0.009344318181818	0.008739772727273		1
000255:	0.303186931818182	0.661892045454545	0.009404545454545	0.007821590909091	0.006080113636364	0.006746590909091	0.004868181818182		1
000256:	0.042976136363636	0.515022727272727	0.290652840909091	0.033247159090909	0.012492613636364	0.057010795454545	0.048597727272727		1
000257:	0.766884090909091	0.027872727272727	0.045301704545455	0.113292045454545	0.017360227272727	0.024238636363636	0.005050568181818		1
000258:	0.094853977272727	0.133794318181818	0.083896022727273	0.151514204545455	0.026355113636364	0.426634090909091	0.082952272727273		1
000259:	0.014332386363636	0.014950568181818	0.017704545454545	0.903410795454546	0.013243181818182	0.015604545454545	0.020753977272727		1
000260:	0.040740909090909	0.352322727272727	0.341792613636364	0.064776704545455	0.064135795454545	0.044906818181818	0.091324431818182		1
000261:	0.082837500000000	0.522378977272727	0.148597727272727	0.106881818181818	0.039021590909091	0.063575568181818	0.036706818181818		1
000262:	0.030715340909091	0.249580113636364	0.209104545454545	0.422448295454545	0.029412500000000	0.025222727272727	0.033516477272727		1
000263:	0.149302840909091	0.084493750000000	0.127050000000000	0.124605681818182	0.050056250000000	0.335965909090909	0.128525568181818		1
000264:	0.022047727272727	0.026840340909091	0.032546590909091	0.854440340909091	0.016010227272727	0.036607954545455	0.011506818181818		1
000265:	0.206548863636364	0.129256250000000	0.131758522727273	0.106425000000000	0.019532386363636	0.376166477272727	0.030312500000000		1
000266:	0.036067613636364	0.551886931818182	0.054302272727273	0.095648295454545	0.053374431818182	0.177502272727273	0.031218181818182		1
000267:	0.019722159090909	0.857443181818182	0.035614204545455	0.016213068181818	0.012267045454545	0.038136931818182	0.020603409090909		1
000268:	0.066177840909091	0.138069318181818	0.104666477272727	0.228332954545455	0.031442613636364	0.397950000000000	0.033360795454545		1
000269:	0.008448295454545	0.781840340909091	0.029880113636364	0.022525000000000	0.022031250000000	0.052013068181818	0.083261931818182		1
000270:	0.015197727272727	0.011613068181818	0.020781250000000	0.897532954545455	0.018142045454545	0.019277840909091	0.017455113636364		1
000271:	0.027615340909091	0.670343181818182	0.078114772727273	0.099831818181818	0.074658522727273	0.027463068181818	0.021973295454545		1
000272:	0.029719886363636	0.437972159090909	0.178853977272727	0.224793750000000	0.046143181818182	0.033606818181818	0.048910227272727		1
000273:	0.060644886363636	0.207736363636364	0.065058522727273	0.338410227272727	0.214968750000000	0.074614772727273	0.038566477272727		1
000274:	0.037405113636364	0.651000000000000	0.086060795454545	0.131075000000000	0.031388068181818	0.029864204545455	0.033206818181818		1
000275:	0.040246590909091	0.191231250000000	0.088178409090909	0.084380113636364	0.055254545454545	0.434635795454545	0.106073295454545		1
000276:	0.027751136363636	0.055051136363636	0.119639204545455	0.733125568181818	0.028195454545455	0.024154545454545	0.012082954545455		1
000277:	0.021877272727273	0.663588636363636	0.076418750000000	0.071057386363636	0.091667045454545	0.038283522727273	0.037107386363636		1
000278:	0.098855681818182	0.157834659090909	0.146568750000000	0.073026704545455	0.077618181818182	0.359249431818182	0.086846590909091		1
000279:	0.022936931818182	0.691084090909091	0.036396590909091	0.021306250000000	0.066000568181818	0.117175568181818	0.045100000000000		1
000280:	0.083694318181818	0.252109090909091	0.243658522727273	0.239457954545455	0.050098863636364	0.063991477272727	0.066989772727273		1
000281:	0.045971022727273	0.293613068181818	0.060909090909091	0.438798863636364	0.087977272727273	0.026955113636364	0.045775568181818		1
000282:	0.224209659090909	0.382389772727273	0.040180681818182	0.177656818181818	0.026021022727273	0.023670454545455	0.125871590909091		1
000283:	0.012894318181818	0.024782954545455	0.047568750000000	0.876507954545454	0.006510795454545	0.028618750000000	0.003116477272727		1
000284:	0.015174431818182	0.763043750000000	0.102966477272727	0.054526136363636	0.017132954545455	0.031551704545455	0.015604545454545		1
000285:	0.027815909090909	0.507903977272727	0.125220454545455	0.038882954545455	0.066153977272727	0.032455681818182	0.201567045454545		1
000286:	0.407670454545455	0.009497159090909	0.006575568181818	0.456008522727273	0.117163636363636	0.002015340909091	0.001069318181818		1
000287:	0.023689772727273	0.612168750000000	0.058158522727273	0.111343181818182	0.082972159090909	0.046433522727273	0.065234090909091		1
000288:	0.060027840909091	0.327503977272727	0.229956250000000	0.150320454545455	0.056010795454545	0.089944318181818	0.086236363636364		1
