Estimated Clustering Probabilities for Samples
Sample	***Cluster  01***	***Cluster  02***	***Cluster  03***	
000001:	0.880076136363636	0.087019886363636	0.032903977272727		1
000002:	0.930768750000000	0.052672159090909	0.016559090909091		1
000003:	0.889451704545455	0.081200000000000	0.029348295454545		1
000004:	0.944350000000000	0.039389772727273	0.016260227272727		1
000005:	0.801018750000000	0.001610795454545	0.197370454545455		1
000006:	0.880160227272727	0.065057954545455	0.054781818181818		1
000007:	0.866581250000000	0.116406818181818	0.017011931818182		1
000008:	0.931123295454545	0.045785227272727	0.023091477272727		1
000009:	0.956721022727273	0.026683522727273	0.016595454545455		1
000010:	0.934692613636364	0.040011931818182	0.025295454545455		1
000011:	0.519602840909091	0.182147727272727	0.298249431818182		1
000012:	0.340195454545455	0.035937500000000	0.623867045454545		1
000013:	0.107366477272727	0.027256818181818	0.865376704545455		1
000014:	0.595489772727273	0.098156250000000	0.306353977272727		1
000015:	0.827802840909091	0.029035795454545	0.143161363636364		1
000016:	0.762184659090909	0.069762500000000	0.168052840909091		1
000017:	0.657251704545455	0.051866477272727	0.290881818181818		1
000018:	0.054501704545455	0.383892045454545	0.561606250000000		1
000019:	0.529159659090909	0.028560795454545	0.442279545454545		1
000020:	0.648657386363636	0.028332954545455	0.323009659090909		1
000021:	0.120315909090909	0.090768750000000	0.788915340909091		1
000022:	0.458234659090909	0.021707386363636	0.520057954545455		1
000023:	0.214885795454545	0.075292613636364	0.709821590909091		1
000024:	0.399453977272727	0.079023295454545	0.521522727272727		1
000025:	0.128497159090909	0.039580681818182	0.831922159090909		1
000026:	0.173124431818182	0.021867613636364	0.805007954545455		1
000027:	0.084764204545455	0.016184090909091	0.899051704545455		1
000028:	0.572643750000000	0.166647727272727	0.260708522727273		1
000029:	0.364085227272727	0.057775000000000	0.578139772727273		1
000030:	0.393800000000000	0.104467045454545	0.501732954545455		1
000031:	0.050722159090909	0.018269886363636	0.931007954545455		1
000032:	0.159681818181818	0.051209090909091	0.789109090909091		1
000033:	0.361417045454545	0.069939204545455	0.568643750000000		1
000034:	0.613704545454545	0.060494886363636	0.325800568181818		1
000035:	0.095022159090909	0.093828409090909	0.811149431818182		1
000036:	0.379513636363636	0.094610227272727	0.525876136363636		1
000037:	0.188334659090909	0.018600000000000	0.793065340909091		1
000038:	0.246219318181818	0.240525568181818	0.513255113636364		1
000039:	0.161431818181818	0.026156818181818	0.812411363636364		1
000040:	0.623157954545455	0.069091477272727	0.307750568181818		1
000041:	0.243053977272727	0.028413636363636	0.728532386363636		1
000042:	0.100582386363636	0.030880681818182	0.868536931818182		1
000043:	0.786797727272727	0.024576704545455	0.188625568181818		1
000044:	0.419614204545455	0.028764204545455	0.551621590909091		1
000045:	0.095028977272727	0.015728409090909	0.889242613636364		1
000046:	0.174457954545455	0.113185227272727	0.712356818181818		1
000047:	0.441743750000000	0.084667613636364	0.473588636363636		1
000048:	0.917427840909091	0.033274431818182	0.049297727272727		1
000049:	0.788068181818182	0.038935227272727	0.172996590909091		1
000050:	0.561794318181818	0.027447727272727	0.410757954545455		1
000051:	0.884086931818182	0.055037500000000	0.060875568181818		1
000052:	0.900279545454545	0.033986931818182	0.065733522727273		1
000053:	0.575440340909091	0.034781250000000	0.389778409090909		1
000054:	0.138768181818182	0.071599431818182	0.789632386363636		1
000055:	0.918503977272727	0.025697159090909	0.055798863636364		1
000056:	0.727058522727273	0.047473863636364	0.225467613636364		1
000057:	0.615863636363636	0.036967613636364	0.347168750000000		1
000058:	0.472919318181818	0.054407386363636	0.472673295454545		1
000059:	0.162232954545455	0.023678409090909	0.814088636363636		1
000060:	0.882025568181818	0.024423295454545	0.093551136363636		1
000061:	0.815080681818182	0.023692613636364	0.161226704545455		1
000062:	0.876761363636364	0.057178977272727	0.066059659090909		1
000063:	0.853921022727273	0.086864772727273	0.059214204545455		1
000064:	0.750136363636364	0.210028409090909	0.039835227272727		1
000065:	0.865673295454545	0.053773295454545	0.080553409090909		1
000066:	0.648828977272727	0.024657954545455	0.326513068181818		1
000067:	0.901000000000000	0.055818181818182	0.043181818181818		1
000068:	0.357875000000000	0.031156250000000	0.610968750000000		1
000069:	0.584947159090909	0.023818181818182	0.391234659090909		1
000070:	0.584293181818182	0.082976704545455	0.332730113636364		1
000071:	0.237103977272727	0.045206818181818	0.717689204545455		1
000072:	0.873085227272727	0.038747159090909	0.088167613636364		1
000073:	0.855426136363636	0.039367613636364	0.105206250000000		1
000074:	0.130020454545455	0.037565909090909	0.832413636363636		1
000075:	0.379591477272727	0.046780681818182	0.573627840909091		1
000076:	0.166359090909091	0.413984659090909	0.419656250000000		1
000077:	0.402670454545455	0.264997727272727	0.332331818181818		1
000078:	0.873484659090909	0.041844886363636	0.084670454545455		1
000079:	0.267122159090909	0.047768750000000	0.685109090909091		1
000080:	0.129156250000000	0.054715909090909	0.816127840909091		1
000081:	0.891434090909091	0.027490909090909	0.081075000000000		1
000082:	0.885692045454545	0.032431250000000	0.081876704545455		1
000083:	0.665040909090909	0.054435795454545	0.280523295454545		1
000084:	0.409951136363636	0.260188068181818	0.329860795454545		1
000085:	0.491153977272727	0.063802840909091	0.445043181818182		1
000086:	0.662748863636364	0.047332954545455	0.289918181818182		1
000087:	0.670877272727273	0.019959659090909	0.309163068181818		1
000088:	0.179751704545455	0.028430681818182	0.791817613636364		1
000089:	0.232722159090909	0.063127272727273	0.704150568181818		1
000090:	0.162757386363636	0.024689204545455	0.812553409090909		1
000091:	0.075400568181818	0.211830681818182	0.712768750000000		1
000092:	0.545687500000000	0.040405681818182	0.413906818181818		1
000093:	0.394902272727273	0.114584090909091	0.490513636363636		1
000094:	0.371684090909091	0.048156818181818	0.580159090909091		1
000095:	0.903382386363636	0.042774431818182	0.053843181818182		1
000096:	0.844272727272727	0.037417613636364	0.118309659090909		1
000097:	0.233819318181818	0.019432954545455	0.746747727272727		1
000098:	0.484475000000000	0.020991477272727	0.494533522727273		1
000099:	0.579065909090909	0.065907386363636	0.355026704545455		1
000100:	0.906694886363636	0.023668750000000	0.069636363636364		1
000101:	0.507232954545455	0.024908522727273	0.467858522727273		1
000102:	0.495436363636364	0.026530681818182	0.478032954545455		1
000103:	0.410380681818182	0.050243750000000	0.539375568181818		1
000104:	0.876213636363636	0.029636363636364	0.094150000000000		1
000105:	0.212086363636364	0.018490340909091	0.769423295454545		1
000106:	0.241983522727273	0.032282386363636	0.725734090909091		1
000107:	0.733801704545455	0.023459090909091	0.242739204545455		1
000108:	0.703139204545455	0.031088636363636	0.265772159090909		1
000109:	0.388134659090909	0.034867045454545	0.576998295454546		1
000110:	0.099651136363636	0.151943181818182	0.748405681818182		1
000111:	0.761022159090909	0.079661363636364	0.159316477272727		1
000112:	0.155059090909091	0.028763068181818	0.816177840909091		1
000113:	0.833685795454545	0.026107954545455	0.140206250000000		1
000114:	0.237184090909091	0.180057386363636	0.582758522727273		1
000115:	0.492380681818182	0.057311931818182	0.450307386363636		1
000116:	0.857435795454545	0.036293181818182	0.106271022727273		1
000117:	0.428242045454545	0.083936931818182	0.487821022727273		1
000118:	0.867287500000000	0.066398295454545	0.066314204545455		1
000119:	0.344061931818182	0.020049431818182	0.635888636363636		1
000120:	0.900151136363636	0.022886931818182	0.076961931818182		1
000121:	0.329492045454545	0.053118181818182	0.617389772727273		1
000122:	0.644563068181818	0.013246022727273	0.342190909090909		1
000123:	0.740050000000000	0.070430681818182	0.189519318181818		1
000124:	0.291793181818182	0.122318750000000	0.585888068181818		1
000125:	0.685913636363636	0.227548295454545	0.086538068181818		1
000126:	0.124102272727273	0.820541477272727	0.055356250000000		1
000127:	0.668081818181818	0.057703409090909	0.274214772727273		1
000128:	0.863098863636364	0.032331818181818	0.104569318181818		1
000129:	0.111456818181818	0.032101136363636	0.856442045454545		1
000130:	0.707061363636364	0.079650568181818	0.213288068181818		1
000131:	0.559205681818182	0.033948863636364	0.406845454545455		1
000132:	0.822072159090909	0.028411931818182	0.149515909090909		1
000133:	0.281174431818182	0.264617045454545	0.454208522727273		1
000134:	0.421131818181818	0.060059659090909	0.518808522727273		1
000135:	0.098806250000000	0.016134659090909	0.885059090909091		1
000136:	0.802239772727273	0.041459090909091	0.156301136363636		1
000137:	0.156702840909091	0.019871022727273	0.823426136363636		1
000138:	0.624001136363636	0.103273295454545	0.272725568181818		1
000139:	0.590875000000000	0.062542613636364	0.346582386363636		1
000140:	0.096376704545455	0.025010795454545	0.878612500000000		1
000141:	0.766168181818182	0.104867045454545	0.128964772727273		1
000142:	0.331063636363636	0.023260795454545	0.645675568181818		1
000143:	0.687786363636364	0.026009659090909	0.286203977272727		1
000144:	0.786580113636364	0.023883522727273	0.189536363636364		1
000145:	0.723728409090909	0.067635227272727	0.208636363636364		1
000146:	0.550110795454545	0.037483522727273	0.412405681818182		1
000147:	0.838599431818182	0.033356250000000	0.128044318181818		1
000148:	0.884376704545455	0.036703409090909	0.078919886363636		1
000149:	0.518735795454545	0.062095454545455	0.419168750000000		1
000150:	0.123320454545455	0.019873863636364	0.856805681818182		1
000151:	0.738952272727273	0.065114772727273	0.195932954545455		1
000152:	0.579406250000000	0.096357386363636	0.324236363636364		1
000153:	0.373863636363636	0.024430113636364	0.601706250000000		1
000154:	0.910773295454545	0.030231250000000	0.058995454545455		1
000155:	0.629800568181818	0.028802272727273	0.341397159090909		1
000156:	0.682506818181818	0.024188636363636	0.293304545454545		1
000157:	0.900274431818182	0.066702840909091	0.033022727272727		1
000158:	0.532913068181818	0.386134659090909	0.080952272727273		1
000159:	0.220768750000000	0.430224431818182	0.349006818181818		1
000160:	0.109660795454545	0.876227840909091	0.014111363636364		1
000161:	0.449483522727273	0.515289772727273	0.035226704545455		1
000162:	0.128886363636364	0.332028977272727	0.539084659090909		1
000163:	0.962277272727273	0.023021590909091	0.014701136363636		1
000164:	0.874660227272727	0.109331250000000	0.016008522727273		1
000165:	0.915411931818182	0.070551704545455	0.014036363636364		1
000166:	0.957432954545455	0.030596590909091	0.011970454545455		1
000167:	0.862634090909091	0.100143750000000	0.037222159090909		1
000168:	0.778047159090909	0.032552840909091	0.189400000000000		1
000169:	0.686618181818182	0.029709659090909	0.283672159090909		1
000170:	0.889360227272727	0.018435795454545	0.092203977272727		1
000171:	0.847556818181818	0.038329545454545	0.114113636363636		1
000172:	0.683838636363636	0.054268181818182	0.261893181818182		1
000173:	0.852928977272727	0.017865909090909	0.129205113636364		1
000174:	0.364146022727273	0.020810795454545	0.615043181818182		1
000175:	0.805380113636364	0.017943181818182	0.176676704545455		1
000176:	0.651376704545455	0.055160227272727	0.293463068181818		1
000177:	0.629742045454545	0.019152840909091	0.351105113636364		1
000178:	0.773598863636364	0.016448863636364	0.209952272727273		1
000179:	0.880207954545455	0.018921590909091	0.100870454545455		1
000180:	0.713081250000000	0.033848863636364	0.253069886363636		1
000181:	0.858914772727273	0.049484090909091	0.091601136363636		1
000182:	0.365289772727273	0.023243181818182	0.611467045454545		1
000183:	0.901176704545455	0.029554545454545	0.069268750000000		1
000184:	0.652377840909091	0.029202840909091	0.318419318181818		1
000185:	0.205609090909091	0.031350000000000	0.763040909090909		1
000186:	0.635200568181818	0.101754545454545	0.263044886363636		1
000187:	0.756280681818182	0.048843750000000	0.194875568181818		1
000188:	0.696938068181818	0.141276704545455	0.161785227272727		1
000189:	0.930125000000000	0.015756250000000	0.054118750000000		1
000190:	0.752390340909091	0.037318750000000	0.210290909090909		1
000191:	0.282235227272727	0.422972159090909	0.294792613636364		1
000192:	0.253978977272727	0.064890909090909	0.681130113636364		1
000193:	0.463064204545455	0.040108522727273	0.496827272727273		1
000194:	0.518831250000000	0.038928977272727	0.442239772727273		1
000195:	0.500009659090909	0.015402840909091	0.484587500000000		1
000196:	0.697630681818182	0.273857386363636	0.028511931818182		1
000197:	0.910546022727273	0.047614204545455	0.041839772727273		1
000198:	0.439437500000000	0.147438068181818	0.413124431818182		1
000199:	0.881982954545455	0.093650000000000	0.024367045454545		1
000200:	0.824904545454546	0.137324431818182	0.037771022727273		1
000201:	0.913211363636364	0.050732386363636	0.036056250000000		1
000202:	0.472109659090909	0.044813636363636	0.483076704545455		1
000203:	0.876869886363636	0.031300568181818	0.091829545454545		1
000204:	0.827103409090909	0.079515340909091	0.093381250000000		1
000205:	0.782852272727273	0.082905113636364	0.134242613636364		1
000206:	0.523696590909091	0.059038068181818	0.417265340909091		1
000207:	0.448776136363636	0.066702840909091	0.484521022727273		1
000208:	0.847601136363636	0.031662500000000	0.120736363636364		1
000209:	0.851100568181818	0.066089772727273	0.082809659090909		1
000210:	0.887482954545455	0.031847727272727	0.080669318181818		1
000211:	0.890491477272727	0.051001136363636	0.058507386363636		1
000212:	0.777327272727273	0.180155681818182	0.042517045454545		1
000213:	0.918857386363636	0.054609090909091	0.026533522727273		1
000214:	0.802635795454545	0.140977272727273	0.056386931818182		1
000215:	0.601949431818182	0.211035227272727	0.187015340909091		1
000216:	0.841276136363636	0.116153977272727	0.042569886363636		1
000217:	0.700795454545455	0.264430113636364	0.034774431818182		1
000218:	0.903665340909091	0.073330113636364	0.023004545454545		1
000219:	0.821926136363636	0.160830113636364	0.017243750000000		1
000220:	0.873888068181818	0.111939204545455	0.014172727272727		1
000221:	0.922077840909091	0.063375000000000	0.014547159090909		1
000222:	0.848726704545455	0.119428409090909	0.031844886363636		1
000223:	0.678938068181818	0.138053977272727	0.183007954545455		1
000224:	0.075188068181818	0.068197727272727	0.856614204545455		1
000225:	0.064136931818182	0.050919318181818	0.884943750000000		1
000226:	0.174481818181818	0.338647159090909	0.486871022727273		1
000227:	0.057738068181818	0.112912500000000	0.829349431818182		1
000228:	0.032436931818182	0.423227272727273	0.544335795454545		1
000229:	0.183427840909091	0.151070454545455	0.665501704545455		1
000230:	0.052206818181818	0.899073295454546	0.048719886363636		1
000231:	0.100747159090909	0.205322727272727	0.693930113636364		1
000232:	0.286962500000000	0.492048295454545	0.220989204545455		1
000233:	0.037435227272727	0.125477840909091	0.837086931818182		1
000234:	0.023888636363636	0.067846590909091	0.908264772727273		1
000235:	0.022069886363636	0.047626704545455	0.930303409090909		1
000236:	0.042401136363636	0.545400000000000	0.412198863636364		1
000237:	0.036980681818182	0.061540909090909	0.901478409090909		1
000238:	0.634592613636364	0.109915340909091	0.255492045454545		1
000239:	0.088577840909091	0.174181818181818	0.737240340909091		1
000240:	0.033093181818182	0.809909090909091	0.156997727272727		1
000241:	0.120382954545455	0.170539204545455	0.709077840909091		1
000242:	0.040427840909091	0.057968750000000	0.901603409090909		1
000243:	0.029058522727273	0.574606818181818	0.396334659090909		1
000244:	0.331657386363636	0.383901704545455	0.284440909090909		1
000245:	0.074411931818182	0.452510795454545	0.473077272727273		1
000246:	0.041942613636364	0.091890909090909	0.866166477272727		1
000247:	0.052438636363636	0.149913068181818	0.797648295454545		1
000248:	0.106030113636364	0.694871022727273	0.199098863636364		1
000249:	0.030762500000000	0.229232954545455	0.740004545454545		1
000250:	0.033693181818182	0.052908522727273	0.913398295454545		1
000251:	0.041389204545455	0.240532954545455	0.718077840909091		1
000252:	0.083463636363636	0.639965340909091	0.276571022727273		1
000253:	0.033989204545455	0.301920454545455	0.664090340909091		1
000254:	0.091113068181818	0.586493750000000	0.322393181818182		1
000255:	0.109044886363636	0.396884090909091	0.494071022727273		1
000256:	0.240193750000000	0.235850000000000	0.523956250000000		1
000257:	0.271357954545455	0.626484659090909	0.102157386363636		1
000258:	0.741455113636364	0.099506818181818	0.159038068181818		1
000259:	0.530006818181818	0.121268181818182	0.348725000000000		1
000260:	0.055768181818182	0.428761363636364	0.515470454545455		1
000261:	0.141505113636364	0.429561931818182	0.428932954545455		1
000262:	0.194087500000000	0.436248863636364	0.369663636363636		1
000263:	0.711793750000000	0.113134090909091	0.175072159090909		1
000264:	0.385172159090909	0.418934090909091	0.195893750000000		1
000265:	0.728167613636364	0.173954545454545	0.097877840909091		1
000266:	0.152456250000000	0.149181818181818	0.698361931818182		1
000267:	0.062253409090909	0.324206250000000	0.613540340909091		1
000268:	0.648214772727273	0.162753977272727	0.189031250000000		1
000269:	0.076975568181818	0.041822727272727	0.881201704545455		1
000270:	0.679589772727273	0.206918750000000	0.113491477272727		1
000271:	0.032343181818182	0.329452840909091	0.638203977272727		1
000272:	0.071229545454545	0.434171590909091	0.494598863636364		1
000273:	0.117550568181818	0.107742045454545	0.774707386363636		1
000274:	0.060651704545455	0.387747159090909	0.551601136363636		1
000275:	0.154390909090909	0.181680113636364	0.663928977272727		1
000276:	0.401043181818182	0.313439772727273	0.285517045454545		1
000277:	0.070555681818182	0.105208522727273	0.824235795454546		1
000278:	0.301871590909091	0.128588636363636	0.569539772727273		1
000279:	0.029682386363636	0.046211931818182	0.924105681818182		1
000280:	0.115264772727273	0.495177840909091	0.389557386363636		1
000281:	0.075184659090909	0.067847727272727	0.856967613636364		1
000282:	0.115427840909091	0.145577272727273	0.738994886363636		1
000283:	0.429722727272727	0.478452840909091	0.091824431818182		1
000284:	0.083428977272727	0.348230113636364	0.568340909090909		1
000285:	0.068452840909091	0.094563068181818	0.836984090909091		1
000286:	0.069222727272727	0.109062500000000	0.821714772727273		1
000287:	0.070143750000000	0.090547727272727	0.839308522727273		1
000288:	0.160275000000000	0.301805681818182	0.537919318181818		1
000289:	0.820861931818182	0.122483522727273	0.056654545454545		1
000290:	0.298364204545455	0.656057954545455	0.045577840909091		1
000291:	0.908931818181818	0.025743181818182	0.065325000000000		1
000292:	0.762277272727273	0.183006250000000	0.054716477272727		1
000293:	0.925920454545455	0.050496022727273	0.023583522727273		1
000294:	0.903838068181818	0.041101704545455	0.055060227272727		1
000295:	0.868367613636364	0.027861363636364	0.103771022727273		1
000296:	0.883376136363636	0.049247159090909	0.067376704545455		1
000297:	0.797330113636364	0.107051136363636	0.095618750000000		1
000298:	0.093607954545455	0.029280681818182	0.877111363636364		1
000299:	0.715505113636364	0.081369318181818	0.203125568181818		1
000300:	0.663721022727273	0.123952840909091	0.212326136363636		1
000301:	0.886773295454545	0.045032386363636	0.068194318181818		1
000302:	0.621865340909091	0.303959659090909	0.074175000000000		1
000303:	0.603817613636364	0.267931250000000	0.128251136363636		1
000304:	0.822036363636364	0.127463636363636	0.050500000000000		1
000305:	0.265918181818182	0.677147727272727	0.056934090909091		1
000306:	0.371733522727273	0.462664772727273	0.165601704545455		1
000307:	0.157048295454545	0.822475000000000	0.020476704545455		1
000308:	0.882193181818182	0.088986931818182	0.028819886363636		1
000309:	0.746968750000000	0.054120454545455	0.198910795454545		1
000310:	0.797501704545455	0.075307954545455	0.127190340909091		1
000311:	0.557164772727273	0.312884090909091	0.129951136363636		1
000312:	0.135611931818182	0.057834659090909	0.806553409090909		1
000313:	0.135890909090909	0.087051136363636	0.777057954545455		1
000314:	0.095754545454545	0.073419886363636	0.830825568181818		1
000315:	0.156548863636364	0.045005113636364	0.798446022727273		1
000316:	0.692495454545455	0.077050000000000	0.230454545454545		1
000317:	0.194575568181818	0.139192045454545	0.666232386363636		1
000318:	0.842051136363636	0.127745454545455	0.030203409090909		1
000319:	0.878798863636364	0.077672727272727	0.043528409090909		1
000320:	0.733150568181818	0.161477272727273	0.105372159090909		1
000321:	0.856832386363636	0.120074431818182	0.023093181818182		1
000322:	0.290682954545455	0.679003977272727	0.030313068181818		1
000323:	0.383042613636364	0.151030681818182	0.465926704545455		1
000324:	0.552934659090909	0.404836931818182	0.042228409090909		1
000325:	0.332938636363636	0.423886363636364	0.243175000000000		1
000326:	0.247267045454545	0.669690909090909	0.083042045454545		1
000327:	0.621462500000000	0.315472159090909	0.063065340909091		1
000328:	0.086385227272727	0.885667045454545	0.027947727272727		1
000329:	0.704397159090909	0.216683522727273	0.078919318181818		1
000330:	0.126644886363636	0.837248295454545	0.036106818181818		1
000331:	0.095522727272727	0.874159090909091	0.030318181818182		1
000332:	0.815995454545455	0.115350568181818	0.068653977272727		1
000333:	0.823543181818182	0.089335795454545	0.087121022727273		1
000334:	0.791127272727273	0.142359090909091	0.066513636363636		1
000335:	0.785632386363636	0.124406818181818	0.089960795454545		1
000336:	0.619211931818182	0.349285795454545	0.031502272727273		1
000337:	0.299964772727273	0.637102272727273	0.062932954545455		1
000338:	0.903653409090909	0.073679545454545	0.022667045454545		1
000339:	0.642369886363636	0.326602272727273	0.031027840909091		1
000340:	0.793998863636364	0.177806818181818	0.028194318181818		1
000341:	0.924244886363636	0.044115340909091	0.031639772727273		1
000342:	0.799517613636364	0.176919318181818	0.023563068181818		1
000343:	0.854484090909091	0.104228977272727	0.041286931818182		1
000344:	0.075052840909091	0.904037500000000	0.020909659090909		1
000345:	0.129400000000000	0.854098863636364	0.016501136363636		1
000346:	0.739382386363636	0.232349431818182	0.028268181818182		1
000347:	0.688797159090909	0.293881250000000	0.017321590909091		1
000348:	0.661357386363636	0.302956818181818	0.035685795454545		1
000349:	0.493777272727273	0.430382954545455	0.075839772727273		1
000350:	0.558609659090909	0.403747727272727	0.037642613636364		1
000351:	0.327498295454545	0.636563636363636	0.035938068181818		1
000352:	0.864837500000000	0.098913068181818	0.036249431818182		1
000353:	0.906088068181818	0.068526704545455	0.025385227272727		1
000354:	0.879182386363636	0.089084659090909	0.031732954545455		1
000355:	0.624637500000000	0.326377840909091	0.048984659090909		1
000356:	0.330626704545455	0.129663068181818	0.539710227272727		1
000357:	0.070056250000000	0.086401136363636	0.843542613636364		1
000358:	0.223708522727273	0.163937500000000	0.612353977272727		1
000359:	0.139782386363636	0.367060227272727	0.493157386363636		1
000360:	0.787305681818182	0.073092613636364	0.139601704545455		1
000361:	0.043473863636364	0.067369886363636	0.889156250000000		1
000362:	0.224036931818182	0.681954545454545	0.094008522727273		1
000363:	0.705748295454545	0.038116477272727	0.256135227272727		1
000364:	0.153339204545455	0.240932954545455	0.605727840909091		1
000365:	0.367276136363636	0.353107386363636	0.279616477272727		1
000366:	0.110147159090909	0.043493750000000	0.846359090909091		1
000367:	0.172069318181818	0.049294886363636	0.778635795454545		1
000368:	0.128468750000000	0.052979545454545	0.818551704545455		1
000369:	0.397105113636364	0.125810227272727	0.477084659090909		1
000370:	0.653622159090909	0.178492045454545	0.167885795454545		1
000371:	0.752997727272727	0.181129545454545	0.065872727272727		1
000372:	0.485613068181818	0.054190909090909	0.460196022727273		1
000373:	0.270536363636364	0.238535795454545	0.490927840909091		1
000374:	0.678668181818182	0.058510227272727	0.262821590909091		1
000375:	0.610575000000000	0.323804545454545	0.065620454545455		1
000376:	0.405346590909091	0.054761931818182	0.539891477272727		1
000377:	0.516225000000000	0.412948863636364	0.070826136363636		1
000378:	0.055530681818182	0.037247727272727	0.907221590909091		1
000379:	0.039281818181818	0.016511931818182	0.944206250000000		1
000380:	0.170490909090909	0.056139204545455	0.773369886363636		1
000381:	0.045793750000000	0.032211363636364	0.921994886363636		1
000382:	0.270738636363636	0.064556250000000	0.664705113636364		1
000383:	0.440941477272727	0.085096590909091	0.473961931818182		1
000384:	0.320212500000000	0.092693181818182	0.587094318181818		1
000385:	0.199397159090909	0.417064204545455	0.383538636363636		1
000386:	0.068431818181818	0.048057386363636	0.883510795454545		1
000387:	0.414721590909091	0.053745454545455	0.531532954545455		1
000388:	0.138977272727273	0.340693750000000	0.520328977272727		1
000389:	0.329984090909091	0.208062500000000	0.461953409090909		1
000390:	0.250876136363636	0.691545454545455	0.057578409090909		1
000391:	0.165264204545455	0.083786363636364	0.750949431818182		1
000392:	0.056663636363636	0.131866477272727	0.811469886363636		1
000393:	0.192164772727273	0.060335227272727	0.747500000000000		1
000394:	0.295959090909091	0.044143750000000	0.659897159090909		1
000395:	0.664134090909091	0.034380681818182	0.301485227272727		1
000396:	0.302300000000000	0.154789772727273	0.542910227272727		1
000397:	0.476248295454545	0.047069318181818	0.476682386363636		1
000398:	0.320893181818182	0.153971022727273	0.525135795454545		1
000399:	0.050918750000000	0.085142045454545	0.863939204545455		1
000400:	0.218359090909091	0.065800000000000	0.715840909090909		1
000401:	0.110836931818182	0.038352840909091	0.850810227272727		1
000402:	0.408490340909091	0.064834090909091	0.526675568181818		1
000403:	0.359942613636364	0.121090909090909	0.518966477272727		1
000404:	0.203202840909091	0.242947727272727	0.553849431818182		1
000405:	0.290019318181818	0.032599431818182	0.677381250000000		1
000406:	0.866539772727273	0.030506250000000	0.102953977272727		1
000407:	0.728246590909091	0.041579545454545	0.230173863636364		1
000408:	0.096193750000000	0.230519318181818	0.673286931818182		1
000409:	0.748417045454545	0.124075000000000	0.127507954545455		1
000410:	0.663100568181818	0.172221022727273	0.164678409090909		1
000411:	0.692822159090909	0.131860227272727	0.175317613636364		1
000412:	0.129211931818182	0.813155113636364	0.057632954545455		1
000413:	0.347034090909091	0.113196590909091	0.539769318181818		1
000414:	0.064606250000000	0.040415909090909	0.894977840909091		1
000415:	0.042738636363636	0.521606818181818	0.435654545454545		1
000416:	0.027873295454545	0.040019886363636	0.932106818181818		1
000417:	0.194692613636364	0.161087500000000	0.644219886363636		1
000418:	0.132445454545455	0.080901136363636	0.786653409090909		1
000419:	0.032937500000000	0.062401136363636	0.904661363636364		1
000420:	0.407055113636364	0.470856250000000	0.122088636363636		1
000421:	0.183712500000000	0.046892613636364	0.769394886363636		1
000422:	0.191828409090909	0.143775000000000	0.664396590909091		1
000423:	0.178172727272727	0.716002840909091	0.105824431818182		1
000424:	0.034026704545455	0.037244318181818	0.928728977272727		1
000425:	0.068761931818182	0.063333522727273	0.867904545454545		1
000426:	0.033327840909091	0.730517613636364	0.236154545454545		1
000427:	0.211403977272727	0.103921590909091	0.684674431818182		1
000428:	0.385656250000000	0.048501136363636	0.565842613636364		1
000429:	0.489548863636364	0.165738636363636	0.344712500000000		1
000430:	0.100525000000000	0.265350000000000	0.634125000000000		1
000431:	0.121844318181818	0.051213636363636	0.826942045454545		1
000432:	0.141427272727273	0.126661931818182	0.731910795454545		1
000433:	0.215100000000000	0.332361363636364	0.452538636363636		1
000434:	0.160593181818182	0.168373863636364	0.671032954545455		1
000435:	0.378092045454545	0.192846022727273	0.429061931818182		1
000436:	0.075678977272727	0.473717045454545	0.450603977272727		1
000437:	0.063956818181818	0.200174431818182	0.735868750000000		1
000438:	0.091552272727273	0.138227840909091	0.770219886363636		1
000439:	0.037746590909091	0.049351704545455	0.912901704545454		1
000440:	0.038636931818182	0.028351136363636	0.933011931818182		1
000441:	0.026033522727273	0.035668181818182	0.938298295454545		1
000442:	0.061224431818182	0.060027272727273	0.878748295454545		1
000443:	0.694486363636364	0.101696590909091	0.203817045454545		1
000444:	0.037394886363636	0.279596022727273	0.683009090909091		1
000445:	0.137444318181818	0.072761363636364	0.789794318181818		1
000446:	0.310456818181818	0.259157386363636	0.430385795454545		1
000447:	0.093514204545455	0.055893181818182	0.850592613636364		1
000448:	0.246356818181818	0.103877272727273	0.649765909090909		1
000449:	0.341761931818182	0.088161931818182	0.570076136363636		1
000450:	0.736200000000000	0.048815909090909	0.214984090909091		1
000451:	0.734973863636364	0.074644318181818	0.190381818181818		1
000452:	0.066602272727273	0.746126704545455	0.187271022727273		1
000453:	0.037439772727273	0.038555113636364	0.924005113636364		1
000454:	0.434371022727273	0.229734090909091	0.335894886363636		1
000455:	0.854894318181818	0.086251704545455	0.058853977272727		1
000456:	0.895007954545455	0.087337500000000	0.017654545454545		1
000457:	0.885965909090909	0.091464204545455	0.022569886363636		1
000458:	0.853302272727273	0.074792045454545	0.071905681818182		1
000459:	0.886956818181818	0.081647159090909	0.031396022727273		1
000460:	0.938575000000000	0.026490909090909	0.034934090909091		1
000461:	0.887738068181818	0.066725000000000	0.045536931818182		1
000462:	0.743473295454545	0.201234659090909	0.055292045454545		1
000463:	0.417683522727273	0.542681818181818	0.039634659090909		1
000464:	0.435675000000000	0.478800000000000	0.085525000000000		1
000465:	0.864509090909091	0.081413068181818	0.054077840909091		1
000466:	0.924193181818182	0.047089772727273	0.028717045454545		1
000467:	0.895960795454545	0.076913068181818	0.027126136363636		1
000468:	0.944461931818182	0.033236363636364	0.022301704545455		1
000469:	0.150886931818182	0.061916477272727	0.787196590909091		1
000470:	0.098026136363636	0.095512500000000	0.806461363636364		1
000471:	0.173510795454545	0.037575000000000	0.788914204545455		1
000472:	0.144887500000000	0.714939772727273	0.140172727272727		1
000473:	0.333562500000000	0.568078409090909	0.098359090909091		1
000474:	0.201121590909091	0.062985795454545	0.735892613636364		1
000475:	0.246744318181818	0.044436363636364	0.708819318181818		1
000476:	0.583331250000000	0.138254545454545	0.278414204545455		1
000477:	0.103270454545455	0.026183522727273	0.870546022727273		1
000478:	0.161273863636364	0.049349431818182	0.789376704545454		1
000479:	0.587151136363636	0.135933522727273	0.276915340909091		1
000480:	0.479982386363636	0.062631818181818	0.457385795454545		1
000481:	0.744607954545455	0.043945454545455	0.211446590909091		1
000482:	0.132626704545455	0.581361363636364	0.286011931818182		1
000483:	0.165915340909091	0.367765909090909	0.466318750000000		1
000484:	0.867630681818182	0.052860795454545	0.079508522727273		1
000485:	0.053521590909091	0.086255113636364	0.860223295454545		1
000486:	0.415021590909091	0.059718750000000	0.525259659090909		1
000487:	0.115350000000000	0.798076136363636	0.086573863636364		1
000488:	0.341915340909091	0.063374431818182	0.594710227272727		1
000489:	0.051875568181818	0.171068750000000	0.777055681818182		1
000490:	0.217834659090909	0.048666477272727	0.733498863636364		1
000491:	0.558265340909091	0.311126704545455	0.130607954545455		1
000492:	0.125093181818182	0.043159659090909	0.831747159090909		1
000493:	0.533940909090909	0.279118750000000	0.186940340909091		1
000494:	0.760780113636364	0.142647159090909	0.096572727272727		1
000495:	0.720078977272727	0.068001704545455	0.211919318181818		1
000496:	0.881230113636364	0.072282954545455	0.046486931818182		1
000497:	0.498783522727273	0.169160227272727	0.332056250000000		1
000498:	0.763063636363636	0.084463636363636	0.152472727272727		1
000499:	0.840903977272727	0.116265340909091	0.042830681818182		1
000500:	0.855497159090909	0.041309659090909	0.103193181818182		1
000501:	0.754722159090909	0.159166477272727	0.086111363636364		1
000502:	0.909742613636364	0.058958522727273	0.031298863636364		1
000503:	0.895761931818182	0.072042045454545	0.032196022727273		1
000504:	0.074314772727273	0.910242613636364	0.015442613636364		1
000505:	0.729340340909091	0.161973863636364	0.108685795454545		1
000506:	0.614310227272727	0.295727840909091	0.089961931818182		1
000507:	0.824862500000000	0.089973863636364	0.085163636363636		1
000508:	0.879336363636364	0.066811363636364	0.053852272727273		1
000509:	0.924831818181818	0.051220454545455	0.023947727272727		1
000510:	0.826842045454545	0.145374431818182	0.027783522727273		1
000511:	0.947020454545455	0.034435795454545	0.018543750000000		1
000512:	0.613602272727273	0.359456250000000	0.026941477272727		1
000513:	0.678874431818182	0.231261931818182	0.089863636363636		1
000514:	0.602332954545455	0.366577272727273	0.031089772727273		1
000515:	0.895493750000000	0.081463636363636	0.023042613636364		1
000516:	0.933361931818182	0.041950568181818	0.024687500000000		1
000517:	0.941417613636364	0.033934090909091	0.024648295454545		1
000518:	0.383059659090909	0.569097727272727	0.047842613636364		1
000519:	0.278381250000000	0.646360227272727	0.075258522727273		1
000520:	0.082710795454545	0.834816477272727	0.082472727272727		1
000521:	0.318501704545455	0.648939772727273	0.032558522727273		1
000522:	0.342881250000000	0.432726136363636	0.224392613636364		1
000523:	0.104697727272727	0.690111363636364	0.205190909090909		1
000524:	0.621740340909091	0.311734659090909	0.066525000000000		1
000525:	0.317873863636364	0.622185795454545	0.059940340909091		1
000526:	0.461922727272727	0.456203409090909	0.081873863636364		1
000527:	0.150535795454545	0.795165340909091	0.054298863636364		1
000528:	0.060308522727273	0.870918181818182	0.068773295454545		1
000529:	0.519868750000000	0.476389772727273	0.003741477272727		1
000530:	0.044171022727273	0.882888068181818	0.072940909090909		1
000531:	0.293989772727273	0.662930681818182	0.043079545454545		1
000532:	0.048946590909091	0.925184090909091	0.025869318181818		1
000533:	0.367114772727273	0.600551136363636	0.032334090909091		1
000534:	0.314611931818182	0.640524431818182	0.044863636363636		1
000535:	0.072544318181818	0.897723863636364	0.029731818181818		1
000536:	0.289617613636364	0.656446022727273	0.053936363636364		1
000537:	0.121093181818182	0.397323863636364	0.481582954545455		1
000538:	0.089763636363636	0.825358522727273	0.084877840909091		1
000539:	0.149113068181818	0.628303409090909	0.222583522727273		1
000540:	0.281735795454545	0.595132386363636	0.123131818181818		1
000541:	0.724035795454545	0.233071022727273	0.042893181818182		1
000542:	0.353123863636364	0.393538068181818	0.253338068181818		1
000543:	0.172580113636364	0.767565340909091	0.059854545454545		1
000544:	0.353119886363636	0.627955681818182	0.018924431818182		1
000545:	0.721446022727273	0.257378977272727	0.021175000000000		1
000546:	0.627880113636364	0.292253409090909	0.079866477272727		1
000547:	0.229857954545455	0.725973863636364	0.044168181818182		1
000548:	0.454141477272727	0.502426704545455	0.043431818181818		1
000549:	0.215727272727273	0.753719318181818	0.030553409090909		1
000550:	0.479392045454545	0.403984090909091	0.116623863636364		1
000551:	0.131405113636364	0.748935227272727	0.119659659090909		1
000552:	0.058281250000000	0.886885795454545	0.054832954545455		1
000553:	0.326642613636364	0.601984659090909	0.071372727272727		1
000554:	0.105770454545455	0.849701704545455	0.044527840909091		1
000555:	0.139691477272727	0.814609659090909	0.045698863636364		1
000556:	0.081607954545455	0.875983522727273	0.042408522727273		1
000557:	0.158369886363636	0.796877272727273	0.044752840909091		1
000558:	0.034065909090909	0.927406250000000	0.038527840909091		1
000559:	0.054327840909091	0.920931818181818	0.024740340909091		1
000560:	0.047902840909091	0.901457386363636	0.050639772727273		1
000561:	0.154269886363636	0.624272159090909	0.221457954545455		1
000562:	0.651336931818182	0.321137500000000	0.027525568181818		1
000563:	0.124648863636364	0.577196022727273	0.298155113636364		1
000564:	0.187338636363636	0.650511363636364	0.162150000000000		1
000565:	0.150561363636364	0.809903409090909	0.039535227272727		1
000566:	0.069586931818182	0.909374431818182	0.021038636363636		1
000567:	0.069034090909091	0.917585795454545	0.013380113636364		1
000568:	0.063257954545455	0.917863068181818	0.018878977272727		1
000569:	0.707077272727273	0.266707386363636	0.026215340909091		1
000570:	0.862756818181818	0.118189204545455	0.019053977272727		1
000571:	0.061801136363636	0.924564204545455	0.013634659090909		1
000572:	0.786574431818182	0.196458522727273	0.016967045454545		1
000573:	0.696113636363636	0.278360227272727	0.025526136363636		1
000574:	0.286929545454545	0.690451136363636	0.022619318181818		1
000575:	0.860738068181818	0.109124431818182	0.030137500000000		1
000576:	0.187713636363636	0.765909659090909	0.046376704545455		1
000577:	0.138082386363636	0.581551704545455	0.280365909090909		1
000578:	0.167242613636364	0.741889204545455	0.090868181818182		1
000579:	0.136800568181818	0.802506250000000	0.060693181818182		1
000580:	0.160907386363636	0.276416477272727	0.562676136363636		1
000581:	0.171178409090909	0.775684090909091	0.053137500000000		1
000582:	0.404548863636364	0.558566477272727	0.036884659090909		1
000583:	0.464205681818182	0.213702272727273	0.322092045454545		1
000584:	0.134970454545455	0.826986363636364	0.038043181818182		1
000585:	0.060447727272727	0.924396590909091	0.015155681818182		1
000586:	0.301891477272727	0.677611931818182	0.020496590909091		1
000587:	0.500450000000000	0.460776704545455	0.038773295454545		1
000588:	0.412772159090909	0.521722159090909	0.065505681818182		1
000589:	0.729030681818182	0.219176704545455	0.051792613636364		1
000590:	0.540767613636364	0.404359090909091	0.054873295454545		1
000591:	0.277351136363636	0.708077840909091	0.014571022727273		1
000592:	0.185926136363636	0.796906818181818	0.017167045454545		1
000593:	0.210917045454545	0.749195454545455	0.039887500000000		1
000594:	0.803391477272727	0.140775568181818	0.055832954545455		1
000595:	0.279323863636364	0.406953409090909	0.313722727272727		1
000596:	0.285414772727273	0.612324431818182	0.102260795454545		1
000597:	0.263118750000000	0.649435227272727	0.087446022727273		1
000598:	0.174846590909091	0.753813636363636	0.071339772727273		1
000599:	0.064856818181818	0.881006250000000	0.054136931818182		1
000600:	0.075153409090909	0.844931250000000	0.079915340909091		1
000601:	0.037852840909091	0.942526136363636	0.019621022727273		1
000602:	0.424322727272727	0.464098863636364	0.111578409090909		1
000603:	0.212655113636364	0.759047159090909	0.028297727272727		1
000604:	0.611435795454545	0.329400568181818	0.059163636363636		1
