Estimated Clustering Probabilities for Samples
Sample	***Cluster  01***	***Cluster  02***	***Cluster  03***	***Cluster  04***	***Cluster  05***	***Cluster  06***	***Cluster  07***	
000001:	0.410802272727273	0.069134090909091	0.101491477272727	0.092873295454545	0.175556818181818	0.050880681818182	0.099261363636364		1
000002:	0.156143181818182	0.274565340909091	0.098927272727273	0.039611363636364	0.332218750000000	0.027612500000000	0.070921590909091		1
000003:	0.217154545454545	0.085344318181818	0.055386363636364	0.038470454545455	0.430161931818182	0.032098863636364	0.141383522727273		1
000004:	0.058811931818182	0.042314204545455	0.707531818181818	0.018637500000000	0.131927840909091	0.019365340909091	0.021411363636364		1
000005:	0.091490909090909	0.056463068181818	0.124686931818182	0.066307386363636	0.618519318181818	0.018068181818182	0.024464204545455		1
000006:	0.151668181818182	0.075645454545455	0.425859659090909	0.079061363636364	0.173851704545455	0.059425568181818	0.034488068181818		1
000007:	0.198997159090909	0.178208522727273	0.072706818181818	0.024344318181818	0.339554545454545	0.032555113636364	0.153633522727273		1
000008:	0.046807954545455	0.197561931818182	0.122283522727273	0.021931250000000	0.499001136363636	0.049586363636364	0.062827840909091		1
000009:	0.026022727272727	0.191725000000000	0.166228409090909	0.033366477272727	0.504141477272727	0.039500000000000	0.039015909090909		1
000010:	0.017342613636364	0.059125568181818	0.083986931818182	0.221711931818182	0.528672159090909	0.042034659090909	0.047126136363636		1
000011:	0.231751704545455	0.040218750000000	0.142551136363636	0.114610227272727	0.275344318181818	0.029582954545455	0.165940909090909		1
000012:	0.039887500000000	0.020544318181818	0.111644318181818	0.133550568181818	0.602781818181818	0.074538636363636	0.017052840909091		1
000013:	0.108494886363636	0.032266477272727	0.299856818181818	0.158061931818182	0.128522159090909	0.245961363636364	0.026836363636364		1
000014:	0.018419886363636	0.015393750000000	0.893040340909091	0.017452272727273	0.025727840909091	0.017682386363636	0.012283522727273		1
000015:	0.029248295454545	0.022782954545455	0.240887500000000	0.141984659090909	0.522892613636364	0.029862500000000	0.012341477272727		1
000016:	0.026719318181818	0.012586363636364	0.857621590909091	0.010728977272727	0.058161363636364	0.017241477272727	0.016940909090909		1
000017:	0.061609090909091	0.035398863636364	0.076402840909091	0.190265340909091	0.543442613636364	0.034043750000000	0.058837500000000		1
000018:	0.027706818181818	0.020369886363636	0.056671590909091	0.080099431818182	0.040749431818182	0.758749431818182	0.015653409090909		1
000019:	0.065550568181818	0.024157954545455	0.037222727272727	0.037376704545455	0.737576704545455	0.062801704545455	0.035313636363636		1
000020:	0.038979545454545	0.025770454545455	0.328390909090909	0.243687500000000	0.247102840909091	0.030263636363636	0.085805113636364		1
000021:	0.347580113636364	0.022844886363636	0.025569318181818	0.361181250000000	0.108593181818182	0.033751704545455	0.100479545454545		1
000022:	0.033452272727273	0.026419318181818	0.055754545454545	0.094238068181818	0.670847727272727	0.103953409090909	0.015334659090909		1
000023:	0.745310795454545	0.021717613636364	0.043755113636364	0.055623863636364	0.079469886363636	0.030319886363636	0.023802840909091		1
000024:	0.006232386363636	0.005733522727273	0.915552840909091	0.006493181818182	0.027878409090909	0.008562500000000	0.029547159090909		1
000025:	0.330960795454545	0.142534090909091	0.140876704545455	0.063421590909091	0.101517613636364	0.191894318181818	0.028794886363636		1
000026:	0.026977272727273	0.012698295454545	0.023310227272727	0.100663068181818	0.778311931818182	0.047259659090909	0.010779545454545		1
000027:	0.050092045454545	0.029275568181818	0.066669318181818	0.466433522727273	0.167955113636364	0.197783522727273	0.021790909090909		1
000028:	0.175915909090909	0.038156818181818	0.073026704545455	0.105294886363636	0.358362500000000	0.018856818181818	0.230386363636364		1
000029:	0.051467613636364	0.041294318181818	0.136451704545455	0.117194886363636	0.579351136363636	0.037258522727273	0.036981818181818		1
000030:	0.290984659090909	0.025347159090909	0.080217045454545	0.034723863636364	0.444850568181818	0.038069318181818	0.085807386363636		1
000031:	0.052759090909091	0.017058522727273	0.048124431818182	0.221385227272727	0.100786931818182	0.545389204545455	0.014496590909091		1
000032:	0.032332386363636	0.024019886363636	0.085679545454545	0.689722727272727	0.086399431818182	0.039273863636364	0.042572159090909		1
000033:	0.055277840909091	0.034503409090909	0.045494886363636	0.302560795454545	0.411408522727273	0.029772159090909	0.120982386363636		1
000034:	0.009761363636364	0.009172159090909	0.931651704545455	0.014890340909091	0.010875568181818	0.011008522727273	0.012640340909091		1
000035:	0.633426704545455	0.091035795454545	0.024992045454545	0.134641477272727	0.053599431818182	0.027484090909091	0.034820454545455		1
000036:	0.001337500000000	0.129647727272727	0.001164204545455	0.005826704545455	0.860109090909091	0.000667613636364	0.001247159090909		1
000037:	0.036886363636364	0.031390909090909	0.097136363636364	0.377691477272727	0.385188636363636	0.049413636363636	0.022292613636364		1
000038:	0.320718750000000	0.032818181818182	0.037919886363636	0.023684090909091	0.338668750000000	0.024718181818182	0.221472159090909		1
000039:	0.070542045454545	0.035137500000000	0.121856250000000	0.101378977272727	0.441242045454545	0.210767613636364	0.019075568181818		1
000040:	0.026128977272727	0.022823863636364	0.753918750000000	0.018052840909091	0.086235227272727	0.071835795454545	0.021004545454545		1
000041:	0.033186931818182	0.025465340909091	0.164752272727273	0.210863068181818	0.448592045454545	0.058686363636364	0.058453977272727		1
000042:	0.486692613636364	0.039885227272727	0.068402272727273	0.197460795454545	0.069664204545455	0.106094318181818	0.031800568181818		1
000043:	0.061536363636364	0.040528977272727	0.114851704545455	0.105311931818182	0.606034090909091	0.033838068181818	0.037898863636364		1
000044:	0.037384659090909	0.040643181818182	0.088316477272727	0.022106818181818	0.787261363636364	0.015078409090909	0.009209090909091		1
000045:	0.016244318181818	0.016146590909091	0.027763636363636	0.198138636363636	0.491701704545455	0.230101136363636	0.019903977272727		1
000046:	0.325885227272727	0.022369886363636	0.051861931818182	0.110485795454545	0.149759090909091	0.196878977272727	0.142759090909091		1
000047:	0.308875000000000	0.116305113636364	0.112478409090909	0.259378409090909	0.091838068181818	0.065089204545455	0.046035795454545		1
000048:	0.127867045454545	0.023928977272727	0.040943750000000	0.020828409090909	0.715146022727273	0.025074431818182	0.046211363636364		1
000049:	0.053927272727273	0.022838068181818	0.043831250000000	0.032781250000000	0.771530113636364	0.040652272727273	0.034439772727273		1
000050:	0.239098863636364	0.045925568181818	0.202796022727273	0.373072159090909	0.082069318181818	0.042960227272727	0.014077840909091		1
000051:	0.015528977272727	0.036126704545455	0.835723863636364	0.013396590909091	0.072935227272727	0.014061363636364	0.012227272727273		1
000052:	0.021055113636364	0.025735795454545	0.851074431818182	0.014582386363636	0.055483522727273	0.017121022727273	0.014947727272727		1
000053:	0.357643750000000	0.036776136363636	0.159330113636364	0.101513636363636	0.189652272727273	0.129863068181818	0.025221022727273		1
000054:	0.420785227272727	0.066309090909091	0.065537500000000	0.155829545454545	0.099581250000000	0.158812500000000	0.033144886363636		1
000055:	0.000784659090909	0.000939772727273	0.263247727272727	0.001169886363636	0.728788068181818	0.004082386363636	0.000987500000000		1
000056:	0.024085227272727	0.024236931818182	0.083990909090909	0.045357954545455	0.780535227272727	0.026652840909091	0.015140909090909		1
000057:	0.436572727272727	0.522703409090909	0.035721590909091	0.001103409090909	0.001854545454545	0.000855681818182	0.001188636363636		1
000058:	0.112149431818182	0.014388636363636	0.018123295454545	0.048883522727273	0.701888636363636	0.080851136363636	0.023715340909091		1
000059:	0.038767613636364	0.008888068181818	0.033518181818182	0.202528409090909	0.632290909090909	0.069708522727273	0.014298295454545		1
000060:	0.007460227272727	0.010312500000000	0.030746022727273	0.021462500000000	0.910963636363636	0.008715909090909	0.010339204545455		1
000061:	0.051913068181818	0.020596022727273	0.049478977272727	0.080531250000000	0.705199431818182	0.071371590909091	0.020909659090909		1
000062:	0.024387500000000	0.014865340909091	0.865763068181818	0.015214772727273	0.054807954545455	0.010581250000000	0.014380113636364		1
000063:	0.013605681818182	0.018469318181818	0.893975568181818	0.016411363636364	0.024899431818182	0.018375000000000	0.014263636363636		1
000064:	0.028597727272727	0.031873863636364	0.842915909090909	0.018275000000000	0.039000568181818	0.011314204545455	0.028022727272727		1
000065:	0.031947159090909	0.040836931818182	0.044606250000000	0.027760227272727	0.815331818181818	0.019425000000000	0.020092613636364		1
000066:	0.059689772727273	0.045798863636364	0.185310227272727	0.242801704545455	0.324364772727273	0.124640909090909	0.017393750000000		1
000067:	0.012053977272727	0.021724431818182	0.876786931818182	0.013933522727273	0.036103977272727	0.010752272727273	0.028644886363636		1
000068:	0.029863636363636	0.016763636363636	0.031165909090909	0.094931250000000	0.752883522727273	0.051681818181818	0.022710227272727		1
000069:	0.037714772727273	0.022231250000000	0.089580113636364	0.173706818181818	0.619930681818182	0.032852840909091	0.023983522727273		1
000070:	0.054280681818182	0.032382386363636	0.519310795454546	0.138198295454545	0.164104545454545	0.045415340909091	0.046307954545455		1
000071:	0.065345454545455	0.024631250000000	0.047486363636364	0.162461363636364	0.626500000000000	0.030764772727273	0.042810795454545		1
000072:	0.036485795454545	0.034727840909091	0.071433522727273	0.037556818181818	0.781286363636364	0.014152840909091	0.024356818181818		1
000073:	0.006359659090909	0.011992613636364	0.038180113636364	0.019332954545455	0.901821590909091	0.014002840909091	0.008310227272727		1
000074:	0.088623295454545	0.028475000000000	0.150250000000000	0.140954545454545	0.131665340909091	0.432498295454545	0.027533522727273		1
000075:	0.129578977272727	0.056473295454545	0.083402272727273	0.112574431818182	0.476663636363636	0.117382386363636	0.023925000000000		1
000076:	0.069648863636364	0.044698863636364	0.029655113636364	0.094596590909091	0.251658522727273	0.094677840909091	0.415064204545455		1
000077:	0.109817613636364	0.091401136363636	0.059603409090909	0.066940909090909	0.394503977272727	0.089775000000000	0.187957954545455		1
000078:	0.044084659090909	0.023681250000000	0.080237500000000	0.058672159090909	0.740263068181818	0.017975568181818	0.035085795454545		1
000079:	0.255456250000000	0.033105681818182	0.089321590909091	0.167955113636364	0.350080113636364	0.069310227272727	0.034771022727273		1
000080:	0.174219318181818	0.026656818181818	0.029346022727273	0.249573295454545	0.291410795454545	0.159414772727273	0.069378977272727		1
000081:	0.015231818181818	0.021994886363636	0.028546022727273	0.043110227272727	0.860711931818182	0.010268181818182	0.020136931818182		1
000082:	0.023803977272727	0.027454545454545	0.051035795454545	0.049782954545455	0.822023295454545	0.015422727272727	0.010476704545455		1
000083:	0.017218750000000	0.021908522727273	0.016920454545455	0.067894886363636	0.833834659090909	0.021776136363636	0.020446590909091		1
000084:	0.015228409090909	0.015875000000000	0.900787500000000	0.015032954545455	0.021630681818182	0.013155113636364	0.018290340909091		1
000085:	0.035494886363636	0.057379545454545	0.055522159090909	0.364075000000000	0.410759090909091	0.035951136363636	0.040818181818182		1
000086:	0.149602840909091	0.042177840909091	0.329484659090909	0.099283522727273	0.265459659090909	0.054709090909091	0.059282386363636		1
000087:	0.013719886363636	0.010492613636364	0.025708522727273	0.030314204545455	0.883657954545455	0.016219886363636	0.019886931818182		1
000088:	0.040588636363636	0.025555681818182	0.041425000000000	0.608213636363636	0.191294886363636	0.061844886363636	0.031077272727273		1
000089:	0.092898863636364	0.054972727272727	0.059690909090909	0.520106818181818	0.180672159090909	0.047292045454545	0.044366477272727		1
000090:	0.074293181818182	0.031377272727273	0.105690340909091	0.113148863636364	0.238694318181818	0.411492613636364	0.025303409090909		1
000091:	0.621118181818182	0.031022727272727	0.026753977272727	0.072923295454545	0.050077272727273	0.159373863636364	0.038730681818182		1
000092:	0.059237500000000	0.032195454545455	0.058628409090909	0.067513636363636	0.728332386363636	0.033458522727273	0.020634090909091		1
000093:	0.026226704545455	0.035925568181818	0.087352840909091	0.063486363636364	0.542718750000000	0.216172159090909	0.028117613636364		1
000094:	0.048764772727273	0.019455113636364	0.046154545454545	0.100305681818182	0.699732954545455	0.052109090909091	0.033477840909091		1
000095:	0.024868750000000	0.035622159090909	0.098227840909091	0.046619318181818	0.756376704545455	0.015414204545455	0.022871022727273		1
000096:	0.019215340909091	0.016078409090909	0.818732954545455	0.009726704545455	0.109678977272727	0.013488068181818	0.013079545454545		1
000097:	0.016122159090909	0.018598295454545	0.017596022727273	0.143514772727273	0.743336363636364	0.044132954545455	0.016699431818182		1
000098:	0.024459659090909	0.018184659090909	0.014443750000000	0.069255681818182	0.840410227272727	0.020870454545455	0.012375568181818		1
000099:	0.196505113636364	0.037053409090909	0.236378977272727	0.121805113636364	0.334640340909091	0.034153409090909	0.039463636363636		1
000100:	0.040218181818182	0.017776704545455	0.670283522727273	0.015125568181818	0.220522159090909	0.017343750000000	0.018730113636364		1
000101:	0.024765340909091	0.023715909090909	0.045705681818182	0.798247727272727	0.059447159090909	0.022463068181818	0.025655113636364		1
000102:	0.089189772727273	0.030377840909091	0.294464204545455	0.210567613636364	0.253163068181818	0.073130681818182	0.049106818181818		1
000103:	0.087376704545455	0.026923863636364	0.057289204545455	0.056272159090909	0.615195454545455	0.065992613636364	0.090950000000000		1
000104:	0.028918750000000	0.031803409090909	0.616029545454545	0.031468750000000	0.255576704545455	0.021165340909091	0.015037500000000		1
000105:	0.048494318181818	0.027790340909091	0.073349431818182	0.377157954545455	0.326643750000000	0.118230681818182	0.028333522727273		1
000106:	0.070664204545455	0.035599431818182	0.057731818181818	0.226167613636364	0.423022159090909	0.120898863636364	0.065915909090909		1
000107:	0.048490340909091	0.023546590909091	0.366680113636364	0.307670454545455	0.165117613636364	0.025193750000000	0.063301136363636		1
000108:	0.017109659090909	0.009506250000000	0.854603977272727	0.022635227272727	0.031155113636364	0.024394318181818	0.040595454545455		1
000109:	0.002671590909091	0.004207954545455	0.006552272727273	0.007092613636364	0.728769318181818	0.247694886363636	0.003011363636364		1
000110:	0.355295454545455	0.030398863636364	0.110076704545455	0.046126136363636	0.062855113636364	0.303235795454545	0.092011931818182		1
000111:	0.154492613636364	0.063838068181818	0.409598863636364	0.094226136363636	0.201101704545455	0.031048863636364	0.045693750000000		1
000112:	0.044975568181818	0.018748295454545	0.049901136363636	0.824863636363636	0.019948863636364	0.018569318181818	0.022993181818182		1
000113:	0.083612500000000	0.065252840909091	0.081797727272727	0.040979545454545	0.666313068181818	0.032208522727273	0.029835795454545		1
000114:	0.420246022727273	0.110321022727273	0.031383522727273	0.090194318181818	0.205222727272727	0.067813636363636	0.074818750000000		1
000115:	0.114456818181818	0.032330681818182	0.081494318181818	0.089378977272727	0.555900568181818	0.082528977272727	0.043909659090909		1
000116:	0.060466477272727	0.027739204545455	0.280510227272727	0.032743181818182	0.552887500000000	0.026128977272727	0.019524431818182		1
000117:	0.030964204545455	0.082950000000000	0.059519318181818	0.576194318181818	0.138258522727273	0.069416477272727	0.042697159090909		1
000118:	0.099424431818182	0.046161931818182	0.142105681818182	0.058437500000000	0.556171590909091	0.027853409090909	0.069845454545455		1
000119:	0.075659090909091	0.018138068181818	0.145543750000000	0.316830681818182	0.352664204545455	0.061914772727273	0.029249431818182		1
000120:	0.033075568181818	0.024465340909091	0.083458522727273	0.022223295454545	0.811323863636364	0.014993181818182	0.010460227272727		1
000121:	0.150090340909091	0.044371022727273	0.050867613636364	0.097165909090909	0.466811931818182	0.144631250000000	0.046061931818182		1
000122:	0.013600568181818	0.011832954545455	0.033496590909091	0.080265909090909	0.825971022727273	0.024014772727273	0.010818181818182		1
000123:	0.033057386363636	0.025080681818182	0.018104545454545	0.019416477272727	0.860158522727273	0.021406250000000	0.022776136363636		1
000124:	0.404828409090909	0.067105681818182	0.039803977272727	0.251402272727273	0.129477272727273	0.055542045454545	0.051840340909091		1
000125:	0.172610227272727	0.194853409090909	0.156657954545455	0.066521590909091	0.244350568181818	0.023792613636364	0.141213636363636		1
000126:	0.039417045454545	0.029955681818182	0.026515909090909	0.029778977272727	0.046767045454545	0.015653409090909	0.811911931818182		1
000127:	0.046708522727273	0.045367045454545	0.187379545454545	0.072337500000000	0.575518750000000	0.035126136363636	0.037562500000000		1
000128:	0.312472727272727	0.077867045454545	0.055887500000000	0.040784090909091	0.462610227272727	0.026247727272727	0.024130681818182		1
000129:	0.067457386363636	0.029173295454545	0.028586931818182	0.159676704545455	0.295186363636364	0.376521590909091	0.043397727272727		1
000130:	0.212832386363636	0.034925000000000	0.079027840909091	0.028197727272727	0.548860227272727	0.051186363636364	0.044970454545455		1
000131:	0.035413636363636	0.016200000000000	0.031113068181818	0.117274431818182	0.739584090909091	0.036831818181818	0.023582954545455		1
000132:	0.020972159090909	0.018045454545455	0.707288636363636	0.071323863636364	0.142196590909091	0.020780113636364	0.019393181818182		1
000133:	0.305348295454545	0.041684090909091	0.071109659090909	0.129159659090909	0.088759090909091	0.110691477272727	0.253247727272727		1
000134:	0.160602840909091	0.030822727272727	0.045553977272727	0.038871022727273	0.626626704545455	0.066709090909091	0.030813636363636		1
000135:	0.032534090909091	0.066822727272727	0.024489772727273	0.189223863636364	0.172796590909091	0.491458522727273	0.022674431818182		1
000136:	0.003231250000000	0.009066477272727	0.038467045454545	0.001081818181818	0.011689204545455	0.933124431818182	0.003339772727273		1
000137:	0.100922159090909	0.022950000000000	0.047298863636364	0.323498295454545	0.224359090909091	0.188402840909091	0.092568750000000		1
000138:	0.096181818181818	0.037280113636364	0.043215340909091	0.094087500000000	0.544268750000000	0.063135795454545	0.121830681818182		1
000139:	0.043697727272727	0.105881818181818	0.125135795454545	0.263963636363636	0.325402840909091	0.062553977272727	0.073364204545455		1
000140:	0.042229545454545	0.013302840909091	0.039521590909091	0.018906250000000	0.231388636363636	0.639773863636364	0.014877272727273		1
000141:	0.074141477272727	0.071778409090909	0.492961931818182	0.051707386363636	0.082702840909091	0.030088068181818	0.196619886363636		1
000142:	0.054942613636364	0.027540909090909	0.045686363636364	0.085941477272727	0.626475000000000	0.134641477272727	0.024772159090909		1
000143:	0.074571590909091	0.032199431818182	0.032854545454545	0.085930113636364	0.717564204545455	0.032553977272727	0.024326136363636		1
000144:	0.051147727272727	0.019845454545455	0.133998863636364	0.090407954545455	0.669872727272727	0.019938636363636	0.014788636363636		1
000145:	0.109960227272727	0.029580681818182	0.736394318181818	0.021034090909091	0.051676704545455	0.025579545454545	0.025774431818182		1
000146:	0.033946022727273	0.044121022727273	0.083401704545455	0.037742045454545	0.537677272727273	0.222994318181818	0.040117613636364		1
000147:	0.044414204545455	0.129623295454545	0.076250000000000	0.114211363636364	0.589218181818182	0.026785227272727	0.019497727272727		1
000148:	0.027706818181818	0.025006818181818	0.028517045454545	0.014147727272727	0.872184090909091	0.018722727272727	0.013714772727273		1
000149:	0.077589204545455	0.230311931818182	0.088653409090909	0.243734090909091	0.183372159090909	0.157134090909091	0.019205113636364		1
000150:	0.210134090909091	0.019413636363636	0.056740340909091	0.432239772727273	0.138777272727273	0.115568181818182	0.027126704545455		1
000151:	0.117614772727273	0.056119318181818	0.135344318181818	0.191455681818182	0.386600000000000	0.033385795454545	0.079480113636364		1
000152:	0.469890909090909	0.015796022727273	0.064167613636364	0.071101136363636	0.311376704545455	0.020220454545455	0.047447159090909		1
000153:	0.070352840909091	0.027878977272727	0.051664204545455	0.415432954545455	0.337280681818182	0.074306250000000	0.023084090909091		1
000154:	0.028073863636364	0.024810227272727	0.500902272727273	0.017003409090909	0.397096022727273	0.016326136363636	0.015788068181818		1
000155:	0.079485795454545	0.025196590909091	0.207898295454545	0.087319318181818	0.498980113636364	0.077634090909091	0.023485795454545		1
000156:	0.069027272727273	0.037386931818182	0.302688068181818	0.268471590909091	0.263639204545455	0.028463068181818	0.030323863636364		1
000157:	0.018173863636364	0.020726704545455	0.870165909090909	0.024718750000000	0.024950568181818	0.024736363636364	0.016527840909091		1
000158:	0.106791477272727	0.149454545454545	0.124200568181818	0.329849431818182	0.106342613636364	0.072204545454545	0.111156818181818		1
000159:	0.175938636363636	0.098790340909091	0.356117045454545	0.145686931818182	0.043148863636364	0.138051704545455	0.042266477272727		1
000160:	0.041580681818182	0.528877840909091	0.059455113636364	0.018709090909091	0.036184659090909	0.021421022727273	0.293771590909091		1
000161:	0.041534659090909	0.734167045454545	0.084506250000000	0.043534090909091	0.032798863636364	0.037380681818182	0.026078409090909		1
000162:	0.003299431818182	0.244948295454545	0.004520454545455	0.018552272727273	0.015502272727273	0.697035795454545	0.016141477272727		1
000163:	0.052459659090909	0.028463068181818	0.031714772727273	0.040522727272727	0.812410795454545	0.020398295454545	0.014030681818182		1
000164:	0.013178977272727	0.047666477272727	0.871806818181818	0.011316477272727	0.029264204545455	0.013114204545455	0.013652840909091		1
000165:	0.071343750000000	0.182053977272727	0.075957386363636	0.023608522727273	0.595279545454545	0.026736931818182	0.025019886363636		1
000166:	0.018254545454545	0.043426704545455	0.031003977272727	0.020968750000000	0.850078409090909	0.017623863636364	0.018643750000000		1
000167:	0.052553409090909	0.037346590909091	0.143268750000000	0.091196022727273	0.584577840909091	0.034984090909091	0.056073295454545		1
000168:	0.032303977272727	0.021173863636364	0.160237500000000	0.041054545454545	0.678953977272727	0.038051136363636	0.028225000000000		1
000169:	0.028909659090909	0.028766477272727	0.031710227272727	0.098733522727273	0.731455681818182	0.024777840909091	0.055646590909091		1
000170:	0.030552272727273	0.041219886363636	0.019678977272727	0.016666477272727	0.842343181818182	0.029002272727273	0.020536931818182		1
000171:	0.044628977272727	0.026853409090909	0.596179545454545	0.027028409090909	0.246626704545455	0.028035227272727	0.030647727272727		1
000172:	0.017908522727273	0.037915340909091	0.037623295454545	0.050825568181818	0.678936363636364	0.089651704545455	0.087139204545455		1
000173:	0.014844318181818	0.019038636363636	0.029282954545455	0.041622727272727	0.871365340909091	0.012444886363636	0.011401136363636		1
000174:	0.024958522727273	0.018889204545455	0.034966477272727	0.062245454545455	0.696043750000000	0.149133522727273	0.013763068181818		1
000175:	0.025237500000000	0.015578409090909	0.869392613636364	0.017230681818182	0.030778977272727	0.019184090909091	0.022597727272727		1
000176:	0.049148295454545	0.039276136363636	0.123821022727273	0.290456250000000	0.349379545454545	0.025597159090909	0.122321590909091		1
000177:	0.059555681818182	0.014645454545455	0.068310795454545	0.116396022727273	0.669452840909091	0.048278977272727	0.023360227272727		1
000178:	0.065572727272727	0.025869886363636	0.107688636363636	0.070617613636364	0.670030113636364	0.044592045454545	0.015628977272727		1
000179:	0.045716477272727	0.025630681818182	0.790837500000000	0.061614204545455	0.045196590909091	0.011439204545455	0.019565340909091		1
000180:	0.018554545454545	0.016067613636364	0.883161931818182	0.015431250000000	0.028840340909091	0.017709090909091	0.020235227272727		1
000181:	0.011131818181818	0.012994886363636	0.858087500000000	0.008723295454545	0.023384090909091	0.060724431818182	0.024953977272727		1
000182:	0.112164204545455	0.039810795454545	0.221196022727273	0.167182386363636	0.262060227272727	0.127258522727273	0.070327840909091		1
000183:	0.029879545454545	0.015242045454545	0.725889772727273	0.013473863636364	0.184272159090909	0.016787500000000	0.014455113636364		1
000184:	0.168640340909091	0.023874431818182	0.065727840909091	0.012651136363636	0.699197727272727	0.020185795454545	0.009722727272727		1
000185:	0.173148863636364	0.132917045454545	0.078218750000000	0.136743750000000	0.198172159090909	0.228146022727273	0.052653409090909		1
000186:	0.428573863636364	0.021257954545455	0.383249431818182	0.048097727272727	0.056502272727273	0.028552272727273	0.033766477272727		1
000187:	0.028647727272727	0.015811931818182	0.873326704545455	0.015492045454545	0.028669886363636	0.016906250000000	0.021145454545455		1
000188:	0.280877840909091	0.059531818181818	0.236608522727273	0.045924431818182	0.166292613636364	0.026531250000000	0.184233522727273		1
000189:	0.013371022727273	0.020226136363636	0.021093181818182	0.038239204545455	0.882851704545455	0.012277840909091	0.011940909090909		1
000190:	0.042053409090909	0.039687500000000	0.035811363636364	0.088963636363636	0.706176704545455	0.024625568181818	0.062681818181818		1
000191:	0.011570454545455	0.022806818181818	0.029794886363636	0.041410795454545	0.859743181818182	0.016407954545455	0.018265909090909		1
000192:	0.130153977272727	0.071617613636364	0.084929545454545	0.550852272727273	0.073077840909091	0.045281250000000	0.044087500000000		1
000193:	0.181975568181818	0.050753409090909	0.128028977272727	0.422448295454545	0.142618750000000	0.044094886363636	0.030080113636364		1
000194:	0.000435227272727	0.027286363636364	0.000967045454545	0.969905113636364	0.000667613636364	0.000320454545455	0.000418181818182		1
000195:	0.017667045454545	0.012559090909091	0.028041477272727	0.234438068181818	0.672048863636364	0.018460795454545	0.016784659090909		1
000196:	0.154998863636364	0.094173863636364	0.215061363636364	0.127438068181818	0.097556250000000	0.014812500000000	0.295959090909091		1
000197:	0.014440340909091	0.031563636363636	0.347721590909091	0.057055681818182	0.522014204545455	0.011965340909091	0.015239204545455		1
000198:	0.059110795454545	0.267123295454545	0.128963636363636	0.207106818181818	0.097172727272727	0.200256818181818	0.040265909090909		1
000199:	0.034221022727273	0.125498295454545	0.149573295454545	0.052721022727273	0.525488636363636	0.055846022727273	0.056651704545455		1
000200:	0.099869886363636	0.393935227272727	0.089827840909091	0.082043181818182	0.200872159090909	0.072728409090909	0.060723295454545		1
000201:	0.021802272727273	0.021189204545455	0.879722159090909	0.013971590909091	0.031046022727273	0.018097727272727	0.014171022727273		1
000202:	0.175675000000000	0.074919886363636	0.156264772727273	0.088646590909091	0.364540909090909	0.079382954545455	0.060569886363636		1
000203:	0.167330681818182	0.042251704545455	0.093074431818182	0.025094886363636	0.621568750000000	0.035436931818182	0.015242613636364		1
000204:	0.190748295454545	0.054111363636364	0.252643750000000	0.022073295454545	0.397726704545455	0.027436363636364	0.055260227272727		1
000205:	0.056072727272727	0.066225568181818	0.350255113636364	0.027436931818182	0.427893750000000	0.032892613636364	0.039223295454545		1
000206:	0.142722159090909	0.050889772727273	0.135189204545455	0.024160795454545	0.470090340909091	0.130523863636364	0.046423863636364		1
000207:	0.001223295454545	0.003590909090909	0.003042613636364	0.004144886363636	0.018609090909091	0.338809090909091	0.630580113636364		1
000208:	0.044878409090909	0.044662500000000	0.257211931818182	0.056474431818182	0.488765340909091	0.040078977272727	0.067928409090909		1
000209:	0.139342613636364	0.024224431818182	0.543459659090909	0.078240340909091	0.137671590909091	0.029575000000000	0.047486363636364		1
000210:	0.095743181818182	0.035681818181818	0.242667613636364	0.062500568181818	0.492348295454545	0.047896022727273	0.023162500000000		1
000211:	0.022714772727273	0.039567613636364	0.125502840909091	0.043005113636364	0.709179545454545	0.027709659090909	0.032320454545455		1
000212:	0.132722159090909	0.124021590909091	0.351030681818182	0.064743750000000	0.142176704545455	0.055477840909091	0.129827272727273		1
000213:	0.081673295454545	0.150339204545455	0.449668750000000	0.032126136363636	0.211630681818182	0.024933522727273	0.049628409090909		1
000214:	0.180639204545455	0.098094886363636	0.078760795454545	0.063603977272727	0.425576136363636	0.034782386363636	0.118542613636364		1
000215:	0.253019318181818	0.025644318181818	0.054003409090909	0.341905681818182	0.172378977272727	0.047682386363636	0.105365909090909		1
000216:	0.140553977272727	0.087331818181818	0.548377840909091	0.075532386363636	0.084824431818182	0.033680113636364	0.029699431818182		1
000217:	0.071442045454545	0.173411363636364	0.176272159090909	0.029347159090909	0.362777272727273	0.039659659090909	0.147090340909091		1
000218:	0.047480113636364	0.053409090909091	0.191409659090909	0.059719318181818	0.584488068181818	0.021061931818182	0.042431818181818		1
000219:	0.026844886363636	0.252673295454545	0.234059659090909	0.036857386363636	0.337759659090909	0.022164772727273	0.089640340909091		1
000220:	0.005968181818182	0.064505113636364	0.819436931818182	0.006319318181818	0.069989772727273	0.005007954545455	0.028772727272727		1
000221:	0.058014772727273	0.052440340909091	0.255164204545455	0.024763636363636	0.537855681818182	0.023405681818182	0.048355681818182		1
000222:	0.018690909090909	0.020821022727273	0.850527272727273	0.021304545454545	0.050677272727273	0.016722727272727	0.021256250000000		1
000223:	0.070390340909091	0.073164772727273	0.339610795454545	0.157439204545455	0.196355113636364	0.107646022727273	0.055393750000000		1
000224:	0.199007954545455	0.020727840909091	0.062398295454545	0.262917045454545	0.310499431818182	0.110956818181818	0.033492613636364		1
000225:	0.064126136363636	0.022276136363636	0.040714204545455	0.195526704545455	0.467875568181818	0.187092045454545	0.022389204545455		1
000226:	0.185525000000000	0.022571590909091	0.150544886363636	0.214234090909091	0.323318181818182	0.023694886363636	0.080111363636364		1
000227:	0.149784659090909	0.035217613636364	0.057763068181818	0.405406250000000	0.200761363636364	0.099054545454545	0.052012500000000		1
000228:	0.119969886363636	0.142093181818182	0.030418750000000	0.036665340909091	0.030239772727273	0.563933522727273	0.076679545454545		1
000229:	0.065467045454545	0.012178977272727	0.034434090909091	0.026171590909091	0.764542045454545	0.061293181818182	0.035913068181818		1
000230:	0.291394886363636	0.236807954545455	0.088442613636364	0.044455113636364	0.060625000000000	0.026549431818182	0.251725000000000		1
000231:	0.107865340909091	0.063895454545455	0.036690340909091	0.400553409090909	0.232882386363636	0.089330681818182	0.068782386363636		1
000232:	0.300865340909091	0.056640340909091	0.190421022727273	0.035603977272727	0.187856818181818	0.037755113636364	0.190857386363636		1
000233:	0.240973863636364	0.036347159090909	0.031902272727273	0.497290909090909	0.124247727272727	0.043264204545455	0.025973863636364		1
000234:	0.127631818181818	0.030530113636364	0.036870454545455	0.167425000000000	0.166901704545455	0.385118181818182	0.085522727272727		1
000235:	0.025608522727273	0.013888636363636	0.044009659090909	0.041801704545455	0.050189772727273	0.811221022727273	0.013280681818182		1
000236:	0.321934090909091	0.076375000000000	0.283755113636364	0.117177840909091	0.069276704545455	0.059250000000000	0.072231250000000		1
000237:	0.094565909090909	0.031048863636364	0.030347727272727	0.140011931818182	0.320154545454545	0.336064204545455	0.047806818181818		1
000238:	0.046615909090909	0.026162500000000	0.675977840909091	0.029172727272727	0.182855681818182	0.022275568181818	0.016939772727273		1
000239:	0.290482954545455	0.037276136363636	0.085519886363636	0.155378409090909	0.279903977272727	0.063315909090909	0.088122727272727		1
000240:	0.413398295454545	0.024369886363636	0.021255113636364	0.051748863636364	0.045437500000000	0.020680681818182	0.423109659090909		1
000241:	0.110469318181818	0.043218181818182	0.234437500000000	0.333099431818182	0.161046590909091	0.080402840909091	0.037326136363636		1
000242:	0.579236931818182	0.023197159090909	0.016210227272727	0.174694886363636	0.041246022727273	0.153635227272727	0.011779545454545		1
000243:	0.163267045454545	0.050413068181818	0.045447159090909	0.047535227272727	0.046663636363636	0.236564204545455	0.410109659090909		1
000244:	0.261041477272727	0.037426704545455	0.076454545454545	0.089225000000000	0.206496590909091	0.040167045454545	0.289188636363636		1
000245:	0.100335795454545	0.046902272727273	0.024421590909091	0.072688068181818	0.611565909090909	0.033300000000000	0.110786363636364		1
000246:	0.066665340909091	0.040047727272727	0.048088068181818	0.161205681818182	0.248813068181818	0.379889772727273	0.055290340909091		1
000247:	0.195114204545455	0.043650000000000	0.073888068181818	0.271455113636364	0.276677272727273	0.081739772727273	0.057475568181818		1
000248:	0.012250568181818	0.019177840909091	0.346716477272727	0.003318181818182	0.251132386363636	0.365073295454545	0.002331250000000		1
000249:	0.570524431818182	0.026640909090909	0.023651704545455	0.105565909090909	0.082459090909091	0.084177272727273	0.106980681818182		1
000250:	0.205850000000000	0.020973863636364	0.037673863636364	0.261178977272727	0.338176704545455	0.110746590909091	0.025400000000000		1
000251:	0.405525000000000	0.024901704545455	0.036334090909091	0.113222159090909	0.174620454545455	0.142303409090909	0.103093181818182		1
000252:	0.212138068181818	0.098526136363636	0.160059090909091	0.052322727272727	0.134967613636364	0.040886931818182	0.301099431818182		1
000253:	0.627276704545455	0.039831818181818	0.045958522727273	0.051792613636364	0.041734659090909	0.127355113636364	0.066050568181818		1
000254:	0.812959090909091	0.028019886363636	0.034968181818182	0.021919318181818	0.039169886363636	0.034351704545455	0.028611931818182		1
000255:	0.647437500000000	0.021604545454545	0.047762500000000	0.025007386363636	0.142726136363636	0.067002840909091	0.048459090909091		1
000256:	0.098567045454545	0.031989204545455	0.024086931818182	0.098847159090909	0.704003409090909	0.016624431818182	0.025881818181818		1
000257:	0.114594886363636	0.106813636363636	0.496569318181818	0.014921590909091	0.204650568181818	0.037817045454545	0.024632954545455		1
000258:	0.050051136363636	0.037159090909091	0.053175000000000	0.048597727272727	0.756036931818182	0.019793181818182	0.035186931818182		1
000259:	0.008597159090909	0.009992613636364	0.918005681818182	0.013703409090909	0.023276136363636	0.018850000000000	0.007575000000000		1
000260:	0.468285795454545	0.034192613636364	0.033540340909091	0.147112500000000	0.061000000000000	0.045799431818182	0.210069318181818		1
000261:	0.160464772727273	0.047930113636364	0.183740909090909	0.060692045454545	0.090021022727273	0.229090909090909	0.228060227272727		1
000262:	0.602656818181818	0.001275568181818	0.002314772727273	0.002209659090909	0.320418181818182	0.001583522727273	0.069541477272727		1
000263:	0.031276704545455	0.070664772727273	0.057643181818182	0.095627840909091	0.654677840909091	0.047756250000000	0.042353409090909		1
000264:	0.077058522727273	0.014827272727273	0.734671022727273	0.018233522727273	0.115501704545455	0.019453409090909	0.020254545454545		1
000265:	0.104441477272727	0.053705113636364	0.103317613636364	0.019585227272727	0.661231250000000	0.033973863636364	0.023745454545455		1
000266:	0.375712500000000	0.027457954545455	0.050644886363636	0.034840909090909	0.373992613636364	0.113392045454545	0.023959090909091		1
000267:	0.717521022727273	0.017535795454545	0.022293750000000	0.042734659090909	0.090286931818182	0.070464772727273	0.039163068181818		1
000268:	0.309991477272727	0.109727272727273	0.137965340909091	0.051717045454545	0.293328409090909	0.041681818181818	0.055588636363636		1
000269:	0.009498295454545	0.007300000000000	0.016967045454545	0.022197727272727	0.100859659090909	0.833567613636364	0.009609659090909		1
000270:	0.013621022727273	0.009530113636364	0.902158522727273	0.018365909090909	0.023361931818182	0.018483522727273	0.014478977272727		1
000271:	0.711427840909091	0.021683522727273	0.048838068181818	0.038840909090909	0.031073863636364	0.117822159090909	0.030313636363636		1
000272:	0.001151704545455	0.298590909090909	0.127605113636364	0.003153409090909	0.564217045454545	0.004089772727273	0.001192045454545		1
000273:	0.108980681818182	0.040190909090909	0.277376136363636	0.083572159090909	0.121257386363636	0.338434090909091	0.030188636363636		1
000274:	0.774938636363636	0.022764204545455	0.034657954545455	0.044141477272727	0.065229545454545	0.035403409090909	0.022864772727273		1
000275:	0.037565909090909	0.015335795454545	0.032228409090909	0.096780681818182	0.764407386363636	0.035478409090909	0.018203409090909		1
000276:	0.057180113636364	0.066572159090909	0.800791477272727	0.024555681818182	0.023294886363636	0.011863636363636	0.015742045454545		1
000277:	0.047657954545455	0.035138636363636	0.060117045454545	0.030035795454545	0.070592045454545	0.726632386363636	0.029826136363636		1
000278:	0.164139204545455	0.035393181818182	0.040471022727273	0.085023295454545	0.584053977272727	0.038807954545455	0.052111363636364		1
000279:	0.074152272727273	0.012558522727273	0.013837500000000	0.074164772727273	0.125145454545455	0.680376136363636	0.019765340909091		1
000280:	0.639804545454545	0.023247159090909	0.060667045454545	0.113653977272727	0.060396590909091	0.022190340909091	0.080040340909091		1
000281:	0.315116477272727	0.023677840909091	0.372342045454545	0.077186931818182	0.047785227272727	0.139090909090909	0.024800568181818		1
000282:	0.018351136363636	0.004490909090909	0.583903977272727	0.364713068181818	0.016747727272727	0.006114772727273	0.005678409090909		1
000283:	0.016232954545455	0.013082386363636	0.903460227272727	0.016534090909091	0.019467045454545	0.014269318181818	0.016953977272727		1
000284:	0.399762500000000	0.048256818181818	0.068119318181818	0.047167613636364	0.074540340909091	0.245207386363636	0.116946022727273		1
000285:	0.186180113636364	0.028760227272727	0.037026704545455	0.404866477272727	0.136160795454545	0.164001136363636	0.043004545454545		1
000286:	0.128256250000000	0.047248863636364	0.279446022727273	0.212863068181818	0.093724431818182	0.213604545454545	0.024856818181818		1
000287:	0.089414204545455	0.038468750000000	0.216000568181818	0.107288068181818	0.137995454545455	0.383947727272727	0.026885227272727		1
000288:	0.238767613636364	0.052549431818182	0.221222159090909	0.057481250000000	0.281301704545455	0.104982954545455	0.043694886363636		1
