Estimated Clustering Probabilities for Samples
Sample	***Cluster  01***	***Cluster  02***	***Cluster  03***	***Cluster  04***	***Cluster  05***	***Cluster  06***	***Cluster  07***	
000001:	0.115497159090909	0.121792613636364	0.159291477272727	0.461549431818182	0.047285795454545	0.020717045454545	0.073866477272727		1
000002:	0.057155113636364	0.431288636363636	0.257721022727273	0.064892045454545	0.131702272727273	0.020766477272727	0.036474431818182		1
000003:	0.067540909090909	0.042402840909091	0.144853977272727	0.484507386363636	0.223076704545455	0.016204545454545	0.021413636363636		1
000004:	0.022242613636364	0.097627840909091	0.117534659090909	0.034514772727273	0.688490909090909	0.016086931818182	0.023502272727273		1
000005:	0.019560227272727	0.321925568181818	0.450022727272727	0.111081818181818	0.055009659090909	0.013525568181818	0.028874431818182		1
000006:	0.021922727272727	0.576001136363636	0.070740909090909	0.029140340909091	0.222905113636364	0.051136931818182	0.028152840909091		1
000007:	0.083772159090909	0.554789772727273	0.168707386363636	0.086040340909091	0.052384659090909	0.029186363636364	0.025119318181818		1
000008:	0.032084659090909	0.582439772727273	0.270409090909091	0.027529545454545	0.049031818181818	0.021064204545455	0.017440909090909		1
000009:	0.028338068181818	0.096135227272727	0.641074431818182	0.025558522727273	0.140058522727273	0.020376136363636	0.048459090909091		1
000010:	0.049042045454545	0.126826136363636	0.475681818181818	0.107080681818182	0.103908522727273	0.030082954545455	0.107377840909091		1
000011:	0.128685227272727	0.055989204545455	0.138719318181818	0.474594318181818	0.133449431818182	0.027528409090909	0.041034090909091		1
000012:	0.934820454545455	0.000350000000000	0.002188636363636	0.000564772727273	0.060944886363636	0.000679545454545	0.000451704545455		1
000013:	0.032231250000000	0.035567613636364	0.056296022727273	0.164100568181818	0.261211363636364	0.155431250000000	0.295161931818182		1
000014:	0.014673863636364	0.016646022727273	0.030527840909091	0.030588636363636	0.875866477272727	0.014815340909091	0.016881818181818		1
000015:	0.022861931818182	0.030339204545455	0.493222159090909	0.253926704545455	0.124223295454545	0.020530113636364	0.054896590909091		1
000016:	0.019521590909091	0.035910227272727	0.096503409090909	0.038225000000000	0.781330681818182	0.015652272727273	0.012856818181818		1
000017:	0.025071022727273	0.019909659090909	0.838885227272727	0.037226136363636	0.021731250000000	0.005110795454545	0.052065909090909		1
000018:	0.021617045454545	0.023952272727273	0.081656250000000	0.075233522727273	0.118890909090909	0.064067613636364	0.614582386363636		1
000019:	0.024642613636364	0.021922727272727	0.147393181818182	0.678659090909091	0.046131818181818	0.040980681818182	0.040269886363636		1
000020:	0.036213636363636	0.049890340909091	0.277686931818182	0.229038636363636	0.267760795454545	0.023162500000000	0.116247159090909		1
000021:	0.230348863636364	0.021986363636364	0.021774431818182	0.572292045454545	0.028724431818182	0.013366477272727	0.111507386363636		1
000022:	0.012467045454545	0.033449431818182	0.079915909090909	0.472701704545455	0.046312500000000	0.015575000000000	0.339578409090909		1
000023:	0.158384659090909	0.047998295454545	0.138104545454545	0.415005113636364	0.070162500000000	0.046998863636364	0.123346022727273		1
000024:	0.007253977272727	0.019797727272727	0.010865909090909	0.009106250000000	0.934190909090909	0.006924431818182	0.011860795454545		1
000025:	0.029040909090909	0.146937500000000	0.045701136363636	0.407559659090909	0.130912500000000	0.148006818181818	0.091841477272727		1
000026:	0.039648295454545	0.023847159090909	0.067553409090909	0.723480681818182	0.030163636363636	0.022055681818182	0.093251136363636		1
000027:	0.023597159090909	0.026117045454545	0.080954545454545	0.086713068181818	0.065103977272727	0.069301704545455	0.648212500000000		1
000028:	0.000937500000000	0.000818181818182	0.027632954545455	0.285018750000000	0.633225000000000	0.051990340909091	0.000377272727273		1
000029:	0.057303977272727	0.058749431818182	0.310588068181818	0.183501704545455	0.092485227272727	0.044730681818182	0.252640909090909		1
000030:	0.048668750000000	0.035990909090909	0.150800000000000	0.544480113636364	0.120652840909091	0.066490340909091	0.032917045454545		1
000031:	0.018625568181818	0.038020454545455	0.049352840909091	0.123443181818182	0.048549431818182	0.053010795454545	0.668997727272727		1
000032:	0.071768181818182	0.046934090909091	0.099993750000000	0.207786931818182	0.110447727272727	0.032840909090909	0.430228409090909		1
000033:	0.075082954545455	0.036539772727273	0.101399431818182	0.604422727272727	0.074492045454545	0.025642613636364	0.082420454545455		1
000034:	0.023248295454545	0.032289772727273	0.165532386363636	0.017466477272727	0.716535227272727	0.029584090909091	0.015343750000000		1
000035:	0.114371022727273	0.190383522727273	0.044324431818182	0.293190909090909	0.059644886363636	0.072392045454545	0.225693181818182		1
000036:	0.095968181818182	0.091009090909091	0.327553409090909	0.171911363636364	0.107138636363636	0.017350000000000	0.189069318181818		1
000037:	0.025940909090909	0.039038636363636	0.245819318181818	0.136857954545455	0.165973863636364	0.021273863636364	0.365095454545455		1
000038:	0.171598863636364	0.241842613636364	0.071826704545455	0.278053409090909	0.093050000000000	0.095708522727273	0.047919886363636		1
000039:	0.014022727272727	0.046372159090909	0.044063068181818	0.429232386363636	0.075653409090909	0.033106250000000	0.357550000000000		1
000040:	0.036206250000000	0.048275568181818	0.041318181818182	0.045428409090909	0.757995454545455	0.034377272727273	0.036398863636364		1
000041:	0.065390340909091	0.044480681818182	0.113373295454545	0.250147159090909	0.181911363636364	0.029812500000000	0.314884659090909		1
000042:	0.108713636363636	0.055461931818182	0.152942045454545	0.113022159090909	0.066271022727273	0.283096022727273	0.220493181818182		1
000043:	0.530474431818182	0.006073295454545	0.415504545454545	0.036109090909091	0.005923295454545	0.003052840909091	0.002862500000000		1
000044:	0.035771022727273	0.114052272727273	0.245819318181818	0.319307386363636	0.055594318181818	0.028156250000000	0.201299431818182		1
000045:	0.017551136363636	0.024511931818182	0.196678977272727	0.078152272727273	0.029031250000000	0.067857954545455	0.586216477272727		1
000046:	0.197788068181818	0.043408522727273	0.045713636363636	0.384848863636364	0.061410795454545	0.082990909090909	0.183839204545455		1
000047:	0.130005113636364	0.153917045454545	0.125205113636364	0.175813636363636	0.167441477272727	0.056968750000000	0.190648863636364		1
000048:	0.060594886363636	0.041267045454545	0.593662500000000	0.172534659090909	0.065665340909091	0.030662500000000	0.035613068181818		1
000049:	0.035478977272727	0.053091477272727	0.343555681818182	0.415551136363636	0.048893181818182	0.059007386363636	0.044422159090909		1
000050:	0.055632954545455	0.083637500000000	0.075255681818182	0.293196022727273	0.295805681818182	0.059032954545455	0.137439204545455		1
000051:	0.011006250000000	0.014935227272727	0.023812500000000	0.013124431818182	0.924347159090909	0.005373863636364	0.007400568181818		1
000052:	0.008803977272727	0.024413068181818	0.029713068181818	0.024963636363636	0.889537500000000	0.010223295454545	0.012345454545455		1
000053:	0.038803409090909	0.065952840909091	0.101813068181818	0.328073863636364	0.226598295454545	0.080355681818182	0.158402840909091		1
000054:	0.048598863636364	0.084664204545455	0.057851704545455	0.287875568181818	0.088262500000000	0.208196022727273	0.224551136363636		1
000055:	0.022463636363636	0.041911931818182	0.589555113636364	0.087962500000000	0.204132386363636	0.021821590909091	0.032152840909091		1
000056:	0.020112500000000	0.043217613636364	0.457007386363636	0.254138636363636	0.128526704545455	0.028854545454545	0.068142613636364		1
000057:	0.042179545454545	0.084707386363636	0.137271590909091	0.302400568181818	0.169476704545455	0.027452840909091	0.236511363636364		1
000058:	0.014458522727273	0.016480113636364	0.062008522727273	0.830064204545455	0.024173863636364	0.032720454545455	0.020094318181818		1
000059:	0.020395454545455	0.045056818181818	0.107073863636364	0.620768181818182	0.021960795454545	0.022507386363636	0.162237500000000		1
000060:	0.021209659090909	0.036817045454545	0.321656250000000	0.503442613636364	0.064483522727273	0.017322727272727	0.035068181818182		1
000061:	0.022911931818182	0.046376136363636	0.125498295454545	0.660946590909091	0.069446022727273	0.019198863636364	0.055622159090909		1
000062:	0.013117613636364	0.016086931818182	0.022855113636364	0.029106250000000	0.891367613636364	0.009367613636364	0.018098863636364		1
000063:	0.019256250000000	0.022002840909091	0.078502840909091	0.030595454545455	0.821497727272727	0.012708522727273	0.015436363636364		1
000064:	0.026269318181818	0.063576136363636	0.027984659090909	0.026403409090909	0.836128409090909	0.007262500000000	0.012375568181818		1
000065:	0.051055113636364	0.078677272727273	0.508200568181818	0.238089772727273	0.051670454545455	0.026038636363636	0.046268181818182		1
000066:	0.022300000000000	0.045728977272727	0.325783522727273	0.345484090909091	0.091360227272727	0.019465909090909	0.149877272727273		1
000067:	0.011390340909091	0.075423295454545	0.066096590909091	0.017605681818182	0.798009659090909	0.010922159090909	0.020552272727273		1
000068:	0.018556818181818	0.022881250000000	0.056710227272727	0.813377272727273	0.021165909090909	0.024761931818182	0.042546590909091		1
000069:	0.046260227272727	0.003135795454545	0.007399431818182	0.834461363636364	0.007294886363636	0.001922159090909	0.099526136363636		1
000070:	0.017632386363636	0.023953409090909	0.056200568181818	0.410084659090909	0.415982954545455	0.019201136363636	0.056944886363636		1
000071:	0.024876704545455	0.022689204545455	0.049318750000000	0.832665909090909	0.020867045454545	0.018627272727273	0.030955113636364		1
000072:	0.029348295454545	0.088326136363636	0.392743181818182	0.346097159090909	0.095034090909091	0.013019318181818	0.035431818181818		1
000073:	0.017282386363636	0.031539204545455	0.756353409090909	0.077562500000000	0.055584090909091	0.018844886363636	0.042833522727273		1
000074:	0.036398863636364	0.031310795454545	0.046981818181818	0.173887500000000	0.173454545454545	0.080018181818182	0.457948295454545		1
000075:	0.033839772727273	0.052292613636364	0.287130113636364	0.227582954545455	0.103874431818182	0.120055681818182	0.175224431818182		1
000076:	0.363207954545455	0.100006818181818	0.093884659090909	0.207436931818182	0.033547727272727	0.061002272727273	0.140913636363636		1
000077:	0.278253409090909	0.053822159090909	0.091362500000000	0.369678977272727	0.079573295454545	0.050577840909091	0.076731818181818		1
000078:	0.029007386363636	0.032896022727273	0.260065909090909	0.559857954545455	0.058334090909091	0.018335227272727	0.041503409090909		1
000079:	0.020694318181818	0.047242045454545	0.029021590909091	0.728899431818182	0.042397727272727	0.106171590909091	0.025573295454545		1
000080:	0.038031250000000	0.030726136363636	0.089044318181818	0.560134090909091	0.025849431818182	0.118916477272727	0.137298295454545		1
000081:	0.021134090909091	0.041672159090909	0.655063636363636	0.202641477272727	0.034722727272727	0.011831818181818	0.032934090909091		1
000082:	0.025216477272727	0.063113636363636	0.274476136363636	0.514618750000000	0.075161931818182	0.012311931818182	0.035101136363636		1
000083:	0.032058522727273	0.032038068181818	0.670163068181818	0.137991477272727	0.028847727272727	0.034693750000000	0.064207386363636		1
000084:	0.026188068181818	0.018280681818182	0.017906818181818	0.031286363636364	0.868317045454545	0.017726136363636	0.020294886363636		1
000085:	0.036627272727273	0.222873863636364	0.129425568181818	0.219237500000000	0.086034659090909	0.023212500000000	0.282588636363636		1
000086:	0.061969886363636	0.077222727272727	0.215000568181818	0.180115340909091	0.328345454545455	0.052836931818182	0.084509090909091		1
000087:	0.021806818181818	0.038513068181818	0.272192613636364	0.468932386363636	0.047629545454545	0.019002840909091	0.131922727272727		1
000088:	0.031187500000000	0.024310795454545	0.182630113636364	0.130591477272727	0.043580681818182	0.028835795454545	0.558863636363636		1
000089:	0.023283522727273	0.034097727272727	0.067064772727273	0.674210795454545	0.041769318181818	0.021252272727273	0.138321590909091		1
000090:	0.038516477272727	0.047852840909091	0.043117613636364	0.338580113636364	0.108363068181818	0.046755681818182	0.376814204545455		1
000091:	0.128780681818182	0.071164204545455	0.029460227272727	0.439406818181818	0.052889772727273	0.175219886363636	0.103078409090909		1
000092:	0.512020454545455	0.000760227272727	0.000759659090909	0.001078977272727	0.003207954545455	0.000530113636364	0.481642613636364		1
000093:	0.041940909090909	0.057373863636364	0.453949431818182	0.068936931818182	0.063989204545455	0.117868750000000	0.195940909090909		1
000094:	0.040379545454545	0.040994318181818	0.197435795454545	0.489032954545455	0.060709090909091	0.053646590909091	0.117801704545455		1
000095:	0.034496590909091	0.086554545454545	0.523893181818182	0.208068181818182	0.094825000000000	0.014740909090909	0.037421590909091		1
000096:	0.015609659090909	0.025744318181818	0.041980681818182	0.022925000000000	0.866332386363636	0.013222159090909	0.014185795454545		1
000097:	0.026672727272727	0.020605681818182	0.038531250000000	0.818250000000000	0.024419318181818	0.012742045454545	0.058778977272727		1
000098:	0.018133522727273	0.019026136363636	0.045818750000000	0.837755113636364	0.019339204545455	0.014053977272727	0.045873295454545		1
000099:	0.041358522727273	0.066659090909091	0.107347727272727	0.401970454545455	0.260968750000000	0.023267613636364	0.098427840909091		1
000100:	0.016547727272727	0.051256250000000	0.163157954545455	0.076624431818182	0.629881250000000	0.028694886363636	0.033837500000000		1
000101:	0.020187500000000	0.052611363636364	0.141125000000000	0.146269318181818	0.064041477272727	0.015110795454545	0.560654545454545		1
000102:	0.034732386363636	0.049353977272727	0.079664204545455	0.270864772727273	0.390252840909091	0.029069886363636	0.146061931818182		1
000103:	0.064638636363636	0.066954545454545	0.170982954545455	0.521743181818182	0.045701704545455	0.087031818181818	0.042947159090909		1
000104:	0.019419318181818	0.050743181818182	0.157753409090909	0.075253977272727	0.658841477272727	0.016363068181818	0.021625568181818		1
000105:	0.030816477272727	0.020146022727273	0.077593750000000	0.220282386363636	0.122835795454545	0.029859090909091	0.498466477272727		1
000106:	0.000925568181818	0.006502840909091	0.001121022727273	0.163935795454545	0.066089204545455	0.000652272727273	0.760773295454545		1
000107:	0.036848295454545	0.049628409090909	0.130842613636364	0.114058522727273	0.532808522727273	0.016797159090909	0.119016477272727		1
000108:	0.003577840909091	0.004937500000000	0.014198863636364	0.077873295454545	0.884730681818182	0.007068750000000	0.007613068181818		1
000109:	0.045777272727273	0.058027272727273	0.170621022727273	0.422322159090909	0.062425000000000	0.027652840909091	0.213174431818182		1
000110:	0.104485795454545	0.069982386363636	0.041290909090909	0.087300568181818	0.134420454545455	0.479053409090909	0.083466477272727		1
000111:	0.090497159090909	0.076909659090909	0.089058522727273	0.272942045454545	0.395355113636364	0.019386931818182	0.055850568181818		1
000112:	0.049734090909091	0.038876136363636	0.047380113636364	0.128107386363636	0.153371590909091	0.048975000000000	0.533555681818182		1
000113:	0.032706250000000	0.066510795454545	0.151892613636364	0.545754545454545	0.092758522727273	0.011398863636364	0.098978409090909		1
000114:	0.083488636363636	0.073822159090909	0.034332954545455	0.682467045454546	0.030593750000000	0.034350000000000	0.060945454545455		1
000115:	0.049596590909091	0.060211931818182	0.126853409090909	0.475647727272727	0.113140909090909	0.051366477272727	0.123182954545455		1
000116:	0.025323863636364	0.086636931818182	0.329311931818182	0.088061363636364	0.376971022727273	0.043707954545455	0.049986931818182		1
000117:	0.066031818181818	0.097840909090909	0.130818750000000	0.108218181818182	0.090853977272727	0.030544318181818	0.475692045454545		1
000118:	0.063230113636364	0.058390340909091	0.478675568181818	0.163968750000000	0.170726136363636	0.022669318181818	0.042339772727273		1
000119:	0.020249431818182	0.026466477272727	0.093948295454545	0.456460795454545	0.091253977272727	0.048413068181818	0.263207954545455		1
000120:	0.030339204545455	0.045591477272727	0.438671590909091	0.063923295454545	0.321977840909091	0.017381250000000	0.082115340909091		1
000121:	0.040420454545455	0.034944318181818	0.050790340909091	0.712718181818182	0.046634090909091	0.047994886363636	0.066497727272727		1
000122:	0.015923295454545	0.025072727272727	0.317207386363636	0.411151136363636	0.043557954545455	0.014348295454545	0.172739204545455		1
000123:	0.042328409090909	0.026367045454545	0.483080113636364	0.303749431818182	0.043460227272727	0.072640340909091	0.028374431818182		1
000124:	0.063505113636364	0.165393750000000	0.108871590909091	0.372182954545455	0.037137500000000	0.058136363636364	0.194772727272727		1
000125:	0.160015340909091	0.201632954545455	0.150980113636364	0.316784659090909	0.112426704545455	0.026374431818182	0.031785795454545		1
000126:	0.979386931818182	0.018914204545455	0.000470454545455	0.000127272727273	0.000313636363636	0.000257386363636	0.000530113636364		1
000127:	0.066855681818182	0.072980113636364	0.243285227272727	0.283601704545455	0.192760227272727	0.042139204545455	0.098377840909091		1
000128:	0.025960227272727	0.050534659090909	0.210889772727273	0.559110795454545	0.073715340909091	0.026482386363636	0.053306818181818		1
000129:	0.028876136363636	0.017647159090909	0.099955113636364	0.511047159090909	0.026830113636364	0.085262500000000	0.230381818181818		1
000130:	0.032341477272727	0.043797159090909	0.242877272727273	0.504379545454545	0.076148295454545	0.076668181818182	0.023788068181818		1
000131:	0.025472727272727	0.025368181818182	0.120709090909091	0.667143181818182	0.059001704545455	0.018157386363636	0.084147727272727		1
000132:	0.015867045454545	0.019701136363636	0.132431250000000	0.041022727272727	0.681664204545455	0.017252272727273	0.092061363636364		1
000133:	0.282776136363636	0.086498295454545	0.075564772727273	0.271205681818182	0.066024431818182	0.130980681818182	0.086950000000000		1
000134:	0.025957386363636	0.053327840909091	0.082803977272727	0.633438068181818	0.084645454545455	0.061615909090909	0.058211363636364		1
000135:	0.031831250000000	0.068670454545455	0.082581818181818	0.249457386363636	0.029683522727273	0.110011931818182	0.427763636363636		1
000136:	0.041850000000000	0.088728409090909	0.228763068181818	0.439919886363636	0.110759659090909	0.027598295454545	0.062380681818182		1
000137:	0.021538068181818	0.028388068181818	0.017742613636364	0.599354545454545	0.074412500000000	0.046722159090909	0.211842045454545		1
000138:	0.207713068181818	0.054643750000000	0.195158522727273	0.265550568181818	0.049825000000000	0.162535227272727	0.064573863636364		1
000139:	0.096572727272727	0.107263068181818	0.186853977272727	0.304060795454545	0.124738636363636	0.071829545454545	0.108681250000000		1
000140:	0.025011363636364	0.023082954545455	0.042236363636364	0.144346022727273	0.098418750000000	0.531610795454545	0.135293750000000		1
000141:	0.136785795454545	0.082126136363636	0.053927272727273	0.147375000000000	0.506449431818182	0.028741477272727	0.044594886363636		1
000142:	0.022251704545455	0.040096022727273	0.143550568181818	0.428945454545455	0.084576704545455	0.034144886363636	0.246434659090909		1
000143:	0.048482954545455	0.063836931818182	0.416160795454545	0.263544318181818	0.051539204545455	0.036475000000000	0.119960795454545		1
000144:	0.035289204545455	0.066203977272727	0.266848863636364	0.184453409090909	0.230342613636364	0.023344886363636	0.193517045454545		1
000145:	0.042160795454545	0.052567045454545	0.086680681818182	0.051410795454545	0.643336931818182	0.079927840909091	0.043915909090909		1
000146:	0.025374431818182	0.027639772727273	0.618071590909091	0.047180681818182	0.059571590909091	0.083346022727273	0.138815909090909		1
000147:	0.018011931818182	0.088795454545455	0.255659659090909	0.367527840909091	0.065079545454545	0.147561363636364	0.057364204545455		1
000148:	0.033939772727273	0.031672159090909	0.412969886363636	0.397080681818182	0.039704545454545	0.032897727272727	0.051735227272727		1
000149:	0.020275568181818	0.413626136363636	0.052609659090909	0.192230681818182	0.086881250000000	0.033232386363636	0.201144318181818		1
000150:	0.056352272727273	0.032949431818182	0.086039772727273	0.274783522727273	0.113281250000000	0.118238068181818	0.318355681818182		1
000151:	0.080673863636364	0.155877840909091	0.278519886363636	0.160669318181818	0.244927272727273	0.030069886363636	0.049261931818182		1
000152:	0.050431250000000	0.056406818181818	0.137481250000000	0.595930681818182	0.079412500000000	0.048635795454545	0.031701704545455		1
000153:	0.039154545454545	0.033338636363636	0.275488636363636	0.172427272727273	0.147776136363636	0.022101136363636	0.309713636363636		1
000154:	0.025551136363636	0.037821022727273	0.281842613636364	0.035930681818182	0.574394886363636	0.023584659090909	0.020875000000000		1
000155:	0.036459090909091	0.057607954545455	0.161337500000000	0.194003409090909	0.424339204545455	0.043858522727273	0.082394318181818		1
000156:	0.078767045454545	0.049524431818182	0.221123295454545	0.056122727272727	0.244113636363636	0.014269886363636	0.336078977272727		1
000157:	0.002381818181818	0.004678409090909	0.015693181818182	0.061330113636364	0.910435227272727	0.001116477272727	0.004364772727273		1
000158:	0.115243181818182	0.125126704545455	0.308199431818182	0.202298295454545	0.090510227272727	0.022984659090909	0.135637500000000		1
000159:	0.045853977272727	0.128076704545455	0.034768750000000	0.060792045454545	0.469275568181818	0.085355113636364	0.175877840909091		1
000160:	0.252790909090909	0.614386931818182	0.024698863636364	0.019377272727273	0.056048863636364	0.015241477272727	0.017455681818182		1
000161:	0.020346590909091	0.784805681818182	0.050072727272727	0.020580113636364	0.052171590909091	0.027041477272727	0.044981818181818		1
000162:	0.129785795454545	0.196247727272727	0.048908522727273	0.044125000000000	0.033637500000000	0.053018750000000	0.494276704545455		1
000163:	0.013968750000000	0.030157954545455	0.800728409090909	0.046807954545455	0.048629545454545	0.020619318181818	0.039088068181818		1
000164:	0.024730113636364	0.120395454545455	0.136231250000000	0.021643181818182	0.671552840909091	0.011769886363636	0.013677272727273		1
000165:	0.021499431818182	0.103203409090909	0.686928409090909	0.046494318181818	0.097131818181818	0.013144318181818	0.031598295454545		1
000166:	0.013904545454545	0.066219318181818	0.804138068181818	0.020828409090909	0.058041477272727	0.013737500000000	0.023130681818182		1
000167:	0.061195454545455	0.073414772727273	0.598531818181818	0.120305681818182	0.053073863636364	0.025650000000000	0.067828409090909		1
000168:	0.029069886363636	0.059154545454545	0.150666477272727	0.396049431818182	0.259528409090909	0.033277840909091	0.072253409090909		1
000169:	0.036960227272727	0.030894886363636	0.464507386363636	0.277075000000000	0.040160795454545	0.036642613636364	0.113759090909091		1
000170:	0.023714204545455	0.154951136363636	0.574536363636364	0.164857386363636	0.031477272727273	0.029510795454545	0.020952840909091		1
000171:	0.041189772727273	0.089510795454545	0.221746590909091	0.078737500000000	0.459274431818182	0.077930681818182	0.031610227272727		1
000172:	0.070275000000000	0.098388068181818	0.630855113636364	0.063476136363636	0.041296022727273	0.027805681818182	0.067903977272727		1
000173:	0.026319318181818	0.035796022727273	0.697629545454545	0.108275000000000	0.038396590909091	0.010717045454545	0.082866477272727		1
000174:	0.021334090909091	0.039961931818182	0.140249431818182	0.482596022727273	0.044151704545455	0.037465340909091	0.234241477272727		1
000175:	0.018973863636364	0.018416477272727	0.022452840909091	0.045107954545455	0.859309659090909	0.014222727272727	0.021516477272727		1
000176:	0.069651704545455	0.029540909090909	0.123302272727273	0.618665340909091	0.073178409090909	0.013768750000000	0.071892613636364		1
000177:	0.037930113636364	0.033857954545455	0.163338636363636	0.497176704545455	0.094010227272727	0.059775000000000	0.113911363636364		1
000178:	0.025460795454545	0.039749431818182	0.247887500000000	0.194405113636364	0.310590340909091	0.035866477272727	0.146040340909091		1
000179:	0.021269886363636	0.014999431818182	0.038118750000000	0.037636931818182	0.853939204545455	0.011534090909091	0.022501704545455		1
000180:	0.042268181818182	0.014059090909091	0.038417045454545	0.020088636363636	0.844993181818182	0.012173295454545	0.028000568181818		1
000181:	0.028310795454545	0.011324431818182	0.122081250000000	0.006205113636364	0.805257954545455	0.005257386363636	0.021563068181818		1
000182:	0.080940340909091	0.075781250000000	0.080891477272727	0.212107954545455	0.219659090909091	0.056163636363636	0.274456250000000		1
000183:	0.016546022727273	0.025436363636364	0.034584659090909	0.037401704545455	0.857848295454545	0.012589772727273	0.015593181818182		1
000184:	0.028511363636364	0.068069318181818	0.034826704545455	0.682117613636364	0.093773295454545	0.050397727272727	0.042303977272727		1
000185:	0.063355681818182	0.122142613636364	0.118617613636364	0.161782386363636	0.097113068181818	0.147713636363636	0.289275000000000		1
000186:	0.023102272727273	0.015601136363636	0.018932386363636	0.037786363636364	0.547582954545455	0.334155681818182	0.022839204545455		1
000187:	0.008228977272727	0.020136363636364	0.033552840909091	0.030350000000000	0.885330681818182	0.009180113636364	0.013221022727273		1
000188:	0.238417613636364	0.096532954545455	0.095302272727273	0.226937500000000	0.271952272727273	0.039651704545455	0.031205681818182		1
000189:	0.011660795454545	0.029348295454545	0.798373863636364	0.115703409090909	0.021374431818182	0.006453409090909	0.017085795454545		1
000190:	0.033753977272727	0.040775000000000	0.761915909090909	0.059264772727273	0.025492613636364	0.044256250000000	0.034541477272727		1
000191:	0.025842045454545	0.042985227272727	0.650659090909091	0.104437500000000	0.064806250000000	0.012713068181818	0.098556818181818		1
000192:	0.039820454545455	0.058169886363636	0.032471590909091	0.522467613636364	0.089311931818182	0.023605113636364	0.234153409090909		1
000193:	0.023586363636364	0.061113068181818	0.043953409090909	0.589731250000000	0.103211363636364	0.022594886363636	0.155809659090909		1
000194:	0.025321022727273	0.072038068181818	0.070133522727273	0.510713636363636	0.061922727272727	0.209651136363636	0.050219886363636		1
000195:	0.022546590909091	0.025039204545455	0.274851136363636	0.337713636363636	0.045837500000000	0.011852272727273	0.282159659090909		1
000196:	0.168825000000000	0.368452840909091	0.092461363636364	0.095712500000000	0.224821590909091	0.013280113636364	0.036446590909091		1
000197:	0.036666477272727	0.089037500000000	0.519102272727273	0.068792045454545	0.127073295454545	0.013660795454545	0.145667613636364		1
000198:	0.043217045454545	0.202012500000000	0.056702272727273	0.084914772727273	0.106119886363636	0.066663068181818	0.440370454545455		1
000199:	0.044338068181818	0.076728977272727	0.706482386363636	0.033187500000000	0.090958522727273	0.015076704545455	0.033227840909091		1
000200:	0.037271590909091	0.600052840909091	0.090781250000000	0.056642045454545	0.119419318181818	0.030294886363636	0.065538068181818		1
000201:	0.020855681818182	0.037231250000000	0.063600000000000	0.036211931818182	0.795426704545454	0.021305113636364	0.025369318181818		1
000202:	0.028440340909091	0.057856250000000	0.038964772727273	0.667517045454545	0.112639772727273	0.044204545454545	0.050377272727273		1
000203:	0.025030113636364	0.061671590909091	0.644351704545455	0.076969886363636	0.112502272727273	0.050953409090909	0.028521022727273		1
000204:	0.100826704545455	0.086167613636364	0.234989204545455	0.104496022727273	0.414850568181818	0.030914772727273	0.027755113636364		1
000205:	0.041479545454545	0.083499431818182	0.269682386363636	0.121448863636364	0.400158522727273	0.042283522727273	0.041447727272727		1
000206:	0.035534659090909	0.090576136363636	0.090837500000000	0.386884090909091	0.159746022727273	0.204752272727273	0.031669318181818		1
000207:	0.099103977272727	0.046713636363636	0.076284090909091	0.488968750000000	0.032600568181818	0.026232386363636	0.230096590909091		1
000208:	0.017151704545455	0.054862500000000	0.326463068181818	0.169875000000000	0.372047727272727	0.017752840909091	0.041847159090909		1
000209:	0.038334090909091	0.059105681818182	0.115156818181818	0.071042613636364	0.634864772727273	0.033764772727273	0.047731250000000		1
000210:	0.026652840909091	0.062418181818182	0.365875568181818	0.083490340909091	0.302980113636364	0.030643750000000	0.127939204545455		1
000211:	0.021963636363636	0.020681818181818	0.818024431818182	0.032564772727273	0.043439204545455	0.027945454545455	0.035380681818182		1
000212:	0.098678977272727	0.244481818181818	0.258811931818182	0.026275000000000	0.305217613636364	0.023512500000000	0.043022159090909		1
000213:	0.033378977272727	0.115104545454545	0.286324431818182	0.019770454545455	0.513322159090909	0.010986363636364	0.021113068181818		1
000214:	0.124753977272727	0.381282954545455	0.191312500000000	0.178657386363636	0.045018750000000	0.019998863636364	0.058975568181818		1
000215:	0.111263636363636	0.047995454545455	0.247640909090909	0.325453977272727	0.078980113636364	0.087721022727273	0.100944886363636		1
000216:	0.022585795454545	0.324070454545455	0.112006250000000	0.023609090909091	0.431697159090909	0.028020454545455	0.058010795454545		1
000217:	0.000272727272727	0.000726704545455	0.000347159090909	0.018271022727273	0.000158522727273	0.000052272727273	0.980171590909091		1
000218:	0.036347727272727	0.182053977272727	0.504146590909091	0.053247159090909	0.161514204545455	0.016166477272727	0.046523863636364		1
000219:	0.039008522727273	0.239739772727273	0.572154545454545	0.023283522727273	0.089817613636364	0.014409090909091	0.021586931818182		1
000220:	0.070253409090909	0.081173295454545	0.440081818181818	0.041868750000000	0.325632954545455	0.015198863636364	0.025790909090909		1
000221:	0.058819886363636	0.149295454545455	0.503139772727273	0.064396590909091	0.181497727272727	0.017881250000000	0.024969318181818		1
000222:	0.020878409090909	0.069216477272727	0.074447159090909	0.012746590909091	0.794269318181818	0.010006818181818	0.018435227272727		1
000223:	0.101085227272727	0.111396022727273	0.098630681818182	0.154291477272727	0.299984659090909	0.066493750000000	0.168118181818182		1
000224:	0.023365909090909	0.013299431818182	0.033694886363636	0.790001136363636	0.039248295454545	0.050732386363636	0.049657954545455		1
000225:	0.013912500000000	0.012706250000000	0.039765340909091	0.765641477272727	0.027322727272727	0.027637500000000	0.113014204545455		1
000226:	0.134887500000000	0.026939204545455	0.054129545454545	0.622942613636364	0.072028977272727	0.031628409090909	0.057443750000000		1
000227:	0.046177840909091	0.036980113636364	0.071019318181818	0.621916477272727	0.045815340909091	0.047229545454545	0.130861363636364		1
000228:	0.156686363636364	0.156609090909091	0.023328409090909	0.032226704545455	0.027526136363636	0.517756250000000	0.085867045454545		1
000229:	0.036914204545455	0.021352840909091	0.115819886363636	0.681430681818182	0.031045454545455	0.080471590909091	0.032965340909091		1
000230:	0.381073295454545	0.391875000000000	0.033990909090909	0.066992613636364	0.068821590909091	0.023414204545455	0.033832386363636		1
000231:	0.043384659090909	0.074805113636364	0.076806250000000	0.609968750000000	0.044536931818182	0.046180113636364	0.104318181818182		1
000232:	0.244613068181818	0.043752272727273	0.097109090909091	0.284863636363636	0.223918181818182	0.067201136363636	0.038542613636364		1
000233:	0.020001704545455	0.002677272727273	0.011587500000000	0.002421022727273	0.004278977272727	0.424364772727273	0.534668750000000		1
000234:	0.077436931818182	0.036828977272727	0.064944886363636	0.482916477272727	0.030082954545455	0.163747159090909	0.144042613636364		1
000235:	0.023146590909091	0.027067045454545	0.053040909090909	0.220788636363636	0.082749431818182	0.380754545454545	0.212452840909091		1
000236:	0.133939772727273	0.176468750000000	0.053320454545455	0.125243181818182	0.401303409090909	0.055876136363636	0.053848295454545		1
000237:	0.028938636363636	0.024951704545455	0.057836931818182	0.608203977272727	0.039227840909091	0.168196022727273	0.072644886363636		1
000238:	0.024650000000000	0.029106818181818	0.293370454545455	0.037438636363636	0.552910227272727	0.016815909090909	0.045707954545455		1
000239:	0.086350000000000	0.058080113636364	0.070253977272727	0.604097727272727	0.069527272727273	0.048435795454545	0.063255113636364		1
000240:	0.685683522727273	0.067598295454545	0.038711363636364	0.121588636363636	0.030702272727273	0.016180113636364	0.039535795454545		1
000241:	0.084573295454545	0.061519318181818	0.111005681818182	0.154523295454545	0.276726136363636	0.034607954545455	0.277044318181818		1
000242:	0.025277840909091	0.042932386363636	0.055771022727273	0.380976704545455	0.033143750000000	0.049753977272727	0.412144318181818		1
000243:	0.512001136363636	0.066806250000000	0.030136931818182	0.052940340909091	0.040967045454545	0.154951704545455	0.142196590909091		1
000244:	0.164130113636364	0.089761931818182	0.117008522727273	0.485938636363636	0.072943750000000	0.030246022727273	0.039971022727273		1
000245:	0.055051136363636	0.048860227272727	0.043176704545455	0.787717045454545	0.026856250000000	0.018096022727273	0.020242613636364		1
000246:	0.090882954545455	0.044946022727273	0.150883522727273	0.207867045454545	0.043518750000000	0.174114772727273	0.287786931818182		1
000247:	0.127840909090909	0.092084659090909	0.120401136363636	0.367650568181818	0.052156818181818	0.100969318181818	0.138896590909091		1
000248:	0.039835795454545	0.034388068181818	0.027414204545455	0.833177840909091	0.033817045454545	0.021150568181818	0.010216477272727		1
000249:	0.226465909090909	0.036947727272727	0.033133522727273	0.399113636363636	0.026980681818182	0.166811931818182	0.110546590909091		1
000250:	0.003135227272727	0.003336931818182	0.005094886363636	0.872972727272727	0.005713636363636	0.103699431818182	0.006047159090909		1
000251:	0.082285795454545	0.059760227272727	0.034510227272727	0.640156818181818	0.057852840909091	0.055503977272727	0.069930113636364		1
000252:	0.008869318181818	0.028576704545455	0.774807954545455	0.009378409090909	0.017057954545455	0.148287500000000	0.013022159090909		1
000253:	0.113186931818182	0.012086931818182	0.009685795454545	0.044785227272727	0.009209659090909	0.782701704545455	0.028343750000000		1
000254:	0.059119886363636	0.060233522727273	0.027702272727273	0.381497159090909	0.055106818181818	0.391981818181818	0.024358522727273		1
000255:	0.056057954545455	0.052365909090909	0.044448295454545	0.613313636363636	0.039734090909091	0.160746022727273	0.033334090909091		1
000256:	0.024889772727273	0.022482954545455	0.033457954545455	0.852188636363636	0.026633522727273	0.020760227272727	0.019586931818182		1
000257:	0.032017045454545	0.113090909090909	0.054904545454545	0.055910795454545	0.682943750000000	0.037076136363636	0.024056818181818		1
000258:	0.022637500000000	0.023236363636364	0.091164204545455	0.776750000000000	0.048611931818182	0.011728977272727	0.025871022727273		1
000259:	0.013361931818182	0.015364772727273	0.029040340909091	0.018015340909091	0.872931818181818	0.011526704545455	0.039759090909091		1
000260:	0.597567045454545	0.027806250000000	0.046410227272727	0.140377840909091	0.035789772727273	0.083368750000000	0.068680113636364		1
000261:	0.225173863636364	0.079128409090909	0.057371022727273	0.118507954545455	0.198051704545455	0.237818750000000	0.083948295454545		1
000262:	0.378986931818182	0.058365909090909	0.044751704545455	0.048469886363636	0.356253409090909	0.033555681818182	0.079616477272727		1
000263:	0.053990340909091	0.077560795454545	0.318478977272727	0.328270454545455	0.128098863636364	0.018982954545455	0.074617613636364		1
000264:	0.023959090909091	0.051550000000000	0.047460227272727	0.065303977272727	0.769333522727273	0.018980113636364	0.023413068181818		1
000265:	0.037005681818182	0.275456250000000	0.385802840909091	0.084208522727273	0.117581818181818	0.073510227272727	0.026434659090909		1
000266:	0.026839772727273	0.024760227272727	0.036792045454545	0.771041477272727	0.035141477272727	0.066259659090909	0.039165340909091		1
000267:	0.038323295454545	0.008898295454545	0.025173863636364	0.849130681818182	0.008619318181818	0.059154545454545	0.010700000000000		1
000268:	0.035730113636364	0.635761931818182	0.131430681818182	0.075168181818182	0.056255681818182	0.032614772727273	0.033038636363636		1
000269:	0.020566477272727	0.021361931818182	0.072665909090909	0.096308522727273	0.045771590909091	0.271128977272727	0.472196590909091		1
000270:	0.019859090909091	0.061844318181818	0.034185227272727	0.042669318181818	0.799251136363636	0.021910795454545	0.020280113636364		1
000271:	0.082331818181818	0.065592045454545	0.028051704545455	0.146381818181818	0.106414772727273	0.511960795454545	0.059267045454545		1
000272:	0.108499431818182	0.142926704545455	0.045972727272727	0.214555113636364	0.198686931818182	0.198552272727273	0.090806818181818		1
000273:	0.030356250000000	0.034421022727273	0.053766477272727	0.161409659090909	0.378006250000000	0.100369886363636	0.241670454545455		1
000274:	0.054116477272727	0.046155113636364	0.020364772727273	0.477150568181818	0.036438068181818	0.252389772727273	0.113385227272727		1
000275:	0.021663636363636	0.028934659090909	0.075454545454545	0.708086363636364	0.057159659090909	0.026842613636364	0.081858522727273		1
000276:	0.045771590909091	0.024398863636364	0.027138068181818	0.025123295454545	0.830571590909091	0.023788636363636	0.023207954545455		1
000277:	0.040662500000000	0.058192045454545	0.033486931818182	0.172738068181818	0.042985795454545	0.556171022727273	0.095763636363636		1
000278:	0.036167613636364	0.038357954545455	0.064827272727273	0.754415909090909	0.034709090909091	0.021543181818182	0.049978977272727		1
000279:	0.019848863636364	0.028656818181818	0.078056818181818	0.269951136363636	0.020521022727273	0.453327840909091	0.129637500000000		1
000280:	0.228236363636364	0.051469318181818	0.117562500000000	0.311544318181818	0.180061931818182	0.041141477272727	0.069984090909091		1
000281:	0.031263068181818	0.043276136363636	0.039087500000000	0.068076704545455	0.467213636363636	0.300671022727273	0.050411931818182		1
000282:	0.093985227272727	0.052671590909091	0.096200568181818	0.243105681818182	0.192290340909091	0.080044886363636	0.241701704545455		1
000283:	0.027949431818182	0.028802272727273	0.021006250000000	0.019437500000000	0.879087500000000	0.010340340909091	0.013376704545455		1
000284:	0.079668181818182	0.022774431818182	0.033271590909091	0.255389204545455	0.083341477272727	0.493352840909091	0.032202272727273		1
000285:	0.071771022727273	0.045881818181818	0.083513636363636	0.276776136363636	0.043482386363636	0.142853977272727	0.335721022727273		1
000286:	0.026352840909091	0.023961931818182	0.042036363636364	0.305614772727273	0.241646590909091	0.107210795454545	0.253176704545455		1
000287:	0.026627272727273	0.025185795454545	0.033484090909091	0.291801704545455	0.170086363636364	0.116817613636364	0.335997159090909		1
000288:	0.061207954545455	0.250936931818182	0.077739204545455	0.294205681818182	0.189959659090909	0.047939772727273	0.078010795454545		1
