Estimated Clustering Probabilities for Samples
Sample	***Cluster  01***	***Cluster  02***	***Cluster  03***	
000001:	0.015382954545455	0.559468181818182	0.425148863636364		1
000002:	0.005931818181818	0.871447727272727	0.122620454545455		1
000003:	0.014328977272727	0.823243181818182	0.162427840909091		1
000004:	0.010011363636364	0.883721022727273	0.106267613636364		1
000005:	0.006676136363636	0.602982954545455	0.390340909090909		1
000006:	0.019238068181818	0.761009659090909	0.219752272727273		1
000007:	0.007486363636364	0.908161363636364	0.084352272727273		1
000008:	0.013682954545455	0.891404545454546	0.094912500000000		1
000009:	0.007377840909091	0.856068750000000	0.136553409090909		1
000010:	0.008788068181818	0.704746022727273	0.286465909090909		1
000011:	0.087157386363636	0.568956818181818	0.343885795454545		1
000012:	0.094916477272727	0.071690909090909	0.833392613636364		1
000013:	0.447961363636364	0.082961931818182	0.469076704545455		1
000014:	0.119163636363636	0.500553977272727	0.380282386363636		1
000015:	0.034845454545455	0.276985227272727	0.688169318181818		1
000016:	0.046771590909091	0.710734090909091	0.242494318181818		1
000017:	0.031483522727273	0.075255681818182	0.893260795454546		1
000018:	0.428776704545455	0.046073863636364	0.525149431818182		1
000019:	0.099215340909091	0.149595454545455	0.751189204545455		1
000020:	0.030254545454545	0.159297159090909	0.810448295454545		1
000021:	0.085759090909091	0.091643750000000	0.822597159090909		1
000022:	0.037560227272727	0.052259090909091	0.910180681818182		1
000023:	0.233246590909091	0.205571022727273	0.561182386363636		1
000024:	0.181450000000000	0.171123863636364	0.647426136363636		1
000025:	0.390906250000000	0.082099431818182	0.526994318181818		1
000026:	0.083177272727273	0.037317045454545	0.879505681818182		1
000027:	0.141683522727273	0.039023863636364	0.819292613636364		1
000028:	0.058911363636364	0.351511363636364	0.589577272727273		1
000029:	0.070417613636364	0.089047727272727	0.840534659090909		1
000030:	0.165504545454545	0.288101704545455	0.546393750000000		1
000031:	0.309704545454545	0.044658522727273	0.645636931818182		1
000032:	0.100305681818182	0.093842045454545	0.805852272727273		1
000033:	0.059876136363636	0.153288636363636	0.786835227272727		1
000034:	0.075995454545455	0.238749431818182	0.685255113636364		1
000035:	0.361692613636364	0.119488636363636	0.518818750000000		1
000036:	0.045945454545455	0.143332954545455	0.810721590909091		1
000037:	0.045782386363636	0.031384659090909	0.922832954545455		1
000038:	0.363790909090909	0.379123295454545	0.257085795454545		1
000039:	0.138313636363636	0.045524431818182	0.816161931818182		1
000040:	0.142429545454545	0.353136931818182	0.504433522727273		1
000041:	0.057951704545455	0.082777272727273	0.859271022727273		1
000042:	0.314876704545455	0.060881818181818	0.624241477272727		1
000043:	0.030398295454545	0.200445454545455	0.769156250000000		1
000044:	0.038511363636364	0.082444886363636	0.879043750000000		1
000045:	0.093166477272727	0.069657386363636	0.837176136363636		1
000046:	0.431821022727273	0.211998863636364	0.356180113636364		1
000047:	0.118289772727273	0.320896022727273	0.560814204545454		1
000048:	0.027683522727273	0.690446590909091	0.281869886363636		1
000049:	0.051156818181818	0.219412500000000	0.729430681818182		1
000050:	0.086024431818182	0.252001704545455	0.661973863636364		1
000051:	0.028255681818182	0.842190909090909	0.129553409090909		1
000052:	0.030158522727273	0.682289772727273	0.287551704545455		1
000053:	0.039265340909091	0.173036931818182	0.787697727272727		1
000054:	0.452265340909091	0.188533522727273	0.359201136363636		1
000055:	0.028396590909091	0.428251704545455	0.543351704545455		1
000056:	0.029646590909091	0.216737500000000	0.753615909090909		1
000057:	0.023705681818182	0.162712500000000	0.813581818181818		1
000058:	0.156292613636364	0.157052272727273	0.686655113636364		1
000059:	0.059453409090909	0.073488068181818	0.867058522727273		1
000060:	0.026625568181818	0.197640340909091	0.775734090909091		1
000061:	0.025894318181818	0.121516477272727	0.852589204545455		1
000062:	0.034188636363636	0.702756818181818	0.263054545454545		1
000063:	0.035341477272727	0.841238636363636	0.123419886363636		1
000064:	0.016164204545455	0.903033522727273	0.080802272727273		1
000065:	0.031424431818182	0.586752840909091	0.381822727272727		1
000066:	0.022369318181818	0.085144318181818	0.892486363636364		1
000067:	0.023865909090909	0.865760227272727	0.110373863636364		1
000068:	0.054963636363636	0.083514772727273	0.861521590909091		1
000069:	0.015627272727273	0.093482386363636	0.890890340909091		1
000070:	0.114752272727273	0.359607386363636	0.525640340909091		1
000071:	0.043475000000000	0.083378977272727	0.873146022727273		1
000072:	0.028857954545455	0.400435227272727	0.570706818181818		1
000073:	0.028828409090909	0.356615340909091	0.614556250000000		1
000074:	0.417290909090909	0.086505681818182	0.496203409090909		1
000075:	0.114671022727273	0.148362500000000	0.736966477272727		1
000076:	0.226676136363636	0.528684659090909	0.244639204545455		1
000077:	0.218171590909091	0.463407386363636	0.318421022727273		1
000078:	0.028060795454545	0.451615909090909	0.520323295454545		1
000079:	0.136931818181818	0.119717613636364	0.743350568181818		1
000080:	0.302319886363636	0.126608522727273	0.571071590909091		1
000081:	0.018483522727273	0.252971590909091	0.728544886363636		1
000082:	0.029131818181818	0.351489772727273	0.619378409090909		1
000083:	0.036675000000000	0.203490909090909	0.759834090909091		1
000084:	0.232881250000000	0.593018181818182	0.174100568181818		1
000085:	0.043688068181818	0.227596022727273	0.728715909090909		1
000086:	0.126810795454545	0.326226136363636	0.546963068181818		1
000087:	0.018784090909091	0.069595454545455	0.911620454545455		1
000088:	0.045858522727273	0.059889772727273	0.894251704545455		1
000089:	0.048588636363636	0.107960227272727	0.843451136363636		1
000090:	0.391252272727273	0.078171022727273	0.530576704545455		1
000091:	0.580042045454545	0.166213068181818	0.253744886363636		1
000092:	0.076040909090909	0.133002272727273	0.790956818181818		1
000093:	0.178731250000000	0.255380681818182	0.565888068181818		1
000094:	0.126159090909091	0.140663068181818	0.733177840909091		1
000095:	0.035917045454545	0.443503977272727	0.520578977272727		1
000096:	0.043875568181818	0.546410795454545	0.409713636363636		1
000097:	0.032478409090909	0.046465340909091	0.921056250000000		1
000098:	0.024691477272727	0.078519318181818	0.896789204545455		1
000099:	0.056192613636364	0.209922727272727	0.733884659090909		1
000100:	0.048843750000000	0.358362500000000	0.592793750000000		1
000101:	0.018468750000000	0.062570454545455	0.918960795454545		1
000102:	0.049255113636364	0.138858522727273	0.811886363636364		1
000103:	0.237115909090909	0.303614772727273	0.459269318181818		1
000104:	0.042427272727273	0.458651704545455	0.498921022727273		1
000105:	0.046814204545455	0.068234090909091	0.884951704545455		1
000106:	0.058453977272727	0.106232386363636	0.835313636363636		1
000107:	0.036762500000000	0.141293750000000	0.821943750000000		1
000108:	0.080211363636364	0.245253409090909	0.674535227272727		1
000109:	0.082675568181818	0.145907954545455	0.771416477272727		1
000110:	0.765015909090909	0.130669886363636	0.104314204545455		1
000111:	0.042641477272727	0.514346022727273	0.443012500000000		1
000112:	0.142868181818182	0.128649431818182	0.728482386363636		1
000113:	0.033264204545455	0.235325568181818	0.731410227272727		1
000114:	0.187440909090909	0.269270454545455	0.543288636363636		1
000115:	0.075389772727273	0.177875568181818	0.746734659090909		1
000116:	0.060929545454545	0.430207954545455	0.508862500000000		1
000117:	0.035616477272727	0.154860227272727	0.809523295454545		1
000118:	0.024362500000000	0.641785795454546	0.333851704545455		1
000119:	0.036700000000000	0.058587500000000	0.904712500000000		1
000120:	0.041793750000000	0.439469886363636	0.518736363636364		1
000121:	0.211021022727273	0.178339772727273	0.610639204545455		1
000122:	0.023247159090909	0.056088068181818	0.920664772727273		1
000123:	0.063294886363636	0.356713068181818	0.579992045454545		1
000124:	0.144234090909091	0.212112500000000	0.643653409090909		1
000125:	0.026127272727273	0.802631818181818	0.171240909090909		1
000126:	0.040100568181818	0.894426136363636	0.065473295454545		1
000127:	0.051055681818182	0.246538068181818	0.702406250000000		1
000128:	0.043646590909091	0.289813636363636	0.666539772727273		1
000129:	0.174984090909091	0.062863636363636	0.762152272727273		1
000130:	0.058266477272727	0.635317045454545	0.306416477272727		1
000131:	0.033557386363636	0.124538068181818	0.841904545454545		1
000132:	0.035668181818182	0.255013636363636	0.709318181818182		1
000133:	0.306412500000000	0.386384090909091	0.307203409090909		1
000134:	0.253782386363636	0.200800000000000	0.545417613636364		1
000135:	0.207289772727273	0.058669886363636	0.734040340909091		1
000136:	0.041167613636364	0.400150568181818	0.558681818181818		1
000137:	0.213890909090909	0.090194318181818	0.695914772727273		1
000138:	0.105426704545455	0.426647159090909	0.467926136363636		1
000139:	0.053723863636364	0.202210795454545	0.744065340909091		1
000140:	0.706598863636364	0.064265909090909	0.229135227272727		1
000141:	0.044961363636364	0.791196022727273	0.163842613636364		1
000142:	0.060781250000000	0.066294886363636	0.872923863636364		1
000143:	0.025797727272727	0.133613636363636	0.840588636363636		1
000144:	0.020938636363636	0.183675568181818	0.795385795454545		1
000145:	0.089975000000000	0.627857386363636	0.282167613636364		1
000146:	0.089421590909091	0.192207954545455	0.718370454545455		1
000147:	0.026842613636364	0.432881818181818	0.540275568181818		1
000148:	0.043778977272727	0.396413636363636	0.559807386363636		1
000149:	0.047180681818182	0.204447727272727	0.748371590909091		1
000150:	0.155932386363636	0.052161931818182	0.791905681818182		1
000151:	0.033732954545455	0.350208522727273	0.616058522727273		1
000152:	0.143521022727273	0.305685795454545	0.550793181818182		1
000153:	0.031644886363636	0.078028977272727	0.890326136363636		1
000154:	0.030817613636364	0.747232954545455	0.221949431818182		1
000155:	0.067017045454545	0.199906818181818	0.733076136363636		1
000156:	0.027214204545455	0.092077840909091	0.880707954545455		1
000157:	0.023733522727273	0.823657954545455	0.152608522727273		1
000158:	0.022335227272727	0.797558522727273	0.180106250000000		1
000159:	0.201660795454545	0.550647159090909	0.247692045454545		1
000160:	0.009827840909091	0.970380681818182	0.019791477272727		1
000161:	0.016122159090909	0.939015340909091	0.044862500000000		1
000162:	0.392184659090909	0.409996022727273	0.197819318181818		1
000163:	0.009426136363636	0.676719886363636	0.313853977272727		1
000164:	0.011081818181818	0.943124431818182	0.045793750000000		1
000165:	0.010187500000000	0.910225568181818	0.079586931818182		1
000166:	0.009355681818182	0.845726136363636	0.144918181818182		1
000167:	0.043114204545455	0.702455113636364	0.254430681818182		1
000168:	0.042664204545455	0.277427840909091	0.679907954545454		1
000169:	0.028525568181818	0.089593181818182	0.881881250000000		1
000170:	0.038155113636364	0.539321590909091	0.422523295454545		1
000171:	0.057790340909091	0.540005681818182	0.402203977272727		1
000172:	0.072492045454545	0.432067613636364	0.495440340909091		1
000173:	0.016539204545455	0.133578409090909	0.849882386363636		1
000174:	0.047904545454545	0.063580113636364	0.888515340909091		1
000175:	0.104346022727273	0.391943750000000	0.503710227272727		1
000176:	0.019751136363636	0.199892613636364	0.780356250000000		1
000177:	0.031307954545455	0.091995454545455	0.876696590909091		1
000178:	0.020471022727273	0.121042045454545	0.858486931818182		1
000179:	0.029399431818182	0.213302272727273	0.757298295454545		1
000180:	0.133573863636364	0.472382386363636	0.394043750000000		1
000181:	0.040426136363636	0.758395454545455	0.201178409090909		1
000182:	0.175993750000000	0.178120454545455	0.645885795454545		1
000183:	0.029523863636364	0.549621590909091	0.420854545454545		1
000184:	0.090604545454545	0.200895454545455	0.708500000000000		1
000185:	0.297464204545455	0.192150568181818	0.510385227272727		1
000186:	0.113401136363636	0.503606250000000	0.382992613636364		1
000187:	0.075394886363636	0.458058522727273	0.466546590909091		1
000188:	0.055012500000000	0.660714772727273	0.284272727272727		1
000189:	0.017497159090909	0.180340909090909	0.802161931818182		1
000190:	0.051836931818182	0.422132954545455	0.526030113636364		1
000191:	0.018618181818182	0.106562500000000	0.874819318181818		1
000192:	0.040727272727273	0.113096590909091	0.846176136363636		1
000193:	0.039131818181818	0.103671590909091	0.857196590909091		1
000194:	0.175186931818182	0.291612500000000	0.533200568181818		1
000195:	0.015810795454545	0.037898295454545	0.946290909090909		1
000196:	0.012723863636364	0.884710795454545	0.102565340909091		1
000197:	0.021278977272727	0.437915909090909	0.540805113636364		1
000198:	0.096886363636364	0.392517045454545	0.510596590909091		1
000199:	0.020213068181818	0.901597159090909	0.078189772727273		1
000200:	0.020186931818182	0.900952272727273	0.078860795454545		1
000201:	0.649060227272727	0.008595454545455	0.342344318181818		1
000202:	0.120667045454545	0.193386931818182	0.685946022727273		1
000203:	0.046501704545455	0.480732954545455	0.472765340909091		1
000204:	0.035069318181818	0.759509659090909	0.205421022727273		1
000205:	0.070688068181818	0.607597159090909	0.321714772727273		1
000206:	0.344814204545455	0.276153977272727	0.379031818181818		1
000207:	0.057203409090909	0.191067045454545	0.751729545454545		1
000208:	0.034259659090909	0.381722727272727	0.584017613636364		1
000209:	0.028744886363636	0.640767613636364	0.330487500000000		1
000210:	0.028211931818182	0.272422159090909	0.699365909090909		1
000211:	0.019990909090909	0.479177272727273	0.500831818181818		1
000212:	0.026064772727273	0.889551136363636	0.084384090909091		1
000213:	0.019352272727273	0.855466477272727	0.125181250000000		1
000214:	0.032407954545455	0.795543750000000	0.172048295454545		1
000215:	0.074321590909091	0.632567613636364	0.293110795454545		1
000216:	0.024707954545455	0.873266477272727	0.102025568181818		1
000217:	0.021655113636364	0.005900000000000	0.972444886363636		1
000218:	0.013884090909091	0.881301704545455	0.104814204545455		1
000219:	0.011217045454545	0.942410795454545	0.046372159090909		1
000220:	0.008313068181818	0.940132386363636	0.051554545454545		1
000221:	0.014705681818182	0.938013636363636	0.047280681818182		1
000222:	0.011917045454545	0.941611931818182	0.046471022727273		1
000223:	0.127919318181818	0.573839772727273	0.298240909090909		1
000224:	0.392152840909091	0.087072159090909	0.520775000000000		1
000225:	0.240625568181818	0.087130113636364	0.672244318181818		1
000226:	0.114427840909091	0.350764204545455	0.534807954545455		1
000227:	0.401305681818182	0.143428977272727	0.455265340909091		1
000228:	0.864753409090909	0.109601136363636	0.025645454545455		1
000229:	0.365459090909091	0.264015909090909	0.370525000000000		1
000230:	0.087794318181818	0.880639204545455	0.031566477272727		1
000231:	0.237203977272727	0.250682386363636	0.512113636363636		1
000232:	0.165851704545455	0.742603409090909	0.091544886363636		1
000233:	0.334115909090909	0.096046022727273	0.569838068181818		1
000234:	0.703079545454545	0.067858522727273	0.229061931818182		1
000235:	0.856331818181818	0.069056250000000	0.074611931818182		1
000236:	0.587920454545454	0.337717613636364	0.074361931818182		1
000237:	0.580689772727273	0.084869886363636	0.334440340909091		1
000238:	0.142786931818182	0.517031250000000	0.340181818181818		1
000239:	0.445727272727273	0.238711931818182	0.315560795454545		1
000240:	0.211453977272727	0.692031250000000	0.096514772727273		1
000241:	0.132323863636364	0.165353409090909	0.702322727272727		1
000242:	0.345660795454545	0.072332386363636	0.582006818181818		1
000243:	0.720964772727273	0.231423295454545	0.047611931818182		1
000244:	0.222538636363636	0.522436931818182	0.255024431818182		1
000245:	0.239644886363636	0.421845454545455	0.338509659090909		1
000246:	0.612568750000000	0.112183522727273	0.275247727272727		1
000247:	0.352543181818182	0.256458522727273	0.390998295454545		1
000248:	0.251217613636364	0.577814772727273	0.170967613636364		1
000249:	0.815943181818182	0.116133522727273	0.067923295454545		1
000250:	0.549760795454545	0.075892045454545	0.374347159090909		1
000251:	0.552817045454545	0.166715909090909	0.280467045454545		1
000252:	0.251693181818182	0.661855113636364	0.086451704545455		1
000253:	0.759810795454545	0.193421590909091	0.046767613636364		1
000254:	0.581905113636364	0.351159659090909	0.066935227272727		1
000255:	0.642492045454545	0.254967613636364	0.102540340909091		1
000256:	0.145706818181818	0.343509659090909	0.510783522727273		1
000257:	0.079755113636364	0.855426704545455	0.064818181818182		1
000258:	0.052444886363636	0.248690909090909	0.698864204545455		1
000259:	0.195961363636364	0.577087500000000	0.226951136363636		1
000260:	0.667796022727273	0.246462500000000	0.085741477272727		1
000261:	0.505863636363636	0.358644886363636	0.135491477272727		1
000262:	0.359298863636364	0.497998295454545	0.142702840909091		1
000263:	0.080696022727273	0.403914772727273	0.515389204545455		1
000264:	0.111897159090909	0.725468750000000	0.162634090909091		1
000265:	0.069475568181818	0.829981250000000	0.100543181818182		1
000266:	0.378663068181818	0.219994318181818	0.401342613636364		1
000267:	0.768738068181818	0.135601136363636	0.095660795454545		1
000268:	0.058194318181818	0.412712500000000	0.529093181818182		1
000269:	0.576232386363636	0.076873863636364	0.346893750000000		1
000270:	0.072710795454545	0.720340340909091	0.206948863636364		1
000271:	0.828647159090909	0.132281818181818	0.039071022727273		1
000272:	0.503110227272727	0.387594318181818	0.109295454545455		1
000273:	0.445072727272727	0.184805113636364	0.370122159090909		1
000274:	0.622546590909091	0.271035227272727	0.106418181818182		1
000275:	0.192802272727273	0.195263068181818	0.611934659090909		1
000276:	0.258859090909091	0.630640909090909	0.110500000000000		1
000277:	0.792917613636364	0.109854545454545	0.097227840909091		1
000278:	0.133067045454545	0.297525568181818	0.569407386363636		1
000279:	0.757803409090909	0.094716477272727	0.147480113636364		1
000280:	0.289128409090909	0.502053977272727	0.208817613636364		1
000281:	0.795725000000000	0.149489772727273	0.054785227272727		1
000282:	0.264371590909091	0.231736363636364	0.503892045454545		1
000283:	0.072435227272727	0.856461363636364	0.071103409090909		1
000284:	0.681251704545455	0.232277272727273	0.086471022727273		1
000285:	0.566692045454545	0.156867613636364	0.276440340909091		1
000286:	0.747715909090909	0.140502840909091	0.111781250000000		1
000287:	0.683420454545455	0.097828977272727	0.218750568181818		1
000288:	0.415101704545455	0.400344886363636	0.184553409090909		1
000289:	0.069664772727273	0.748026704545455	0.182308522727273		1
000290:	0.027404545454545	0.896383522727273	0.076211931818182		1
000291:	0.021259659090909	0.310115340909091	0.668625000000000		1
000292:	0.029459090909091	0.880269318181818	0.090271590909091		1
000293:	0.013009090909091	0.735276704545455	0.251714204545455		1
000294:	0.012700000000000	0.417397159090909	0.569902840909091		1
000295:	0.011048295454545	0.172880681818182	0.816071022727273		1
000296:	0.025696022727273	0.681472727272727	0.292831250000000		1
000297:	0.042150000000000	0.534377840909091	0.423472159090909		1
000298:	0.309925000000000	0.099877272727273	0.590197727272727		1
000299:	0.082362500000000	0.334390340909091	0.583247159090909		1
000300:	0.094117613636364	0.727770454545455	0.178111931818182		1
000301:	0.029777272727273	0.514846590909091	0.455376136363636		1
000302:	0.027664204545455	0.854764772727273	0.117571022727273		1
000303:	0.074669886363636	0.783944318181818	0.141385795454545		1
000304:	0.025086363636364	0.874540909090909	0.100372727272727		1
000305:	0.033858522727273	0.909498863636364	0.056642613636364		1
000306:	0.137357954545455	0.658357954545455	0.204284090909091		1
000307:	0.018482954545455	0.954054545454545	0.027462500000000		1
000308:	0.019286931818182	0.911769886363636	0.068943181818182		1
000309:	0.113719886363636	0.580387500000000	0.305892613636364		1
000310:	0.049661931818182	0.538736931818182	0.411601136363636		1
000311:	0.131200568181818	0.607953409090909	0.260846022727273		1
000312:	0.508690909090909	0.124301136363636	0.367007954545455		1
000313:	0.555744886363636	0.150865340909091	0.293389772727273		1
000314:	0.397950000000000	0.158023863636364	0.444026136363636		1
000315:	0.319392613636364	0.186838068181818	0.493769318181818		1
000316:	0.113409659090909	0.309964204545455	0.576626136363636		1
000317:	0.091128409090909	0.221540909090909	0.687330681818182		1
000318:	0.018005113636364	0.862623863636364	0.119371022727273		1
000319:	0.028739204545455	0.855782954545454	0.115477840909091		1
000320:	0.064966477272727	0.775817613636364	0.159215909090909		1
000321:	0.025812500000000	0.924143181818182	0.050044318181818		1
000322:	0.028114204545455	0.939532954545454	0.032352840909091		1
000323:	0.323754545454545	0.323521590909091	0.352723863636364		1
000324:	0.019111931818182	0.935722727272727	0.045165340909091		1
000325:	0.173517045454545	0.733299431818182	0.093183522727273		1
000326:	0.125156818181818	0.749856818181818	0.124986363636364		1
000327:	0.025061931818182	0.877023295454545	0.097914772727273		1
000328:	0.033326136363636	0.946758522727273	0.019915340909091		1
000329:	0.077652272727273	0.728404545454545	0.193943181818182		1
000330:	0.038919318181818	0.935225000000000	0.025855681818182		1
000331:	0.117631818181818	0.859897159090909	0.022471022727273		1
000332:	0.030785227272727	0.742019886363636	0.227194886363636		1
000333:	0.074434090909091	0.750148295454545	0.175417613636364		1
000334:	0.046444886363636	0.810006250000000	0.143548863636364		1
000335:	0.052415340909091	0.612026704545454	0.335557954545455		1
000336:	0.022798863636364	0.925214772727273	0.051986363636364		1
000337:	0.075544318181818	0.865534659090909	0.058921022727273		1
000338:	0.015485795454545	0.797053409090909	0.187460795454545		1
000339:	0.018141477272727	0.941581250000000	0.040277272727273		1
000340:	0.020343181818182	0.941200000000000	0.038456818181818		1
000341:	0.023042613636364	0.850630113636364	0.126327272727273		1
000342:	0.018400000000000	0.920527840909091	0.061072159090909		1
000343:	0.026704545454545	0.850907954545455	0.122387500000000		1
000344:	0.056202840909091	0.887446590909091	0.056350568181818		1
000345:	0.011674431818182	0.966278977272727	0.022046590909091		1
000346:	0.018369318181818	0.892041477272727	0.089589204545455		1
000347:	0.013506250000000	0.941990340909091	0.044503409090909		1
000348:	0.012951136363636	0.898515909090909	0.088532954545455		1
000349:	0.042063068181818	0.855573295454545	0.102363636363636		1
000350:	0.014650000000000	0.926421590909091	0.058928409090909		1
000351:	0.015352272727273	0.926634659090909	0.058013068181818		1
000352:	0.020455113636364	0.834459090909091	0.145085795454545		1
000353:	0.014806818181818	0.919319318181818	0.065873863636364		1
000354:	0.014952272727273	0.917497727272727	0.067550000000000		1
000355:	0.026678409090909	0.925023863636364	0.048297727272727		1
000356:	0.467857386363636	0.258272159090909	0.273870454545455		1
000357:	0.478153977272727	0.124556818181818	0.397289204545455		1
000358:	0.109704545454545	0.246140909090909	0.644154545454545		1
000359:	0.530485795454545	0.335948295454545	0.133565909090909		1
000360:	0.052443750000000	0.377169318181818	0.570386931818182		1
000361:	0.632011363636364	0.115835227272727	0.252153409090909		1
000362:	0.088284090909091	0.824381250000000	0.087334659090909		1
000363:	0.025877272727273	0.117935795454545	0.856186931818182		1
000364:	0.444894886363636	0.257934659090909	0.297170454545455		1
000365:	0.058600568181818	0.425693181818182	0.515706250000000		1
000366:	0.513696022727273	0.162731818181818	0.323572159090909		1
000367:	0.289064772727273	0.147659090909091	0.563276136363636		1
000368:	0.240332954545455	0.108772727272727	0.650894318181818		1
000369:	0.143613068181818	0.309867613636364	0.546519318181818		1
000370:	0.087505113636364	0.756015909090909	0.156478977272727		1
000371:	0.045386931818182	0.668021590909091	0.286591477272727		1
000372:	0.031362500000000	0.103759090909091	0.864878409090909		1
000373:	0.341964772727273	0.383125000000000	0.274910227272727		1
000374:	0.033932954545455	0.169238636363636	0.796828409090909		1
000375:	0.045660795454545	0.845480681818182	0.108858522727273		1
000376:	0.062163636363636	0.163871590909091	0.773964772727273		1
000377:	0.038712500000000	0.851650568181818	0.109636931818182		1
000378:	0.457673295454545	0.069724431818182	0.472602272727273		1
000379:	0.376831250000000	0.046170454545455	0.576998295454546		1
000380:	0.184639772727273	0.109750000000000	0.705610227272727		1
000381:	0.733340909090909	0.067286931818182	0.199372159090909		1
000382:	0.081777272727273	0.121017613636364	0.797205113636364		1
000383:	0.157718750000000	0.256169886363636	0.586111363636364		1
000384:	0.198296022727273	0.188573863636364	0.613130113636364		1
000385:	0.138184090909091	0.448757386363636	0.413058522727273		1
000386:	0.763106250000000	0.082435795454545	0.154457954545455		1
000387:	0.079473295454545	0.174668750000000	0.745857954545455		1
000388:	0.508423295454545	0.365906818181818	0.125669886363636		1
000389:	0.084004545454545	0.277450568181818	0.638544886363636		1
000390:	0.032926136363636	0.919335227272727	0.047738636363636		1
000391:	0.115011363636364	0.185097727272727	0.699890909090909		1
000392:	0.685644318181818	0.102146022727273	0.212209659090909		1
000393:	0.158815909090909	0.147714204545455	0.693469886363636		1
000394:	0.027276704545455	0.063403409090909	0.909319886363636		1
000395:	0.407070454545455	0.001753409090909	0.591176136363636		1
000396:	0.110472727272727	0.276831250000000	0.612696022727273		1
000397:	0.038751136363636	0.075006250000000	0.886242613636364		1
000398:	0.211422159090909	0.300851704545455	0.487726136363636		1
000399:	0.889382954545455	0.052539772727273	0.058077272727273		1
000400:	0.293200000000000	0.168823295454545	0.537976704545455		1
000401:	0.287671022727273	0.099626704545455	0.612702272727273		1
000402:	0.046274431818182	0.079762500000000	0.873963068181818		1
000403:	0.263372159090909	0.305155113636364	0.431472727272727		1
000404:	0.310435795454545	0.320478409090909	0.369085795454545		1
000405:	0.059510227272727	0.063278409090909	0.877211363636364		1
000406:	0.030151136363636	0.171231250000000	0.798617613636364		1
000407:	0.033981818181818	0.112540909090909	0.853477272727273		1
000408:	0.579918750000000	0.271263068181818	0.148818181818182		1
000409:	0.061672727272727	0.723524431818182	0.214802840909091		1
000410:	0.080432954545455	0.766268181818182	0.153298863636364		1
000411:	0.073855681818182	0.611177840909091	0.314966477272727		1
000412:	0.731739772727273	0.102656818181818	0.165603409090909		1
000413:	0.116437500000000	0.215438636363636	0.668123863636364		1
000414:	0.516571022727273	0.107568181818182	0.375860795454545		1
000415:	0.813501704545455	0.152843750000000	0.033654545454545		1
000416:	0.879861363636364	0.038027840909091	0.082110795454545		1
000417:	0.533908522727273	0.287887500000000	0.178203977272727		1
000418:	0.622087500000000	0.131856818181818	0.246055681818182		1
000419:	0.925030113636364	0.040710795454545	0.034259090909091		1
000420:	0.038860227272727	0.832024431818182	0.129115340909091		1
000421:	0.379091477272727	0.120675000000000	0.500233522727273		1
000422:	0.308204545454545	0.200164204545455	0.491631250000000		1
000423:	0.061274431818182	0.875799431818182	0.062926136363636		1
000424:	0.894964204545455	0.026733522727273	0.078302272727273		1
000425:	0.798217613636364	0.073988636363636	0.127793750000000		1
000426:	0.709565909090909	0.255367613636364	0.035066477272727		1
000427:	0.154026704545455	0.138467613636364	0.707505681818182		1
000428:	0.149476136363636	0.213931818181818	0.636592045454546		1
000429:	0.185775000000000	0.430382386363636	0.383842613636364		1
000430:	0.527958522727273	0.206721590909091	0.265319886363636		1
000431:	0.171802272727273	0.124472159090909	0.703725568181818		1
000432:	0.286189772727273	0.207423863636364	0.506386363636364		1
000433:	0.377557954545455	0.444204545454545	0.178237500000000		1
000434:	0.234431818181818	0.198916477272727	0.566651704545455		1
000435:	0.142504545454545	0.387795454545455	0.469700000000000		1
000436:	0.728908522727273	0.203284090909091	0.067807386363636		1
000437:	0.768301136363636	0.079463068181818	0.152235795454545		1
000438:	0.606576136363636	0.130513068181818	0.262910795454545		1
000439:	0.884872159090909	0.041374431818182	0.073753409090909		1
000440:	0.797324431818182	0.045746590909091	0.156928977272727		1
000441:	0.900261931818182	0.028911363636364	0.070826704545455		1
000442:	0.898356250000000	0.045667045454545	0.055976704545455		1
000443:	0.087357954545455	0.612964204545455	0.299677840909091		1
000444:	0.740159090909091	0.138365909090909	0.121475000000000		1
000445:	0.463076136363636	0.142207954545455	0.394715909090909		1
000446:	0.155118750000000	0.451827840909091	0.393053409090909		1
000447:	0.426069886363636	0.097398295454545	0.476531818181818		1
000448:	0.360496022727273	0.172891477272727	0.466612500000000		1
000449:	0.103930113636364	0.172003409090909	0.724066477272727		1
000450:	0.079775000000000	0.385792045454545	0.534432954545455		1
000451:	0.065002840909091	0.443714204545455	0.491282954545455		1
000452:	0.250834659090909	0.659500568181818	0.089664772727273		1
000453:	0.767273863636364	0.040693750000000	0.192032386363636		1
000454:	0.249782386363636	0.588485795454545	0.161731818181818		1
000455:	0.031253977272727	0.598794318181818	0.369951704545455		1
000456:	0.008022727272727	0.921628409090909	0.070348863636364		1
000457:	0.012326704545455	0.938913068181818	0.048760227272727		1
000458:	0.037906250000000	0.799539204545455	0.162554545454545		1
000459:	0.012155113636364	0.878672727272727	0.109172159090909		1
000460:	0.017080681818182	0.802898295454545	0.180021022727273		1
000461:	0.029338636363636	0.543485227272727	0.427176136363636		1
000462:	0.023852272727273	0.832768750000000	0.143378977272727		1
000463:	0.016284659090909	0.895924431818182	0.087790909090909		1
000464:	0.055885795454545	0.883006818181818	0.061107386363636		1
000465:	0.030834090909091	0.848606250000000	0.120559659090909		1
000466:	0.019685795454545	0.803825568181818	0.176488636363636		1
000467:	0.018244318181818	0.890593181818182	0.091162500000000		1
000468:	0.011926704545455	0.788822727272727	0.199250568181818		1
000469:	0.305916477272727	0.131104545454545	0.562978977272727		1
000470:	0.255209090909091	0.143286931818182	0.601503977272727		1
000471:	0.145221022727273	0.078510227272727	0.776268750000000		1
000472:	0.149249431818182	0.745534659090909	0.105215909090909		1
000473:	0.076017045454545	0.810085795454546	0.113897159090909		1
000474:	0.231915909090909	0.140864204545455	0.627219886363636		1
000475:	0.065502272727273	0.084430113636364	0.850067613636364		1
000476:	0.139839204545455	0.583373295454545	0.276787500000000		1
000477:	0.277242613636364	0.079700568181818	0.643056818181818		1
000478:	0.266365909090909	0.181553977272727	0.552080113636364		1
000479:	0.117767045454545	0.476196022727273	0.406036931818182		1
000480:	0.056727840909091	0.198060795454545	0.745211363636364		1
000481:	0.067694318181818	0.294892045454545	0.637413636363636		1
000482:	0.326632386363636	0.558090909090909	0.115276704545455		1
000483:	0.487273295454545	0.399001136363636	0.113725568181818		1
000484:	0.067655113636364	0.596004545454546	0.336340340909091		1
000485:	0.689576136363636	0.129114772727273	0.181309090909091		1
000486:	0.056619318181818	0.096736363636364	0.846644318181818		1
000487:	0.054559659090909	0.883709090909091	0.061731250000000		1
000488:	0.050578977272727	0.081434090909091	0.867986931818182		1
000489:	0.585063636363636	0.170783522727273	0.244152840909091		1
000490:	0.103404545454545	0.098632386363636	0.797963068181818		1
000491:	0.076180681818182	0.806827840909091	0.116991477272727		1
000492:	0.320059659090909	0.069485795454545	0.610454545454545		1
000493:	0.110685795454545	0.632443750000000	0.256870454545455		1
000494:	0.058218181818182	0.707520454545455	0.234261363636364		1
000495:	0.090178409090909	0.567610227272727	0.342211363636364		1
000496:	0.018424431818182	0.678144318181818	0.303431250000000		1
000497:	0.209736363636364	0.476228409090909	0.314035227272727		1
000498:	0.032934659090909	0.545454545454545	0.421610795454545		1
000499:	0.017611931818182	0.882872727272727	0.099515340909091		1
000500:	0.023310227272727	0.394748295454545	0.581941477272727		1
000501:	0.075719886363636	0.810464772727273	0.113815340909091		1
000502:	0.017238068181818	0.872171022727273	0.110590909090909		1
000503:	0.015321022727273	0.840211931818182	0.144467045454545		1
000504:	0.017498863636364	0.956642613636364	0.025858522727273		1
000505:	0.037107954545455	0.826630681818182	0.136261363636364		1
000506:	0.051698863636364	0.645700000000000	0.302601136363636		1
000507:	0.038375568181818	0.524838636363636	0.436785795454545		1
000508:	0.020500000000000	0.729273295454545	0.250226704545455		1
000509:	0.013485227272727	0.871769886363636	0.114744886363636		1
000510:	0.018898863636364	0.904455681818182	0.076645454545455		1
000511:	0.016733522727273	0.897798295454545	0.085468181818182		1
000512:	0.025000568181818	0.930343181818182	0.044656250000000		1
000513:	0.026325000000000	0.861063068181818	0.112611931818182		1
000514:	0.020605681818182	0.930400568181818	0.048993750000000		1
000515:	0.016526704545455	0.932274431818182	0.051198863636364		1
000516:	0.014879545454545	0.872568181818182	0.112552272727273		1
000517:	0.012934090909091	0.871834090909091	0.115231818181818		1
000518:	0.033783522727273	0.929842613636364	0.036373863636364		1
000519:	0.109218181818182	0.839438068181818	0.051343750000000		1
000520:	0.156370454545455	0.810789772727273	0.032839772727273		1
000521:	0.023559659090909	0.959184090909091	0.017256250000000		1
000522:	0.267538068181818	0.688012500000000	0.044449431818182		1
000523:	0.485269886363636	0.489378977272727	0.025351136363636		1
000524:	0.143810795454545	0.786074431818182	0.070114772727273		1
000525:	0.069557386363636	0.900842045454545	0.029600568181818		1
000526:	0.080505681818182	0.841858522727273	0.077635795454545		1
000527:	0.124214204545455	0.820664772727273	0.055121022727273		1
000528:	0.229021022727273	0.737018181818182	0.033960795454545		1
000529:	0.131097159090909	0.789958522727273	0.078944318181818		1
000530:	0.204278977272727	0.757217613636364	0.038503409090909		1
000531:	0.060374431818182	0.897551136363636	0.042074431818182		1
000532:	0.055425000000000	0.928588068181818	0.015986931818182		1
000533:	0.158975568181818	0.204144886363636	0.636879545454546		1
000534:	0.058339772727273	0.918830681818182	0.022829545454545		1
000535:	0.114291477272727	0.872139772727273	0.013568750000000		1
000536:	0.043388068181818	0.899351704545455	0.057260227272727		1
000537:	0.441579545454545	0.411100000000000	0.147320454545455		1
000538:	0.209037500000000	0.719405681818182	0.071556818181818		1
000539:	0.438803409090909	0.524397159090909	0.036799431818182		1
000540:	0.135231250000000	0.778869318181818	0.085899431818182		1
000541:	0.047078409090909	0.871600568181818	0.081321022727273		1
000542:	0.226038068181818	0.589808522727273	0.184153409090909		1
000543:	0.104278977272727	0.863111363636364	0.032609659090909		1
000544:	0.019148295454545	0.955199431818182	0.025652272727273		1
000545:	0.019563636363636	0.951192045454545	0.029244318181818		1
000546:	0.041733522727273	0.834368181818182	0.123898295454545		1
000547:	0.046159090909091	0.908086931818182	0.045753977272727		1
000548:	0.026636363636364	0.941121590909091	0.032242045454545		1
000549:	0.033240909090909	0.940666477272727	0.026092613636364		1
000550:	0.095826704545455	0.833250000000000	0.070923295454545		1
000551:	0.159397727272727	0.806417045454545	0.034185227272727		1
000552:	0.118854545454545	0.853339204545455	0.027806250000000		1
000553:	0.083028409090909	0.872707954545455	0.044263636363636		1
000554:	0.032756818181818	0.942877272727273	0.024365909090909		1
000555:	0.036901136363636	0.940005681818182	0.023093181818182		1
000556:	0.146140909090909	0.834731818181818	0.019127272727273		1
000557:	0.051437500000000	0.922572727272727	0.025989772727273		1
000558:	0.288009659090909	0.692175568181818	0.019814772727273		1
000559:	0.044346022727273	0.941128977272727	0.014525000000000		1
000560:	0.276419886363636	0.695713636363636	0.027866477272727		1
000561:	0.240919318181818	0.674764772727273	0.084315909090909		1
000562:	0.026657954545455	0.941392613636364	0.031949431818182		1
000563:	0.526725568181818	0.432020454545455	0.041253977272727		1
000564:	0.140499431818182	0.720246590909091	0.139253977272727		1
000565:	0.037760227272727	0.926869886363636	0.035369886363636		1
000566:	0.024235795454545	0.954073295454545	0.021690909090909		1
000567:	0.018157386363636	0.965678409090909	0.016164204545455		1
000568:	0.018021022727273	0.964232386363636	0.017746590909091		1
000569:	0.017396590909091	0.928356250000000	0.054247159090909		1
000570:	0.019170454545455	0.934140340909091	0.046689204545455		1
000571:	0.025361363636364	0.960369886363636	0.014268750000000		1
000572:	0.021567613636364	0.954611931818182	0.023820454545455		1
000573:	0.018585227272727	0.955252840909091	0.026161931818182		1
000574:	0.017728409090909	0.954756250000000	0.027515340909091		1
000575:	0.041157386363636	0.826616477272727	0.132226136363636		1
000576:	0.033968181818182	0.938777840909091	0.027253977272727		1
000577:	0.350314204545455	0.566534090909091	0.083151704545455		1
000578:	0.138372727272727	0.810317045454545	0.051310227272727		1
000579:	0.060217045454545	0.898360795454546	0.041422159090909		1
000580:	0.248965340909091	0.525006250000000	0.226028409090909		1
000581:	0.056343750000000	0.893373295454545	0.050282954545455		1
000582:	0.029446022727273	0.933492613636364	0.037061363636364		1
000583:	0.151756818181818	0.379698295454545	0.468544886363636		1
000584:	0.052397159090909	0.907839204545455	0.039763636363636		1
000585:	0.023021022727273	0.961737500000000	0.015241477272727		1
000586:	0.020255113636364	0.961889204545455	0.017855681818182		1
000587:	0.035700000000000	0.927381250000000	0.036918750000000		1
000588:	0.031281250000000	0.890380113636364	0.078338636363636		1
000589:	0.052609090909091	0.880110227272727	0.067280681818182		1
000590:	0.044368181818182	0.913030113636364	0.042601704545455		1
000591:	0.014401704545455	0.973793750000000	0.011804545454545		1
000592:	0.018609090909091	0.959276704545455	0.022114204545455		1
000593:	0.036341477272727	0.933589204545455	0.030069318181818		1
000594:	0.042305681818182	0.876809090909091	0.080885227272727		1
000595:	0.327027272727273	0.527599431818182	0.145373295454545		1
000596:	0.132490909090909	0.803101136363636	0.064407954545455		1
000597:	0.084253977272727	0.833734659090909	0.082011363636364		1
000598:	0.042347727272727	0.919299431818182	0.038352840909091		1
000599:	0.161276136363636	0.811962500000000	0.026761363636364		1
000600:	0.167064772727273	0.790637500000000	0.042297727272727		1
000601:	0.045381250000000	0.936612500000000	0.018006250000000		1
000602:	0.063988636363636	0.859738636363636	0.076272727272727		1
000603:	0.036405681818182	0.936256250000000	0.027338068181818		1
000604:	0.041646590909091	0.897581250000000	0.060772159090909		1
