Estimated Clustering Probabilities for Samples
Sample	***Cluster  01***	***Cluster  02***	***Cluster  03***	
000001:	0.098087500000000	0.705169886363636	0.196742613636364		1
000002:	0.023902272727273	0.823227272727273	0.152870454545455		1
000003:	0.048438068181818	0.808591477272727	0.142970454545455		1
000004:	0.017090340909091	0.942853409090909	0.040056250000000		1
000005:	0.027675568181818	0.920717045454545	0.051607386363636		1
000006:	0.068014772727273	0.848560227272727	0.083425000000000		1
000007:	0.021303977272727	0.761877272727273	0.216818750000000		1
000008:	0.029088068181818	0.848477840909091	0.122434090909091		1
000009:	0.024742045454545	0.952659090909091	0.022598863636364		1
000010:	0.045568181818182	0.902239772727273	0.052192045454545		1
000011:	0.048835795454545	0.800020454545455	0.151143750000000		1
000012:	0.386449431818182	0.596189772727273	0.017360795454545		1
000013:	0.757856250000000	0.217234659090909	0.024909090909091		1
000014:	0.053627840909091	0.876169886363636	0.070202272727273		1
000015:	0.042314772727273	0.945084659090909	0.012600568181818		1
000016:	0.017051704545455	0.967289204545455	0.015659090909091		1
000017:	0.071046590909091	0.909181818181818	0.019771590909091		1
000018:	0.883038068181818	0.100877272727273	0.016084659090909		1
000019:	0.301647727272727	0.663970454545455	0.034381818181818		1
000020:	0.044937500000000	0.935509090909091	0.019553409090909		1
000021:	0.684061931818182	0.101695454545455	0.214242613636364		1
000022:	0.214342613636364	0.766059090909091	0.019598295454545		1
000023:	0.443510795454545	0.405526136363636	0.150963068181818		1
000024:	0.087857954545455	0.871491477272727	0.040650568181818		1
000025:	0.587109659090909	0.364542045454545	0.048348295454545		1
000026:	0.796156818181818	0.179597159090909	0.024246022727273		1
000027:	0.896584090909091	0.086830681818182	0.016585227272727		1
000028:	0.069609659090909	0.692130113636364	0.238260227272727		1
000029:	0.190905681818182	0.787080681818182	0.022013636363636		1
000030:	0.082923295454545	0.827638068181818	0.089438636363636		1
000031:	0.923844318181818	0.061675568181818	0.014480113636364		1
000032:	0.574847727272727	0.389885227272727	0.035267045454545		1
000033:	0.254908522727273	0.652606250000000	0.092485227272727		1
000034:	0.040784090909091	0.863534090909091	0.095681818181818		1
000035:	0.665312500000000	0.096670454545455	0.238017045454545		1
000036:	0.056105681818182	0.875947159090909	0.067947159090909		1
000037:	0.376645454545455	0.608189204545455	0.015165340909091		1
000038:	0.094857954545455	0.300689772727273	0.604452272727273		1
000039:	0.512810795454545	0.459154545454545	0.028034659090909		1
000040:	0.041253409090909	0.893741477272727	0.065005113636364		1
000041:	0.328556250000000	0.644051136363636	0.027392613636364		1
000042:	0.788344318181818	0.173915909090909	0.037739772727273		1
000043:	0.035944318181818	0.930927840909091	0.033127840909091		1
000044:	0.150107386363636	0.821919886363636	0.027972727272727		1
000045:	0.879380681818182	0.107613068181818	0.013006250000000		1
000046:	0.790171022727273	0.081515909090909	0.128313068181818		1
000047:	0.477397159090909	0.377154545454545	0.145448295454545		1
000048:	0.041490340909091	0.919790909090909	0.038718750000000		1
000049:	0.149321022727273	0.807075568181818	0.043603409090909		1
000050:	0.251939772727273	0.698047727272727	0.050012500000000		1
000051:	0.019406250000000	0.949357386363636	0.031236363636364		1
000052:	0.020227272727273	0.913041477272727	0.066731250000000		1
000053:	0.344669318181818	0.627042045454545	0.028288636363636		1
000054:	0.797017613636364	0.149140909090909	0.053841477272727		1
000055:	0.019348863636364	0.963488636363636	0.017162500000000		1
000056:	0.142142613636364	0.839069886363636	0.018787500000000		1
000057:	0.222364772727273	0.743005113636364	0.034630113636364		1
000058:	0.521084659090909	0.449821590909091	0.029093750000000		1
000059:	0.871100568181818	0.113026704545455	0.015872727272727		1
000060:	0.022576704545455	0.961196590909091	0.016226704545455		1
000061:	0.077574431818182	0.903365340909091	0.019060227272727		1
000062:	0.021259659090909	0.958077840909091	0.020662500000000		1
000063:	0.022182954545455	0.910433522727273	0.067383522727273		1
000064:	0.013429545454545	0.870114204545455	0.116456250000000		1
000065:	0.025548863636364	0.924647159090909	0.049803977272727		1
000066:	0.179908522727273	0.798182954545455	0.021908522727273		1
000067:	0.016591477272727	0.946927840909091	0.036480681818182		1
000068:	0.616478977272727	0.363340340909091	0.020180681818182		1
000069:	0.341931250000000	0.643084659090909	0.014984090909091		1
000070:	0.344835795454545	0.590206250000000	0.064957954545455		1
000071:	0.581383522727273	0.387640340909091	0.030976136363636		1
000072:	0.024981818181818	0.944072727272727	0.030945454545455		1
000073:	0.045061931818182	0.936318181818182	0.018619886363636		1
000074:	0.821621590909091	0.154368750000000	0.024009659090909		1
000075:	0.324578409090909	0.646948295454545	0.028473295454545		1
000076:	0.338162500000000	0.168934090909091	0.492903409090909		1
000077:	0.273719886363636	0.387136931818182	0.339143181818182		1
000078:	0.052585795454545	0.871491477272727	0.075922727272727		1
000079:	0.312245454545455	0.656911931818182	0.030842613636364		1
000080:	0.819497727272727	0.133050000000000	0.047452272727273		1
000081:	0.044677840909091	0.934505113636364	0.020817045454545		1
000082:	0.023580681818182	0.956303977272727	0.020115340909091		1
000083:	0.257324431818182	0.672549431818182	0.070126136363636		1
000084:	0.056326136363636	0.816197727272727	0.127476136363636		1
000085:	0.165821022727273	0.783342613636364	0.050836363636364		1
000086:	0.092549431818182	0.842867045454545	0.064583522727273		1
000087:	0.155534090909091	0.826206818181818	0.018259090909091		1
000088:	0.835658522727273	0.142221590909091	0.022119886363636		1
000089:	0.743360795454545	0.208329545454545	0.048309659090909		1
000090:	0.861231818181818	0.110392613636364	0.028375568181818		1
000091:	0.759353977272727	0.069241477272727	0.171404545454545		1
000092:	0.358128977272727	0.622731818181818	0.019139204545455		1
000093:	0.328863636363636	0.633483522727273	0.037652840909091		1
000094:	0.530032386363636	0.437681250000000	0.032286363636364		1
000095:	0.030973863636364	0.956668750000000	0.012357386363636		1
000096:	0.026838636363636	0.949264772727273	0.023896590909091		1
000097:	0.803585795454545	0.177728409090909	0.018685795454545		1
000098:	0.608505113636364	0.358983522727273	0.032511363636364		1
000099:	0.150701136363636	0.819133522727273	0.030165340909091		1
000100:	0.028761931818182	0.957060227272727	0.014177840909091		1
000101:	0.264167045454545	0.712158522727273	0.023674431818182		1
000102:	0.150711931818182	0.813804545454546	0.035483522727273		1
000103:	0.519223295454545	0.385854545454545	0.094922159090909		1
000104:	0.042804545454545	0.942196022727273	0.014999431818182		1
000105:	0.628361363636364	0.354105113636364	0.017533522727273		1
000106:	0.814998863636364	0.149333522727273	0.035667613636364		1
000107:	0.095677272727273	0.872771022727273	0.031551704545455		1
000108:	0.089842613636364	0.890477272727273	0.019680113636364		1
000109:	0.521226136363636	0.420805681818182	0.057968181818182		1
000110:	0.728873863636364	0.076940909090909	0.194185227272727		1
000111:	0.057365340909091	0.877239772727273	0.065394886363636		1
000112:	0.741856818181818	0.210255681818182	0.047887500000000		1
000113:	0.046844886363636	0.932642613636364	0.020512500000000		1
000114:	0.476543181818182	0.262710227272727	0.260746590909091		1
000115:	0.291286363636364	0.654113636363636	0.054600000000000		1
000116:	0.031357386363636	0.957043181818182	0.011599431818182		1
000117:	0.426558522727273	0.489841477272727	0.083600000000000		1
000118:	0.022052840909091	0.933333522727273	0.044613636363636		1
000119:	0.474406250000000	0.506009090909091	0.019584659090909		1
000120:	0.026501704545455	0.959009659090909	0.014488636363636		1
000121:	0.545044886363636	0.391111931818182	0.063843181818182		1
000122:	0.346936931818182	0.643040340909091	0.010022727272727		1
000123:	0.057164772727273	0.881996590909091	0.060838636363636		1
000124:	0.452930113636364	0.279185795454545	0.267884090909091		1
000125:	0.031090340909091	0.683593750000000	0.285315909090909		1
000126:	0.018534090909091	0.042709090909091	0.938756818181818		1
000127:	0.124481250000000	0.832949431818182	0.042569318181818		1
000128:	0.037025568181818	0.944757386363636	0.018217045454545		1
000129:	0.940877272727273	0.041517613636364	0.017605113636364		1
000130:	0.063978977272727	0.883507954545454	0.052513068181818		1
000131:	0.279633522727273	0.686659659090909	0.033706818181818		1
000132:	0.074774431818182	0.894209090909091	0.031016477272727		1
000133:	0.326109090909091	0.146364772727273	0.527526136363636		1
000134:	0.349788068181818	0.568199431818182	0.082012500000000		1
000135:	0.926300568181818	0.062568750000000	0.011130681818182		1
000136:	0.070167045454545	0.884801136363636	0.045031818181818		1
000137:	0.895962500000000	0.085544886363636	0.018492613636364		1
000138:	0.141296022727273	0.712611931818182	0.146092045454545		1
000139:	0.186907954545455	0.737984659090909	0.075107386363636		1
000140:	0.938790909090909	0.046177272727273	0.015031818181818		1
000141:	0.033780681818182	0.768545454545455	0.197673863636364		1
000142:	0.548421590909091	0.433703409090909	0.017875000000000		1
000143:	0.205305113636364	0.769303977272727	0.025390909090909		1
000144:	0.104918181818182	0.862151704545455	0.032930113636364		1
000145:	0.044440909090909	0.832340909090909	0.123218181818182		1
000146:	0.324797159090909	0.646533522727273	0.028669318181818		1
000147:	0.060744318181818	0.895360227272727	0.043895454545455		1
000148:	0.039598863636364	0.926377272727273	0.034023863636364		1
000149:	0.188688068181818	0.743114772727273	0.068197159090909		1
000150:	0.831123295454545	0.152762500000000	0.016114204545455		1
000151:	0.037742045454545	0.904672727272727	0.057585227272727		1
000152:	0.115316477272727	0.820635227272727	0.064048295454545		1
000153:	0.401377272727273	0.573934090909091	0.024688636363636		1
000154:	0.016197727272727	0.961743181818182	0.022059090909091		1
000155:	0.116178977272727	0.869552272727273	0.014268750000000		1
000156:	0.093269318181818	0.885329545454545	0.021401136363636		1
000157:	0.027986363636364	0.912261931818182	0.059751704545455		1
000158:	0.165700568181818	0.496764772727273	0.337534659090909		1
000159:	0.383125568181818	0.394955681818182	0.221918750000000		1
000160:	0.015905113636364	0.058061363636364	0.926033522727273		1
000161:	0.063775000000000	0.461006250000000	0.475218750000000		1
000162:	0.611685795454545	0.063574431818182	0.324739772727273		1
000163:	0.028563068181818	0.958551704545455	0.012885227272727		1
000164:	0.014257954545455	0.964447727272727	0.021294318181818		1
000165:	0.019194318181818	0.943942045454545	0.036863636363636		1
000166:	0.022576704545455	0.963985227272727	0.013438068181818		1
000167:	0.038228409090909	0.901771022727273	0.060000568181818		1
000168:	0.083996590909091	0.899921022727273	0.016082386363636		1
000169:	0.210427272727273	0.758069318181818	0.031503409090909		1
000170:	0.032239204545455	0.943881818181818	0.023878977272727		1
000171:	0.029837500000000	0.945410227272727	0.024752272727273		1
000172:	0.128468750000000	0.780852840909091	0.090678409090909		1
000173:	0.052210795454545	0.929866477272727	0.017922727272727		1
000174:	0.632789772727273	0.353567613636364	0.013642613636364		1
000175:	0.077613068181818	0.894509659090909	0.027877272727273		1
000176:	0.252737500000000	0.628650568181818	0.118611931818182		1
000177:	0.297793750000000	0.682413068181818	0.019793181818182		1
000178:	0.153139772727273	0.834022727272727	0.012837500000000		1
000179:	0.017714204545455	0.941421022727273	0.040864772727273		1
000180:	0.043857954545455	0.929251136363636	0.026890909090909		1
000181:	0.028246590909091	0.822570454545455	0.149182954545455		1
000182:	0.576445454545455	0.355375000000000	0.068179545454545		1
000183:	0.019914204545455	0.956205681818182	0.023880113636364		1
000184:	0.216642613636364	0.637642613636364	0.145714772727273		1
000185:	0.786523295454545	0.140445454545455	0.073031250000000		1
000186:	0.077980113636364	0.844344886363636	0.077675000000000		1
000187:	0.034228409090909	0.936794318181818	0.028977272727273		1
000188:	0.037953977272727	0.720175000000000	0.241871022727273		1
000189:	0.024163068181818	0.961901704545455	0.013935227272727		1
000190:	0.080817613636364	0.860867613636364	0.058314772727273		1
000191:	0.082288636363636	0.903555681818182	0.014155681818182		1
000192:	0.513580113636364	0.426228409090909	0.060191477272727		1
000193:	0.345419886363636	0.618071022727273	0.036509090909091		1
000194:	0.220161363636364	0.751691477272727	0.028147159090909		1
000195:	0.945014204545455	0.000164772727273	0.054821022727273		1
000196:	0.023790909090909	0.687564772727273	0.288644318181818		1
000197:	0.034765340909091	0.942719318181818	0.022515340909091		1
000198:	0.709894886363636	0.214030113636364	0.076075000000000		1
000199:	0.031136931818182	0.857053409090909	0.111809659090909		1
000200:	0.034521590909091	0.842079545454545	0.123398863636364		1
000201:	0.019571022727273	0.956082954545455	0.024346022727273		1
000202:	0.226822159090909	0.729971590909091	0.043206250000000		1
000203:	0.026495454545455	0.950786931818182	0.022717613636364		1
000204:	0.016922159090909	0.864927272727273	0.118150568181818		1
000205:	0.052425000000000	0.870027272727273	0.077547727272727		1
000206:	0.095719318181818	0.798042045454545	0.106238636363636		1
000207:	0.573023295454545	0.257628977272727	0.169347727272727		1
000208:	0.038985227272727	0.905934090909091	0.055080681818182		1
000209:	0.063227840909091	0.871057386363636	0.065714772727273		1
000210:	0.076543750000000	0.907680113636364	0.015776136363636		1
000211:	0.024954545454545	0.957259659090909	0.017785795454545		1
000212:	0.024734659090909	0.765022159090909	0.210243181818182		1
000213:	0.017969318181818	0.917805113636364	0.064225568181818		1
000214:	0.039103409090909	0.702175568181818	0.258721022727273		1
000215:	0.380419886363636	0.504948295454545	0.114631818181818		1
000216:	0.033562500000000	0.920227272727273	0.046210227272727		1
000217:	0.040960227272727	0.681811931818182	0.277227840909091		1
000218:	0.018953409090909	0.958769318181818	0.022277272727273		1
000219:	0.017914204545455	0.881607954545455	0.100477840909091		1
000220:	0.013524431818182	0.949689772727273	0.036785795454545		1
000221:	0.020575568181818	0.945713636363636	0.033710795454545		1
000222:	0.013909090909091	0.951856250000000	0.034234659090909		1
000223:	0.287435795454545	0.656908522727273	0.055655681818182		1
000224:	0.875750568181818	0.109986931818182	0.014262500000000		1
000225:	0.894110227272727	0.091590909090909	0.014298863636364		1
000226:	0.181236363636364	0.683256250000000	0.135507386363636		1
000227:	0.868926704545455	0.091765909090909	0.039307386363636		1
000228:	0.569931818181818	0.030998863636364	0.399069318181818		1
000229:	0.475644886363636	0.458640340909091	0.065714772727273		1
000230:	0.026355113636364	0.089809659090909	0.883835227272727		1
000231:	0.003217613636364	0.646219318181818	0.350563068181818		1
000232:	0.063671022727273	0.666457954545455	0.269871022727273		1
000233:	0.756218181818182	0.214560795454545	0.029221022727273		1
000234:	0.924467045454545	0.040595454545455	0.034937500000000		1
000235:	0.921381250000000	0.067252272727273	0.011366477272727		1
000236:	0.201988636363636	0.314383522727273	0.483627840909091		1
000237:	0.891617613636364	0.088352272727273	0.020030113636364		1
000238:	0.027050568181818	0.955038068181818	0.017911363636364		1
000239:	0.208252840909091	0.722531818181818	0.069215340909091		1
000240:	0.045930113636364	0.035859090909091	0.918210795454545		1
000241:	0.356744318181818	0.580184659090909	0.063071022727273		1
000242:	0.875711363636364	0.100098295454545	0.024190340909091		1
000243:	0.294228409090909	0.056326704545455	0.649444886363636		1
000244:	0.103693750000000	0.809818750000000	0.086487500000000		1
000245:	0.302818181818182	0.404431250000000	0.292750568181818		1
000246:	0.882244318181818	0.082300568181818	0.035455113636364		1
000247:	0.514279545454545	0.317717045454545	0.168003409090909		1
000248:	0.079848295454545	0.674474431818182	0.245677272727273		1
000249:	0.806660227272727	0.040421022727273	0.152918750000000		1
000250:	0.922494886363636	0.062602272727273	0.014902840909091		1
000251:	0.737334090909091	0.111522727272727	0.151143181818182		1
000252:	0.115918750000000	0.352470454545455	0.531610795454545		1
000253:	0.717806250000000	0.067049431818182	0.215144318181818		1
000254:	0.351301704545455	0.180453409090909	0.468244886363636		1
000255:	0.603964204545455	0.235648863636364	0.160386931818182		1
000256:	0.247912500000000	0.696603409090909	0.055484090909091		1
000257:	0.064272159090909	0.611386363636364	0.324341477272727		1
000258:	0.065248295454545	0.897957386363636	0.036794318181818		1
000259:	0.100766477272727	0.832561931818182	0.066671590909091		1
000260:	0.404022159090909	0.051659090909091	0.544318750000000		1
000261:	0.470875000000000	0.305540340909091	0.223584659090909		1
000262:	0.126298295454545	0.407456818181818	0.466244886363636		1
000263:	0.045214204545455	0.901109659090909	0.053676136363636		1
000264:	0.052845454545455	0.834275568181818	0.112878977272727		1
000265:	0.024643181818182	0.943003977272727	0.032352840909091		1
000266:	0.472182954545455	0.483678977272727	0.044138068181818		1
000267:	0.768912500000000	0.102948295454545	0.128139204545455		1
000268:	0.073447727272727	0.854128409090909	0.072423863636364		1
000269:	0.898978409090909	0.086550568181818	0.014471022727273		1
000270:	0.028338636363636	0.915525000000000	0.056136363636364		1
000271:	0.734072727272727	0.060036931818182	0.205890340909091		1
000272:	0.370386931818182	0.335045454545455	0.294567613636364		1
000273:	0.488363068181818	0.483482386363636	0.028154545454545		1
000274:	0.566413636363636	0.241116477272727	0.192469886363636		1
000275:	0.328117045454545	0.648661931818182	0.023221022727273		1
000276:	0.040786931818182	0.822717045454545	0.136496022727273		1
000277:	0.789955681818182	0.183334090909091	0.026710227272727		1
000278:	0.224264204545455	0.682853409090909	0.092882386363636		1
000279:	0.676768181818182	0.322549431818182	0.000682386363636		1
000280:	0.180131818181818	0.375505113636364	0.444363068181818		1
000281:	0.787190909090909	0.179082954545455	0.033726136363636		1
000282:	0.693899431818182	0.251605113636364	0.054495454545455		1
000283:	0.020720454545455	0.902818750000000	0.076460795454545		1
000284:	0.621042045454545	0.204493750000000	0.174464204545455		1
000285:	0.905661363636364	0.064528977272727	0.029809659090909		1
000286:	0.676716477272727	0.292198863636364	0.031084659090909		1
000287:	0.740957954545455	0.232399431818182	0.026642613636364		1
000288:	0.412968181818182	0.478017045454545	0.109014772727273		1
000289:	0.043695454545455	0.867875568181818	0.088428977272727		1
000290:	0.027140340909091	0.224026704545455	0.748832954545455		1
000291:	0.034965909090909	0.952365340909091	0.012668750000000		1
000292:	0.056228977272727	0.506127840909091	0.437643181818182		1
000293:	0.029389772727273	0.942400568181818	0.028209659090909		1
000294:	0.042123295454545	0.939101136363636	0.018775568181818		1
000295:	0.167812500000000	0.807689772727273	0.024497727272727		1
000296:	0.038091477272727	0.941930113636364	0.019978409090909		1
000297:	0.050154545454545	0.907954545454545	0.041890909090909		1
000298:	0.920066477272727	0.071531250000000	0.008402272727273		1
000299:	0.061143181818182	0.917548863636364	0.021307954545455		1
000300:	0.064294886363636	0.906425568181818	0.029279545454545		1
000301:	0.050343181818182	0.930373295454546	0.019283522727273		1
000302:	0.030714204545455	0.882600568181818	0.086685227272727		1
000303:	0.068385227272727	0.744255113636364	0.187359659090909		1
000304:	0.054748863636364	0.735598295454545	0.209652840909091		1
000305:	0.024825568181818	0.170076136363636	0.805098295454545		1
000306:	0.085544318181818	0.771536363636364	0.142919318181818		1
000307:	0.015417613636364	0.109227272727273	0.875355113636364		1
000308:	0.013697159090909	0.949726136363636	0.036576704545455		1
000309:	0.054932954545455	0.927559659090909	0.017507386363636		1
000310:	0.021492613636364	0.948263068181818	0.030244318181818		1
000311:	0.056661363636364	0.687613068181818	0.255725568181818		1
000312:	0.831965340909091	0.137350568181818	0.030684090909091		1
000313:	0.868950568181818	0.088521590909091	0.042527840909091		1
000314:	0.780798295454545	0.137711931818182	0.081489772727273		1
000315:	0.796938068181818	0.171460227272727	0.031601704545455		1
000316:	0.132680113636364	0.741140909090909	0.126178977272727		1
000317:	0.714646022727273	0.142284659090909	0.143069318181818		1
000318:	0.034102272727273	0.854922159090909	0.110975568181818		1
000319:	0.040968750000000	0.930552840909091	0.028478409090909		1
000320:	0.069915340909091	0.848412500000000	0.081672159090909		1
000321:	0.024298863636364	0.851435795454546	0.124265340909091		1
000322:	0.026248863636364	0.328226704545455	0.645524431818182		1
000323:	0.469034090909091	0.403455681818182	0.127510227272727		1
000324:	0.017788068181818	0.619283522727273	0.362928409090909		1
000325:	0.126735795454545	0.672658522727273	0.200605681818182		1
000326:	0.075801704545455	0.523112500000000	0.401085795454545		1
000327:	0.049234659090909	0.812476136363636	0.138289204545455		1
000328:	0.017759659090909	0.053506818181818	0.928733522727273		1
000329:	0.044310795454545	0.847893750000000	0.107795454545455		1
000330:	0.020099431818182	0.125493181818182	0.854407386363636		1
000331:	0.016144886363636	0.047259659090909	0.936595454545455		1
000332:	0.051177840909091	0.931655113636364	0.017167045454545		1
000333:	0.042821022727273	0.926268750000000	0.030910227272727		1
000334:	0.032343750000000	0.939035795454545	0.028620454545455		1
000335:	0.087586363636364	0.852351704545455	0.060061931818182		1
000336:	0.023278977272727	0.886798863636364	0.089922159090909		1
000337:	0.048424431818182	0.691832386363636	0.259743181818182		1
000338:	0.019738068181818	0.950217045454545	0.030044886363636		1
000339:	0.025622727272727	0.753937500000000	0.220439772727273		1
000340:	0.021421590909091	0.882035795454545	0.096542613636364		1
000341:	0.021341477272727	0.955427840909091	0.023230681818182		1
000342:	0.017510795454545	0.943122159090909	0.039367045454545		1
000343:	0.019634659090909	0.943455113636364	0.036910227272727		1
000344:	0.029020454545455	0.065160227272727	0.905819318181818		1
000345:	0.013518181818182	0.045603977272727	0.940877840909091		1
000346:	0.055192045454545	0.753784659090909	0.191023295454545		1
000347:	0.020359659090909	0.723961931818182	0.255678409090909		1
000348:	0.024411931818182	0.622743181818182	0.352844886363636		1
000349:	0.052990340909091	0.257181250000000	0.689828409090909		1
000350:	0.023628977272727	0.183389204545455	0.792981818181818		1
000351:	0.025348863636364	0.134059659090909	0.840591477272727		1
000352:	0.028047159090909	0.904007386363636	0.067945454545455		1
000353:	0.014155681818182	0.944797727272727	0.041046590909091		1
000354:	0.014324431818182	0.921692045454545	0.063983522727273		1
000355:	0.031014772727273	0.515653409090909	0.453331818181818		1
000356:	0.338218750000000	0.590901136363636	0.070880113636364		1
000357:	0.900556818181818	0.052314772727273	0.047128409090909		1
000358:	0.657682954545455	0.263744886363636	0.078572159090909		1
000359:	0.578385795454545	0.174213068181818	0.247401136363636		1
000360:	0.041855681818182	0.933343181818182	0.024801136363636		1
000361:	0.916335795454545	0.049258522727273	0.034405681818182		1
000362:	0.045515909090909	0.155950568181818	0.798533522727273		1
000363:	0.140555113636364	0.847961363636364	0.011483522727273		1
000364:	0.684741477272727	0.164913636363636	0.150344886363636		1
000365:	0.103429545454545	0.728451704545454	0.168118750000000		1
000366:	0.892505113636364	0.086892613636364	0.020602272727273		1
000367:	0.764936931818182	0.201577840909091	0.033485227272727		1
000368:	0.809141477272727	0.167036363636364	0.023822159090909		1
000369:	0.145637500000000	0.812588636363636	0.041773863636364		1
000370:	0.037990340909091	0.882715340909091	0.079294318181818		1
000371:	0.027408522727273	0.871546022727273	0.101045454545455		1
000372:	0.283167613636364	0.701802840909091	0.015029545454545		1
000373:	0.401714204545455	0.488605113636364	0.109680681818182		1
000374:	0.111724431818182	0.869898295454545	0.018377272727273		1
000375:	0.037011363636364	0.823130113636364	0.139858522727273		1
000376:	0.298833522727273	0.683860795454545	0.017305681818182		1
000377:	0.025220454545455	0.897038636363636	0.077740909090909		1
000378:	0.941089204545455	0.043921022727273	0.014989772727273		1
000379:	0.971530113636364	0.021526704545455	0.006943181818182		1
000380:	0.720241477272727	0.260151136363636	0.019607386363636		1
000381:	0.962500000000000	0.029435795454545	0.008064204545455		1
000382:	0.497371022727273	0.477371022727273	0.025257954545455		1
000383:	0.202231818181818	0.760955681818182	0.036812500000000		1
000384:	0.704927840909091	0.262131818181818	0.032940340909091		1
000385:	0.363953409090909	0.374728409090909	0.261318181818182		1
000386:	0.924435227272727	0.059171022727273	0.016393750000000		1
000387:	0.539663068181818	0.437773295454545	0.022563636363636		1
000388:	0.560985227272727	0.295069886363636	0.143944886363636		1
000389:	0.420636363636364	0.455831818181818	0.123531818181818		1
000390:	0.030141477272727	0.618194318181818	0.351664204545455		1
000391:	0.801245454545455	0.165368750000000	0.033385795454545		1
000392:	0.906740340909091	0.038837500000000	0.054422159090909		1
000393:	0.679907954545454	0.292830113636364	0.027261931818182		1
000394:	0.568707954545455	0.416779545454545	0.014512500000000		1
000395:	0.147220454545455	0.840692045454545	0.012087500000000		1
000396:	0.464524431818182	0.428333522727273	0.107142045454545		1
000397:	0.360277272727273	0.620632386363636	0.019090340909091		1
000398:	0.354698295454545	0.614171590909091	0.031130113636364		1
000399:	0.920935795454545	0.045930681818182	0.033133522727273		1
000400:	0.555900568181818	0.389652840909091	0.054446590909091		1
000401:	0.835980113636364	0.127755113636364	0.036264772727273		1
000402:	0.424853977272727	0.551594886363636	0.023551136363636		1
000403:	0.254290340909091	0.674416477272727	0.071293181818182		1
000404:	0.472819318181818	0.306072159090909	0.221108522727273		1
000405:	0.435122159090909	0.546910795454545	0.017967045454545		1
000406:	0.027086931818182	0.954485227272727	0.018427840909091		1
000407:	0.057628409090909	0.923925568181818	0.018446022727273		1
000408:	0.530932386363636	0.095507386363636	0.373560227272727		1
000409:	0.024129545454545	0.943212500000000	0.032657954545455		1
000410:	0.015492045454545	0.939061931818182	0.045446022727273		1
000411:	0.028564204545455	0.935563636363636	0.035872159090909		1
000412:	0.900211931818182	0.079700568181818	0.020087500000000		1
000413:	0.317064204545455	0.632134659090909	0.050801136363636		1
000414:	0.814297159090909	0.159778409090909	0.025924431818182		1
000415:	0.382806250000000	0.055519886363636	0.561673863636364		1
000416:	0.950851704545455	0.033327272727273	0.015821022727273		1
000417:	0.424055113636364	0.345871590909091	0.230073295454545		1
000418:	0.625881250000000	0.291901136363636	0.082217613636364		1
000419:	0.906396590909091	0.035888636363636	0.057714772727273		1
000420:	0.017319318181818	0.498871022727273	0.483809659090909		1
000421:	0.662140340909091	0.308057386363636	0.029802272727273		1
000422:	0.372479545454545	0.513028977272727	0.114491477272727		1
000423:	0.023661931818182	0.558327840909091	0.418010227272727		1
000424:	0.622292613636364	0.128903977272727	0.248803409090909		1
000425:	0.889276136363636	0.065349431818182	0.045374431818182		1
000426:	0.078475000000000	0.026307954545455	0.895217045454546		1
000427:	0.469323863636364	0.459725000000000	0.070951136363636		1
000428:	0.241507386363636	0.724359659090909	0.034132954545455		1
000429:	0.122980113636364	0.719343181818182	0.157676704545455		1
000430:	0.548106818181818	0.218832386363636	0.233060795454545		1
000431:	0.511166477272727	0.445576136363636	0.043257386363636		1
000432:	0.629738068181818	0.262253409090909	0.108008522727273		1
000433:	0.197272727272727	0.371984090909091	0.430743181818182		1
000434:	0.421676136363636	0.437453977272727	0.140869886363636		1
000435:	0.122481818181818	0.720803409090909	0.156714772727273		1
000436:	0.279119318181818	0.159503977272727	0.561376704545455		1
000437:	0.681320454545455	0.092045454545455	0.226634090909091		1
000438:	0.506083522727273	0.346373295454545	0.147543181818182		1
000439:	0.913267045454545	0.055767613636364	0.030965340909091		1
000440:	0.915955113636364	0.065876704545455	0.018168181818182		1
000441:	0.942410795454545	0.037347727272727	0.020241477272727		1
000442:	0.865930681818182	0.094497159090909	0.039572159090909		1
000443:	0.036246590909091	0.932163636363636	0.031589772727273		1
000444:	0.650167613636364	0.046050000000000	0.303782386363636		1
000445:	0.739102840909091	0.225755681818182	0.035141477272727		1
000446:	0.166204545454545	0.462236931818182	0.371558522727273		1
000447:	0.847835227272727	0.106365909090909	0.045798863636364		1
000448:	0.293276704545455	0.626169318181818	0.080553977272727		1
000449:	0.370496022727273	0.526876136363636	0.102627840909091		1
000450:	0.020943750000000	0.944163636363636	0.034892613636364		1
000451:	0.044381250000000	0.938705681818182	0.016913068181818		1
000452:	0.030205681818182	0.054347159090909	0.915447159090909		1
000453:	0.949844318181818	0.030084659090909	0.020071022727273		1
000454:	0.032788636363636	0.843394886363636	0.123816477272727		1
000455:	0.037509090909091	0.930443181818182	0.032047727272727		1
000456:	0.012384659090909	0.863865909090909	0.123749431818182		1
000457:	0.015367045454545	0.765789204545455	0.218843750000000		1
000458:	0.075157954545455	0.867038068181818	0.057803977272727		1
000459:	0.026495454545455	0.812935227272727	0.160569318181818		1
000460:	0.023632954545455	0.959468750000000	0.016898295454545		1
000461:	0.045657954545455	0.927677272727273	0.026664772727273		1
000462:	0.040073295454545	0.729370454545455	0.230556250000000		1
000463:	0.029813636363636	0.570676704545454	0.399509659090909		1
000464:	0.058060795454545	0.562348295454545	0.379590909090909		1
000465:	0.045152840909091	0.899872159090909	0.054975000000000		1
000466:	0.018277840909091	0.968453977272727	0.013268181818182		1
000467:	0.021646590909091	0.939802272727273	0.038551136363636		1
000468:	0.017867045454545	0.965082386363636	0.017050568181818		1
000469:	0.810331818181818	0.152875568181818	0.036792613636364		1
000470:	0.668682954545455	0.273164772727273	0.058152272727273		1
000471:	0.716067045454545	0.263217045454545	0.020715909090909		1
000472:	0.063228409090909	0.253678977272727	0.683092613636364		1
000473:	0.034614204545455	0.329680681818182	0.635705113636364		1
000474:	0.480023295454545	0.493184090909091	0.026792613636364		1
000475:	0.605543750000000	0.367107386363636	0.027348863636364		1
000476:	0.040865340909091	0.905800000000000	0.053334659090909		1
000477:	0.874480681818182	0.111601136363636	0.013918181818182		1
000478:	0.633653409090909	0.334700568181818	0.031646022727273		1
000479:	0.149339204545455	0.695522159090909	0.155138636363636		1
000480:	0.152185795454545	0.825278409090909	0.022535795454545		1
000481:	0.066136363636364	0.914330681818182	0.019532954545455		1
000482:	0.108657954545455	0.238379545454545	0.652962500000000		1
000483:	0.309717045454545	0.194914772727273	0.495368181818182		1
000484:	0.016840340909091	0.966332386363636	0.016827272727273		1
000485:	0.862997727272727	0.048600000000000	0.088402272727273		1
000486:	0.246663636363636	0.708183522727273	0.045152840909091		1
000487:	0.028882954545455	0.227925568181818	0.743191477272727		1
000488:	0.436239204545455	0.535089772727273	0.028671022727273		1
000489:	0.829928409090909	0.090521590909091	0.079550000000000		1
000490:	0.581966477272727	0.385429545454545	0.032603977272727		1
000491:	0.056252840909091	0.628169886363636	0.315577272727273		1
000492:	0.819346022727273	0.161244886363636	0.019409090909091		1
000493:	0.042523295454545	0.709405113636364	0.248071590909091		1
000494:	0.024414772727273	0.911543181818182	0.064042045454545		1
000495:	0.298140340909091	0.665033522727273	0.036826136363636		1
000496:	0.082725568181818	0.737057954545455	0.180216477272727		1
000497:	0.450694318181818	0.367502272727273	0.181803409090909		1
000498:	0.093772159090909	0.883015340909091	0.023212500000000		1
000499:	0.027569886363636	0.871285227272727	0.101144886363636		1
000500:	0.057806818181818	0.906724431818182	0.035468750000000		1
000501:	0.088589772727273	0.563780681818182	0.347629545454545		1
000502:	0.019870454545455	0.881014204545455	0.099115340909091		1
000503:	0.022673863636364	0.927294886363636	0.050031250000000		1
000504:	0.008533522727273	0.017522727272727	0.973943750000000		1
000505:	0.161588636363636	0.649142613636364	0.189268750000000		1
000506:	0.089661931818182	0.536472727272727	0.373865340909091		1
000507:	0.086713636363636	0.863427272727273	0.049859090909091		1
000508:	0.078260227272727	0.869253409090909	0.052486363636364		1
000509:	0.022350568181818	0.930674431818182	0.046975000000000		1
000510:	0.023543750000000	0.847809090909091	0.128647159090909		1
000511:	0.016006818181818	0.958665340909091	0.025327840909091		1
000512:	0.020877840909091	0.719039772727273	0.260082386363636		1
000513:	0.111648295454545	0.486337500000000	0.402014204545455		1
000514:	0.031327272727273	0.441530113636364	0.527142613636364		1
000515:	0.014246590909091	0.944202272727273	0.041551136363636		1
000516:	0.018518750000000	0.968281818181818	0.013199431818182		1
000517:	0.018110795454545	0.927903977272727	0.053985227272727		1
000518:	0.021231818181818	0.834058522727273	0.144709659090909		1
000519:	0.044128409090909	0.883111931818182	0.072759659090909		1
000520:	0.169694318181818	0.198665909090909	0.631639772727273		1
000521:	0.014863068181818	0.819762500000000	0.165374431818182		1
000522:	0.207405113636364	0.623077840909091	0.169517045454545		1
000523:	0.332980681818182	0.347654545454545	0.319364772727273		1
000524:	0.035646590909091	0.930586363636364	0.033767045454545		1
000525:	0.039683522727273	0.691511931818182	0.268804545454545		1
000526:	0.041179545454545	0.933773863636364	0.025046590909091		1
000527:	0.086923863636364	0.550142045454545	0.362934090909091		1
000528:	0.082075000000000	0.054083522727273	0.863841477272727		1
000529:	0.143417045454545	0.548293750000000	0.308289204545455		1
000530:	0.085276136363636	0.057949431818182	0.856774431818182		1
000531:	0.031015909090909	0.603033522727273	0.365950568181818		1
000532:	0.024217613636364	0.240354545454545	0.735427840909091		1
000533:	0.014127840909091	0.808209090909091	0.177663068181818		1
000534:	0.035723295454545	0.803656250000000	0.160620454545455		1
000535:	0.024957386363636	0.065497159090909	0.909545454545455		1
000536:	0.039248863636364	0.508256250000000	0.452494886363636		1
000537:	0.697553409090909	0.265777272727273	0.036669318181818		1
000538:	0.097187500000000	0.109067045454545	0.793745454545455		1
000539:	0.391344318181818	0.286712500000000	0.321943181818182		1
000540:	0.165101136363636	0.724376136363636	0.110522727272727		1
000541:	0.026812500000000	0.945553409090909	0.027634090909091		1
000542:	0.215636931818182	0.736417613636364	0.047945454545455		1
000543:	0.122323863636364	0.404303977272727	0.473372159090909		1
000544:	0.012098295454545	0.584757954545455	0.403143750000000		1
000545:	0.014470454545455	0.964942613636364	0.020586931818182		1
000546:	0.038661931818182	0.939131818181818	0.022206250000000		1
000547:	0.042590340909091	0.825118750000000	0.132290909090909		1
000548:	0.018914772727273	0.949272727272727	0.031812500000000		1
000549:	0.024876136363636	0.513975568181818	0.461148295454545		1
000550:	0.082740909090909	0.845392613636364	0.071866477272727		1
000551:	0.062884659090909	0.724001136363636	0.213114204545455		1
000552:	0.039761931818182	0.059603977272727	0.900634090909091		1
000553:	0.051821590909091	0.456117613636364	0.492060795454545		1
000554:	0.019194318181818	0.101721590909091	0.879084090909091		1
000555:	0.033913068181818	0.325637500000000	0.640449431818182		1
000556:	0.034709090909091	0.204755681818182	0.760535227272727		1
000557:	0.030326704545455	0.482417613636364	0.487255681818182		1
000558:	0.043317045454545	0.045650000000000	0.911032954545455		1
000559:	0.018532386363636	0.127988636363636	0.853478977272727		1
000560:	0.058259659090909	0.029221590909091	0.912518750000000		1
000561:	0.243564204545455	0.368547727272727	0.387888068181818		1
000562:	0.012729545454545	0.959689204545455	0.027581250000000		1
000563:	0.369003977272727	0.378098295454545	0.252897727272727		1
000564:	0.129588068181818	0.369001704545455	0.501410227272727		1
000565:	0.043597159090909	0.191022159090909	0.765380681818182		1
000566:	0.015506250000000	0.087419318181818	0.897074431818182		1
000567:	0.016075000000000	0.051014772727273	0.932910227272727		1
000568:	0.011916477272727	0.067131818181818	0.920951704545454		1
000569:	0.014248295454545	0.908274431818182	0.077477272727273		1
000570:	0.014063068181818	0.972244886363636	0.013692045454545		1
000571:	0.018988068181818	0.049435795454545	0.931576136363636		1
000572:	0.014587500000000	0.945302272727273	0.040110227272727		1
000573:	0.018751136363636	0.945413068181818	0.035835795454545		1
000574:	0.021259659090909	0.348000568181818	0.630739772727273		1
000575:	0.027368750000000	0.953371022727273	0.019260227272727		1
000576:	0.033671022727273	0.319134659090909	0.647194318181818		1
000577:	0.451019318181818	0.271281818181818	0.277698863636364		1
000578:	0.105461931818182	0.369486363636364	0.525051704545455		1
000579:	0.064953977272727	0.186891477272727	0.748154545454545		1
000580:	0.727606250000000	0.209782386363636	0.062611363636364		1
000581:	0.040602840909091	0.083560795454545	0.875836363636364		1
000582:	0.047403977272727	0.471665340909091	0.480930681818182		1
000583:	0.271325000000000	0.703198863636364	0.025476136363636		1
000584:	0.049909659090909	0.268110795454545	0.681979545454545		1
000585:	0.015343181818182	0.030183522727273	0.954473295454545		1
000586:	0.017016477272727	0.257914772727273	0.725068750000000		1
000587:	0.024174431818182	0.726663068181818	0.249162500000000		1
000588:	0.094652840909091	0.564761931818182	0.340585227272727		1
000589:	0.034368750000000	0.926723863636364	0.038907386363636		1
000590:	0.111967613636364	0.757178409090909	0.130853977272727		1
000591:	0.012489772727273	0.617180113636364	0.370330113636364		1
000592:	0.013988068181818	0.390331818181818	0.595680113636364		1
000593:	0.083301136363636	0.211914772727273	0.704784090909091		1
000594:	0.042888068181818	0.920723295454545	0.036388636363636		1
000595:	0.359725000000000	0.547969318181818	0.092305681818182		1
000596:	0.095200000000000	0.754886363636364	0.149913636363636		1
000597:	0.065796590909091	0.472726136363636	0.461477272727273		1
000598:	0.041543181818182	0.836468750000000	0.121988068181818		1
000599:	0.094907954545455	0.113222727272727	0.791869318181818		1
000600:	0.088967613636364	0.249722159090909	0.661310227272727		1
000601:	0.015534090909091	0.027401704545455	0.957064204545455		1
000602:	0.078493181818182	0.711062500000000	0.210444318181818		1
000603:	0.017410227272727	0.546380681818182	0.436209090909091		1
000604:	0.034690909090909	0.899794886363636	0.065514204545455		1
