Estimated Clustering Probabilities for Samples
Sample	***Cluster  01***	***Cluster  02***	***Cluster  03***	
000001:	0.117600000000000	0.068769886363636	0.813630113636364		1
000002:	0.283272727272727	0.024285227272727	0.692442045454545		1
000003:	0.297192613636364	0.044088636363636	0.658718750000000		1
000004:	0.023411363636364	0.016081818181818	0.960506818181818		1
000005:	0.039411363636364	0.023732954545455	0.936855681818182		1
000006:	0.101440909090909	0.056397727272727	0.842161363636364		1
000007:	0.369807386363636	0.019389204545455	0.610803409090909		1
000008:	0.192948295454545	0.030543181818182	0.776508522727273		1
000009:	0.048910795454545	0.025280113636364	0.925809090909091		1
000010:	0.062614204545455	0.058149431818182	0.879236363636364		1
000011:	0.167088636363636	0.040938636363636	0.791972727272727		1
000012:	0.019010227272727	0.154581250000000	0.826408522727273		1
000013:	0.031130113636364	0.736625568181818	0.232244318181818		1
000014:	0.053272727272727	0.036369318181818	0.910357954545455		1
000015:	0.025021022727273	0.024485227272727	0.950493750000000		1
000016:	0.018342045454545	0.025941477272727	0.955716477272727		1
000017:	0.036622727272727	0.045514772727273	0.917862500000000		1
000018:	0.018535227272727	0.811938068181818	0.169526704545455		1
000019:	0.047463636363636	0.243896590909091	0.708639772727273		1
000020:	0.033684659090909	0.045332386363636	0.920982954545455		1
000021:	0.245763636363636	0.618947727272727	0.135288636363636		1
000022:	0.014353409090909	0.126081818181818	0.859564772727273		1
000023:	0.222980113636364	0.373636363636364	0.403383522727273		1
000024:	0.046081250000000	0.098017613636364	0.855901136363636		1
000025:	0.072703977272727	0.541014204545455	0.386281818181818		1
000026:	0.049635227272727	0.620385795454545	0.329978977272727		1
000027:	0.019959090909091	0.812156250000000	0.167884659090909		1
000028:	0.341983522727273	0.064916477272727	0.593100000000000		1
000029:	0.049605681818182	0.107440909090909	0.842953409090909		1
000030:	0.122823863636364	0.060403409090909	0.816772727272727		1
000031:	0.020063068181818	0.921907954545455	0.058028977272727		1
000032:	0.058244318181818	0.486069886363636	0.455685795454545		1
000033:	0.081190340909091	0.235992045454545	0.682817613636364		1
000034:	0.071453977272727	0.028067045454545	0.900478977272727		1
000035:	0.293294886363636	0.617436931818182	0.089268181818182		1
000036:	0.061394886363636	0.058430113636364	0.880175000000000		1
000037:	0.029890340909091	0.382866477272727	0.587243181818182		1
000038:	0.662470454545455	0.131285227272727	0.206244318181818		1
000039:	0.047613636363636	0.525448863636364	0.426937500000000		1
000040:	0.123360795454545	0.045568750000000	0.831070454545455		1
000041:	0.038460795454545	0.273746590909091	0.687792613636364		1
000042:	0.040243750000000	0.759636931818182	0.200119318181818		1
000043:	0.058703977272727	0.046469318181818	0.894826704545455		1
000044:	0.039162500000000	0.158574431818182	0.802263068181818		1
000045:	0.018544318181818	0.879332954545455	0.102122727272727		1
000046:	0.115814204545455	0.778013068181818	0.106172727272727		1
000047:	0.199786363636364	0.373738068181818	0.426475568181818		1
000048:	0.062043750000000	0.024880681818182	0.913075568181818		1
000049:	0.036940909090909	0.175114204545455	0.787944886363636		1
000050:	0.103897727272727	0.149581818181818	0.746520454545455		1
000051:	0.034748863636364	0.016281250000000	0.948969886363636		1
000052:	0.083409659090909	0.020577272727273	0.896013068181818		1
000053:	0.038123295454545	0.145672727272727	0.816203977272727		1
000054:	0.044453977272727	0.786619318181818	0.168926704545455		1
000055:	0.014631818181818	0.017717045454545	0.967651136363636		1
000056:	0.023647159090909	0.054772727272727	0.921580113636364		1
000057:	0.022969886363636	0.149644886363636	0.827385227272727		1
000058:	0.027486931818182	0.427311363636364	0.545201704545455		1
000059:	0.019898295454545	0.846718181818182	0.133383522727273		1
000060:	0.018911363636364	0.049310227272727	0.931778409090909		1
000061:	0.015677840909091	0.049202840909091	0.935119318181818		1
000062:	0.022878977272727	0.019486931818182	0.957634090909091		1
000063:	0.066817045454545	0.014267613636364	0.918915340909091		1
000064:	0.301017613636364	0.011963636363636	0.687018750000000		1
000065:	0.054978977272727	0.021885227272727	0.923135795454545		1
000066:	0.011914772727273	0.074394886363636	0.913690340909091		1
000067:	0.130678977272727	0.017526704545455	0.851794318181818		1
000068:	0.027771022727273	0.662958522727273	0.309270454545455		1
000069:	0.024443181818182	0.200967045454545	0.774589772727273		1
000070:	0.077947727272727	0.214528977272727	0.707523295454546		1
000071:	0.035161363636364	0.424528977272727	0.540309659090909		1
000072:	0.019515340909091	0.018411363636364	0.962073295454545		1
000073:	0.020978409090909	0.038415340909091	0.940606250000000		1
000074:	0.038645454545455	0.820047159090909	0.141307386363636		1
000075:	0.044875568181818	0.231586363636364	0.723538068181818		1
000076:	0.548132386363636	0.296597727272727	0.155269886363636		1
000077:	0.361684090909091	0.178118750000000	0.460197159090909		1
000078:	0.100479545454545	0.019411363636364	0.880109090909091		1
000079:	0.051851136363636	0.445234659090909	0.502914204545455		1
000080:	0.037063068181818	0.786467613636364	0.176469318181818		1
000081:	0.016355113636364	0.024448863636364	0.959196022727273		1
000082:	0.019357954545455	0.016506818181818	0.964135227272727		1
000083:	0.044472727272727	0.160447727272727	0.795079545454545		1
000084:	0.153873863636364	0.041259659090909	0.804866477272727		1
000085:	0.069148295454545	0.122784659090909	0.808067045454545		1
000086:	0.047707954545455	0.063181818181818	0.889110227272727		1
000087:	0.011364772727273	0.064688636363636	0.923946590909091		1
000088:	0.026526136363636	0.846322159090909	0.127151704545455		1
000089:	0.052272727272727	0.598811363636364	0.348915909090909		1
000090:	0.026863068181818	0.839188636363636	0.133948295454545		1
000091:	0.156026136363636	0.746228977272727	0.097744886363636		1
000092:	0.024035227272727	0.065539772727273	0.910425000000000		1
000093:	0.054591477272727	0.304741477272727	0.640667045454545		1
000094:	0.028883522727273	0.424486931818182	0.546629545454545		1
000095:	0.033625568181818	0.020835795454545	0.945538636363636		1
000096:	0.033642045454545	0.014486931818182	0.951871022727273		1
000097:	0.026140909090909	0.654828409090909	0.319030681818182		1
000098:	0.029016477272727	0.372136363636364	0.598847159090909		1
000099:	0.072436931818182	0.079393750000000	0.848169318181818		1
000100:	0.023011931818182	0.000037500000000	0.976950568181818		1
000101:	0.028269318181818	0.203435795454545	0.768294886363636		1
000102:	0.040292045454545	0.201173863636364	0.758534090909091		1
000103:	0.124786931818182	0.400368750000000	0.474844318181818		1
000104:	0.023859090909091	0.016489772727273	0.959651136363636		1
000105:	0.019971590909091	0.445234090909091	0.534794318181818		1
000106:	0.038153977272727	0.740405113636364	0.221440909090909		1
000107:	0.022381250000000	0.038780113636364	0.938838636363636		1
000108:	0.063126704545455	0.084251704545455	0.852621590909091		1
000109:	0.057802840909091	0.421739772727273	0.520457386363636		1
000110:	0.119278977272727	0.797819318181818	0.082901704545455		1
000111:	0.090172159090909	0.038443750000000	0.871384090909091		1
000112:	0.044463636363636	0.750092045454545	0.205444318181818		1
000113:	0.025780113636364	0.052001136363636	0.922218750000000		1
000114:	0.299695454545455	0.449944886363636	0.250359659090909		1
000115:	0.036060795454545	0.188092613636364	0.775846590909091		1
000116:	0.019138068181818	0.018384090909091	0.962477840909091		1
000117:	0.098838636363636	0.386205113636364	0.514956250000000		1
000118:	0.071330113636364	0.019204545454545	0.909465340909091		1
000119:	0.020083522727273	0.351100568181818	0.628815909090909		1
000120:	0.040910795454545	0.059559090909091	0.899530113636364		1
000121:	0.073657954545455	0.434493181818182	0.491848863636364		1
000122:	0.014519318181818	0.159942045454545	0.825538636363636		1
000123:	0.055192045454545	0.062016477272727	0.882791477272727		1
000124:	0.149229545454545	0.515469886363636	0.335300568181818		1
000125:	0.549568750000000	0.031788636363636	0.418642613636364		1
000126:	0.939315340909091	0.022407386363636	0.038277272727273		1
000127:	0.064280113636364	0.069646022727273	0.866073863636364		1
000128:	0.044110795454545	0.038853409090909	0.917035795454545		1
000129:	0.025175000000000	0.923557954545455	0.051267045454545		1
000130:	0.062766477272727	0.044322159090909	0.892911363636364		1
000131:	0.042289772727273	0.324511931818182	0.633198295454545		1
000132:	0.033801704545455	0.061552840909091	0.904645454545455		1
000133:	0.437240340909091	0.335946022727273	0.226813636363636		1
000134:	0.095559090909091	0.441592613636364	0.462848295454545		1
000135:	0.016544318181818	0.941140909090909	0.042314772727273		1
000136:	0.024202272727273	0.046597159090909	0.929200568181818		1
000137:	0.029485795454545	0.875301136363636	0.095213068181818		1
000138:	0.207423295454545	0.153209659090909	0.639367045454545		1
000139:	0.061019886363636	0.094727840909091	0.844252272727273		1
000140:	0.019727272727273	0.911560227272727	0.068712500000000		1
000141:	0.347306818181818	0.066892045454545	0.585801136363636		1
000142:	0.026590340909091	0.496465909090909	0.476943750000000		1
000143:	0.052889772727273	0.083145454545455	0.863964772727273		1
000144:	0.026994886363636	0.087697159090909	0.885307954545455		1
000145:	0.130612500000000	0.064357954545455	0.805029545454545		1
000146:	0.040345454545455	0.274733522727273	0.684921022727273		1
000147:	0.096746590909091	0.081172727272727	0.822080681818182		1
000148:	0.041442613636364	0.037936931818182	0.920620454545454		1
000149:	0.059709090909091	0.178856250000000	0.761434659090909		1
000150:	0.024052840909091	0.812506250000000	0.163440909090909		1
000151:	0.058851136363636	0.026769886363636	0.914378977272727		1
000152:	0.101018181818182	0.108377840909091	0.790603977272727		1
000153:	0.014996022727273	0.429017045454545	0.555986931818182		1
000154:	0.028460795454545	0.017079545454545	0.954459659090909		1
000155:	0.025063636363636	0.119091477272727	0.855844886363636		1
000156:	0.038659659090909	0.137921022727273	0.823419318181818		1
000157:	0.071955681818182	0.036761363636364	0.891282954545455		1
000158:	0.390364204545455	0.146886363636364	0.462749431818182		1
000159:	0.390785795454545	0.357097727272727	0.252116477272727		1
000160:	0.960812500000000	0.012912500000000	0.026275000000000		1
000161:	0.720422727272727	0.064893750000000	0.214683522727273		1
000162:	0.356251704545455	0.601905113636364	0.041843181818182		1
000163:	0.033047159090909	0.026542613636364	0.940410227272727		1
000164:	0.050330113636364	0.015106818181818	0.934563068181818		1
000165:	0.034119318181818	0.026075000000000	0.939805681818182		1
000166:	0.037367613636364	0.017790340909091	0.944842045454545		1
000167:	0.036360227272727	0.041060227272727	0.922579545454545		1
000168:	0.075198295454545	0.116093750000000	0.808707954545455		1
000169:	0.044474431818182	0.255717045454545	0.699808522727273		1
000170:	0.031650568181818	0.045384090909091	0.922965340909091		1
000171:	0.045930681818182	0.023260795454545	0.930808522727273		1
000172:	0.122907386363636	0.152529545454545	0.724563068181818		1
000173:	0.015471022727273	0.030919886363636	0.953609090909091		1
000174:	0.028301704545455	0.437997159090909	0.533701136363636		1
000175:	0.069498863636364	0.049079545454545	0.881421590909091		1
000176:	0.070436363636364	0.118682386363636	0.810881250000000		1
000177:	0.034653977272727	0.236680681818182	0.728665340909091		1
000178:	0.023124431818182	0.106802840909091	0.870072727272727		1
000179:	0.050357954545455	0.030717045454545	0.918925000000000		1
000180:	0.081647727272727	0.026875568181818	0.891476704545455		1
000181:	0.192683522727273	0.026884090909091	0.780432386363636		1
000182:	0.338786363636364	0.000398863636364	0.660814772727273		1
000183:	0.029256250000000	0.017738068181818	0.953005681818182		1
000184:	0.060443750000000	0.093914204545455	0.845642045454545		1
000185:	0.078425000000000	0.765290909090909	0.156284090909091		1
000186:	0.108697727272727	0.116478977272727	0.774823295454545		1
000187:	0.087289204545455	0.096125568181818	0.816585227272727		1
000188:	0.341994318181818	0.039143181818182	0.618862500000000		1
000189:	0.012548295454545	0.016790340909091	0.970661363636364		1
000190:	0.105918750000000	0.072073863636364	0.822007386363636		1
000191:	0.013526704545455	0.056147727272727	0.930325568181818		1
000192:	0.063832954545455	0.439096590909091	0.497070454545455		1
000193:	0.051710227272727	0.380297159090909	0.567992613636364		1
000194:	0.053853977272727	0.128151136363636	0.817994886363636		1
000195:	0.015461363636364	0.209200568181818	0.775338068181818		1
000196:	0.369641477272727	0.029859659090909	0.600498863636364		1
000197:	0.031080681818182	0.026809659090909	0.942109659090909		1
000198:	0.089109090909091	0.654125000000000	0.256765909090909		1
000199:	0.102367045454545	0.034814772727273	0.862818181818182		1
000200:	0.331426704545455	0.035362500000000	0.633210795454546		1
000201:	0.049761363636364	0.041385795454545	0.908852840909091		1
000202:	0.070571022727273	0.279630113636364	0.649798863636364		1
000203:	0.028723863636364	0.028222159090909	0.943053977272727		1
000204:	0.119938068181818	0.020168750000000	0.859893181818182		1
000205:	0.050607954545455	0.025201136363636	0.924190909090909		1
000206:	0.049752840909091	0.168609090909091	0.781638068181818		1
000207:	0.134474431818182	0.863786931818182	0.001738636363636		1
000208:	0.027786931818182	0.030328977272727	0.941884090909091		1
000209:	0.035094318181818	0.042719886363636	0.922185795454545		1
000210:	0.021637500000000	0.041119318181818	0.937243181818182		1
000211:	0.030290340909091	0.028456818181818	0.941252840909091		1
000212:	0.358450000000000	0.033923863636364	0.607626136363636		1
000213:	0.054747159090909	0.014773863636364	0.930478977272727		1
000214:	0.301018181818182	0.054030113636364	0.644951704545455		1
000215:	0.161628977272727	0.354325000000000	0.484046022727273		1
000216:	0.059467045454545	0.021769886363636	0.918763068181818		1
000217:	0.301102840909091	0.045055113636364	0.653842045454545		1
000218:	0.060926136363636	0.035323863636364	0.903750000000000		1
000219:	0.165226704545455	0.017630113636364	0.817143181818182		1
000220:	0.028196590909091	0.012060795454545	0.959742613636364		1
000221:	0.075582386363636	0.014954545454545	0.909463068181818		1
000222:	0.093144318181818	0.016413636363636	0.890442045454545		1
000223:	0.064963068181818	0.279132954545455	0.655903977272727		1
000224:	0.027765909090909	0.768913636363636	0.203320454545455		1
000225:	0.015861363636364	0.839588068181818	0.144550568181818		1
000226:	0.151513636363636	0.142993181818182	0.705493181818182		1
000227:	0.037417045454545	0.766053977272727	0.196528977272727		1
000228:	0.364181818181818	0.604985227272727	0.030832954545455		1
000229:	0.077325568181818	0.483736363636364	0.438938068181818		1
000230:	0.903580113636364	0.022267045454545	0.074152840909091		1
000231:	0.070121022727273	0.700790340909091	0.229088636363636		1
000232:	0.337283522727273	0.063015909090909	0.599700568181818		1
000233:	0.040694886363636	0.736688068181818	0.222617045454545		1
000234:	0.026121590909091	0.927886363636364	0.045992045454545		1
000235:	0.022140909090909	0.900913636363636	0.076945454545455		1
000236:	0.503185227272727	0.218405113636364	0.278409659090909		1
000237:	0.029618750000000	0.888562500000000	0.081818750000000		1
000238:	0.027793181818182	0.020728409090909	0.951478409090909		1
000239:	0.094941477272727	0.187323295454545	0.717735227272727		1
000240:	0.899654545454545	0.060521590909091	0.039823863636364		1
000241:	0.108131250000000	0.316959659090909	0.574909090909091		1
000242:	0.028571590909091	0.860945454545455	0.110482954545455		1
000243:	0.638006818181818	0.299969318181818	0.062023863636364		1
000244:	0.204833522727273	0.078226136363636	0.716940340909091		1
000245:	0.272377272727273	0.204351704545455	0.523271022727273		1
000246:	0.058595454545455	0.775480681818182	0.165923863636364		1
000247:	0.149575568181818	0.450704545454545	0.399719886363636		1
000248:	0.299132386363636	0.057713068181818	0.643154545454545		1
000249:	0.184249431818182	0.775777272727273	0.039973295454545		1
000250:	0.017854545454545	0.864282386363636	0.117863068181818		1
000251:	0.153787500000000	0.693632386363636	0.152580113636364		1
000252:	0.532457386363636	0.168401704545455	0.299140909090909		1
000253:	0.272274431818182	0.635991477272727	0.091734090909091		1
000254:	0.596406818181818	0.238716477272727	0.164876704545455		1
000255:	0.150322727272727	0.478075000000000	0.371602272727273		1
000256:	0.047519318181818	0.129338068181818	0.823142613636364		1
000257:	0.657441477272727	0.031061363636364	0.311497159090909		1
000258:	0.030484090909091	0.062248863636364	0.907267045454546		1
000259:	0.034117045454545	0.062206250000000	0.903676704545455		1
000260:	0.517679545454545	0.422901136363636	0.059419318181818		1
000261:	0.337617045454545	0.380867613636364	0.281515340909091		1
000262:	0.472390909090909	0.138707386363636	0.388901704545455		1
000263:	0.043661931818182	0.035132386363636	0.921205681818182		1
000264:	0.067000000000000	0.019397727272727	0.913602272727273		1
000265:	0.036479545454545	0.031132386363636	0.932388068181818		1
000266:	0.043589204545455	0.223431818181818	0.732978977272727		1
000267:	0.137931250000000	0.760307386363636	0.101761363636364		1
000268:	0.045903977272727	0.071985795454545	0.882110227272727		1
000269:	0.016492045454545	0.871282386363636	0.112225568181818		1
000270:	0.056627272727273	0.019887500000000	0.923485227272727		1
000271:	0.225121022727273	0.705051704545455	0.069827272727273		1
000272:	0.325407386363636	0.402786931818182	0.271805681818182		1
000273:	0.038232954545455	0.219004545454545	0.742762500000000		1
000274:	0.294306250000000	0.505438636363636	0.200255113636364		1
000275:	0.036967045454545	0.269517613636364	0.693515340909091		1
000276:	0.194940909090909	0.066171022727273	0.738888068181818		1
000277:	0.027231250000000	0.766838636363636	0.205930113636364		1
000278:	0.064510795454545	0.151997727272727	0.783491477272727		1
000279:	0.013998863636364	0.953798863636364	0.032202272727273		1
000280:	0.354935227272727	0.279206818181818	0.365857954545455		1
000281:	0.050790340909091	0.696291477272727	0.252918181818182		1
000282:	0.064433522727273	0.519446590909091	0.416119886363636		1
000283:	0.189632386363636	0.033975568181818	0.776392045454545		1
000284:	0.235880113636364	0.570244886363636	0.193875000000000		1
000285:	0.033292613636364	0.893233522727273	0.073473863636364		1
000286:	0.055921590909091	0.558397727272727	0.385680681818182		1
000287:	0.038767045454545	0.693968750000000	0.267264204545455		1
000288:	0.114302840909091	0.276582954545455	0.609114204545455		1
000289:	0.229361363636364	0.044319886363636	0.726318750000000		1
000290:	0.802107386363636	0.021513068181818	0.176379545454545		1
000291:	0.014850000000000	0.034263068181818	0.950886931818182		1
000292:	0.550336363636364	0.045428409090909	0.404235227272727		1
000293:	0.030530681818182	0.017173295454545	0.952296022727273		1
000294:	0.034276136363636	0.037165340909091	0.928558522727273		1
000295:	0.058355681818182	0.140026136363636	0.801618181818182		1
000296:	0.044214772727273	0.048602840909091	0.907182386363636		1
000297:	0.051610795454545	0.024425568181818	0.923963636363636		1
000298:	0.017003409090909	0.864018750000000	0.118977840909091		1
000299:	0.032079545454545	0.053718750000000	0.914201704545455		1
000300:	0.071179545454545	0.075190909090909	0.853629545454546		1
000301:	0.048980113636364	0.033586931818182	0.917432954545455		1
000302:	0.199124431818182	0.017511931818182	0.783363636363636		1
000303:	0.168284659090909	0.044998295454545	0.786717045454545		1
000304:	0.286560227272727	0.042823295454545	0.670616477272727		1
000305:	0.898051704545455	0.028501704545455	0.073446590909091		1
000306:	0.169231818181818	0.098422727272727	0.732345454545455		1
000307:	0.917497727272727	0.012010795454545	0.070491477272727		1
000308:	0.046343181818182	0.020439772727273	0.933217045454545		1
000309:	0.028043181818182	0.117507386363636	0.854449431818182		1
000310:	0.046334659090909	0.021004545454545	0.932660795454545		1
000311:	0.123685227272727	0.039272159090909	0.837042613636364		1
000312:	0.045789204545455	0.803726704545455	0.150484090909091		1
000313:	0.074911931818182	0.805542045454545	0.119546022727273		1
000314:	0.096424431818182	0.806543750000000	0.097031818181818		1
000315:	0.041248863636364	0.835365340909091	0.123385795454545		1
000316:	0.090651136363636	0.119088068181818	0.790260795454545		1
000317:	0.146144318181818	0.672590909090909	0.181264772727273		1
000318:	0.129814204545455	0.016581250000000	0.853604545454545		1
000319:	0.040365340909091	0.017878977272727	0.941755681818182		1
000320:	0.184778409090909	0.061589204545455	0.753632386363636		1
000321:	0.158976136363636	0.023999431818182	0.817024431818182		1
000322:	0.714797727272727	0.019906250000000	0.265296022727273		1
000323:	0.151436363636364	0.433605113636364	0.414958522727273		1
000324:	0.609668750000000	0.033604545454545	0.356726704545455		1
000325:	0.316827272727273	0.137467045454545	0.545705681818182		1
000326:	0.239218181818182	0.054611931818182	0.706169886363636		1
000327:	0.199685227272727	0.043207386363636	0.757107386363636		1
000328:	0.940194318181818	0.014550568181818	0.045255113636364		1
000329:	0.112730681818182	0.050873863636364	0.836395454545454		1
000330:	0.891275000000000	0.024966477272727	0.083758522727273		1
000331:	0.939001704545455	0.020153409090909	0.040844886363636		1
000332:	0.072230113636364	0.039414204545455	0.888355681818182		1
000333:	0.093164772727273	0.035696022727273	0.871139204545455		1
000334:	0.025333522727273	0.038027840909091	0.936638636363636		1
000335:	0.073292045454545	0.100609659090909	0.826098295454545		1
000336:	0.379169318181818	0.017471590909091	0.603359090909091		1
000337:	0.185159659090909	0.037959090909091	0.776881250000000		1
000338:	0.024278409090909	0.019117613636364	0.956603977272727		1
000339:	0.343269886363636	0.024356250000000	0.632373863636364		1
000340:	0.062532386363636	0.013188068181818	0.924279545454545		1
000341:	0.030998295454545	0.019844886363636	0.949156818181818		1
000342:	0.162619886363636	0.026310227272727	0.811069886363636		1
000343:	0.049280113636364	0.022657954545455	0.928061931818182		1
000344:	0.889857954545455	0.022768181818182	0.087373863636364		1
000345:	0.931691477272727	0.017122159090909	0.051186363636364		1
000346:	0.161546590909091	0.021100000000000	0.817353409090909		1
000347:	0.456607386363636	0.029902840909091	0.513489772727273		1
000348:	0.508125568181818	0.029295454545455	0.462578977272727		1
000349:	0.721280113636364	0.047479545454545	0.231240340909091		1
000350:	0.775601704545455	0.020489772727273	0.203908522727273		1
000351:	0.869220454545454	0.024521022727273	0.106258522727273		1
000352:	0.070812500000000	0.038218181818182	0.890969318181818		1
000353:	0.045167045454545	0.013355681818182	0.941477272727273		1
000354:	0.383500568181818	0.001121590909091	0.615377840909091		1
000355:	0.444175000000000	0.019163636363636	0.536661363636364		1
000356:	0.068905113636364	0.399863636363636	0.531231250000000		1
000357:	0.064325000000000	0.891033522727273	0.044641477272727		1
000358:	0.105235795454545	0.486102272727273	0.408661931818182		1
000359:	0.240736931818182	0.582772159090909	0.176490909090909		1
000360:	0.028235795454545	0.058347159090909	0.913417045454545		1
000361:	0.045006818181818	0.905616477272727	0.049376704545455		1
000362:	0.807098863636364	0.049844318181818	0.143056818181818		1
000363:	0.012117045454545	0.047240909090909	0.940642045454545		1
000364:	0.114882954545455	0.713168750000000	0.171948295454545		1
000365:	0.134797159090909	0.086410795454545	0.778792045454546		1
000366:	0.025814204545455	0.870851704545455	0.103334090909091		1
000367:	0.033681818181818	0.586161931818182	0.380156250000000		1
000368:	0.027956818181818	0.701608522727273	0.270434659090909		1
000369:	0.067648295454545	0.246475568181818	0.685876136363636		1
000370:	0.104040340909091	0.044597727272727	0.851361931818182		1
000371:	0.132705113636364	0.022811363636364	0.844483522727273		1
000372:	0.016459090909091	0.165126136363636	0.818414772727273		1
000373:	0.128465909090909	0.348601136363636	0.522932954545455		1
000374:	0.043578409090909	0.119117613636364	0.837303977272727		1
000375:	0.323585795454545	0.029976704545455	0.646437500000000		1
000376:	0.022994318181818	0.203154545454545	0.773851136363636		1
000377:	0.182735795454545	0.019661363636364	0.797602840909091		1
000378:	0.011946022727273	0.915814772727273	0.072239204545455		1
000379:	0.006715909090909	0.960614204545455	0.032669886363636		1
000380:	0.022494886363636	0.649821590909091	0.327683522727273		1
000381:	0.009059090909091	0.958753409090909	0.032187500000000		1
000382:	0.020672159090909	0.308638068181818	0.670689772727273		1
000383:	0.047016477272727	0.137488636363636	0.815494886363636		1
000384:	0.039821590909091	0.542612500000000	0.417565909090909		1
000385:	0.305571590909091	0.318761363636364	0.375667045454545		1
000386:	0.014552272727273	0.907390909090909	0.078056818181818		1
000387:	0.032623863636364	0.216596022727273	0.750780113636364		1
000388:	0.202041477272727	0.524665340909091	0.273293181818182		1
000389:	0.150963636363636	0.373373295454545	0.475663068181818		1
000390:	0.403869886363636	0.028765909090909	0.567364204545455		1
000391:	0.060582386363636	0.692486931818182	0.246930681818182		1
000392:	0.058672159090909	0.902268750000000	0.039059090909091		1
000393:	0.030548295454545	0.574973863636364	0.394477840909091		1
000394:	0.019243750000000	0.371715340909091	0.609040909090909		1
000395:	0.012607386363636	0.101115909090909	0.886276704545455		1
000396:	0.123117613636364	0.388507386363636	0.488375000000000		1
000397:	0.016248863636364	0.205580113636364	0.778171022727273		1
000398:	0.038398295454545	0.193843750000000	0.767757954545455		1
000399:	0.035410795454545	0.922951704545454	0.041637500000000		1
000400:	0.066411931818182	0.516610227272727	0.416977840909091		1
000401:	0.039763636363636	0.641601136363636	0.318635227272727		1
000402:	0.032033522727273	0.155057954545455	0.812908522727273		1
000403:	0.142057954545455	0.289142613636364	0.568799431818182		1
000404:	0.260172159090909	0.512385227272727	0.227442613636364		1
000405:	0.016053409090909	0.213805113636364	0.770141477272727		1
000406:	0.013839204545455	0.017595454545455	0.968565340909091		1
000407:	0.030225568181818	0.099385795454545	0.870388636363636		1
000408:	0.344108522727273	0.540930113636364	0.114961363636364		1
000409:	0.046716477272727	0.021489772727273	0.931793750000000		1
000410:	0.035612500000000	0.015853977272727	0.948533522727273		1
000411:	0.096657386363636	0.035792045454545	0.867550568181818		1
000412:	0.043065909090909	0.839878409090909	0.117055681818182		1
000413:	0.080723295454545	0.257358522727273	0.661918181818182		1
000414:	0.020349431818182	0.830059090909091	0.149591477272727		1
000415:	0.537720454545455	0.411446590909091	0.050832954545455		1
000416:	0.020663636363636	0.956509659090909	0.022826704545455		1
000417:	0.307427840909091	0.377930113636364	0.314642045454545		1
000418:	0.114185795454545	0.618778977272727	0.267035227272727		1
000419:	0.040275568181818	0.937584090909091	0.022140340909091		1
000420:	0.584494318181818	0.023598295454545	0.391907386363636		1
000421:	0.028374431818182	0.566357954545455	0.405267613636364		1
000422:	0.101380681818182	0.230706250000000	0.667913068181818		1
000423:	0.729886931818182	0.018367045454545	0.251746022727273		1
000424:	0.018616477272727	0.951760227272727	0.029623295454545		1
000425:	0.064230113636364	0.802221022727273	0.133548863636364		1
000426:	0.891697727272727	0.082165340909091	0.026136931818182		1
000427:	0.063875568181818	0.359505681818182	0.576618750000000		1
000428:	0.040931250000000	0.217281250000000	0.741787500000000		1
000429:	0.246234659090909	0.117214204545455	0.636551136363636		1
000430:	0.272229545454545	0.605538068181818	0.122232386363636		1
000431:	0.070135227272727	0.657825000000000	0.272039772727273		1
000432:	0.159557386363636	0.519915340909091	0.320527272727273		1
000433:	0.524847159090909	0.148516477272727	0.326636363636364		1
000434:	0.212881818181818	0.423911363636364	0.363206818181818		1
000435:	0.168948863636364	0.131253409090909	0.699797727272727		1
000436:	0.599872727272727	0.282966477272727	0.117160795454545		1
000437:	0.240149431818182	0.699703409090909	0.060147159090909		1
000438:	0.123490909090909	0.473167613636364	0.403341477272727		1
000439:	0.044568181818182	0.901826136363636	0.053605681818182		1
000440:	0.025010227272727	0.910274431818182	0.064715340909091		1
000441:	0.031954545454545	0.934318181818182	0.033727272727273		1
000442:	0.090802840909091	0.822316477272727	0.086880681818182		1
000443:	0.078911931818182	0.023373863636364	0.897714204545455		1
000444:	0.322269318181818	0.635822727272727	0.041907954545455		1
000445:	0.059808522727273	0.635384659090909	0.304806818181818		1
000446:	0.484230113636364	0.109857954545455	0.405911931818182		1
000447:	0.042271590909091	0.814294318181818	0.143434090909091		1
000448:	0.093604545454545	0.299396590909091	0.606998863636364		1
000449:	0.083768181818182	0.262599431818182	0.653632386363636		1
000450:	0.042329545454545	0.019260227272727	0.938410227272727		1
000451:	0.036827272727273	0.023740340909091	0.939432386363636		1
000452:	0.917484659090909	0.036682386363636	0.045832954545455		1
000453:	0.022976136363636	0.947882954545455	0.029140909090909		1
000454:	0.146653977272727	0.052563636363636	0.800782386363636		1
000455:	0.086062500000000	0.039473863636364	0.874463636363636		1
000456:	0.155689772727273	0.012843181818182	0.831467045454545		1
000457:	0.252707954545455	0.018597727272727	0.728694318181818		1
000458:	0.122900568181818	0.071642613636364	0.805456818181818		1
000459:	0.160690909090909	0.017318750000000	0.821990340909091		1
000460:	0.027155113636364	0.020028409090909	0.952816477272727		1
000461:	0.994169886363636	0.005795454545455	0.000034659090909		1
000462:	0.349610227272727	0.036863636363636	0.613526136363636		1
000463:	0.686970454545455	0.022904545454545	0.290125000000000		1
000464:	0.427578409090909	0.067637500000000	0.504784090909091		1
000465:	0.078397727272727	0.040706250000000	0.880896022727273		1
000466:	0.037042613636364	0.013954545454545	0.949002840909091		1
000467:	0.021146590909091	0.017407954545455	0.961445454545454		1
000468:	0.027732386363636	0.018268181818182	0.953999431818182		1
000469:	0.924026136363636	0.000146590909091	0.075827272727273		1
000470:	0.099744318181818	0.655583522727273	0.244672159090909		1
000471:	0.016894318181818	0.524348295454545	0.458757386363636		1
000472:	0.790001136363636	0.042280681818182	0.167718181818182		1
000473:	0.678930113636364	0.032668181818182	0.288401704545455		1
000474:	0.027594318181818	0.312730113636364	0.659675568181818		1
000475:	0.024069318181818	0.244708522727273	0.731222159090909		1
000476:	0.045132386363636	0.049493750000000	0.905373863636364		1
000477:	0.019326136363636	0.839961931818182	0.140711931818182		1
000478:	0.030003977272727	0.766942045454545	0.203053977272727		1
000479:	0.246556818181818	0.141543750000000	0.611899431818182		1
000480:	0.020826704545455	0.068443181818182	0.910730113636364		1
000481:	0.048774431818182	0.060707386363636	0.890518181818182		1
000482:	0.750468181818182	0.084423295454545	0.165108522727273		1
000483:	0.520452840909091	0.298325568181818	0.181221590909091		1
000484:	0.019368181818182	0.013584090909091	0.967047727272727		1
000485:	0.064086931818182	0.893760795454545	0.042152272727273		1
000486:	0.033031250000000	0.110013636363636	0.856955113636364		1
000487:	0.850753977272727	0.024696022727273	0.124550000000000		1
000488:	0.032244318181818	0.396102840909091	0.571652840909091		1
000489:	0.117690340909091	0.739703409090909	0.142606250000000		1
000490:	0.030587500000000	0.331740340909091	0.637672159090909		1
000491:	0.267666477272727	0.046090340909091	0.686243181818182		1
000492:	0.034297159090909	0.742820454545455	0.222882386363636		1
000493:	0.443457954545455	0.088104545454545	0.468437500000000		1
000494:	0.039520454545455	0.023710795454545	0.936768750000000		1
000495:	0.048360227272727	0.226577272727273	0.725062500000000		1
000496:	0.145967613636364	0.052882386363636	0.801150000000000		1
000497:	0.822008522727273	0.173888636363636	0.004102840909091		1
000498:	0.063322159090909	0.183975568181818	0.752702272727273		1
000499:	0.185847727272727	0.023477840909091	0.790674431818182		1
000500:	0.048028977272727	0.104319318181818	0.847651704545455		1
000501:	0.457000568181818	0.085245454545455	0.457753977272727		1
000502:	0.074125568181818	0.019898863636364	0.905975568181818		1
000503:	0.141667613636364	0.030577272727273	0.827755113636364		1
000504:	0.973133522727273	0.008542613636364	0.018323863636364		1
000505:	0.217738636363636	0.118623295454545	0.663638068181818		1
000506:	0.349998295454545	0.081266477272727	0.568735227272727		1
000507:	0.077056818181818	0.075408522727273	0.847534659090909		1
000508:	0.040891477272727	0.057047159090909	0.902061363636364		1
000509:	0.100171022727273	0.015850000000000	0.883978977272727		1
000510:	0.253319886363636	0.018773295454545	0.727906818181818		1
000511:	0.048177272727273	0.020428977272727	0.931393750000000		1
000512:	0.427102272727273	0.015628977272727	0.557268750000000		1
000513:	0.543209659090909	0.092044318181818	0.364746022727273		1
000514:	0.694569318181818	0.027701704545455	0.277728977272727		1
000515:	0.063509090909091	0.015128977272727	0.921361931818182		1
000516:	0.055618750000000	0.020389204545455	0.923992045454545		1
000517:	0.069356250000000	0.018008522727273	0.912635227272727		1
000518:	0.247355681818182	0.037537500000000	0.715106818181818		1
000519:	0.139879545454545	0.058628409090909	0.801492045454545		1
000520:	0.704606250000000	0.137475568181818	0.157918181818182		1
000521:	0.085509659090909	0.016105113636364	0.898385227272727		1
000522:	0.250405113636364	0.170955113636364	0.578639772727273		1
000523:	0.246449431818182	0.417353977272727	0.336196590909091		1
000524:	0.048776136363636	0.035640909090909	0.915582954545455		1
000525:	0.298835227272727	0.035546590909091	0.665618181818182		1
000526:	0.031131818181818	0.034255113636364	0.934613068181818		1
000527:	0.358605681818182	0.062427840909091	0.578966477272727		1
000528:	0.860687500000000	0.096819886363636	0.042492613636364		1
000529:	0.363621022727273	0.167039772727273	0.469339204545455		1
000530:	0.853088068181818	0.087456250000000	0.059455681818182		1
000531:	0.420432386363636	0.040990340909091	0.538577272727273		1
000532:	0.807677272727273	0.020834659090909	0.171488068181818		1
000533:	0.250364772727273	0.012760227272727	0.736875000000000		1
000534:	0.149052272727273	0.031963068181818	0.818984659090909		1
000535:	0.929596590909091	0.023679545454545	0.046723863636364		1
000536:	0.723169886363636	0.050147727272727	0.226682386363636		1
000537:	0.083512500000000	0.623040340909091	0.293447159090909		1
000538:	0.828831818181818	0.087028409090909	0.084139772727273		1
000539:	0.338019318181818	0.382373863636364	0.279606818181818		1
000540:	0.344893750000000	0.164420454545455	0.490685795454545		1
000541:	0.134558522727273	0.022232386363636	0.843209090909091		1
000542:	0.047827272727273	0.193476704545455	0.758696022727273		1
000543:	0.588659659090909	0.108278977272727	0.303061363636364		1
000544:	0.458709659090909	0.012712500000000	0.528577840909091		1
000545:	0.146090909090909	0.014852840909091	0.839056250000000		1
000546:	0.035960795454545	0.041037500000000	0.923001704545454		1
000547:	0.194487500000000	0.035539204545455	0.769973295454545		1
000548:	0.131111931818182	0.020765909090909	0.848122159090909		1
000549:	0.656084659090909	0.029760795454545	0.314154545454545		1
000550:	0.115405681818182	0.081308522727273	0.803285795454545		1
000551:	0.278121022727273	0.078189772727273	0.643689204545455		1
000552:	0.893360795454545	0.039507954545455	0.067131250000000		1
000553:	0.524018750000000	0.057147727272727	0.418833522727273		1
000554:	0.882990909090909	0.019778977272727	0.097230113636364		1
000555:	0.781066477272727	0.027450000000000	0.191483522727273		1
000556:	0.846035227272727	0.031871590909091	0.122093181818182		1
000557:	0.000548863636364	0.739715340909091	0.259735795454545		1
000558:	0.911857386363636	0.047294886363636	0.040847727272727		1
000559:	0.879843750000000	0.020660227272727	0.099496022727273		1
000560:	0.919838068181818	0.045870454545455	0.034291477272727		1
000561:	0.231199431818182	0.322198295454545	0.446602272727273		1
000562:	0.029818750000000	0.013698295454545	0.956482954545455		1
000563:	0.215642045454545	0.424944318181818	0.359413636363636		1
000564:	0.603972727272727	0.094209090909091	0.301818181818182		1
000565:	0.775057954545455	0.026794318181818	0.198147727272727		1
000566:	0.910490340909091	0.015107954545455	0.074401704545455		1
000567:	0.956295454545455	0.012380113636364	0.031324431818182		1
000568:	0.937672159090909	0.014243181818182	0.048084659090909		1
000569:	0.148599431818182	0.017460227272727	0.833940340909091		1
000570:	0.038689772727273	0.013453977272727	0.947856250000000		1
000571:	0.946095454545455	0.018790340909091	0.035114204545455		1
000572:	0.097188068181818	0.012499431818182	0.890312500000000		1
000573:	0.059764204545455	0.013167045454545	0.927068750000000		1
000574:	0.803364772727273	0.016898295454545	0.179736931818182		1
000575:	0.046491477272727	0.027795454545455	0.925713068181818		1
000576:	0.679411931818182	0.046663068181818	0.273925000000000		1
000577:	0.248763068181818	0.391182954545455	0.360053977272727		1
000578:	0.760087500000000	0.058413068181818	0.181499431818182		1
000579:	0.751242045454545	0.035229545454545	0.213528409090909		1
000580:	0.137171022727273	0.561755681818182	0.301073295454545		1
000581:	0.866940340909091	0.066635227272727	0.066424431818182		1
000582:	0.542182954545455	0.043410795454545	0.414406250000000		1
000583:	0.030472159090909	0.230759659090909	0.738768181818182		1
000584:	0.745360795454545	0.042285227272727	0.212353977272727		1
000585:	0.953781818181818	0.011759090909091	0.034459090909091		1
000586:	0.768668750000000	0.017942613636364	0.213388636363636		1
000587:	0.239673863636364	0.025039204545455	0.735286931818182		1
000588:	0.507798863636364	0.093371590909091	0.398829545454545		1
000589:	0.075221590909091	0.043819886363636	0.880958522727273		1
000590:	0.271869886363636	0.078244886363636	0.649885227272727		1
000591:	0.704482954545455	0.015800568181818	0.279716477272727		1
000592:	0.779885795454546	0.023329545454545	0.196784659090909		1
000593:	0.725459090909091	0.074390340909091	0.200150568181818		1
000594:	0.076640909090909	0.043321022727273	0.880038068181818		1
000595:	0.193649431818182	0.352307386363636	0.454043181818182		1
000596:	0.293150568181818	0.097659659090909	0.609189772727273		1
000597:	0.588543181818182	0.085176136363636	0.326280681818182		1
000598:	0.187619886363636	0.017214772727273	0.795165340909091		1
000599:	0.812568181818182	0.059602272727273	0.127829545454545		1
000600:	0.797137500000000	0.077535227272727	0.125327272727273		1
000601:	0.953981818181818	0.018689204545455	0.027328977272727		1
000602:	0.188430681818182	0.037271022727273	0.774298295454545		1
000603:	0.444443750000000	0.020210227272727	0.535346022727273		1
000604:	0.074042045454545	0.017052840909091	0.908905113636364		1
