Estimated Clustering Probabilities for Samples
Sample	***Cluster  01***	***Cluster  02***	***Cluster  03***	***Cluster  04***	
000001:	0.071793181818182	0.379727272727273	0.094656250000000	0.453823295454545		1
000002:	0.080427840909091	0.370236931818182	0.029223295454545	0.520111931818182		1
000003:	0.057059659090909	0.181925000000000	0.039239204545455	0.721776136363636		1
000004:	0.788903409090909	0.071038068181818	0.023856818181818	0.116201704545455		1
000005:	0.034329545454545	0.048439772727273	0.025848295454545	0.891382386363636		1
000006:	0.652685227272727	0.088957386363636	0.117472727272727	0.140884659090909		1
000007:	0.039106818181818	0.420661931818182	0.027878409090909	0.512352840909091		1
000008:	0.058840340909091	0.215647727272727	0.038358522727273	0.687153409090909		1
000009:	0.172438068181818	0.086173863636364	0.044529545454545	0.696858522727273		1
000010:	0.083563068181818	0.093417045454545	0.052577272727273	0.770442613636364		1
000011:	0.158361363636364	0.261427840909091	0.056232386363636	0.523978409090909		1
000012:	0.138021022727273	0.032131250000000	0.315922727272727	0.513925000000000		1
000013:	0.139762500000000	0.039389204545455	0.712122727272727	0.108725568181818		1
000014:	0.915151704545455	0.021982386363636	0.021519886363636	0.041346022727273		1
000015:	0.117069886363636	0.032704545454545	0.045926704545455	0.804298863636364		1
000016:	0.857922727272727	0.028001136363636	0.014161931818182	0.099914204545455		1
000017:	0.053698295454545	0.056430113636364	0.036586363636364	0.853285227272727		1
000018:	0.039435227272727	0.027328977272727	0.854996022727273	0.078239772727273		1
000019:	0.028581818181818	0.060625568181818	0.077676136363636	0.833116477272727		1
000020:	0.206380113636364	0.046331818181818	0.080038068181818	0.667250000000000		1
000021:	0.030948295454545	0.256643750000000	0.413395454545455	0.299012500000000		1
000022:	0.055178409090909	0.027405681818182	0.051459659090909	0.865956250000000		1
000023:	0.056127840909091	0.246116477272727	0.271943750000000	0.425811931818182		1
000024:	0.478435227272727	0.002003977272727	0.517005681818182	0.002555113636364		1
000025:	0.168147727272727	0.081334659090909	0.562620454545455	0.187897159090909		1
000026:	0.029113068181818	0.039977272727273	0.247935227272727	0.682974431818182		1
000027:	0.038617045454545	0.023990340909091	0.746362500000000	0.191030113636364		1
000028:	0.073278409090909	0.251968750000000	0.048590340909091	0.626162500000000		1
000029:	0.117447159090909	0.064267613636364	0.113369886363636	0.704915340909091		1
000030:	0.081946590909091	0.095603977272727	0.083859659090909	0.738589772727273		1
000031:	0.029668181818182	0.026236931818182	0.844731818181818	0.099363068181818		1
000032:	0.078747727272727	0.046222159090909	0.391961931818182	0.483068181818182		1
000033:	0.029850000000000	0.107697159090909	0.089364204545455	0.773088636363636		1
000034:	0.922378409090909	0.020577840909091	0.014640340909091	0.042403409090909		1
000035:	0.025082386363636	0.296282954545455	0.570542045454545	0.108092613636364		1
000036:	0.104771022727273	0.109676136363636	0.064426136363636	0.721126704545455		1
000037:	0.042863068181818	0.023453977272727	0.190512500000000	0.743170454545454		1
000038:	0.083930681818182	0.629873295454545	0.093803977272727	0.192392045454545		1
000039:	0.089345454545455	0.058304545454545	0.359492613636364	0.492857386363636		1
000040:	0.853110795454545	0.063654545454545	0.036996590909091	0.046238068181818		1
000041:	0.113527840909091	0.035647727272727	0.209432386363636	0.641392045454545		1
000042:	0.110590909090909	0.054240340909091	0.730889772727273	0.104278977272727		1
000043:	0.057869318181818	0.083139772727273	0.035768181818182	0.823222727272727		1
000044:	0.049893750000000	0.036071590909091	0.075166477272727	0.838868181818182		1
000045:	0.019601136363636	0.023440340909091	0.651376704545455	0.305581818181818		1
000046:	0.054310227272727	0.145792613636364	0.678225568181818	0.121671590909091		1
000047:	0.137228409090909	0.175839772727273	0.465690340909091	0.221241477272727		1
000048:	0.039630113636364	0.040257386363636	0.020010227272727	0.900102272727273		1
000049:	0.050989204545455	0.051899431818182	0.047932954545455	0.849178409090909		1
000050:	0.301100568181818	0.092803409090909	0.192142613636364	0.413953409090909		1
000051:	0.909732386363636	0.031185227272727	0.016295454545455	0.042786931818182		1
000052:	0.848747727272727	0.027625568181818	0.014453977272727	0.109172727272727		1
000053:	0.118933522727273	0.079150000000000	0.255447727272727	0.546468750000000		1
000054:	0.068343750000000	0.048826704545455	0.761176704545454	0.121652840909091		1
000055:	0.172530113636364	0.042267045454545	0.029467613636364	0.755735227272727		1
000056:	0.065536363636364	0.022638068181818	0.050496022727273	0.861329545454545		1
000057:	0.087293181818182	0.032500568181818	0.116005113636364	0.764201136363636		1
000058:	0.014169318181818	0.030769886363636	0.078314772727273	0.876746022727273		1
000059:	0.013292045454545	0.019255681818182	0.221471590909091	0.745980681818182		1
000060:	0.043201136363636	0.024062500000000	0.018875568181818	0.913860795454545		1
000061:	0.036777840909091	0.022509659090909	0.038588636363636	0.902123863636364		1
000062:	0.898348863636364	0.049553409090909	0.015747727272727	0.036350000000000		1
000063:	0.902453977272727	0.026671022727273	0.010868750000000	0.060006250000000		1
000064:	0.910453409090909	0.050234090909091	0.009730681818182	0.029581818181818		1
000065:	0.051290340909091	0.069486363636364	0.026374431818182	0.852848863636364		1
000066:	0.053052840909091	0.020364204545455	0.089346022727273	0.837236931818182		1
000067:	0.887064772727273	0.035603977272727	0.010296590909091	0.067034659090909		1
000068:	0.015918750000000	0.020282386363636	0.129619318181818	0.834179545454545		1
000069:	0.039905681818182	0.026174431818182	0.060627840909091	0.873292045454545		1
000070:	0.345417613636364	0.081033522727273	0.205388068181818	0.368160795454545		1
000071:	0.013790909090909	0.035475568181818	0.133612500000000	0.817121022727273		1
000072:	0.080251136363636	0.023361363636364	0.018240340909091	0.878147159090909		1
000073:	0.047723863636364	0.026641477272727	0.021592045454545	0.904042613636364		1
000074:	0.136767613636364	0.031308522727273	0.699363068181818	0.132560795454545		1
000075:	0.039929545454545	0.058425000000000	0.235673295454545	0.665972159090909		1
000076:	0.016536931818182	0.551811363636364	0.213964772727273	0.217686931818182		1
000077:	0.041944318181818	0.327495454545455	0.158623863636364	0.471936363636364		1
000078:	0.048550568181818	0.036988068181818	0.022011363636364	0.892450000000000		1
000079:	0.042673295454545	0.046143181818182	0.152567045454545	0.758616477272727		1
000080:	0.017553977272727	0.052898863636364	0.452176136363636	0.477371022727273		1
000081:	0.017403977272727	0.020597159090909	0.018122727272727	0.943876136363636		1
000082:	0.045302840909091	0.033256818181818	0.014923863636364	0.906516477272727		1
000083:	0.008321022727273	0.023302272727273	0.037048863636364	0.931327840909091		1
000084:	0.950513636363636	0.018100568181818	0.017435227272727	0.013950568181818		1
000085:	0.106818750000000	0.105237500000000	0.176251704545455	0.611692045454545		1
000086:	0.399932386363636	0.051345454545455	0.132389772727273	0.416332386363636		1
000087:	0.023712500000000	0.014921590909091	0.023455681818182	0.937910227272727		1
000088:	0.472906250000000	0.004078409090909	0.518182386363636	0.004832954545455		1
000089:	0.034061363636364	0.068693750000000	0.325240340909091	0.572004545454545		1
000090:	0.100019318181818	0.038432954545455	0.679730113636364	0.181817613636364		1
000091:	0.036144886363636	0.163921022727273	0.710889204545455	0.089044886363636		1
000092:	0.024721022727273	0.020248863636364	0.086944886363636	0.868085227272727		1
000093:	0.052685795454545	0.027884659090909	0.231929545454545	0.687500000000000		1
000094:	0.025193181818182	0.033385795454545	0.184068750000000	0.757352272727273		1
000095:	0.071824431818182	0.044869318181818	0.028947159090909	0.854359090909091		1
000096:	0.921614204545455	0.023768750000000	0.014544318181818	0.040072727272727		1
000097:	0.021421590909091	0.020965340909091	0.245883522727273	0.711729545454545		1
000098:	0.008251136363636	0.019746590909091	0.030444318181818	0.941557954545455		1
000099:	0.307175000000000	0.063413068181818	0.130271590909091	0.499140340909091		1
000100:	0.589687500000000	0.054968181818182	0.067434090909091	0.287910227272727		1
000101:	0.049723863636364	0.023044318181818	0.137389772727273	0.789842045454546		1
000102:	0.249771022727273	0.050918750000000	0.211018750000000	0.488291477272727		1
000103:	0.027013068181818	0.120168181818182	0.181350000000000	0.671468750000000		1
000104:	0.809288068181818	0.022360795454545	0.023271590909091	0.145079545454545		1
000105:	0.166409090909091	0.031569318181818	0.496573295454545	0.305448295454545		1
000106:	0.024888068181818	0.040405113636364	0.264494886363636	0.670211931818182		1
000107:	0.326588636363636	0.039734659090909	0.113923295454545	0.519753409090909		1
000108:	0.867852272727273	0.025308522727273	0.047937500000000	0.058901704545455		1
000109:	0.035318181818182	0.054230681818182	0.167519886363636	0.742931250000000		1
000110:	0.103579545454545	0.121222727272727	0.737272159090909	0.037925568181818		1
000111:	0.379532386363636	0.115710795454545	0.033526704545455	0.471230113636364		1
000112:	0.100900568181818	0.066680113636364	0.689527272727273	0.142892045454545		1
000113:	0.074150568181818	0.042180681818182	0.030584659090909	0.853084090909091		1
000114:	0.024773295454545	0.291466477272727	0.256039204545455	0.427721022727273		1
000115:	0.053668181818182	0.042047159090909	0.117839204545455	0.786445454545455		1
000116:	0.410932954545455	0.045698295454545	0.052765909090909	0.490602840909091		1
000117:	0.047241477272727	0.060002272727273	0.190546022727273	0.702210227272727		1
000118:	0.184908522727273	0.123901136363636	0.040151704545455	0.651038636363636		1
000119:	0.061738636363636	0.020978977272727	0.261718181818182	0.655564204545454		1
000120:	0.156096022727273	0.050653409090909	0.053492613636364	0.739757954545455		1
000121:	0.047928409090909	0.069593181818182	0.401888068181818	0.480590340909091		1
000122:	0.019772159090909	0.013913636363636	0.044399431818182	0.921914772727273		1
000123:	0.027332954545455	0.066118181818182	0.047901136363636	0.858647727272727		1
000124:	0.031565909090909	0.241529545454545	0.296609090909091	0.430295454545455		1
000125:	0.085166477272727	0.620507386363636	0.030587500000000	0.263738636363636		1
000126:	0.018886363636364	0.927725568181818	0.015798295454545	0.037589772727273		1
000127:	0.124145454545455	0.059439204545455	0.070478977272727	0.745936363636364		1
000128:	0.046313068181818	0.052483522727273	0.058532954545455	0.842670454545455		1
000129:	0.017703409090909	0.027712500000000	0.732011363636364	0.222572727272727		1
000130:	0.057231818181818	0.091871022727273	0.048967045454545	0.801930113636364		1
000131:	0.029950000000000	0.033435227272727	0.092868750000000	0.843746022727273		1
000132:	0.771226704545455	0.029388636363636	0.033986363636364	0.165398295454545		1
000133:	0.046652272727273	0.481592613636364	0.250744886363636	0.221010227272727		1
000134:	0.050528977272727	0.167309090909091	0.265717613636364	0.516444318181818		1
000135:	0.013007954545455	0.028439772727273	0.790922159090909	0.167630113636364		1
000136:	0.039999431818182	0.049046022727273	0.034813636363636	0.876140909090909		1
000137:	0.025042613636364	0.042553977272727	0.725264772727273	0.207138636363636		1
000138:	0.029387500000000	0.093410227272727	0.066385795454545	0.810816477272727		1
000139:	0.049626704545455	0.063068181818182	0.123191477272727	0.764113636363636		1
000140:	0.047648863636364	0.026974431818182	0.857863636363636	0.067513068181818		1
000141:	0.490784090909091	0.303422727272727	0.041807954545455	0.163985227272727		1
000142:	0.062223863636364	0.028056250000000	0.345735795454545	0.563984090909091		1
000143:	0.026502840909091	0.026982386363636	0.046045454545455	0.900469318181818		1
000144:	0.133996022727273	0.056261931818182	0.065057386363636	0.744684659090909		1
000145:	0.902602840909091	0.041346590909091	0.023213636363636	0.032836931818182		1
000146:	0.088556250000000	0.045526136363636	0.211696590909091	0.654221022727273		1
000147:	0.052633522727273	0.065365340909091	0.040387500000000	0.841613636363636		1
000148:	0.025707954545455	0.069338068181818	0.040078977272727	0.864875000000000		1
000149:	0.064209659090909	0.096919318181818	0.176435795454545	0.662435227272727		1
000150:	0.044603977272727	0.033984090909091	0.620703409090909	0.300708522727273		1
000151:	0.161740340909091	0.112275568181818	0.034844318181818	0.691139772727273		1
000152:	0.041883522727273	0.183825568181818	0.081079545454545	0.693211363636364		1
000153:	0.073625000000000	0.027066477272727	0.138175568181818	0.761132954545455		1
000154:	0.739293750000000	0.025952840909091	0.018304545454545	0.216448863636364		1
000155:	0.312056250000000	0.031035227272727	0.200820454545455	0.456088068181818		1
000156:	0.262717613636364	0.030471022727273	0.097256818181818	0.609554545454545		1
000157:	0.946965340909091	0.013713636363636	0.013043181818182	0.026277840909091		1
000158:	0.108614204545455	0.489492045454545	0.179662500000000	0.222231250000000		1
000159:	0.578128977272727	0.138947159090909	0.241117045454545	0.041806818181818		1
000160:	0.032035795454545	0.920282954545455	0.020838068181818	0.026843181818182		1
000161:	0.087284659090909	0.713552272727273	0.071517045454545	0.127646022727273		1
000162:	0.016856250000000	0.310244886363636	0.593498295454545	0.079400568181818		1
000163:	0.027822159090909	0.024160227272727	0.018966477272727	0.929051136363636		1
000164:	0.916765340909091	0.023143750000000	0.011757386363636	0.048333522727273		1
000165:	0.071007954545455	0.117223863636364	0.040079545454545	0.771688636363636		1
000166:	0.044789204545455	0.030154545454545	0.018439204545455	0.906617045454545		1
000167:	0.064591477272727	0.096272159090909	0.044244886363636	0.794891477272727		1
000168:	0.236085227272727	0.072813068181818	0.086411931818182	0.604689772727273		1
000169:	0.018214204545455	0.025439204545455	0.053007386363636	0.903339204545455		1
000170:	0.015632954545455	0.031967613636364	0.019826704545455	0.932572727272727		1
000171:	0.728597159090909	0.059198863636364	0.030819318181818	0.181384659090909		1
000172:	0.039242045454545	0.135195454545455	0.080823295454545	0.744739204545455		1
000173:	0.025929545454545	0.026048295454545	0.021642613636364	0.926379545454545		1
000174:	0.027407386363636	0.020880681818182	0.241092045454545	0.710619886363636		1
000175:	0.934989204545455	0.017071590909091	0.018243181818182	0.029696022727273		1
000176:	0.062685795454545	0.117756818181818	0.059043750000000	0.760513636363636		1
000177:	0.086471022727273	0.022579545454545	0.075481818181818	0.815467613636364		1
000178:	0.164589204545455	0.029442045454545	0.092494886363636	0.713473863636364		1
000179:	0.863621022727273	0.025168181818182	0.031885227272727	0.079325568181818		1
000180:	0.935501704545455	0.021011931818182	0.022715340909091	0.020771022727273		1
000181:	0.886077840909091	0.071150000000000	0.012870454545455	0.029901704545455		1
000182:	0.144898295454545	0.100646590909091	0.442836931818182	0.311618181818182		1
000183:	0.921020454545455	0.020657386363636	0.013488068181818	0.044834090909091		1
000184:	0.117730681818182	0.125659090909091	0.172656818181818	0.583953409090909		1
000185:	0.064049431818182	0.098854545454545	0.710805113636364	0.126290909090909		1
000186:	0.849906250000000	0.059423863636364	0.041372159090909	0.049297727272727		1
000187:	0.923044886363636	0.020584090909091	0.024241477272727	0.032129545454545		1
000188:	0.291414772727273	0.417292613636364	0.042180681818182	0.249111931818182		1
000189:	0.025011931818182	0.017198863636364	0.014262500000000	0.943526704545455		1
000190:	0.020439772727273	0.047830113636364	0.031273295454545	0.900456818181818		1
000191:	0.026942613636364	0.017564204545455	0.027553977272727	0.927939204545455		1
000192:	0.061171590909091	0.136173295454545	0.395356250000000	0.407298863636364		1
000193:	0.080407386363636	0.052380681818182	0.181338636363636	0.685873295454545		1
000194:	0.082519318181818	0.051238068181818	0.201682386363636	0.664560227272727		1
000195:	0.030548863636364	0.018917613636364	0.064372727272727	0.886160795454545		1
000196:	0.242923863636364	0.460217613636364	0.036317613636364	0.260540909090909		1
000197:	0.075643750000000	0.049134090909091	0.029442045454545	0.845780113636364		1
000198:	0.081248295454545	0.086134090909091	0.650894886363636	0.181722727272727		1
000199:	0.110112500000000	0.173719886363636	0.037451136363636	0.678716477272727		1
000200:	0.064497159090909	0.366378409090909	0.051521590909091	0.517602840909091		1
000201:	0.891606818181818	0.027031250000000	0.013122159090909	0.068239772727273		1
000202:	0.131344318181818	0.094360795454545	0.291397159090909	0.482897727272727		1
000203:	0.123048295454545	0.057043750000000	0.037339772727273	0.782568181818182		1
000204:	0.478932954545455	0.254330113636364	0.033756818181818	0.232980113636364		1
000205:	0.463713636363636	0.102055113636364	0.068524431818182	0.365706818181818		1
000206:	0.090598295454545	0.122434659090909	0.153975000000000	0.632992045454545		1
000207:	0.014306250000000	0.132527840909091	0.166175568181818	0.686990340909091		1
000208:	0.207653409090909	0.147760227272727	0.047303977272727	0.597282386363636		1
000209:	0.690376704545455	0.048894886363636	0.045922159090909	0.214806250000000		1
000210:	0.298760227272727	0.034089204545455	0.092500000000000	0.574650568181818		1
000211:	0.061472727272727	0.033181818181818	0.037883522727273	0.867461931818182		1
000212:	0.256315909090909	0.461815340909091	0.058627840909091	0.223240909090909		1
000213:	0.544780681818182	0.079504545454545	0.022462500000000	0.353252272727273		1
000214:	0.058742045454545	0.555240340909091	0.059251136363636	0.326766477272727		1
000215:	0.052557954545455	0.161471022727273	0.227318750000000	0.558652272727273		1
000216:	0.671115340909091	0.098331250000000	0.032478409090909	0.198075000000000		1
000217:	0.176961363636364	0.374302840909091	0.059964772727273	0.388771022727273		1
000218:	0.233263636363636	0.079802840909091	0.042276704545455	0.644656818181818		1
000219:	0.109648295454545	0.388229545454545	0.017921022727273	0.484201136363636		1
000220:	0.439278977272727	0.103189772727273	0.020800568181818	0.436730681818182		1
000221:	0.286765909090909	0.114534659090909	0.027306250000000	0.571393181818182		1
000222:	0.868009090909091	0.043048863636364	0.011551704545455	0.077390340909091		1
000223:	0.166369886363636	0.108634659090909	0.346069886363636	0.378925568181818		1
000224:	0.055240909090909	0.030426704545455	0.403036363636364	0.511296022727273		1
000225:	0.025053977272727	0.017457386363636	0.305123295454545	0.652365340909091		1
000226:	0.103948863636364	0.135806250000000	0.097216477272727	0.663028409090909		1
000227:	0.034816477272727	0.059906250000000	0.528247727272727	0.377029545454545		1
000228:	0.020909659090909	0.237665340909091	0.715248863636364	0.026176136363636		1
000229:	0.017218750000000	0.034974431818182	0.071542613636364	0.876264204545455		1
000230:	0.049386931818182	0.868919886363636	0.024423295454545	0.057269886363636		1
000231:	0.025827272727273	0.099301704545455	0.311421022727273	0.563450000000000		1
000232:	0.246003977272727	0.393915340909091	0.077483522727273	0.282597159090909		1
000233:	0.018233522727273	0.057996590909091	0.215503977272727	0.708265909090909		1
000234:	0.018850000000000	0.055255681818182	0.694548295454545	0.231346022727273		1
000235:	0.027694886363636	0.025297159090909	0.886935795454545	0.060072159090909		1
000236:	0.326892045454545	0.379389204545455	0.159506818181818	0.134211931818182		1
000237:	0.021231818181818	0.026843750000000	0.745777840909091	0.206146590909091		1
000238:	0.792555681818182	0.026126136363636	0.026106250000000	0.155211931818182		1
000239:	0.047082386363636	0.089368750000000	0.122210795454545	0.741338068181818		1
000240:	0.021306818181818	0.862107954545455	0.053469318181818	0.063115909090909		1
000241:	0.235615340909091	0.084248295454545	0.339674431818182	0.340461931818182		1
000242:	0.019236363636364	0.048467613636364	0.741346022727273	0.190950000000000		1
000243:	0.022942613636364	0.601096590909091	0.310872727272727	0.065088068181818		1
000244:	0.003371590909091	0.887242045454545	0.107918750000000	0.001467613636364		1
000245:	0.013582954545455	0.133215340909091	0.032302840909091	0.820898863636364		1
000246:	0.017450568181818	0.050326136363636	0.568250000000000	0.363973295454545		1
000247:	0.031222727272727	0.175676136363636	0.232466477272727	0.560634659090909		1
000248:	0.028563068181818	0.224615340909091	0.023247159090909	0.723574431818182		1
000249:	0.022031818181818	0.207882386363636	0.707664772727273	0.062421022727273		1
000250:	0.031632954545455	0.024483522727273	0.510157386363636	0.433726136363636		1
000251:	0.038230113636364	0.120031818181818	0.378515340909091	0.463222727272727		1
000252:	0.200352840909091	0.549449431818182	0.109332954545455	0.140864772727273		1
000253:	0.038004545454545	0.253346022727273	0.631665909090909	0.076983522727273		1
000254:	0.070250000000000	0.519194886363636	0.267254545454545	0.143300568181818		1
000255:	0.038826136363636	0.159107954545455	0.181498295454545	0.620567613636364		1
000256:	0.019761931818182	0.053928409090909	0.065998863636364	0.860310795454545		1
000257:	0.635423863636364	0.265114772727273	0.039281818181818	0.060179545454545		1
000258:	0.032095454545455	0.042663636363636	0.023976136363636	0.901264772727273		1
000259:	0.945899431818182	0.016876704545455	0.018013068181818	0.019210795454545		1
000260:	0.034988636363636	0.546417045454546	0.344747159090909	0.073847159090909		1
000261:	0.147410795454545	0.327567045454545	0.389506250000000	0.135515909090909		1
000262:	0.451469318181818	0.334532386363636	0.133565340909091	0.080432954545455		1
000263:	0.057659659090909	0.079878977272727	0.039998863636364	0.822462500000000		1
000264:	0.816668181818182	0.051708522727273	0.014893181818182	0.116730113636364		1
000265:	0.101733522727273	0.129882954545455	0.042774431818182	0.725609090909091		1
000266:	0.049576136363636	0.043123863636364	0.152462500000000	0.754837500000000		1
000267:	0.022383522727273	0.213344886363636	0.396753409090909	0.367518181818182		1
000268:	0.128040340909091	0.175764772727273	0.095866477272727	0.600328409090909		1
000269:	0.036189204545455	0.026650000000000	0.826178409090909	0.110982386363636		1
000270:	0.921029545454545	0.021550000000000	0.013715909090909	0.043704545454545		1
000271:	0.084300568181818	0.164258522727273	0.714390909090909	0.037050000000000		1
000272:	0.130484090909091	0.294577272727273	0.478655113636364	0.096283522727273		1
000273:	0.290889772727273	0.060710227272727	0.336925568181818	0.311474431818182		1
000274:	0.053078977272727	0.291620454545455	0.415088068181818	0.240212500000000		1
000275:	0.030563636363636	0.022494318181818	0.077313068181818	0.869628977272727		1
000276:	0.921651704545455	0.032344886363636	0.018199431818182	0.027803977272727		1
000277:	0.063735227272727	0.028845454545455	0.786214772727273	0.121204545454545		1
000278:	0.029624431818182	0.069210227272727	0.068156250000000	0.833009090909091		1
000279:	0.010547727272727	0.019623295454545	0.912559090909091	0.057269886363636		1
000280:	0.197088068181818	0.341713636363636	0.129721590909091	0.331476704545455		1
000281:	0.445068181818182	0.032694318181818	0.479936931818182	0.042300568181818		1
000282:	0.000056250000000	0.967065909090909	0.000271022727273	0.032606818181818		1
000283:	0.923331250000000	0.037358522727273	0.013674431818182	0.025635795454545		1
000284:	0.075577272727273	0.227450568181818	0.529961363636364	0.167010795454545		1
000285:	0.018464772727273	0.042872727272727	0.787746022727273	0.150916477272727		1
000286:	0.265485795454545	0.030534090909091	0.481463068181818	0.222517045454545		1
000287:	0.181840340909091	0.028409659090909	0.556788068181818	0.232961931818182		1
000288:	0.210022727272727	0.110997727272727	0.236652840909091	0.442326704545455		1
000289:	0.129615340909091	0.243236931818182	0.059593181818182	0.567554545454545		1
000290:	0.136634659090909	0.769827840909091	0.032746590909091	0.060790909090909		1
000291:	0.067255113636364	0.022423863636364	0.042621022727273	0.867700000000000		1
000292:	0.049047727272727	0.460353409090909	0.052298863636364	0.438300000000000		1
000293:	0.056765909090909	0.058756818181818	0.027671022727273	0.856806250000000		1
000294:	0.089393181818182	0.081784090909091	0.072347727272727	0.756475000000000		1
000295:	0.029322159090909	0.040065340909091	0.044142613636364	0.886469886363636		1
000296:	0.498409090909091	0.127650000000000	0.072764772727273	0.301176136363636		1
000297:	0.153342045454545	0.069471022727273	0.040713068181818	0.736473863636364		1
000298:	0.038261931818182	0.012368750000000	0.854916477272727	0.094452840909091		1
000299:	0.150894318181818	0.059418750000000	0.047118750000000	0.742568181818182		1
000300:	0.286344318181818	0.095991477272727	0.145018750000000	0.472645454545455		1
000301:	0.024689772727273	0.033505681818182	0.028026704545455	0.913777840909091		1
000302:	0.923430681818182	0.034289772727273	0.015980681818182	0.026298863636364		1
000303:	0.938598295454545	0.022951704545455	0.018796022727273	0.019653977272727		1
000304:	0.016906250000000	0.198781818181818	0.025140340909091	0.759171590909091		1
000305:	0.096156818181818	0.818870454545455	0.038747159090909	0.046225568181818		1
000306:	0.882268181818182	0.027625000000000	0.050993750000000	0.039113068181818		1
000307:	0.058027272727273	0.890022159090909	0.016285795454545	0.035664772727273		1
000308:	0.045761931818182	0.100309659090909	0.019146590909091	0.834781818181818		1
000309:	0.066538068181818	0.059903977272727	0.166789772727273	0.706768181818182		1
000310:	0.916172727272727	0.027225568181818	0.019958522727273	0.036643181818182		1
000311:	0.150803409090909	0.373548295454545	0.059167613636364	0.416480681818182		1
000312:	0.027939772727273	0.061925568181818	0.623043750000000	0.287090909090909		1
000313:	0.040453977272727	0.075158522727273	0.682649431818182	0.201738068181818		1
000314:	0.059793181818182	0.077074431818182	0.719135227272727	0.143997159090909		1
000315:	0.024323863636364	0.065805113636364	0.589093181818182	0.320777840909091		1
000316:	0.037071590909091	0.038088068181818	0.028148295454545	0.896692045454546		1
000317:	0.019554545454545	0.170840909090909	0.532650568181818	0.276953977272727		1
000318:	0.124885227272727	0.295701136363636	0.025907954545455	0.553505681818182		1
000319:	0.907828977272727	0.023150568181818	0.013102840909091	0.055917613636364		1
000320:	0.434667613636364	0.158880113636364	0.113903977272727	0.292548295454545		1
000321:	0.066053409090909	0.299405681818182	0.030411363636364	0.604129545454545		1
000322:	0.206589204545455	0.702167045454545	0.031889204545455	0.059354545454545		1
000323:	0.139161363636364	0.171435795454545	0.479256250000000	0.210146590909091		1
000324:	0.149248295454545	0.617627272727273	0.026038636363636	0.207085795454545		1
000325:	0.845307954545455	0.077516477272727	0.049448863636364	0.027726704545455		1
000326:	0.038963636363636	0.164169318181818	0.037903977272727	0.758963068181818		1
000327:	0.065403409090909	0.173754545454545	0.037239772727273	0.723602272727273		1
000328:	0.021932386363636	0.933148863636364	0.012894886363636	0.032023863636364		1
000329:	0.083905113636364	0.182689204545455	0.076633522727273	0.656772159090909		1
000330:	0.121314772727273	0.788259659090909	0.030097159090909	0.060328409090909		1
000331:	0.030303977272727	0.902830113636364	0.030870454545455	0.035995454545455		1
000332:	0.936760227272727	0.018663636363636	0.015113636363636	0.029462500000000		1
000333:	0.937571022727273	0.013189772727273	0.017754545454545	0.031484659090909		1
000334:	0.924679545454545	0.014923295454545	0.018750000000000	0.041647159090909		1
000335:	0.059177840909091	0.095519318181818	0.055463068181818	0.789839772727273		1
000336:	0.911132954545455	0.045151704545455	0.013836363636364	0.029878977272727		1
000337:	0.133017613636364	0.294538068181818	0.054746022727273	0.517698295454545		1
000338:	0.097550000000000	0.075527272727273	0.021788068181818	0.805134659090909		1
000339:	0.223184090909091	0.437200000000000	0.040243181818182	0.299372727272727		1
000340:	0.864214204545455	0.028425568181818	0.015697727272727	0.091662500000000		1
000341:	0.034680113636364	0.032017613636364	0.020142613636364	0.913159659090909		1
000342:	0.092803409090909	0.312930113636364	0.027588068181818	0.566678409090909		1
000343:	0.105250000000000	0.049723295454545	0.024540909090909	0.820485795454545		1
000344:	0.017355681818182	0.890689204545455	0.031761363636364	0.060193750000000		1
000345:	0.040784090909091	0.901830681818182	0.014450000000000	0.042935227272727		1
000346:	0.145125568181818	0.000659659090909	0.000752272727273	0.853462500000000		1
000347:	0.035451704545455	0.430796590909091	0.019548863636364	0.514202840909091		1
000348:	0.149356818181818	0.624934090909091	0.024957386363636	0.200751704545455		1
000349:	0.173814204545455	0.705049431818182	0.052279545454545	0.068856818181818		1
000350:	0.037588068181818	0.809323863636364	0.022450000000000	0.130638068181818		1
000351:	0.027224431818182	0.814694886363636	0.020216477272727	0.137864204545455		1
000352:	0.133221590909091	0.183220454545455	0.044501704545455	0.639056250000000		1
000353:	0.899835227272727	0.033132386363636	0.010957954545455	0.056074431818182		1
000354:	0.887540340909091	0.026504545454545	0.011039772727273	0.074915340909091		1
000355:	0.160713636363636	0.619358522727273	0.032834090909091	0.187093750000000		1
000356:	0.162975568181818	0.118793181818182	0.475336931818182	0.242894318181818		1
000357:	0.020797727272727	0.075443750000000	0.759224431818182	0.144534090909091		1
000358:	0.058696590909091	0.121964772727273	0.591261931818182	0.228076704545455		1
000359:	0.060932954545455	0.174890909090909	0.515225000000000	0.248951136363636		1
000360:	0.072450000000000	0.051015909090909	0.026250568181818	0.850283522727273		1
000361:	0.043941477272727	0.043002272727273	0.875678409090909	0.037377840909091		1
000362:	0.120065909090909	0.769245454545455	0.038235795454545	0.072452840909091		1
000363:	0.023836363636364	0.016829545454545	0.026682954545455	0.932651136363636		1
000364:	0.022578409090909	0.164157954545455	0.347760795454545	0.465502840909091		1
000365:	0.057761931818182	0.263011363636364	0.081623863636364	0.597602840909091		1
000366:	0.023583522727273	0.034568181818182	0.860931250000000	0.080917045454545		1
000367:	0.017760795454545	0.021393181818182	0.173618181818182	0.787227840909091		1
000368:	0.038034659090909	0.028949431818182	0.519512500000000	0.413503409090909		1
000369:	0.089598295454545	0.092810227272727	0.202329545454545	0.615261931818182		1
000370:	0.473378977272727	0.140928977272727	0.074843750000000	0.310848295454545		1
000371:	0.025723295454545	0.122403409090909	0.022177272727273	0.829696022727273		1
000372:	0.015828409090909	0.013114204545455	0.044538068181818	0.926519318181818		1
000373:	0.070527272727273	0.111983522727273	0.363880113636364	0.453609090909091		1
000374:	0.042780113636364	0.033419886363636	0.040684090909091	0.883115909090909		1
000375:	0.791085795454545	0.109693181818182	0.021096022727273	0.078125000000000		1
000376:	0.107411363636364	0.036714204545455	0.118913068181818	0.736961363636364		1
000377:	0.927565340909091	0.035627840909091	0.012629545454545	0.024177272727273		1
000378:	0.038326704545455	0.017840340909091	0.878051136363636	0.065781818181818		1
000379:	0.009129545454545	0.010936363636364	0.869635227272727	0.110298863636364		1
000380:	0.083480681818182	0.026177272727273	0.502756250000000	0.387585795454545		1
000381:	0.013064204545455	0.010954545454545	0.928427272727273	0.047553977272727		1
000382:	0.034178977272727	0.018407954545455	0.130938636363636	0.816474431818182		1
000383:	0.036452272727273	0.062422727272727	0.113446022727273	0.787678977272727		1
000384:	0.019152272727273	0.024598863636364	0.213047159090909	0.743201704545455		1
000385:	0.015018181818182	0.211213068181818	0.137046590909091	0.636722159090909		1
000386:	0.026377272727273	0.028109659090909	0.711251136363636	0.234261931818182		1
000387:	0.047871022727273	0.025918750000000	0.140490340909091	0.785719886363636		1
000388:	0.113593750000000	0.188262500000000	0.553010795454545	0.145132954545455		1
000389:	0.012297727272727	0.066607386363636	0.101259090909091	0.819835795454545		1
000390:	0.114601704545455	0.591299431818182	0.038648863636364	0.255450000000000		1
000391:	0.012254545454545	0.033828977272727	0.211933522727273	0.741982954545455		1
000392:	0.029965909090909	0.063588636363636	0.847874431818182	0.058571022727273		1
000393:	0.061239204545455	0.047923295454545	0.539646022727273	0.351191477272727		1
000394:	0.046155113636364	0.016711363636364	0.142098863636364	0.795034659090909		1
000395:	0.040224431818182	0.018334659090909	0.051287500000000	0.890153409090909		1
000396:	0.022671022727273	0.126607386363636	0.185153977272727	0.665567613636364		1
000397:	0.008385795454545	0.013475568181818	0.027644886363636	0.950493750000000		1
000398:	0.024596590909091	0.029178409090909	0.097382954545455	0.848842045454545		1
000399:	0.075234659090909	0.034449431818182	0.868308522727273	0.022007386363636		1
000400:	0.029099431818182	0.038032954545455	0.161748295454545	0.771119318181818		1
000401:	0.033450000000000	0.044827272727273	0.549307954545455	0.372414772727273		1
000402:	0.047328977272727	0.049771022727273	0.112427272727273	0.790472727272727		1
000403:	0.051186363636364	0.112757954545455	0.260273863636364	0.575781818181818		1
000404:	0.021465909090909	0.216077272727273	0.344460795454545	0.417996022727273		1
000405:	0.035731818181818	0.015817045454545	0.124938068181818	0.823513068181818		1
000406:	0.044317045454545	0.025843181818182	0.014062500000000	0.915777272727273		1
000407:	0.021671022727273	0.031984659090909	0.019931250000000	0.926413068181818		1
000408:	0.025391477272727	0.402451704545455	0.465530113636364	0.106626704545455		1
000409:	0.916371590909091	0.027622159090909	0.012344886363636	0.043661363636364		1
000410:	0.889725000000000	0.028746022727273	0.017390340909091	0.064138636363636		1
000411:	0.933412500000000	0.017775000000000	0.012611363636364	0.036201136363636		1
000412:	0.026614772727273	0.050165340909091	0.788841477272727	0.134378409090909		1
000413:	0.018925568181818	0.064400000000000	0.069750000000000	0.846924431818182		1
000414:	0.080372159090909	0.024317045454545	0.804252840909091	0.091057954545455		1
000415:	0.103093750000000	0.357593750000000	0.516280113636364	0.023032386363636		1
000416:	0.015566477272727	0.023457386363636	0.938528409090909	0.022447727272727		1
000417:	0.043805681818182	0.233992045454545	0.291265340909091	0.430936931818182		1
000418:	0.061886931818182	0.116478409090909	0.490427272727273	0.331207386363636		1
000419:	0.017827272727273	0.072499431818182	0.867445454545455	0.042227840909091		1
000420:	0.073052840909091	0.677981818181818	0.019192045454545	0.229773295454545		1
000421:	0.184679545454545	0.039126136363636	0.486178977272727	0.290015340909091		1
000422:	0.200538636363636	0.239282954545455	0.314542045454545	0.245636363636364		1
000423:	0.109127272727273	0.740306818181818	0.024656818181818	0.125909090909091		1
000424:	0.017944318181818	0.031450568181818	0.914369886363636	0.036235227272727		1
000425:	0.057576136363636	0.055435227272727	0.830634659090909	0.056353977272727		1
000426:	0.034354545454545	0.748603409090909	0.191674431818182	0.025367613636364		1
000427:	0.108932954545455	0.120137500000000	0.295271022727273	0.475658522727273		1
000428:	0.053109090909091	0.036877840909091	0.104910227272727	0.805102840909091		1
000429:	0.074218181818182	0.280042045454545	0.125672159090909	0.520067613636364		1
000430:	0.059606250000000	0.247865909090909	0.528644318181818	0.163883522727273		1
000431:	0.051336363636364	0.081174431818182	0.639195454545455	0.228293750000000		1
000432:	0.050655113636364	0.195743181818182	0.532382954545455	0.221218750000000		1
000433:	0.157643750000000	0.495153409090909	0.209072727272727	0.138130113636364		1
000434:	0.040618181818182	0.204940340909091	0.298661363636364	0.455780113636364		1
000435:	0.155547727272727	0.244131250000000	0.157088636363636	0.443232386363636		1
000436:	0.059565340909091	0.533122159090909	0.341325568181818	0.065986931818182		1
000437:	0.027608522727273	0.263767613636364	0.647465909090909	0.061157954545455		1
000438:	0.063615340909091	0.209318750000000	0.408802840909091	0.318263068181818		1
000439:	0.060730113636364	0.044477272727273	0.845136931818182	0.049655681818182		1
000440:	0.033586363636364	0.027286363636364	0.890572727272727	0.048554545454545		1
000441:	0.034075568181818	0.028647727272727	0.912126704545455	0.025150000000000		1
000442:	0.034742045454545	0.045476136363636	0.843930113636364	0.075851704545455		1
000443:	0.915715909090909	0.019866477272727	0.015325568181818	0.049092045454545		1
000444:	0.013298863636364	0.346457954545455	0.535052840909091	0.105190340909091		1
000445:	0.038081818181818	0.067352272727273	0.396945454545455	0.497620454545455		1
000446:	0.084827272727273	0.435123863636364	0.150459659090909	0.329589204545455		1
000447:	0.025379545454545	0.082417613636364	0.381241477272727	0.510961363636364		1
000448:	0.036036363636364	0.065876136363636	0.142772159090909	0.755315340909091		1
000449:	0.020540340909091	0.052492045454545	0.028930681818182	0.898036931818182		1
000450:	0.918974431818182	0.020074431818182	0.017423295454545	0.043527840909091		1
000451:	0.889803409090909	0.022865909090909	0.019273863636364	0.068056818181818		1
000452:	0.070764772727273	0.853561931818182	0.033440909090909	0.042232386363636		1
000453:	0.020828977272727	0.031567613636364	0.911200568181818	0.036402840909091		1
000454:	0.930978977272727	0.028909090909091	0.016572159090909	0.023539772727273		1
000455:	0.368697159090909	0.179203409090909	0.074003409090909	0.378096022727273		1
000456:	0.037452840909091	0.264988068181818	0.015293181818182	0.682265909090909		1
000457:	0.072664204545455	0.271944886363636	0.020336931818182	0.635053977272727		1
000458:	0.038121590909091	0.120877272727273	0.059471590909091	0.781529545454545		1
000459:	0.063806250000000	0.255438636363636	0.025996022727273	0.654759090909091		1
000460:	0.069181818181818	0.030871590909091	0.025448295454545	0.874498295454545		1
000461:	0.118234659090909	0.040893181818182	0.047723295454545	0.793148863636364		1
000462:	0.230402272727273	0.420085795454545	0.054224431818182	0.295287500000000		1
000463:	0.083732386363636	0.717142045454545	0.031754545454545	0.167371022727273		1
000464:	0.083902272727273	0.493739204545455	0.093438636363636	0.328919886363636		1
000465:	0.960794886363636	0.000831818181818	0.000794318181818	0.037578977272727		1
000466:	0.095755681818182	0.038257954545455	0.020026704545455	0.845959659090909		1
000467:	0.105906250000000	0.056450568181818	0.020705113636364	0.816938068181818		1
000468:	0.047878977272727	0.050099431818182	0.015314772727273	0.886706818181818		1
000469:	0.015359090909091	0.049716477272727	0.447643750000000	0.487280681818182		1
000470:	0.099990340909091	0.098077840909091	0.569524431818182	0.232407386363636		1
000471:	0.071739204545455	0.029197159090909	0.304816477272727	0.594247159090909		1
000472:	0.123380681818182	0.727510227272727	0.074026136363636	0.075082954545455		1
000473:	0.041860795454545	0.771431250000000	0.035178977272727	0.151528977272727		1
000474:	0.420429545454545	0.029355113636364	0.385835227272727	0.164380113636364		1
