Estimated Clustering Probabilities for Samples
Sample	***Cluster  01***	***Cluster  02***	***Cluster  03***	***Cluster  04***	
000001:	0.075711363636364	0.431558522727273	0.065461931818182	0.427268181818182		1
000002:	0.027407386363636	0.253963068181818	0.079474431818182	0.639155113636364		1
000003:	0.033724431818182	0.637629545454545	0.045965340909091	0.282680681818182		1
000004:	0.011400000000000	0.075734090909091	0.807131818181818	0.105734090909091		1
000005:	0.019780681818182	0.790250000000000	0.054701136363636	0.135268181818182		1
000006:	0.090643750000000	0.197425000000000	0.626638636363636	0.085292613636364		1
000007:	0.029160795454545	0.241406818181818	0.042612500000000	0.686819886363636		1
000008:	0.027789772727273	0.360142613636364	0.089754545454545	0.522313068181818		1
000009:	0.034838636363636	0.487172159090909	0.285384090909091	0.192605113636364		1
000010:	0.050869886363636	0.668283522727273	0.072147727272727	0.208698863636364		1
000011:	0.000721590909091	0.601075568181818	0.000323863636364	0.397878977272727		1
000012:	0.052460795454545	0.812823863636364	0.101422159090909	0.033293181818182		1
000013:	0.598399431818182	0.171340340909091	0.178963636363636	0.051296590909091		1
000014:	0.011519886363636	0.038572727272727	0.930518181818182	0.019389204545455		1
000015:	0.028484090909091	0.791303409090909	0.140485227272727	0.039727272727273		1
000016:	0.011771590909091	0.028457954545455	0.936532954545455	0.023237500000000		1
000017:	0.025878977272727	0.876959659090909	0.043190340909091	0.053971022727273		1
000018:	0.640384090909091	0.286342045454545	0.050367045454545	0.022906818181818		1
000019:	0.057768750000000	0.851336363636364	0.045064204545455	0.045830681818182		1
000020:	0.039098863636364	0.650692613636364	0.235110227272727	0.075098295454545		1
000021:	0.113013636363636	0.641678409090909	0.017583522727273	0.227724431818182		1
000022:	0.047578409090909	0.864962500000000	0.051035795454545	0.036423295454545		1
000023:	0.148724431818182	0.548857386363636	0.045038068181818	0.257380113636364		1
000024:	0.028555681818182	0.037858522727273	0.914817045454545	0.018768750000000		1
000025:	0.438160227272727	0.292018750000000	0.162811363636364	0.107009659090909		1
000026:	0.077519886363636	0.863078409090909	0.021301704545455	0.038100000000000		1
000027:	0.437840909090909	0.491469318181818	0.041631250000000	0.029058522727273		1
000028:	0.045914204545455	0.490150000000000	0.032117045454545	0.431818750000000		1
000029:	0.105501136363636	0.689290909090909	0.103750568181818	0.101457386363636		1
000030:	0.041130681818182	0.046334659090909	0.911338636363636	0.001196022727273		1
000031:	0.687426704545455	0.253246022727273	0.031076704545455	0.028250568181818		1
000032:	0.110174431818182	0.768981818181818	0.065137500000000	0.055706250000000		1
000033:	0.031109090909091	0.812290340909091	0.034741477272727	0.121859090909091		1
000034:	0.014294886363636	0.041336931818182	0.916994318181818	0.027373863636364		1
000035:	0.385820454545455	0.159980681818182	0.023070454545455	0.431128409090909		1
000036:	0.049263636363636	0.723457386363636	0.073688068181818	0.153590909090909		1
000037:	0.078952840909091	0.841992613636364	0.048827840909091	0.030226704545455		1
000038:	0.093580681818182	0.206033522727273	0.079665340909091	0.620720454545455		1
000039:	0.238282954545455	0.613471022727273	0.093671022727273	0.054575000000000		1
000040:	0.034563068181818	0.050192613636364	0.875813068181818	0.039431250000000		1
000041:	0.087286931818182	0.749692045454545	0.110778409090909	0.052242613636364		1
000042:	0.526743750000000	0.298113068181818	0.107838068181818	0.067305113636364		1
000043:	0.027023863636364	0.779639204545455	0.109253409090909	0.084083522727273		1
000044:	0.041989204545455	0.851326136363636	0.058497159090909	0.048187500000000		1
000045:	0.323665909090909	0.632861363636364	0.017926136363636	0.025546590909091		1
000046:	0.599772727272727	0.153751704545455	0.064834659090909	0.181640909090909		1
000047:	0.240140340909091	0.417164204545455	0.137390909090909	0.205304545454545		1
000048:	0.253203977272727	0.448157386363636	0.229431250000000	0.069207386363636		1
000049:	0.037578977272727	0.849336363636364	0.041943750000000	0.071140909090909		1
000050:	0.129070454545455	0.499839204545455	0.240688636363636	0.130401704545455		1
000051:	0.017107386363636	0.039252272727273	0.915925568181818	0.027714772727273		1
000052:	0.015300000000000	0.037178409090909	0.897944318181818	0.049577272727273		1
000053:	0.117901704545455	0.663576704545455	0.140577840909091	0.077943750000000		1
000054:	0.729270454545455	0.166901136363636	0.037509090909091	0.066319318181818		1
000055:	0.021813068181818	0.666201136363636	0.263230113636364	0.048755681818182		1
000056:	0.041243750000000	0.859633522727273	0.068252840909091	0.030869886363636		1
000057:	0.077753977272727	0.767739204545455	0.107964204545455	0.046542613636364		1
000058:	0.055021022727273	0.906713068181818	0.012490340909091	0.025775568181818		1
000059:	0.057081250000000	0.912057954545455	0.013747159090909	0.017113636363636		1
000060:	0.011027840909091	0.930221590909091	0.030169318181818	0.028581250000000		1
000061:	0.018668750000000	0.909548295454545	0.042375000000000	0.029407954545455		1
000062:	0.011066477272727	0.048925000000000	0.906867045454545	0.033141477272727		1
000063:	0.011984659090909	0.025257954545455	0.934872727272727	0.027884659090909		1
000064:	0.009368750000000	0.031231250000000	0.881353409090909	0.078046590909091		1
000065:	0.019576136363636	0.805007954545455	0.048607954545455	0.126807954545455		1
000066:	0.031281818181818	0.897804545454545	0.047019318181818	0.023894318181818		1
000067:	0.011012500000000	0.028878409090909	0.907699431818182	0.052409659090909		1
000068:	0.059361931818182	0.901562500000000	0.013201704545455	0.025873863636364		1
000069:	0.022034659090909	0.910426704545454	0.034235795454545	0.033302840909091		1
000070:	0.149510227272727	0.493243181818182	0.240799431818182	0.116447159090909		1
000071:	0.037792613636364	0.917017613636364	0.014715909090909	0.030473863636364		1
000072:	0.029029545454545	0.780966477272727	0.083184090909091	0.106819886363636		1
000073:	0.015790340909091	0.895142613636364	0.056668181818182	0.032398863636364		1
000074:	0.629507954545454	0.168608522727273	0.163886363636364	0.037997159090909		1
000075:	0.000027840909091	0.951515340909091	0.048369318181818	0.000087500000000		1
000076:	0.211491477272727	0.213538636363636	0.017977840909091	0.556992045454546		1
000077:	0.148427272727273	0.331606250000000	0.050368750000000	0.469597727272727		1
000078:	0.017543750000000	0.793767045454545	0.050759659090909	0.137929545454545		1
000079:	0.062798295454545	0.838272159090909	0.038835227272727	0.060094318181818		1
000080:	0.199550568181818	0.723976704545455	0.014921590909091	0.061551136363636		1
000081:	0.013457386363636	0.935660227272727	0.021879545454545	0.029002840909091		1
000082:	0.019630681818182	0.862846022727273	0.050151136363636	0.067372159090909		1
000083:	0.029785795454545	0.913646022727273	0.014339772727273	0.042228409090909		1
000084:	0.016964772727273	0.016796022727273	0.944897159090909	0.021342045454545		1
000085:	0.079643181818182	0.698546590909091	0.056512500000000	0.165297727272727		1
000086:	0.117365909090909	0.339119886363636	0.453632954545455	0.089881250000000		1
000087:	0.017172727272727	0.932893181818182	0.024939204545455	0.024994886363636		1
000088:	0.089713068181818	0.855978977272727	0.014519318181818	0.039788636363636		1
000089:	0.130280681818182	0.782173863636364	0.028801136363636	0.058744318181818		1
000090:	0.657027272727273	0.164540340909091	0.134751704545455	0.043680681818182		1
000091:	0.572527272727273	0.191411931818182	0.027012500000000	0.209048295454545		1
000092:	0.039284659090909	0.891200000000000	0.032417045454545	0.037098295454545		1
000093:	0.158564772727273	0.729221590909091	0.065094886363636	0.047118750000000		1
000094:	0.036995454545455	0.894006250000000	0.026704545454545	0.042293750000000		1
000095:	0.018469318181818	0.826464204545455	0.093600568181818	0.061465909090909		1
000096:	0.012039204545455	0.036752272727273	0.929584090909091	0.021624431818182		1
000097:	0.048406818181818	0.914131250000000	0.012426136363636	0.025035795454545		1
000098:	0.024080113636364	0.946802840909091	0.007996022727273	0.021121022727273		1
000099:	0.061463636363636	0.559435795454545	0.304002840909091	0.075097727272727		1
000100:	0.018139204545455	0.161909090909091	0.792666477272727	0.027285227272727		1
000101:	0.031980113636364	0.905514204545455	0.035759659090909	0.026746022727273		1
000102:	0.072727840909091	0.668709090909091	0.199898863636364	0.058664204545455		1
000103:	0.139351136363636	0.629970454545455	0.028800000000000	0.201878409090909		1
000104:	0.017075000000000	0.174080681818182	0.779164772727273	0.029679545454545		1
000105:	0.112643181818182	0.736050000000000	0.112594886363636	0.038711931818182		1
000106:	0.697094886363636	0.001660227272727	0.298275568181818	0.002969318181818		1
000107:	0.054572727272727	0.652100568181818	0.213653409090909	0.079673295454545		1
000108:	0.056922159090909	0.105746590909091	0.794267613636364	0.043063636363636		1
000109:	0.107309090909091	0.768265340909091	0.042497727272727	0.081927840909091		1
000110:	0.719598295454545	0.045515909090909	0.107724431818182	0.127161363636364		1
000111:	0.048611363636364	0.438262500000000	0.361540909090909	0.151585227272727		1
000112:	0.387197727272727	0.434865340909091	0.114438068181818	0.063498863636364		1
000113:	0.020700000000000	0.857221590909091	0.068102272727273	0.053976136363636		1
000114:	0.148734659090909	0.556375000000000	0.018798863636364	0.276091477272727		1
000115:	0.085942613636364	0.794041477272727	0.072038636363636	0.047977272727273		1
000116:	0.039659659090909	0.256060227272727	0.626057386363636	0.078222727272727		1
000117:	0.091255681818182	0.798236931818182	0.038259659090909	0.072247727272727		1
000118:	0.031494886363636	0.397772727272727	0.316334659090909	0.254397727272727		1
000119:	0.001378977272727	0.485452840909091	0.511323295454545	0.001844886363636		1
000120:	0.037102840909091	0.681695454545455	0.134831818181818	0.146369886363636		1
000121:	0.267085795454545	0.548438636363636	0.045426704545455	0.139048863636364		1
000122:	0.021245454545455	0.933594318181818	0.027335227272727	0.017825000000000		1
000123:	0.027471022727273	0.875782386363636	0.021801704545455	0.074944886363636		1
000124:	0.000675000000000	0.839808522727273	0.000564204545455	0.158952272727273		1
000125:	0.026815340909091	0.166010227272727	0.087836363636364	0.719338068181818		1
000126:	0.017044318181818	0.044291477272727	0.015548295454545	0.923115909090909		1
000127:	0.050718750000000	0.728707954545455	0.151103977272727	0.069469318181818		1
000128:	0.033763068181818	0.796722727272727	0.072767045454545	0.096747159090909		1
000129:	0.380251704545455	0.575856250000000	0.016105681818182	0.027786363636364		1
000130:	0.052323863636364	0.713372159090909	0.061520454545455	0.172783522727273		1
000131:	0.064422159090909	0.861211363636364	0.042760227272727	0.031606250000000		1
000132:	0.017453977272727	0.166724431818182	0.775801704545454	0.040019886363636		1
000133:	0.218853409090909	0.239857954545455	0.042490340909091	0.498798295454545		1
000134:	0.217013636363636	0.595142045454545	0.069184659090909	0.118659659090909		1
000135:	0.511352272727273	0.451676136363636	0.011809659090909	0.025161931818182		1
000136:	0.035650568181818	0.830530681818182	0.074805681818182	0.059013068181818		1
000137:	0.466369886363636	0.441980113636364	0.038142613636364	0.053507386363636		1
000138:	0.059057954545455	0.712531250000000	0.030561363636364	0.197849431818182		1
000139:	0.042542045454545	0.866802840909091	0.044619886363636	0.046035227272727		1
000140:	0.844965909090909	0.080918750000000	0.039715340909091	0.034400000000000		1
000141:	0.036314772727273	0.073376136363636	0.510496022727273	0.379813068181818		1
000142:	0.129201704545455	0.791661363636364	0.056933522727273	0.022203409090909		1
000143:	0.030192613636364	0.906514772727273	0.025593181818182	0.037699431818182		1
000144:	0.040506818181818	0.801601704545455	0.111030113636364	0.046861363636364		1
000145:	0.027857954545455	0.058011931818182	0.849693181818182	0.064436931818182		1
000146:	0.129028977272727	0.737934090909091	0.091497159090909	0.041539772727273		1
000147:	0.032035227272727	0.787186931818182	0.060580681818182	0.120197159090909		1
000148:	0.048059090909091	0.858597727272727	0.029619318181818	0.063723863636364		1
000149:	0.066466477272727	0.732309659090909	0.056000000000000	0.145223863636364		1
000150:	0.401276704545455	0.513623863636364	0.050863636363636	0.034235795454545		1
000151:	0.041339772727273	0.497243181818182	0.155914204545455	0.305502840909091		1
000152:	0.048744318181818	0.728489204545455	0.073621590909091	0.149144886363636		1
000153:	0.077988636363636	0.836864772727273	0.059105681818182	0.026040909090909		1
000154:	0.013676136363636	0.130715340909091	0.799177840909091	0.056430681818182		1
000155:	0.085676136363636	0.538646022727273	0.339103409090909	0.036574431818182		1
000156:	0.038542613636364	0.673793750000000	0.233008522727273	0.054655113636364		1
000157:	0.013607386363636	0.039264772727273	0.928971590909091	0.018156250000000		1
000158:	0.089663068181818	0.270171022727273	0.088411363636364	0.551754545454545		1
000159:	0.271907386363636	0.082738068181818	0.507253977272727	0.138100568181818		1
000160:	0.018228977272727	0.024697727272727	0.033435795454545	0.923637500000000		1
000161:	0.060248863636364	0.143914204545455	0.104158522727273	0.691678409090909		1
000162:	0.594090340909091	0.073528409090909	0.019912500000000	0.312468750000000		1
000163:	0.009121590909091	0.917471022727273	0.034767613636364	0.038639772727273		1
000164:	0.008013636363636	0.083482386363636	0.859214772727273	0.049289204545455		1
000165:	0.033982386363636	0.587317613636364	0.100361363636364	0.278338636363636		1
000166:	0.020450568181818	0.839818750000000	0.076617613636364	0.063113068181818		1
000167:	0.024528409090909	0.820096590909091	0.066627272727273	0.088747727272727		1
000168:	0.057798863636364	0.636214772727273	0.218825568181818	0.087160795454545		1
000169:	0.028768181818182	0.922970454545455	0.018585795454545	0.029675568181818		1
000170:	0.020034659090909	0.897482386363636	0.018411363636364	0.064071590909091		1
000171:	0.017046022727273	0.097615909090909	0.841631818181818	0.043706250000000		1
000172:	0.067167045454545	0.722513636363636	0.043302840909091	0.167016477272727		1
000173:	0.016859090909091	0.918742613636364	0.031951704545455	0.032446590909091		1
000174:	0.088385227272727	0.852662500000000	0.031059090909091	0.027893181818182		1
000175:	0.012414772727273	0.021586363636364	0.949382386363636	0.016616477272727		1
000176:	0.036386931818182	0.799356250000000	0.059736931818182	0.104519886363636		1
000177:	0.038798863636364	0.860789204545455	0.063540909090909	0.036871022727273		1
000178:	0.080410795454545	0.711172159090909	0.176785795454545	0.031631250000000		1
000179:	0.014011931818182	0.082474431818182	0.871258522727273	0.032255113636364		1
000180:	0.018192613636364	0.023743750000000	0.934279545454546	0.023784090909091		1
000181:	0.013825568181818	0.026634090909091	0.916922727272727	0.042617613636364		1
000182:	0.367767613636364	0.317835795454545	0.187717045454545	0.126679545454545		1
000183:	0.010151136363636	0.026951136363636	0.940278409090909	0.022619318181818		1
000184:	0.126771590909091	0.589861363636364	0.105402272727273	0.177964772727273		1
000185:	0.490438636363636	0.348799431818182	0.049773295454545	0.110988636363636		1
000186:	0.034007386363636	0.062814772727273	0.840100568181818	0.063077272727273		1
000187:	0.019805681818182	0.031778409090909	0.929361931818182	0.019053977272727		1
000188:	0.027072727272727	0.171354545454545	0.341725568181818	0.459847159090909		1
000189:	0.011659659090909	0.920676704545455	0.036910227272727	0.030753409090909		1
000190:	0.029519318181818	0.791478977272727	0.026929545454545	0.152072159090909		1
000191:	0.503275568181818	0.002396022727273	0.001011363636364	0.493317045454545		1
000192:	0.133094318181818	0.653210227272727	0.084821590909091	0.128873863636364		1
000193:	0.104238636363636	0.744767045454545	0.106832386363636	0.044161931818182		1
000194:	0.122069318181818	0.722979545454545	0.070266477272727	0.084684659090909		1
000195:	0.024770454545455	0.927992045454545	0.029924431818182	0.017313068181818		1
000196:	0.020911363636364	0.198905681818182	0.172782954545455	0.607400000000000		1
000197:	0.026765909090909	0.795150000000000	0.090490909090909	0.087593181818182		1
000198:	0.436364204545455	0.344823863636364	0.089726704545455	0.129085227272727		1
000199:	0.051103977272727	0.448323295454545	0.175909090909091	0.324663636363636		1
000200:	0.046248295454545	0.294675568181818	0.043596022727273	0.615480113636364		1
000201:	0.010022727272727	0.063211363636364	0.902294886363636	0.024471022727273		1
000202:	0.003386363636364	0.014110227272727	0.362991477272727	0.619511931818182		1
000203:	0.038578977272727	0.727835795454545	0.119585795454545	0.113999431818182		1
000204:	0.029355113636364	0.133889204545455	0.536652840909091	0.300102840909091		1
000205:	0.044097727272727	0.364623863636364	0.475171022727273	0.116107386363636		1
000206:	0.238558522727273	0.422094318181818	0.105632386363636	0.233714772727273		1
000207:	0.034678409090909	0.783403409090909	0.019999431818182	0.161918750000000		1
000208:	0.049944318181818	0.456153409090909	0.315141477272727	0.178760795454545		1
000209:	0.026655113636364	0.157468181818182	0.749249431818182	0.066627272727273		1
000210:	0.055183522727273	0.494804545454545	0.406175000000000	0.043836931818182		1
000211:	0.025095454545455	0.840423863636364	0.073390340909091	0.061090340909091		1
000212:	0.038556250000000	0.160861931818182	0.327564204545455	0.473017613636364		1
000213:	0.017927840909091	0.165797159090909	0.683631250000000	0.132643750000000		1
000214:	0.034246590909091	0.264603409090909	0.050560227272727	0.650589772727273		1
000215:	0.168377840909091	0.584452272727273	0.050458522727273	0.196711363636364		1
000216:	0.031970454545455	0.123210227272727	0.699103409090909	0.145715909090909		1
000217:	0.047624431818182	0.426413636363636	0.102501136363636	0.423460795454545		1
000218:	0.027488068181818	0.569889204545455	0.225613636363636	0.177009090909091		1
000219:	0.017218181818182	0.158756250000000	0.177138068181818	0.646887500000000		1
000220:	0.015579545454545	0.231466477272727	0.579659659090909	0.173294318181818		1
000221:	0.014111931818182	0.520651704545455	0.267316477272727	0.197919886363636		1
000222:	0.010546022727273	0.055408522727273	0.877426136363636	0.056619318181818		1
000223:	0.215202272727273	0.410525000000000	0.215761363636364	0.158511363636364		1
000224:	0.101668750000000	0.836945454545455	0.033585795454545	0.027800000000000		1
000225:	0.074998863636364	0.891300000000000	0.019541477272727	0.014159659090909		1
000226:	0.028294318181818	0.777067613636364	0.074961363636364	0.119676704545455		1
000227:	0.097679545454545	0.827684659090909	0.028470454545455	0.046165340909091		1
000228:	0.809620454545455	0.020052840909091	0.017318181818182	0.153008522727273		1
000229:	0.076878977272727	0.861512500000000	0.020550000000000	0.041058522727273		1
000230:	0.021960227272727	0.039967613636364	0.040334659090909	0.897737500000000		1
000231:	0.067022727272727	0.827703977272727	0.020415909090909	0.084857386363636		1
000232:	0.068401136363636	0.279596590909091	0.221333522727273	0.430668750000000		1
000233:	0.056743181818182	0.883283522727273	0.017250568181818	0.042722727272727		1
000234:	0.496653977272727	0.430232386363636	0.018705681818182	0.054407954545455		1
000235:	0.794938068181818	0.132205681818182	0.043468750000000	0.029387500000000		1
000236:	0.103744886363636	0.125698295454545	0.350954545454545	0.419602272727273		1
000237:	0.525018750000000	0.412459090909091	0.022825568181818	0.039696590909091		1
000238:	0.023055681818182	0.133271590909091	0.801001704545454	0.042671022727273		1
000239:	0.107047159090909	0.674148863636364	0.053147727272727	0.165656250000000		1
000240:	0.055007954545455	0.066872159090909	0.020627840909091	0.857492045454545		1
000241:	0.197010795454545	0.430355113636364	0.250578409090909	0.122055681818182		1
000242:	0.392832386363636	0.544211931818182	0.021302840909091	0.041652840909091		1
000243:	0.334487500000000	0.073100568181818	0.021910795454545	0.570501136363636		1
000244:	0.043217045454545	0.571098295454545	0.052676704545455	0.333007954545455		1
000245:	0.023551704545455	0.728360795454545	0.017922727272727	0.230164772727273		1
000246:	0.465981818181818	0.002590909090909	0.528900568181818	0.002526704545455		1
000247:	0.167235227272727	0.600110795454545	0.031242045454545	0.201411931818182		1
000248:	0.023459090909091	0.675610795454545	0.030447727272727	0.270482386363636		1
000249:	0.695826704545455	0.111924431818182	0.016079545454545	0.176169318181818		1
000250:	0.101594886363636	0.862496022727273	0.019356818181818	0.016552272727273		1
000251:	0.167313068181818	0.661219318181818	0.026639772727273	0.144827840909091		1
000252:	0.111655681818182	0.094789204545455	0.143851704545455	0.649703409090909		1
000253:	0.610927272727273	0.105200568181818	0.036419318181818	0.247452840909091		1
000254:	0.253971022727273	0.136109090909091	0.075114204545455	0.534805681818182		1
000255:	0.150280113636364	0.612076704545455	0.051122727272727	0.186520454545455		1
000256:	0.026091477272727	0.893507954545455	0.019617613636364	0.060782954545455		1
000257:	0.032951136363636	0.043776136363636	0.682303977272727	0.240968750000000		1
000258:	0.014731818181818	0.890213636363636	0.032115909090909	0.062938636363636		1
000259:	0.030791477272727	0.036648295454545	0.903308522727273	0.029251704545455		1
000260:	0.298636363636364	0.114800000000000	0.029076136363636	0.557487500000000		1
000261:	0.401734090909091	0.148633522727273	0.109005681818182	0.340626704545455		1
000262:	0.145451704545455	0.062581250000000	0.421312500000000	0.370654545454545		1
000263:	0.033494318181818	0.798769886363636	0.061796590909091	0.105939204545455		1
000264:	0.016821022727273	0.090715909090909	0.857807386363636	0.034655681818182		1
000265:	0.035303977272727	0.712064772727273	0.108048295454545	0.144582954545455		1
000266:	0.068949431818182	0.858905113636364	0.036543181818182	0.035602272727273		1
000267:	0.352602840909091	0.446552272727273	0.019922159090909	0.180922727272727		1
000268:	0.062371022727273	0.660076704545455	0.103659659090909	0.173892613636364		1
000269:	0.555159090909091	0.369596022727273	0.038285227272727	0.036959659090909		1
000270:	0.015057386363636	0.054847727272727	0.862027840909091	0.068067045454545		1
000271:	0.712028409090909	0.048989772727273	0.080899431818182	0.158082386363636		1
000272:	0.334309659090909	0.162686931818182	0.170226704545455	0.332776704545455		1
000273:	0.261211931818182	0.438371590909091	0.257931250000000	0.042485227272727		1
000274:	0.295515340909091	0.390378977272727	0.043603977272727	0.270501704545455		1
000275:	0.034813636363636	0.901705681818182	0.030227272727273	0.033253409090909		1
000276:	0.035360227272727	0.029571022727273	0.889792045454545	0.045276704545455		1
000277:	0.641140340909091	0.253593750000000	0.072947159090909	0.032318750000000		1
000278:	0.025622727272727	0.868832386363636	0.022883522727273	0.082661363636364		1
000279:	0.865415909090909	0.106723863636364	0.010501704545455	0.017358522727273		1
000280:	0.069730113636364	0.529811363636364	0.113014204545455	0.287444318181818		1
000281:	0.398782386363636	0.054896022727273	0.518046590909091	0.028275000000000		1
000282:	0.284194318181818	0.478805113636364	0.124234090909091	0.112766477272727		1
000283:	0.013210227272727	0.028949431818182	0.883806250000000	0.074034090909091		1
000284:	0.416594886363636	0.265697727272727	0.090203977272727	0.227503409090909		1
000285:	0.676203409090909	0.232052840909091	0.016588636363636	0.075155113636364		1
000286:	0.243150000000000	0.478123863636364	0.243411363636364	0.035314772727273		1
000287:	0.290809090909091	0.489402272727273	0.182964204545455	0.036824431818182		1
000288:	0.140926136363636	0.502622727272727	0.205135227272727	0.151315909090909		1
000289:	0.026047727272727	0.598044318181818	0.123300568181818	0.252607386363636		1
000290:	0.041546590909091	0.064110795454545	0.168273863636364	0.726068750000000		1
000291:	0.037432386363636	0.868486931818182	0.061522727272727	0.032557954545455		1
000292:	0.056081250000000	0.297460227272727	0.049434659090909	0.597023863636364		1
000293:	0.017430681818182	0.851639772727273	0.042900000000000	0.088029545454545		1
000294:	0.033308522727273	0.832160795454545	0.077797159090909	0.056733522727273		1
000295:	0.019578977272727	0.909908522727273	0.029372727272727	0.041139772727273		1
000296:	0.028430113636364	0.365121590909091	0.514716477272727	0.091731818181818		1
000297:	0.023794318181818	0.714545454545455	0.166538636363636	0.095121590909091		1
000298:	0.798906250000000	0.125409090909091	0.055460795454545	0.020223863636364		1
000299:	0.029182954545455	0.869322159090909	0.043074431818182	0.058420454545455		1
000300:	0.152535227272727	0.484433522727273	0.285238636363636	0.077792613636364		1
000301:	0.020382386363636	0.926717613636364	0.025195454545455	0.027704545454545		1
000302:	0.007924431818182	0.023613636363636	0.925389772727273	0.043072159090909		1
000303:	0.016220454545455	0.019447727272727	0.939503409090909	0.024828409090909		1
000304:	0.018759659090909	0.587850000000000	0.016291477272727	0.377098863636364		1
000305:	0.024043750000000	0.058095454545455	0.102093750000000	0.815767045454545		1
000306:	0.048647727272727	0.043516477272727	0.860650000000000	0.047185795454545		1
000307:	0.018109090909091	0.031960227272727	0.049322727272727	0.900607954545455		1
000308:	0.020886363636364	0.559788636363636	0.075909659090909	0.343415340909091		1
000309:	0.119548295454545	0.729293181818182	0.071318750000000	0.079839772727273		1
000310:	0.014163068181818	0.044556250000000	0.919491477272727	0.021789204545455		1
000311:	0.043886363636364	0.506791477272727	0.126234659090909	0.323087500000000		1
000312:	0.307318750000000	0.601376136363636	0.038301136363636	0.053003977272727		1
000313:	0.535845454545455	0.325879545454545	0.046273295454545	0.092001704545455		1
000314:	0.702915909090909	0.151473295454545	0.056889772727273	0.088721022727273		1
000315:	0.141575000000000	0.001051704545455	0.855545454545454	0.001827840909091		1
000316:	0.023633522727273	0.880282954545455	0.032132954545455	0.063950568181818		1
000317:	0.349654545454545	0.428390340909091	0.022077272727273	0.199877840909091		1
000318:	0.019717045454545	0.326120454545455	0.157728409090909	0.496434090909091		1
000319:	0.014864772727273	0.051920454545455	0.893105681818182	0.040109090909091		1
000320:	0.086292045454545	0.266262500000000	0.432953977272727	0.214491477272727		1
000321:	0.027498863636364	0.239056250000000	0.081098863636364	0.652346022727273		1
000322:	0.021545454545455	0.038628977272727	0.173147159090909	0.766678409090909		1
000323:	0.459894886363636	0.269563636363636	0.114322727272727	0.156218750000000		1
000324:	0.021480113636364	0.107450000000000	0.159265909090909	0.711803977272727		1
000325:	0.051378409090909	0.026674431818182	0.827360227272727	0.094586931818182		1
000326:	0.033485227272727	0.645714772727273	0.053580681818182	0.267219318181818		1
000327:	0.029753977272727	0.557588636363636	0.061568750000000	0.351088636363636		1
000328:	0.014046590909091	0.028236363636364	0.025267045454545	0.932450000000000		1
000329:	0.075810795454545	0.617386931818182	0.105594318181818	0.201207954545455		1
000330:	0.027382954545455	0.064413636363636	0.117043750000000	0.791159659090909		1
000331:	0.028253977272727	0.031273295454545	0.032215340909091	0.908257386363636		1
000332:	0.014831250000000	0.053863068181818	0.905072727272727	0.026232954545455		1
000333:	0.017888068181818	0.022260227272727	0.937230681818182	0.022621022727273		1
000334:	0.015853409090909	0.027144318181818	0.940028977272727	0.016973295454545		1
000335:	0.062196590909091	0.688816477272727	0.070323863636364	0.178663068181818		1
000336:	0.009175568181818	0.026756818181818	0.915485795454545	0.048581818181818		1
000337:	0.033914772727273	0.353184090909091	0.150429545454545	0.462471590909091		1
000338:	0.019227272727273	0.777526136363636	0.098852840909091	0.104393750000000		1
000339:	0.033628409090909	0.187075000000000	0.174202840909091	0.605093750000000		1
000340:	0.010016477272727	0.044778409090909	0.889873295454545	0.055331818181818		1
000341:	0.022221590909091	0.742457386363636	0.061988636363636	0.173332386363636		1
000342:	0.022326704545455	0.391003409090909	0.112630113636364	0.474039772727273		1
000343:	0.028280681818182	0.668678977272727	0.156851704545455	0.146188636363636		1
000344:	0.023595454545455	0.098161363636364	0.018085795454545	0.860157386363636		1
000345:	0.015169318181818	0.030980113636364	0.026031818181818	0.927818750000000		1
000346:	0.022939204545455	0.634302272727273	0.045734090909091	0.297024431818182		1
000347:	0.017975568181818	0.302073863636364	0.030298295454545	0.649652272727273		1
000348:	0.014655681818182	0.126484659090909	0.160118181818182	0.698741477272727		1
000349:	0.044621590909091	0.064785227272727	0.117042045454545	0.773551136363636		1
000350:	0.018089204545455	0.103565340909091	0.039888636363636	0.838456818181818		1
000351:	0.012055113636364	0.094810795454545	0.016947727272727	0.876186363636364		1
000352:	0.052075000000000	0.373787500000000	0.172080113636364	0.402057386363636		1
000353:	0.008786363636364	0.028052272727273	0.929643750000000	0.033517613636364		1
000354:	0.012132954545455	0.089928409090909	0.858457954545455	0.039480681818182		1
000355:	0.030241477272727	0.074909090909091	0.149844318181818	0.745005113636364		1
000356:	0.410283522727273	0.227823295454545	0.267097727272727	0.094795454545455		1
000357:	0.541887500000000	0.338978409090909	0.024473863636364	0.094660227272727		1
000358:	0.000440909090909	0.906012500000000	0.092004545454545	0.001542045454545		1
000359:	0.453672159090909	0.264986931818182	0.037560795454545	0.243780113636364		1
000360:	0.028410227272727	0.862569318181818	0.065694886363636	0.043325568181818		1
000361:	0.782230113636364	0.115873863636364	0.056151136363636	0.045744886363636		1
000362:	0.039936363636364	0.072536931818182	0.104447727272727	0.783078977272727		1
000363:	0.013799431818182	0.950051704545455	0.019288636363636	0.016860227272727		1
000364:	0.204796022727273	0.595898295454545	0.023743181818182	0.175562500000000		1
000365:	0.046015340909091	0.722503409090909	0.057923295454545	0.173557954545455		1
000366:	0.866405113636364	0.076588068181818	0.022114204545455	0.034892613636364		1
000367:	0.079385795454545	0.874277272727273	0.018243750000000	0.028093181818182		1
000368:	0.263389204545455	0.676072727272727	0.031680681818182	0.028857386363636		1
000369:	0.135903409090909	0.631778409090909	0.143811931818182	0.088506250000000		1
000370:	0.044427272727273	0.252248863636364	0.566399431818182	0.136924431818182		1
000371:	0.024825568181818	0.628490340909091	0.031759659090909	0.314924431818182		1
000372:	0.024257386363636	0.950353409090909	0.011720454545455	0.013668750000000		1
000373:	0.209914204545455	0.609878409090909	0.070201136363636	0.110006250000000		1
000374:	0.015144318181818	0.924248295454545	0.037771022727273	0.022836363636364		1
000375:	0.015788068181818	0.042389204545455	0.740490909090909	0.201331818181818		1
000376:	0.053738068181818	0.825892613636364	0.087121590909091	0.033247727272727		1
000377:	0.011175000000000	0.026712500000000	0.923588636363636	0.038523863636364		1
000378:	0.711679545454545	0.229036931818182	0.031694318181818	0.027589204545455		1
000379:	0.683927840909091	0.295190909090909	0.010213636363636	0.010667613636364		1
000380:	0.326010227272727	0.581638636363636	0.066971590909091	0.025379545454545		1
000381:	0.849872727272727	0.122796590909091	0.012448295454545	0.014882386363636		1
000382:	0.093547159090909	0.824428977272727	0.055517613636364	0.026506250000000		1
000383:	0.093136931818182	0.811034659090909	0.041175568181818	0.054652840909091		1
000384:	0.149142613636364	0.794501136363636	0.021745454545455	0.034610795454545		1
000385:	0.080590340909091	0.618882386363636	0.015980113636364	0.284547159090909		1
000386:	0.275736363636364	0.002490909090909	0.001096022727273	0.720676704545455		1
000387:	0.044958522727273	0.886284659090909	0.033558522727273	0.035198295454545		1
000388:	0.532759659090909	0.178264772727273	0.097692045454545	0.191283522727273		1
000389:	0.055613068181818	0.816966477272727	0.015106818181818	0.112313636363636		1
000390:	0.030297727272727	0.146018181818182	0.121255113636364	0.702428977272727		1
000391:	0.070853409090909	0.877804545454545	0.013763636363636	0.037578409090909		1
000392:	0.750266477272727	0.141528977272727	0.042310795454545	0.065893750000000		1
000393:	0.294929545454545	0.579280113636364	0.069557954545455	0.056232386363636		1
000394:	0.026884659090909	0.919030113636364	0.033578409090909	0.020506818181818		1
000395:	0.023313636363636	0.913139204545454	0.041658522727273	0.021888636363636		1
000396:	0.071734659090909	0.762104545454545	0.019316477272727	0.146844318181818		1
000397:	0.020144318181818	0.956689772727273	0.008080113636364	0.015085795454545		1
000398:	0.028430681818182	0.920296022727273	0.022707954545455	0.028565340909091		1
000399:	0.853304545454545	0.018248863636364	0.094862500000000	0.033584090909091		1
000400:	0.089747727272727	0.836226136363636	0.024108522727273	0.049917613636364		1
000401:	0.185378409090909	0.743686931818182	0.025913636363636	0.045021022727273		1
000402:	0.031943750000000	0.915515909090909	0.023733522727273	0.028806818181818		1
000403:	0.182244886363636	0.663658522727273	0.065451704545455	0.088644886363636		1
000404:	0.319470454545455	0.371318181818182	0.028063068181818	0.281148295454545		1
000405:	0.047504545454545	0.902155113636364	0.030619886363636	0.019720454545455		1
000406:	0.015642613636364	0.883928409090909	0.048117045454545	0.052311931818182		1
000407:	0.015085795454545	0.934458522727273	0.020334090909091	0.030121590909091		1
000408:	0.480133522727273	0.125324431818182	0.023880681818182	0.370661363636364		1
000409:	0.012407954545455	0.082166477272727	0.856372159090909	0.049053409090909		1
000410:	0.012065340909091	0.058732386363636	0.899065340909091	0.030136931818182		1
000411:	0.010493181818182	0.030716477272727	0.936059090909091	0.022731250000000		1
000412:	0.718367613636364	0.185478409090909	0.033876136363636	0.062277840909091		1
000413:	0.045197727272727	0.845417613636364	0.020159659090909	0.089225000000000		1
000414:	0.758937500000000	0.116621022727273	0.082321590909091	0.042119886363636		1
000415:	0.617982386363636	0.034445454545455	0.090612500000000	0.256959659090909		1
000416:	0.939748295454545	0.025847159090909	0.014759090909091	0.019645454545455		1
000417:	0.278717045454545	0.407430681818182	0.057906250000000	0.255946022727273		1
000418:	0.378475568181818	0.454545454545455	0.051951704545455	0.115027272727273		1
000419:	0.849026704545455	0.043989204545455	0.017582954545455	0.089401136363636		1
000420:	0.016398295454545	0.185884659090909	0.063167613636364	0.734549431818182		1
000421:	0.472660227272727	0.292650568181818	0.176378409090909	0.058310795454545		1
000422:	0.227471590909091	0.415101704545455	0.132202272727273	0.225224431818182		1
000423:	0.017399431818182	0.080393181818182	0.100413068181818	0.801794318181818		1
000424:	0.894850568181818	0.059435795454545	0.015453409090909	0.030260227272727		1
000425:	0.741223863636364	0.138205681818182	0.059712500000000	0.060857954545455		1
000426:	0.277552272727273	0.028144886363636	0.039579545454545	0.654723295454545		1
000427:	0.116367613636364	0.663903409090909	0.081467613636364	0.138261363636364		1
000428:	0.071235227272727	0.785846022727273	0.080834090909091	0.062084659090909		1
000429:	0.163938636363636	0.423642613636364	0.084923295454545	0.327495454545455		1
000430:	0.320578409090909	0.328950000000000	0.045282386363636	0.305189204545455		1
000431:	0.391852272727273	0.452428409090909	0.047169886363636	0.108549431818182		1
000432:	0.391899431818182	0.368207386363636	0.055727272727273	0.184165909090909		1
000433:	0.215010227272727	0.141738636363636	0.121770454545455	0.521480681818182		1
000434:	0.218775000000000	0.490582954545455	0.039690340909091	0.250951704545455		1
000435:	0.139925568181818	0.396458522727273	0.193330113636364	0.270285795454545		1
000436:	0.297572159090909	0.126346590909091	0.051510227272727	0.524571022727273		1
000437:	0.622427272727273	0.073526704545455	0.033709090909091	0.270336931818182		1
000438:	0.314798863636364	0.404547727272727	0.059414204545455	0.221239204545455		1
000439:	0.840961931818182	0.056465909090909	0.049978409090909	0.052593750000000		1
000440:	0.808451136363636	0.116140909090909	0.033343181818182	0.042064772727273		1
000441:	0.931737500000000	0.024462500000000	0.025286931818182	0.018513068181818		1
000442:	0.849968750000000	0.072359090909091	0.021001704545455	0.056670454545455		1
000443:	0.012073295454545	0.029847159090909	0.915148863636364	0.042930681818182		1
000444:	0.550597159090909	0.113115340909091	0.014894886363636	0.321392613636364		1
000445:	0.313183522727273	0.586918750000000	0.029179545454545	0.070718181818182		1
000446:	0.061748295454545	0.387388068181818	0.083025568181818	0.467838068181818		1
000447:	0.352151704545455	0.560702272727273	0.026373295454545	0.060772727272727		1
000448:	0.097745454545455	0.783503977272727	0.041914204545455	0.076836363636364		1
000449:	0.033765909090909	0.877373295454545	0.024440909090909	0.064419886363636		1
000450:	0.013450000000000	0.028492613636364	0.939323863636364	0.018733522727273		1
000451:	0.011630113636364	0.041550000000000	0.898002272727273	0.048817613636364		1
000452:	0.031144886363636	0.042056250000000	0.047224431818182	0.879574431818182		1
000453:	0.877439204545455	0.076005113636364	0.018127272727273	0.028428409090909		1
000454:	0.014923295454545	0.015501704545455	0.948168750000000	0.021406250000000		1
000455:	0.073785795454545	0.371953977272727	0.418663636363636	0.135596590909091		1
000456:	0.019011931818182	0.350780681818182	0.067261931818182	0.562945454545455		1
000457:	0.018300568181818	0.357437500000000	0.064203977272727	0.560057954545455		1
000458:	0.057227272727273	0.707270454545455	0.054764772727273	0.180737500000000		1
000459:	0.032812500000000	0.443323295454545	0.070980681818182	0.452883522727273		1
000460:	0.034753409090909	0.756582954545455	0.108314772727273	0.100348863636364		1
000461:	0.051065340909091	0.731067045454545	0.145572159090909	0.072295454545455		1
000462:	0.041850568181818	0.189073863636364	0.216272727272727	0.552802840909091		1
000463:	0.020456250000000	0.139423295454545	0.068882386363636	0.771238068181818		1
000464:	0.075069886363636	0.093210227272727	0.080714772727273	0.751005113636364		1
000465:	0.033473295454545	0.656582954545455	0.063260227272727	0.246683522727273		1
000466:	0.022250000000000	0.765584659090909	0.145470454545455	0.066694886363636		1
000467:	0.021665909090909	0.698495454545455	0.136377840909091	0.143460795454545		1
000468:	0.013914772727273	0.852250568181818	0.044025568181818	0.089809090909091		1
000469:	0.154771590909091	0.794401136363636	0.013000568181818	0.037826704545455		1
000470:	0.389790340909091	0.407778977272727	0.084231818181818	0.118198863636364		1
000471:	0.110132386363636	0.820859090909091	0.042623295454545	0.026385227272727		1
000472:	0.063106250000000	0.112161363636364	0.108209659090909	0.716522727272727		1
000473:	0.037728977272727	0.146616477272727	0.045388636363636	0.770265909090909		1
000474:	0.278306250000000	0.242068750000000	0.431326704545455	0.048298295454545		1
