Estimated Clustering Probabilities for Samples
Sample	***Cluster  01***	***Cluster  02***	***Cluster  03***	***Cluster  04***	***Cluster  05***	
000001:	0.049341477272727	0.127440340909091	0.325185227272727	0.344639204545455	0.153393750000000		1
000002:	0.020386931818182	0.114117613636364	0.401978409090909	0.418697727272727	0.044819318181818		1
000003:	0.036478409090909	0.062858522727273	0.725711931818182	0.152034090909091	0.022917045454545		1
000004:	0.023168750000000	0.686657386363636	0.192873295454545	0.077186931818182	0.020113636363636		1
000005:	0.013315909090909	0.066013068181818	0.766480113636364	0.101869886363636	0.052321022727273		1
000006:	0.079814204545455	0.593803409090909	0.135441477272727	0.116593181818182	0.074347727272727		1
000007:	0.025100568181818	0.042575000000000	0.506438068181818	0.397516477272727	0.028369886363636		1
000008:	0.024501704545455	0.075036363636364	0.707951704545455	0.157049431818182	0.035460795454545		1
000009:	0.023327272727273	0.273351704545455	0.529516477272727	0.105851136363636	0.067953409090909		1
000010:	0.021340909090909	0.103163068181818	0.698070454545455	0.078785227272727	0.098640340909091		1
000011:	0.054472727272727	0.158500568181818	0.412714204545455	0.329438068181818	0.044874431818182		1
000012:	0.061215909090909	0.119940340909091	0.520248863636364	0.029300000000000	0.269294886363636		1
000013:	0.223770454545455	0.234423863636364	0.102356250000000	0.038273295454545	0.401176136363636		1
000014:	0.017215340909091	0.910530113636364	0.035397159090909	0.022988636363636	0.013868750000000		1
000015:	0.020359659090909	0.110918750000000	0.762222727272727	0.035359090909091	0.071139772727273		1
000016:	0.012670454545455	0.857871590909091	0.080600000000000	0.029732386363636	0.019125568181818		1
000017:	0.015540909090909	0.092325000000000	0.602557386363636	0.071142045454545	0.218434659090909		1
000018:	0.149894318181818	0.058228977272727	0.117252272727273	0.029167613636364	0.645456818181818		1
000019:	0.066771590909091	0.028759659090909	0.809340340909091	0.052168750000000	0.042959659090909		1
000020:	0.022094886363636	0.354766477272727	0.380852840909091	0.055402840909091	0.186882954545455		1
000021:	0.067117613636364	0.031418181818182	0.156006818181818	0.250523295454545	0.494934090909091		1
000022:	0.024211363636364	0.074701136363636	0.679881250000000	0.031084659090909	0.190121590909091		1
000023:	0.163380681818182	0.069429545454545	0.370677840909091	0.201373295454545	0.195138636363636		1
000024:	0.017416477272727	0.897424431818182	0.024254545454545	0.016768181818182	0.044136363636364		1
000025:	0.380298295454545	0.181146022727273	0.158594886363636	0.056493181818182	0.223467613636364		1
000026:	0.043633522727273	0.035701704545455	0.460605113636364	0.043477840909091	0.416581818181818		1
000027:	0.064846022727273	0.049177840909091	0.141585227272727	0.032752840909091	0.711638068181818		1
000028:	0.019738636363636	0.063493181818182	0.289735795454545	0.467617045454545	0.159415340909091		1
000029:	0.027057954545455	0.131389204545455	0.442576136363636	0.079453977272727	0.319522727272727		1
000030:	0.081925568181818	0.073648863636364	0.706376136363636	0.079622159090909	0.058427272727273		1
000031:	0.083324431818182	0.039120454545455	0.081142045454545	0.020966477272727	0.775446590909091		1
000032:	0.035052272727273	0.091223863636364	0.131514204545455	0.064435795454545	0.677773863636364		1
000033:	0.044299431818182	0.044248863636364	0.523781250000000	0.164146590909091	0.223523863636364		1
000034:	0.020062500000000	0.889769318181818	0.035238636363636	0.020764204545455	0.034165340909091		1
000035:	0.158805113636364	0.030521022727273	0.112252272727273	0.235965909090909	0.462455681818182		1
000036:	0.021955681818182	0.106659659090909	0.542375568181818	0.140891477272727	0.188117613636364		1
000037:	0.021109659090909	0.088118750000000	0.313759090909091	0.037964204545455	0.539048295454545		1
000038:	0.185045454545455	0.096382954545455	0.221504545454545	0.442003409090909	0.055063636363636		1
000039:	0.081659090909091	0.105977272727273	0.299071022727273	0.049191477272727	0.464101136363636		1
000040:	0.038214772727273	0.850980681818182	0.064347159090909	0.026020454545455	0.020436931818182		1
000041:	0.034715909090909	0.188164204545455	0.328260227272727	0.054531818181818	0.394327840909091		1
000042:	0.284238636363636	0.112540909090909	0.143907954545455	0.055113636363636	0.404198863636364		1
000043:	0.022018181818182	0.126010227272727	0.729839772727273	0.059343181818182	0.062788636363636		1
000044:	0.024893181818182	0.080088636363636	0.602413068181818	0.055828977272727	0.236776136363636		1
000045:	0.047923295454545	0.030929545454545	0.123330681818182	0.036568750000000	0.761247727272727		1
000046:	0.279086363636364	0.080473863636364	0.114652840909091	0.141041477272727	0.384745454545455		1
000047:	0.198627272727273	0.190521022727273	0.161059659090909	0.177576704545455	0.272215340909091		1
000048:	0.043192045454545	0.036963068181818	0.842009090909091	0.057653409090909	0.020182386363636		1
000049:	0.049218750000000	0.040218181818182	0.818177840909091	0.039932386363636	0.052452840909091		1
000050:	0.138861931818182	0.345613068181818	0.241391477272727	0.109179545454545	0.164953977272727		1
000051:	0.015891477272727	0.905813636363636	0.033326704545455	0.027719318181818	0.017248863636364		1
000052:	0.012935227272727	0.854875568181818	0.094460227272727	0.020872159090909	0.016856818181818		1
000053:	0.106978409090909	0.125190909090909	0.418638636363636	0.048092045454545	0.301100000000000		1
000054:	0.472325568181818	0.076323295454545	0.160423863636364	0.083805113636364	0.207122159090909		1
000055:	0.017039772727273	0.202602272727273	0.686635795454545	0.043919318181818	0.049802840909091		1
000056:	0.038643750000000	0.088006250000000	0.747427840909091	0.026648295454545	0.099273863636364		1
000057:	0.018909090909091	0.117967045454545	0.470731818181818	0.064251704545455	0.328140340909091		1
000058:	0.062197159090909	0.018786931818182	0.860121590909091	0.019900568181818	0.038993750000000		1
000059:	0.036660227272727	0.015139772727273	0.509053409090909	0.020074431818182	0.419072159090909		1
000060:	0.015334090909091	0.043303977272727	0.864982954545455	0.020229545454545	0.056149431818182		1
000061:	0.014949431818182	0.040477272727273	0.867440340909091	0.019567613636364	0.057565340909091		1
000062:	0.016764204545455	0.881023295454545	0.062864772727273	0.020420454545455	0.018927272727273		1
000063:	0.015493181818182	0.890238636363636	0.046580113636364	0.031220454545455	0.016467613636364		1
000064:	0.013569886363636	0.838498295454545	0.060747727272727	0.075631818181818	0.011552272727273		1
000065:	0.019586931818182	0.054923863636364	0.817030113636364	0.063889204545455	0.044569886363636		1
000066:	0.023443181818182	0.079677272727273	0.655896590909091	0.032567045454545	0.208415909090909		1
000067:	0.011842613636364	0.877947727272727	0.066938636363636	0.029260227272727	0.014010795454545		1
000068:	0.087364204545455	0.021761931818182	0.794050000000000	0.018960795454545	0.077863068181818		1
000069:	0.019373863636364	0.060140909090909	0.435432386363636	0.041705113636364	0.443347727272727		1
000070:	0.081355681818182	0.311051136363636	0.349450568181818	0.089190909090909	0.168951704545455		1
000071:	0.026784090909091	0.020972159090909	0.623896590909091	0.045729545454545	0.282617613636364		1
000072:	0.011728409090909	0.081705681818182	0.844619318181818	0.027848863636364	0.034097727272727		1
000073:	0.014660795454545	0.051565340909091	0.863673295454545	0.026376704545455	0.043723863636364		1
000074:	0.098567613636364	0.305664772727273	0.061237500000000	0.024903977272727	0.509626136363636		1
000075:	0.060287500000000	0.298121022727273	0.555198295454545	0.023675000000000	0.062718181818182		1
000076:	0.118427840909091	0.025105113636364	0.183632386363636	0.498273863636364	0.174560795454545		1
000077:	0.114948295454545	0.090739204545455	0.290717613636364	0.349014204545455	0.154580681818182		1
000078:	0.015201136363636	0.065160795454545	0.799926704545455	0.077742045454545	0.041969318181818		1
000079:	0.118352272727273	0.045766477272727	0.590665340909091	0.086096022727273	0.159119886363636		1
000080:	0.225728977272727	0.022425000000000	0.536746022727273	0.063476136363636	0.151623863636364		1
000081:	0.007825568181818	0.021621022727273	0.901984090909091	0.024014204545455	0.044555113636364		1
000082:	0.008641477272727	0.040256250000000	0.885753977272727	0.030869886363636	0.034478409090909		1
000083:	0.022150000000000	0.014580681818182	0.884214772727273	0.019771590909091	0.059282954545455		1
000084:	0.018576136363636	0.930098863636364	0.019832954545455	0.015919318181818	0.015572727272727		1
000085:	0.022480681818182	0.110402272727273	0.314173295454545	0.144341477272727	0.408602272727273		1
000086:	0.085949431818182	0.322578977272727	0.385035227272727	0.102451136363636	0.103985227272727		1
000087:	0.015725568181818	0.026013068181818	0.898791477272727	0.015593181818182	0.043876704545455		1
000088:	0.016348863636364	0.026597727272727	0.244732954545455	0.038392045454545	0.673928409090909		1
000089:	0.022562500000000	0.049010795454545	0.142777840909091	0.080407386363636	0.705241477272727		1
000090:	0.165673295454545	0.114927272727273	0.131618750000000	0.040826136363636	0.546954545454545		1
000091:	0.435984090909091	0.049885227272727	0.100817045454545	0.170032954545455	0.243280681818182		1
000092:	0.050819318181818	0.032553977272727	0.754514204545455	0.031561931818182	0.130550568181818		1
000093:	0.111277272727273	0.089836931818182	0.475268750000000	0.069317045454545	0.254300000000000		1
000094:	0.038325000000000	0.038087500000000	0.764190909090909	0.038151704545455	0.121244886363636		1
000095:	0.013146590909091	0.090762500000000	0.816734659090909	0.049180681818182	0.030175568181818		1
000096:	0.012586363636364	0.845809659090909	0.070167045454545	0.050081818181818	0.021355113636364		1
000097:	0.032199431818182	0.026096590909091	0.450482386363636	0.030452272727273	0.460769318181818		1
000098:	0.020375000000000	0.012747727272727	0.847344886363636	0.019619886363636	0.099912500000000		1
000099:	0.036616477272727	0.370790909090909	0.324225568181818	0.084368181818182	0.183998863636364		1
000100:	0.026438636363636	0.609102840909091	0.311067045454545	0.024261931818182	0.029129545454545		1
000101:	0.015653409090909	0.064050568181818	0.200588636363636	0.041825568181818	0.677881818181818		1
000102:	0.048570454545455	0.206756818181818	0.420590340909091	0.055514204545455	0.268568181818182		1
000103:	0.172440909090909	0.039363068181818	0.611815340909091	0.096647727272727	0.079732954545455		1
000104:	0.016767045454545	0.614357954545454	0.309655113636364	0.026491477272727	0.032728409090909		1
000105:	0.036225000000000	0.164400000000000	0.138088636363636	0.034484659090909	0.626801704545455		1
000106:	0.038501136363636	0.034977840909091	0.387743750000000	0.045150000000000	0.493627272727273		1
000107:	0.027855113636364	0.398011931818182	0.335138636363636	0.053149431818182	0.185844886363636		1
000108:	0.058936931818182	0.731186363636364	0.097879545454545	0.050621022727273	0.061376136363636		1
000109:	0.042403977272727	0.047358522727273	0.442402272727273	0.103508522727273	0.364326704545455		1
000110:	0.723832954545455	0.111553977272727	0.051024431818182	0.066425000000000	0.047163636363636		1
000111:	0.029919318181818	0.431206250000000	0.337176136363636	0.109817045454545	0.091881250000000		1
000112:	0.059990909090909	0.111043181818182	0.071106250000000	0.061017613636364	0.696842045454545		1
000113:	0.017927840909091	0.078234090909091	0.802052272727273	0.055686931818182	0.046098863636364		1
000114:	0.117426136363636	0.002289772727273	0.876146022727273	0.001287500000000	0.002850568181818		1
000115:	0.088031250000000	0.077271022727273	0.656465340909091	0.035123863636364	0.143108522727273		1
000116:	0.032792613636364	0.313422727272727	0.566491477272727	0.038568181818182	0.048725000000000		1
000117:	0.026673295454545	0.065159090909091	0.294739204545455	0.131851136363636	0.481577272727273		1
000118:	0.021527272727273	0.269851136363636	0.552414772727273	0.117938636363636	0.038268181818182		1
000119:	0.039822727272727	0.133448295454545	0.299865340909091	0.024194886363636	0.502668750000000		1
000120:	0.021067045454545	0.164365909090909	0.673734090909091	0.062352272727273	0.078480681818182		1
000121:	0.108818181818182	0.091442045454545	0.484888636363636	0.106246022727273	0.208605113636364		1
000122:	0.013846590909091	0.041212500000000	0.602946590909091	0.015560227272727	0.326434090909091		1
000123:	0.024810795454545	0.024232386363636	0.896422727272727	0.031461931818182	0.023072159090909		1
000124:	0.090907954545455	0.038544886363636	0.327751704545455	0.238378977272727	0.304416477272727		1
000125:	0.033545454545455	0.107790340909091	0.220195454545455	0.604455113636364	0.034013636363636		1
000126:	0.018556250000000	0.028653977272727	0.044610227272727	0.880276136363636	0.027903409090909		1
000127:	0.038192613636364	0.147594318181818	0.596335795454545	0.078393750000000	0.139483522727273		1
000128:	0.045571022727273	0.069596022727273	0.736169886363636	0.081885227272727	0.066777840909091		1
000129:	0.088107954545455	0.018346022727273	0.206870454545455	0.034093181818182	0.652582386363636		1
000130:	0.100562500000000	0.063251136363636	0.765828409090909	0.050399431818182	0.019958522727273		1
000131:	0.028303409090909	0.059724431818182	0.595455113636364	0.044538068181818	0.271978977272727		1
000132:	0.017668181818182	0.744514772727273	0.156375568181818	0.027755113636364	0.053686363636364		1
000133:	0.250582954545455	0.056234090909091	0.174500568181818	0.338797159090909	0.179885227272727		1
000134:	0.226102272727273	0.089500000000000	0.428754545454545	0.103477272727273	0.152165909090909		1
000135:	0.176218181818182	0.016751136363636	0.231948863636364	0.043829545454545	0.531252272727273		1
000136:	0.042532954545455	0.053981250000000	0.806296022727273	0.057018750000000	0.040171022727273		1
000137:	0.187467613636364	0.044527840909091	0.203830681818182	0.040547159090909	0.523626704545455		1
000138:	0.077124431818182	0.053032954545455	0.595071590909091	0.175877840909091	0.098893181818182		1
000139:	0.080693750000000	0.082002840909091	0.585221022727273	0.091715909090909	0.160366477272727		1
000140:	0.658814204545455	0.052810227272727	0.088192613636364	0.018974431818182	0.181208522727273		1
000141:	0.036374431818182	0.541436363636364	0.090152272727273	0.283517613636364	0.048519318181818		1
000142:	0.040904545454545	0.073608522727273	0.599471022727273	0.022260795454545	0.263755113636364		1
000143:	0.033677840909091	0.047540909090909	0.819443181818182	0.032669318181818	0.066668750000000		1
000144:	0.019794318181818	0.173415909090909	0.510008522727273	0.053915340909091	0.242865909090909		1
000145:	0.031096590909091	0.857021590909091	0.050745454545455	0.039426136363636	0.021710227272727		1
000146:	0.130435227272727	0.146977272727273	0.422651136363636	0.060150568181818	0.239785795454545		1
000147:	0.020226136363636	0.056714772727273	0.791561931818182	0.046504545454545	0.084992613636364		1
000148:	0.042169886363636	0.020919318181818	0.881766477272727	0.024705113636364	0.030439204545455		1
000149:	0.384923295454545	0.000679545454545	0.000484659090909	0.000508522727273	0.613403977272727		1
000150:	0.144353977272727	0.059266477272727	0.208134090909091	0.040275568181818	0.547969886363636		1
000151:	0.036831818181818	0.253681250000000	0.446161931818182	0.166060795454545	0.097264204545455		1
000152:	0.086031250000000	0.095122159090909	0.707229545454545	0.066051136363636	0.045565909090909		1
000153:	0.025686363636364	0.083262500000000	0.344353977272727	0.034476136363636	0.512221022727273		1
000154:	0.013464772727273	0.578240909090909	0.353642045454545	0.031703977272727	0.022948295454545		1
000155:	0.065284090909091	0.308425000000000	0.441386931818182	0.034494886363636	0.150409090909091		1
000156:	0.018530113636364	0.289385795454545	0.274093750000000	0.050185227272727	0.367805113636364		1
000157:	0.010505681818182	0.896278977272727	0.048246590909091	0.022527840909091	0.022440909090909		1
000158:	0.041911363636364	0.204507386363636	0.104858522727273	0.386502272727273	0.262220454545455		1
000159:	0.106859090909091	0.546985227272727	0.040402840909091	0.124623863636364	0.181128977272727		1
000160:	0.016198863636364	0.041202272727273	0.028609659090909	0.901044886363636	0.012944318181818		1
000161:	0.034273295454545	0.110632386363636	0.123612500000000	0.673071022727273	0.058410795454545		1
000162:	0.099422727272727	0.022028977272727	0.047101136363636	0.316331818181818	0.515115340909091		1
000163:	0.010134659090909	0.035261363636364	0.890267613636364	0.022605681818182	0.041730681818182		1
000164:	0.015806818181818	0.779525568181818	0.126259090909091	0.060457386363636	0.017951136363636		1
000165:	0.017707954545455	0.072039772727273	0.807685795454545	0.070523295454545	0.032043181818182		1
000166:	0.012788068181818	0.068028977272727	0.864569886363636	0.023273295454545	0.031339772727273		1
000167:	0.032578977272727	0.063117613636364	0.762664772727273	0.091560795454545	0.050077840909091		1
000168:	0.048121590909091	0.302985227272727	0.451036931818182	0.047873863636364	0.149982386363636		1
000169:	0.028165340909091	0.022801136363636	0.819544318181818	0.026788636363636	0.102700568181818		1
000170:	0.016641477272727	0.021750000000000	0.923238636363636	0.023072159090909	0.015297727272727		1
000171:	0.037865909090909	0.731880681818182	0.121177840909091	0.061065340909091	0.048010227272727		1
000172:	0.337715909090909	0.013337500000000	0.489269318181818	0.001015340909091	0.158661931818182		1
000173:	0.012846022727273	0.031962500000000	0.840930113636364	0.029251136363636	0.085010227272727		1
000174:	0.064471590909091	0.037983522727273	0.650248863636364	0.022389772727273	0.224906250000000		1
000175:	0.018754545454545	0.910885227272727	0.021301704545455	0.031435795454545	0.017622727272727		1
000176:	0.036403409090909	0.094848295454545	0.423608522727273	0.197040909090909	0.248098863636364		1
000177:	0.046025568181818	0.087473295454545	0.700772159090909	0.030355681818182	0.135373295454545		1
000178:	0.043702840909091	0.205277272727273	0.478047727272727	0.029844886363636	0.243127272727273		1
000179:	0.015692045454545	0.864907954545455	0.055589204545455	0.036316477272727	0.027494318181818		1
000180:	0.025221590909091	0.903451136363636	0.026884090909091	0.027587500000000	0.016855681818182		1
000181:	0.007998863636364	0.766168181818182	0.021986931818182	0.192365909090909	0.011480113636364		1
000182:	0.094585795454545	0.163723295454545	0.203990340909091	0.100298863636364	0.437401704545455		1
000183:	0.011079545454545	0.887876704545455	0.059669886363636	0.023283522727273	0.018090340909091		1
000184:	0.135291477272727	0.102542045454545	0.567644886363636	0.089659659090909	0.104861931818182		1
000185:	0.256647727272727	0.083205113636364	0.238932954545455	0.123862500000000	0.297351704545455		1
000186:	0.047477272727273	0.798132386363636	0.053600568181818	0.069831818181818	0.030957954545455		1
000187:	0.137470454545455	0.002001704545455	0.001564204545455	0.001417045454545	0.857546590909091		1
000188:	0.059790909090909	0.327555681818182	0.204142613636364	0.347663068181818	0.060847727272727		1
000189:	0.007056818181818	0.022003409090909	0.927244886363636	0.019376704545455	0.024318181818182		1
000190:	0.025200568181818	0.025628409090909	0.850410227272727	0.051931250000000	0.046829545454545		1
000191:	0.012356818181818	0.043284659090909	0.730530113636364	0.030515340909091	0.183313068181818		1
000192:	0.033577272727273	0.082260227272727	0.180925000000000	0.136135227272727	0.567102272727273		1
000193:	0.040832386363636	0.160555113636364	0.364534659090909	0.062966477272727	0.371111363636364		1
000194:	0.115360795454545	0.073211363636364	0.685156818181818	0.039985227272727	0.086285795454545		1
000195:	0.011879545454545	0.047477272727273	0.417842613636364	0.038552840909091	0.484247727272727		1
000196:	0.025967045454545	0.264817045454545	0.153675000000000	0.510291477272727	0.045249431818182		1
000197:	0.016537500000000	0.146796022727273	0.578486363636364	0.072265909090909	0.185914204545455		1
000198:	0.048848863636364	0.123614772727273	0.120249431818182	0.107911931818182	0.599375000000000		1
000199:	0.022108522727273	0.173328977272727	0.556634659090909	0.195035227272727	0.052892613636364		1
000200:	0.035398295454545	0.082998863636364	0.435170454545455	0.369522159090909	0.076910227272727		1
000201:	0.016411363636364	0.854262500000000	0.079794318181818	0.031205681818182	0.018326136363636		1
000202:	0.132843181818182	0.185353977272727	0.431390340909091	0.079062500000000	0.171350000000000		1
000203:	0.033669318181818	0.098102840909091	0.788897727272727	0.051476136363636	0.027853977272727		1
000204:	0.033611363636364	0.302684090909091	0.438210227272727	0.203732386363636	0.021761931818182		1
000205:	0.047642045454545	0.344326704545455	0.500527840909091	0.064021022727273	0.043482386363636		1
000206:	0.219819886363636	0.096359659090909	0.550369886363636	0.097991477272727	0.035459090909091		1
000207:	0.050069886363636	0.028040340909091	0.280538068181818	0.224946022727273	0.416405681818182		1
000208:	0.023832386363636	0.276864204545455	0.549292613636364	0.068294886363636	0.081715909090909		1
000209:	0.024656250000000	0.677661931818182	0.178773863636364	0.057584659090909	0.061323295454545		1
000210:	0.029576136363636	0.372953409090909	0.402143750000000	0.038831250000000	0.156495454545455		1
000211:	0.025378409090909	0.099093181818182	0.777265340909091	0.028193181818182	0.070069886363636		1
000212:	0.538438636363636	0.001781250000000	0.009275000000000	0.447156250000000	0.003348863636364		1
000213:	0.014923863636364	0.557773863636364	0.324719886363636	0.077692613636364	0.024889772727273		1
000214:	0.041425000000000	0.050660795454545	0.449140909090909	0.373601704545455	0.085171590909091		1
000215:	0.166860227272727	0.092684659090909	0.370273295454545	0.140554545454545	0.229627272727273		1
000216:	0.032249431818182	0.704843181818182	0.119335227272727	0.091506818181818	0.052065340909091		1
000217:	0.042676136363636	0.189009659090909	0.252982954545455	0.467089204545455	0.048242045454545		1
000218:	0.012140909090909	0.237251136363636	0.558714204545455	0.131326704545455	0.060567045454545		1
000219:	0.020215909090909	0.187602272727273	0.392125000000000	0.371569318181818	0.028487500000000		1
000220:	0.013245454545455	0.502198863636364	0.294872159090909	0.151365340909091	0.038318181818182		1
000221:	0.015916477272727	0.165592045454545	0.745453409090909	0.046372727272727	0.026665340909091		1
000222:	0.010372727272727	0.870776704545455	0.060035795454545	0.042126136363636	0.016688636363636		1
000223:	0.111189204545455	0.323898863636364	0.212159090909091	0.076550000000000	0.276202840909091		1
000224:	0.105822727272727	0.046056250000000	0.334907386363636	0.027665340909091	0.485548295454545		1
000225:	0.086298295454545	0.032590340909091	0.419279545454545	0.022051136363636	0.439780681818182		1
000226:	0.048277840909091	0.102567045454545	0.568867045454545	0.124026136363636	0.156261931818182		1
000227:	0.125693750000000	0.046268181818182	0.195313068181818	0.063885795454545	0.568839204545455		1
000228:	0.680324431818182	0.015172727272727	0.017837500000000	0.214847159090909	0.071818181818182		1
000229:	0.096012500000000	0.024165340909091	0.788953409090909	0.037773295454545	0.053095454545455		1
000230:	0.037590340909091	0.065491477272727	0.081490340909091	0.787596022727273	0.027831818181818		1
000231:	0.055841477272727	0.033257954545455	0.286409090909091	0.127482386363636	0.497009090909091		1
000232:	0.132930681818182	0.229505113636364	0.222732386363636	0.370881250000000	0.043950568181818		1
000233:	0.085374431818182	0.029196022727273	0.514958522727273	0.080392045454545	0.290078977272727		1
000234:	0.455782386363636	0.024775568181818	0.200550568181818	0.067893750000000	0.250997727272727		1
000235:	0.611959659090909	0.042745454545455	0.096258522727273	0.024247727272727	0.224788636363636		1
000236:	0.120769886363636	0.371590909090909	0.068374431818182	0.333643181818182	0.105621590909091		1
000237:	0.355967045454545	0.029158522727273	0.420458522727273	0.036772727272727	0.157643181818182		1
000238:	0.020184659090909	0.648431250000000	0.230590340909091	0.042880681818182	0.057913068181818		1
000239:	0.117838636363636	0.088203409090909	0.565950568181818	0.105664204545455	0.122343181818182		1
000240:	0.044813068181818	0.029802840909091	0.067935227272727	0.789301704545455	0.068147159090909		1
000241:	0.043925000000000	0.281716477272727	0.153852272727273	0.118376704545455	0.402129545454545		1
000242:	0.063789772727273	0.030339772727273	0.087347727272727	0.039362500000000	0.779160227272727		1
000243:	0.309780681818182	0.028778409090909	0.038950000000000	0.526257954545455	0.096232954545455		1
000244:	0.137734659090909	0.084254545454545	0.519115909090909	0.191651704545455	0.067243181818182		1
000245:	0.037632386363636	0.017211363636364	0.783997159090909	0.118597159090909	0.042561931818182		1
000246:	0.294519318181818	0.035504545454545	0.268228977272727	0.080115340909091	0.321631818181818		1
000247:	0.162628977272727	0.058863636363636	0.401975000000000	0.147159090909091	0.229373295454545		1
000248:	0.042838636363636	0.035857386363636	0.736007954545455	0.165365340909091	0.019930681818182		1
000249:	0.561526136363636	0.028794886363636	0.088937500000000	0.190587500000000	0.130153977272727		1
000250:	0.152948295454545	0.032716477272727	0.332255681818182	0.022055113636364	0.460024431818182		1
000251:	0.187973295454545	0.040689772727273	0.284372159090909	0.126570454545455	0.360394318181818		1
000252:	0.088952272727273	0.172746022727273	0.137410227272727	0.538105681818182	0.062785795454545		1
000253:	0.699459090909091	0.046744886363636	0.079760795454545	0.126931250000000	0.047103977272727		1
000254:	0.485771022727273	0.065374431818182	0.178021590909091	0.209832386363636	0.061000568181818		1
000255:	0.460763636363636	0.045692613636364	0.360580681818182	0.089535227272727	0.043427840909091		1
000256:	0.041367613636364	0.026675568181818	0.830050000000000	0.033890909090909	0.068015909090909		1
000257:	0.053564772727273	0.545227272727273	0.135127840909091	0.247852272727273	0.018227840909091		1
000258:	0.017490340909091	0.027545454545455	0.867076136363636	0.037372727272727	0.050515340909091		1
000259:	0.017150568181818	0.915518181818182	0.027299431818182	0.014581818181818	0.025450000000000		1
000260:	0.205532386363636	0.036951136363636	0.089914772727273	0.489142045454545	0.178459659090909		1
000261:	0.441518181818182	0.168406250000000	0.074831250000000	0.214322727272727	0.100921590909091		1
000262:	0.136902272727273	0.499056250000000	0.048763068181818	0.195070454545455	0.120207954545455		1
000263:	0.019136931818182	0.083507954545455	0.689113068181818	0.100469886363636	0.107772159090909		1
000264:	0.020776136363636	0.802815909090909	0.128488636363636	0.030319886363636	0.017599431818182		1
000265:	0.034521022727273	0.054998295454545	0.833435795454545	0.055780681818182	0.021264204545455		1
000266:	0.189795454545455	0.066773863636364	0.651640340909091	0.037224431818182	0.054565909090909		1
000267:	0.585964772727273	0.018593750000000	0.237956250000000	0.095749431818182	0.061735795454545		1
000268:	0.055265340909091	0.148044886363636	0.611953977272727	0.142363068181818	0.042372727272727		1
000269:	0.217666477272727	0.050680681818182	0.106818181818182	0.024256250000000	0.600578409090909		1
000270:	0.013486363636364	0.883359090909091	0.056634659090909	0.029325568181818	0.017194318181818		1
000271:	0.750976704545455	0.088937500000000	0.039391477272727	0.063355113636364	0.057339204545455		1
000272:	0.417657386363636	0.162887500000000	0.060298295454545	0.210869318181818	0.148287500000000		1
000273:	0.274780113636364	0.304219318181818	0.176745454545455	0.058682954545455	0.185572159090909		1
000274:	0.866360227272727	0.001652840909091	0.000912500000000	0.126845454545455	0.004228977272727		1
000275:	0.000391477272727	0.216791477272727	0.773889772727273	0.006840340909091	0.002086931818182		1
000276:	0.028281250000000	0.850278409090909	0.044711363636364	0.050398295454545	0.026330681818182		1
000277:	0.648497727272727	0.092895454545455	0.132390909090909	0.042247727272727	0.083968181818182		1
000278:	0.031903409090909	0.030525000000000	0.836471590909091	0.036761363636364	0.064338636363636		1
000279:	0.617075568181818	0.014321022727273	0.140736931818182	0.019630681818182	0.208235795454545		1
000280:	0.094999431818182	0.232322159090909	0.214828409090909	0.259443181818182	0.198406818181818		1
000281:	0.472587500000000	0.367542045454545	0.046818750000000	0.035577272727273	0.077474431818182		1
000282:	0.121263636363636	0.183619318181818	0.165741477272727	0.106992613636364	0.422382954545455		1
000283:	0.016182386363636	0.879348295454545	0.047180113636364	0.040333522727273	0.016955681818182		1
000284:	0.680728977272727	0.064366477272727	0.102917045454545	0.106193181818182	0.045794318181818		1
000285:	0.312650568181818	0.028967045454545	0.172496022727273	0.059773863636364	0.426112500000000		1
000286:	0.224608522727273	0.291458522727273	0.151771022727273	0.033140340909091	0.299021590909091		1
000287:	0.254366477272727	0.196965340909091	0.221608522727273	0.035060227272727	0.291999431818182		1
000288:	0.151434090909091	0.217828977272727	0.381176704545455	0.116248863636364	0.133311363636364		1
000289:	0.056247727272727	0.115906818181818	0.635726136363636	0.162160227272727	0.029959090909091		1
000290:	0.048872727272727	0.180513068181818	0.060040909090909	0.685423295454546	0.025150000000000		1
000291:	0.024985227272727	0.083251136363636	0.793337500000000	0.032522159090909	0.065903977272727		1
000292:	0.052521590909091	0.073186931818182	0.411795454545455	0.411692045454545	0.050803977272727		1
000293:	0.015382386363636	0.051911931818182	0.845434090909091	0.063151704545455	0.024119886363636		1
000294:	0.026559090909091	0.137675000000000	0.656278977272727	0.060605681818182	0.118881250000000		1
000295:	0.009722727272727	0.048163636363636	0.584617045454545	0.068197727272727	0.289298863636364		1
000296:	0.021359090909091	0.626209659090909	0.189782386363636	0.076218750000000	0.086430113636364		1
000297:	0.026389772727273	0.209837500000000	0.644521022727273	0.073696590909091	0.045555113636364		1
000298:	0.173422159090909	0.066059659090909	0.126874431818182	0.017596590909091	0.616047159090909		1
000299:	0.042973863636364	0.063548295454545	0.806953977272727	0.042880113636364	0.043643750000000		1
000300:	0.123384659090909	0.236222727272727	0.495348295454545	0.080917613636364	0.064126704545455		1
000301:	0.016904545454545	0.028699431818182	0.887883522727273	0.023280681818182	0.043231818181818		1
000302:	0.019485795454545	0.873471022727273	0.035030113636364	0.054965340909091	0.017047727272727		1
000303:	0.013455681818182	0.907036931818182	0.021943181818182	0.038321590909091	0.019242613636364		1
000304:	0.024423295454545	0.027519886363636	0.793015909090909	0.129222727272727	0.025818181818182		1
000305:	0.027336363636364	0.121354545454545	0.033138068181818	0.778119318181818	0.040051704545455		1
000306:	0.054522159090909	0.741242045454545	0.050234659090909	0.074656250000000	0.079344886363636		1
000307:	0.026438068181818	0.090035795454545	0.052907386363636	0.815184659090909	0.015434090909091		1
000308:	0.017790340909091	0.047599431818182	0.826053409090909	0.089598863636364	0.018957954545455		1
000309:	0.101663636363636	0.108037500000000	0.684589204545455	0.047471022727273	0.058238636363636		1
000310:	0.011780681818182	0.905880681818182	0.044640909090909	0.021318750000000	0.016378977272727		1
000311:	0.113765909090909	0.184068181818182	0.480290340909091	0.159091477272727	0.062784090909091		1
000312:	0.464844318181818	0.047744318181818	0.350602272727273	0.050210795454545	0.086598295454545		1
000313:	0.611417613636364	0.046388068181818	0.130536363636364	0.069035795454545	0.142622159090909		1
000314:	0.119848295454545	0.091125000000000	0.078471022727273	0.115713068181818	0.594842613636364		1
000315:	0.395360795454545	0.037829545454545	0.328434090909091	0.068328977272727	0.170046590909091		1
000316:	0.047142613636364	0.056338636363636	0.824610227272727	0.042525568181818	0.029382954545455		1
000317:	0.054578409090909	0.033595454545455	0.103327840909091	0.187489772727273	0.621008522727273		1
000318:	0.019378409090909	0.151844886363636	0.502253409090909	0.294293750000000	0.032229545454545		1
000319:	0.010693750000000	0.776461363636364	0.176990909090909	0.021920454545455	0.013933522727273		1
000320:	0.059674431818182	0.419785227272727	0.198247159090909	0.225611931818182	0.096681250000000		1
000321:	0.024083522727273	0.110594886363636	0.682850568181818	0.156815340909091	0.025655681818182		1
000322:	0.027918750000000	0.185906250000000	0.055824431818182	0.697935227272727	0.032415340909091		1
000323:	0.421889204545455	0.134637500000000	0.147293750000000	0.125332954545455	0.170846590909091		1
000324:	0.031428409090909	0.149389772727273	0.164407954545455	0.630150000000000	0.024623863636364		1
000325:	0.048988636363636	0.816737500000000	0.034553977272727	0.068235795454545	0.031484090909091		1
000326:	0.066670454545455	0.054634090909091	0.701047727272727	0.130905113636364	0.046742613636364		1
000327:	0.019478977272727	0.059304545454545	0.707906250000000	0.143127272727273	0.070182954545455		1
000328:	0.024593750000000	0.038284659090909	0.041977840909091	0.877478977272727	0.017664772727273		1
000329:	0.081397159090909	0.114617045454545	0.584733522727273	0.153250568181818	0.066001704545455		1
000330:	0.065138068181818	0.161535227272727	0.068384659090909	0.679566477272727	0.025375568181818		1
000331:	0.090540340909091	0.056366477272727	0.068826704545455	0.769055113636364	0.015211363636364		1
000332:	0.013589204545455	0.894327272727273	0.048463636363636	0.026931818181818	0.016688068181818		1
000333:	0.016275000000000	0.909276704545455	0.027818750000000	0.021375568181818	0.025253977272727		1
000334:	0.018318181818182	0.909643750000000	0.028290340909091	0.022753409090909	0.020994318181818		1
000335:	0.047742045454545	0.071390909090909	0.741662500000000	0.092493181818182	0.046711363636364		1
000336:	0.011543750000000	0.906244886363636	0.032908522727273	0.035000568181818	0.014302272727273		1
000337:	0.134772159090909	0.167359090909091	0.517727272727273	0.156268750000000	0.023872727272727		1
000338:	0.016053409090909	0.076605113636364	0.820402840909091	0.046322727272727	0.040615909090909		1
000339:	0.027553977272727	0.197552840909091	0.276906818181818	0.442068750000000	0.055917613636364		1
000340:	0.014230681818182	0.854461931818182	0.075972727272727	0.036915909090909	0.018418750000000		1
000341:	0.020581250000000	0.042523863636364	0.860336363636364	0.052661363636364	0.023897159090909		1
000342:	0.029490340909091	0.121592045454545	0.552355113636364	0.259606250000000	0.036956250000000		1
000343:	0.022327272727273	0.084081250000000	0.809724431818182	0.057279545454545	0.026587500000000		1
000344:	0.047185795454545	0.029469886363636	0.115667045454545	0.771673295454545	0.036003977272727		1
000345:	0.017472727272727	0.037423863636364	0.062834659090909	0.866117613636364	0.016151136363636		1
000346:	0.014109659090909	0.053128409090909	0.728717045454545	0.165438636363636	0.038606250000000		1
000347:	0.022501704545455	0.037426136363636	0.697277272727273	0.222022159090909	0.020772727272727		1
000348:	0.021244318181818	0.186952272727273	0.100288636363636	0.661327272727273	0.030187500000000		1
000349:	0.038148863636364	0.175511931818182	0.040668181818182	0.688903409090909	0.056767613636364		1
000350:	0.018673295454545	0.070989772727273	0.118660795454545	0.766350000000000	0.025326136363636		1
000351:	0.024992045454545	0.029127840909091	0.101255681818182	0.816738068181818	0.027886363636364		1
000352:	0.031200000000000	0.163422727272727	0.580325000000000	0.179829545454545	0.045222727272727		1
000353:	0.012856818181818	0.804786931818182	0.119902840909091	0.045757386363636	0.016696022727273		1
000354:	0.012376136363636	0.867773863636364	0.072753977272727	0.033117613636364	0.013978409090909		1
000355:	0.071584090909091	0.233423863636364	0.179764204545455	0.482717045454545	0.032510795454545		1
000356:	0.513171590909091	0.207997727272727	0.118511931818182	0.073481818181818	0.086836931818182		1
000357:	0.347489772727273	0.031916477272727	0.186943750000000	0.085385227272727	0.348264772727273		1
000358:	0.067845454545455	0.111588068181818	0.104441477272727	0.114542613636364	0.601582386363636		1
000359:	0.373593181818182	0.056193181818182	0.194079545454545	0.202393181818182	0.173740909090909		1
000360:	0.019319886363636	0.051524431818182	0.838657386363636	0.036475000000000	0.054023295454545		1
000361:	0.223690340909091	0.077716477272727	0.040994318181818	0.065373295454545	0.592225568181818		1
000362:	0.067926704545455	0.152432954545455	0.083378977272727	0.659494318181818	0.036767045454545		1
000363:	0.011436931818182	0.021283522727273	0.916934659090909	0.018309659090909	0.032035227272727		1
000364:	0.378223863636364	0.027538068181818	0.294064772727273	0.169914772727273	0.130258522727273		1
000365:	0.055168750000000	0.077873863636364	0.479175568181818	0.195453409090909	0.192328409090909		1
000366:	0.188178977272727	0.039786363636364	0.074950568181818	0.031147727272727	0.665936363636364		1
000367:	0.143396022727273	0.024397159090909	0.710453977272727	0.030404545454545	0.091348295454545		1
000368:	0.114409090909091	0.054841477272727	0.342816477272727	0.032622727272727	0.455310227272727		1
000369:	0.086989204545455	0.109526136363636	0.628182954545455	0.071835227272727	0.103466477272727		1
000370:	0.044650000000000	0.496097727272727	0.328347159090909	0.070619886363636	0.060285227272727		1
000371:	0.018364772727273	0.041924431818182	0.768723863636364	0.144610795454545	0.026376136363636		1
000372:	0.018314772727273	0.019459090909091	0.813688068181818	0.022193750000000	0.126344318181818		1
000373:	0.066821590909091	0.032607386363636	0.255146590909091	0.037834659090909	0.607589772727273		1
000374:	0.026056250000000	0.049068181818182	0.619509090909091	0.036317045454545	0.269049431818182		1
000375:	0.021039772727273	0.727061363636364	0.058009090909091	0.172685795454545	0.021203977272727		1
000376:	0.054886363636364	0.092793750000000	0.662139204545454	0.038754545454545	0.151426136363636		1
000377:	0.013892613636364	0.894704545454545	0.031682954545455	0.044539772727273	0.015180113636364		1
000378:	0.232803409090909	0.056253409090909	0.080771022727273	0.029517613636364	0.600654545454545		1
000379:	0.229169886363636	0.015006818181818	0.182721022727273	0.012317045454545	0.560785227272727		1
000380:	0.100054545454545	0.104917613636364	0.312177272727273	0.030361931818182	0.452488636363636		1
000381:	0.402133522727273	0.022379545454545	0.074077272727273	0.016600568181818	0.484809090909091		1
000382:	0.036423295454545	0.095186931818182	0.539949431818182	0.029326704545455	0.299113636363636		1
000383:	0.128512500000000	0.053815909090909	0.692726704545455	0.053221022727273	0.071723863636364		1
000384:	0.075284659090909	0.038739204545455	0.596627840909091	0.033722159090909	0.255626136363636		1
000385:	0.044063636363636	0.016455113636364	0.786553977272727	0.100151704545455	0.052775568181818		1
000386:	0.652876704545455	0.001833522727273	0.341929545454545	0.001431818181818	0.001928409090909		1
000387:	0.039164772727273	0.074185795454545	0.640825000000000	0.033838636363636	0.211985795454545		1
000388:	0.436819886363636	0.101417613636364	0.179430113636364	0.163561363636364	0.118771022727273		1
000389:	0.054444886363636	0.015592613636364	0.743429545454545	0.069067613636364	0.117465340909091		1
000390:	0.036331818181818	0.115814772727273	0.513332386363636	0.310840909090909	0.023680113636364		1
