Estimated Clustering Probabilities for Samples
Sample	***Cluster  01***	***Cluster  02***	***Cluster  03***	***Cluster  04***	***Cluster  05***	
000001:	0.310929545454545	0.405723863636364	0.023848863636364	0.088946022727273	0.170551704545455		1
000002:	0.396191477272727	0.413647159090909	0.018961931818182	0.118094318181818	0.053105113636364		1
000003:	0.733750000000000	0.138000000000000	0.037646590909091	0.058750000000000	0.031853409090909		1
000004:	0.208365340909091	0.040355681818182	0.018557954545455	0.711267613636364	0.021453409090909		1
000005:	0.788677272727273	0.093492613636364	0.010648863636364	0.046296022727273	0.060885227272727		1
000006:	0.004075000000000	0.065461931818182	0.000033522727273	0.000053409090909	0.930376136363636		1
000007:	0.487933522727273	0.426100568181818	0.021421022727273	0.043927840909091	0.020617045454545		1
000008:	0.551150568181818	0.130936363636364	0.025704545454545	0.263620454545455	0.028588068181818		1
000009:	0.529976136363636	0.106295454545455	0.025965909090909	0.300563636363636	0.037198863636364		1
000010:	0.620102272727273	0.098677840909091	0.026835795454545	0.111084659090909	0.143299431818182		1
000011:	0.332964772727273	0.364251704545455	0.041844886363636	0.184539204545455	0.076399431818182		1
000012:	0.471926704545455	0.033841477272727	0.061932386363636	0.144607386363636	0.287692045454545		1
000013:	0.124584659090909	0.055885795454545	0.265530113636364	0.209442613636364	0.344556818181818		1
000014:	0.038546022727273	0.024875000000000	0.015844886363636	0.898850000000000	0.021884090909091		1
000015:	0.792645454545455	0.025397727272727	0.015325568181818	0.111772159090909	0.054859090909091		1
000016:	0.037253977272727	0.020026704545455	0.011735227272727	0.909063068181818	0.021921022727273		1
000017:	0.597752840909091	0.108817613636364	0.012677840909091	0.069568750000000	0.211182954545455		1
000018:	0.099555681818182	0.031170454545455	0.278376136363636	0.068971590909091	0.521926136363636		1
000019:	0.828580113636364	0.044160227272727	0.034714204545455	0.027851704545455	0.064693750000000		1
000020:	0.424363636363636	0.067698295454545	0.015288068181818	0.294468750000000	0.198181250000000		1
000021:	0.075473863636364	0.195815909090909	0.015786931818182	0.023972159090909	0.688951136363636		1
000022:	0.698081250000000	0.038324431818182	0.023207386363636	0.084860227272727	0.155526704545455		1
000023:	0.439674431818182	0.206150000000000	0.083727272727273	0.071897159090909	0.198551136363636		1
000024:	0.023484090909091	0.019603977272727	0.016672159090909	0.919157386363636	0.021082386363636		1
000025:	0.236994886363636	0.071984090909091	0.271371590909091	0.139555113636364	0.280094318181818		1
000026:	0.435021022727273	0.043731818181818	0.037397159090909	0.033479545454545	0.450370454545455		1
000027:	0.069607386363636	0.026488068181818	0.054385227272727	0.046769318181818	0.802750000000000		1
000028:	0.173760795454545	0.582570454545455	0.020177272727273	0.048655113636364	0.174836363636364		1
000029:	0.365690340909091	0.001909659090909	0.000363068181818	0.000851136363636	0.631185795454545		1
000030:	0.756165909090909	0.071226136363636	0.042498295454545	0.069342045454545	0.060767613636364		1
000031:	0.084204545454545	0.031218181818182	0.090109090909091	0.032771590909091	0.761696590909091		1
000032:	0.104638068181818	0.062777840909091	0.023981818181818	0.077905113636364	0.730697159090909		1
000033:	0.519578977272727	0.114109090909091	0.029706818181818	0.055990909090909	0.280614204545455		1
000034:	0.032940909090909	0.020710795454545	0.011468181818182	0.915597727272727	0.019282386363636		1
000035:	0.113241477272727	0.197695454545455	0.065621022727273	0.038651704545455	0.584790340909091		1
000036:	0.441059659090909	0.135373295454545	0.019906250000000	0.166142613636364	0.237518181818182		1
000037:	0.233196022727273	0.035386931818182	0.013933522727273	0.094846590909091	0.622636931818182		1
000038:	0.202915340909091	0.560239204545455	0.090700568181818	0.085336931818182	0.060807954545455		1
000039:	0.472698863636364	0.046694318181818	0.067052272727273	0.096397727272727	0.317156818181818		1
000040:	0.076959659090909	0.044765340909091	0.029303409090909	0.818874431818182	0.030097159090909		1
000041:	0.178443181818182	0.049468750000000	0.025621590909091	0.200735795454545	0.545730681818182		1
000042:	0.182135227272727	0.051915340909091	0.239623295454545	0.109827272727273	0.416498863636364		1
000043:	0.725213636363636	0.105256818181818	0.013435227272727	0.092852272727273	0.063242045454545		1
000044:	0.411610227272727	0.047889772727273	0.018243181818182	0.092921022727273	0.429335795454545		1
000045:	0.165956818181818	0.020355113636364	0.048026136363636	0.023350568181818	0.742311363636364		1
000046:	0.175210795454545	0.138893750000000	0.184181250000000	0.082769318181818	0.418944886363636		1
000047:	0.179834090909091	0.181226704545455	0.104809659090909	0.202970454545455	0.331159090909091		1
000048:	0.842622727272727	0.046846590909091	0.027107386363636	0.062476704545455	0.020946590909091		1
000049:	0.849663636363636	0.055040909090909	0.028017613636364	0.030498295454545	0.036779545454545		1
000050:	0.291262500000000	0.090343750000000	0.073378409090909	0.313720454545455	0.231294886363636		1
000051:	0.034289772727273	0.023127840909091	0.010226704545455	0.917943181818182	0.014412500000000		1
000052:	0.050756250000000	0.021582386363636	0.009317045454545	0.903542613636364	0.014801704545455		1
000053:	0.460765909090909	0.037751136363636	0.049836931818182	0.152471590909091	0.299174431818182		1
000054:	0.161372159090909	0.078644318181818	0.381238068181818	0.072048863636364	0.306696590909091		1
000055:	0.746496590909091	0.027040340909091	0.012724431818182	0.178097159090909	0.035641477272727		1
000056:	0.835335795454546	0.021395454545455	0.021294318181818	0.062971590909091	0.059002840909091		1
000057:	0.540176136363636	0.049922727272727	0.022420454545455	0.096202272727273	0.291278409090909		1
000058:	0.890067045454545	0.018564204545455	0.042097727272727	0.017430113636364	0.031840909090909		1
000059:	0.575837500000000	0.029517613636364	0.043601704545455	0.020060795454545	0.330982386363636		1
000060:	0.871739772727273	0.027782386363636	0.012916477272727	0.047041477272727	0.040519886363636		1
000061:	0.850598295454545	0.023992613636364	0.013096590909091	0.044787500000000	0.067525000000000		1
000062:	0.035134090909091	0.015651704545455	0.011551136363636	0.918384659090909	0.019278409090909		1
000063:	0.057800568181818	0.030528977272727	0.010327840909091	0.884594886363636	0.016747727272727		1
000064:	0.028259090909091	0.076888068181818	0.008185795454545	0.874123863636364	0.012543181818182		1
000065:	0.860486931818182	0.045919318181818	0.014421590909091	0.053460227272727	0.025711931818182		1
000066:	0.620218750000000	0.041961363636364	0.019961931818182	0.066282386363636	0.251575568181818		1
000067:	0.083165340909091	0.051419886363636	0.012236931818182	0.838522727272727	0.014655113636364		1
000068:	0.720354545454545	0.026023295454545	0.033994886363636	0.017817045454545	0.201810227272727		1
000069:	0.496061363636364	0.033282954545455	0.014120454545455	0.058895454545455	0.397639772727273		1
000070:	0.364241477272727	0.094170454545455	0.061158522727273	0.297614772727273	0.182814772727273		1
000071:	0.647131250000000	0.048761363636364	0.013632954545455	0.020067045454545	0.270407386363636		1
000072:	0.804264204545455	0.056681818181818	0.009939204545455	0.092109659090909	0.037005113636364		1
000073:	0.876782386363636	0.026261363636364	0.010781250000000	0.047576136363636	0.038598863636364		1
000074:	0.106000000000000	0.030773863636364	0.119105681818182	0.175105113636364	0.569015340909091		1
000075:	0.628840340909091	0.052573863636364	0.088847727272727	0.045878977272727	0.183859090909091		1
000076:	0.159338636363636	0.552497159090909	0.067785795454545	0.026414772727273	0.193963636363636		1
000077:	0.040641477272727	0.021901136363636	0.184134090909091	0.000584090909091	0.752739204545455		1
000078:	0.799847159090909	0.060175568181818	0.010693181818182	0.076002840909091	0.053281250000000		1
000079:	0.695820454545454	0.060050000000000	0.043576704545455	0.043074431818182	0.157478409090909		1
000080:	0.504961931818182	0.079365340909091	0.129654545454545	0.020127840909091	0.265890340909091		1
000081:	0.894123863636364	0.022159090909091	0.007260227272727	0.026164772727273	0.050292045454545		1
000082:	0.873793181818182	0.042913636363636	0.008114772727273	0.046878977272727	0.028299431818182		1
000083:	0.879698295454545	0.025194886363636	0.016263068181818	0.016536363636364	0.062307386363636		1
000084:	0.028325568181818	0.022488068181818	0.021190340909091	0.911403977272727	0.016592045454545		1
000085:	0.275826136363636	0.114629545454545	0.027606250000000	0.110789204545455	0.471148863636364		1
000086:	0.309347727272727	0.104385795454545	0.043680113636364	0.416444886363636	0.126141477272727		1
000087:	0.842263068181818	0.022715340909091	0.011435795454545	0.032977840909091	0.090607954545455		1
000088:	0.228251704545455	0.034689204545455	0.016401704545455	0.025607386363636	0.695050000000000		1
000089:	0.124728977272727	0.064382386363636	0.022073295454545	0.048921022727273	0.739894318181818		1
000090:	0.169998295454545	0.043555681818182	0.106319886363636	0.120901136363636	0.559225000000000		1
000091:	0.161244318181818	0.258205681818182	0.213111363636364	0.037182386363636	0.330256250000000		1
000092:	0.842459659090909	0.026154545454545	0.024570454545455	0.038011931818182	0.068803409090909		1
000093:	0.631971590909091	0.041578409090909	0.066900568181818	0.067301704545455	0.192247727272727		1
000094:	0.757714204545455	0.042503977272727	0.042154545454545	0.033598295454545	0.124028977272727		1
000095:	0.830280113636364	0.035638636363636	0.010325000000000	0.089480681818182	0.034275568181818		1
000096:	0.038736363636364	0.025511931818182	0.007720454545455	0.912603977272727	0.015427272727273		1
000097:	0.382663068181818	0.034325568181818	0.022750000000000	0.024060227272727	0.536201136363636		1
000098:	0.858747159090909	0.022037500000000	0.012760795454545	0.012237500000000	0.094217045454545		1
000099:	0.305110795454545	0.059665909090909	0.020317045454545	0.367222159090909	0.247684090909091		1
000100:	0.211899431818182	0.025969886363636	0.013458522727273	0.720002840909091	0.028669318181818		1
000101:	0.192193750000000	0.037222727272727	0.012829545454545	0.082226136363636	0.675527840909091		1
000102:	0.452419886363636	0.063403977272727	0.033286931818182	0.175784659090909	0.275104545454545		1
000103:	0.700138068181818	0.102848295454545	0.114015909090909	0.028742045454545	0.054255681818182		1
000104:	0.330218181818182	0.022746590909091	0.015756818181818	0.604826136363636	0.026452272727273		1
000105:	0.152246022727273	0.033682954545455	0.031734090909091	0.146839772727273	0.635497159090909		1
000106:	0.324489772727273	0.040308522727273	0.044622727272727	0.025464772727273	0.565114204545455		1
000107:	0.268117613636364	0.046790340909091	0.017151136363636	0.441565340909091	0.226375568181818		1
000108:	0.137426704545455	0.053075000000000	0.032762500000000	0.691740340909091	0.084995454545455		1
000109:	0.436088636363636	0.079854545454545	0.039472727272727	0.067988636363636	0.376595454545455		1
000110:	0.064965340909091	0.107009090909091	0.604214772727273	0.139281818181818	0.084528977272727		1
000111:	0.393294318181818	0.165819886363636	0.017193750000000	0.329432386363636	0.094259659090909		1
000112:	0.043672727272727	0.048984659090909	0.036588068181818	0.111928977272727	0.758825568181818		1
000113:	0.788397727272727	0.051778409090909	0.013334659090909	0.089120454545455	0.057368750000000		1
000114:	0.477746022727273	0.269441477272727	0.048982386363636	0.031109090909091	0.172721022727273		1
000115:	0.611567613636364	0.042028409090909	0.040131818181818	0.083994318181818	0.222277840909091		1
000116:	0.623202272727273	0.040472159090909	0.021440340909091	0.262324431818182	0.052560795454545		1
000117:	0.282503977272727	0.099080681818182	0.025962500000000	0.092723295454545	0.499729545454545		1
000118:	0.591141477272727	0.093753977272727	0.015925000000000	0.249180113636364	0.049999431818182		1
000119:	0.208855113636364	0.035732386363636	0.025595454545455	0.127971022727273	0.601846022727273		1
000120:	0.632056250000000	0.062894318181818	0.014999431818182	0.203013068181818	0.087036931818182		1
000121:	0.533367045454545	0.112330113636364	0.101263636363636	0.049497159090909	0.203542045454545		1
000122:	0.614244886363636	0.018319886363636	0.010606250000000	0.043872727272727	0.312956250000000		1
000123:	0.905798295454545	0.030658522727273	0.026700568181818	0.019814772727273	0.017027840909091		1
000124:	0.259298863636364	0.296688636363636	0.073840909090909	0.027310227272727	0.342861363636364		1
000125:	0.201896022727273	0.629018181818182	0.020015340909091	0.112001704545455	0.037068750000000		1
000126:	0.043485795454545	0.888714772727273	0.016943750000000	0.022931818181818	0.027923863636364		1
000127:	0.624412500000000	0.069870454545455	0.044052840909091	0.151235227272727	0.110428977272727		1
000128:	0.825953409090909	0.048298295454545	0.020246022727273	0.042618181818182	0.062884090909091		1
000129:	0.233389204545455	0.026914772727273	0.079410227272727	0.021047159090909	0.639238636363636		1
000130:	0.828621590909091	0.071335795454545	0.036400000000000	0.036152272727273	0.027490340909091		1
000131:	0.598282954545455	0.061671590909091	0.024432386363636	0.050380113636364	0.265232954545455		1
000132:	0.139909090909091	0.035114204545455	0.015992045454545	0.737748295454545	0.071236363636364		1
000133:	0.230275568181818	0.398943181818182	0.184760795454545	0.053046590909091	0.132973863636364		1
000134:	0.537161931818182	0.134675568181818	0.107041477272727	0.060727840909091	0.160393181818182		1
000135:	0.228317045454545	0.062518750000000	0.113682386363636	0.019669318181818	0.575812500000000		1
000136:	0.809572159090909	0.037792045454545	0.018934659090909	0.083346590909091	0.050354545454545		1
000137:	0.203786363636364	0.047378977272727	0.105888068181818	0.051507954545455	0.591438636363636		1
000138:	0.674294886363636	0.153167613636364	0.051165909090909	0.034930113636364	0.086441477272727		1
000139:	0.566586931818182	0.100467613636364	0.047310227272727	0.074045454545455	0.211589772727273		1
000140:	0.105534659090909	0.027781818181818	0.621280681818182	0.056944318181818	0.188458522727273		1
000141:	0.105396590909091	0.322859090909091	0.032725568181818	0.485031818181818	0.053986931818182		1
000142:	0.586434659090909	0.021839204545455	0.038890909090909	0.084069886363636	0.268765340909091		1
000143:	0.431903409090909	0.159323863636364	0.009090340909091	0.019539204545455	0.380143181818182		1
000144:	0.567574431818182	0.047244318181818	0.013852840909091	0.124731818181818	0.246596590909091		1
000145:	0.047565909090909	0.049268750000000	0.030876704545455	0.850639204545454	0.021649431818182		1
000146:	0.554628409090909	0.047889772727273	0.107239204545455	0.125107954545455	0.165134659090909		1
000147:	0.781232386363636	0.082947727272727	0.018147727272727	0.051814772727273	0.065857386363636		1
000148:	0.887993181818182	0.038100568181818	0.023754545454545	0.026066477272727	0.024085227272727		1
000149:	0.369314204545455	0.132126136363636	0.026825568181818	0.106188068181818	0.365546022727273		1
000150:	0.214535795454545	0.048263068181818	0.079457386363636	0.060841477272727	0.596902272727273		1
000151:	0.447169886363636	0.220361931818182	0.025190909090909	0.242647727272727	0.064629545454545		1
000152:	0.688633522727273	0.100528409090909	0.071856250000000	0.066826704545455	0.072155113636364		1
000153:	0.189831818181818	0.031378409090909	0.024101136363636	0.107419886363636	0.647268750000000		1
000154:	0.356417613636364	0.036426704545455	0.012925568181818	0.570964204545454	0.023265909090909		1
000155:	0.465560795454545	0.027301704545455	0.046094886363636	0.347233522727273	0.113809090909091		1
000156:	0.195984090909091	0.054030681818182	0.015468750000000	0.345270454545455	0.389246022727273		1
000157:	0.037443750000000	0.031619886363636	0.012198295454545	0.898177840909091	0.020560227272727		1
000158:	0.119315909090909	0.415167613636364	0.032247727272727	0.113989772727273	0.319278977272727		1
000159:	0.005118181818182	0.857430681818182	0.020388068181818	0.062733522727273	0.054329545454545		1
000160:	0.027705113636364	0.891181250000000	0.014994318181818	0.044971590909091	0.021147727272727		1
000161:	0.078243750000000	0.658541477272727	0.037697159090909	0.139500000000000	0.086017613636364		1
000162:	0.047179545454545	0.319164204545455	0.088305113636364	0.023071590909091	0.522279545454545		1
000163:	0.882282386363636	0.028708522727273	0.007608522727273	0.035465340909091	0.045935227272727		1
000164:	0.046730681818182	0.027924431818182	0.009173863636364	0.898613068181818	0.017557954545455		1
000165:	0.800110227272727	0.079586363636364	0.023742613636364	0.075795454545455	0.020765340909091		1
000166:	0.872432386363636	0.029029545454545	0.010075000000000	0.060682386363636	0.027780681818182		1
000167:	0.781769318181818	0.077040340909091	0.027088636363636	0.056396590909091	0.057705113636364		1
000168:	0.515580681818182	0.057086931818182	0.039909659090909	0.283241477272727	0.104181250000000		1
000169:	0.828004545454545	0.034102272727273	0.023885227272727	0.029871590909091	0.084136363636364		1
000170:	0.927646022727273	0.023200000000000	0.014469886363636	0.018556818181818	0.016127272727273		1
000171:	0.464772159090909	0.018696022727273	0.002366477272727	0.047335227272727	0.466830113636364		1
000172:	0.741760227272727	0.115267613636364	0.034763636363636	0.047081250000000	0.061127272727273		1
000173:	0.819256250000000	0.041046022727273	0.010530113636364	0.032481818181818	0.096685795454545		1
000174:	0.698805113636364	0.017144318181818	0.046236363636364	0.033470454545455	0.204343750000000		1
000175:	0.030527840909091	0.020876136363636	0.019430113636364	0.911400568181818	0.017765340909091		1
000176:	0.348558522727273	0.232403977272727	0.021298863636364	0.088247727272727	0.309490909090909		1
000177:	0.779764772727273	0.032471022727273	0.021318181818182	0.063601136363636	0.102844886363636		1
000178:	0.683156250000000	0.025032954545455	0.023884659090909	0.180343750000000	0.087582386363636		1
000179:	0.043375568181818	0.021915909090909	0.011909659090909	0.902134090909091	0.020664772727273		1
000180:	0.045793750000000	0.021352840909091	0.023946022727273	0.886775000000000	0.022132386363636		1
000181:	0.026863068181818	0.045385795454545	0.009104545454545	0.902938068181818	0.015708522727273		1
000182:	0.273351136363636	0.117548863636364	0.084951704545455	0.166325568181818	0.357822727272727		1
000183:	0.048726136363636	0.023456250000000	0.014763068181818	0.898611931818182	0.014442613636364		1
000184:	0.577069886363636	0.130342613636364	0.058678409090909	0.109361363636364	0.124547727272727		1
000185:	0.188888068181818	0.134934659090909	0.310385795454545	0.074136931818182	0.291654545454545		1
000186:	0.055832386363636	0.075443181818182	0.045401704545455	0.770786363636364	0.052536363636364		1
000187:	0.035934659090909	0.017456250000000	0.012288068181818	0.914976136363636	0.019344886363636		1
000188:	0.220706250000000	0.419962500000000	0.030855681818182	0.273964772727273	0.054510795454545		1
000189:	0.926757386363636	0.017531818181818	0.007745454545455	0.028630113636364	0.019335227272727		1
000190:	0.858535227272727	0.049542045454545	0.030540909090909	0.029472727272727	0.031909090909091		1
000191:	0.721509090909091	0.037427840909091	0.009728409090909	0.050161363636364	0.181173295454545		1
000192:	0.109959090909091	0.100443750000000	0.020633522727273	0.090593750000000	0.678369886363636		1
000193:	0.355185227272727	0.069790340909091	0.038199431818182	0.141478977272727	0.395346022727273		1
000194:	0.777793181818182	0.044377840909091	0.071631250000000	0.056010227272727	0.050187500000000		1
000195:	0.326448863636364	0.030645454545455	0.010850000000000	0.052023295454545	0.580032386363636		1
000196:	0.129240909090909	0.569028977272727	0.018533522727273	0.225670454545455	0.057526136363636		1
000197:	0.653018750000000	0.087409659090909	0.012455681818182	0.104082386363636	0.143033522727273		1
000198:	0.154391477272727	0.148638068181818	0.070901704545455	0.098697727272727	0.527371022727273		1
000199:	0.542634090909091	0.214211363636364	0.031110795454545	0.176283522727273	0.035760227272727		1
000200:	0.420990340909091	0.420936363636364	0.026912500000000	0.057998863636364	0.073161931818182		1
000201:	0.071209090909091	0.022421590909091	0.012401704545455	0.869786363636364	0.024181250000000		1
000202:	0.415814204545455	0.113373863636364	0.061320454545455	0.198229545454545	0.211261931818182		1
000203:	0.795471022727273	0.057072159090909	0.031092045454545	0.081462500000000	0.034902272727273		1
000204:	0.481959090909091	0.185611931818182	0.023387500000000	0.280948863636364	0.028092613636364		1
000205:	0.366102840909091	0.078417045454545	0.042292613636364	0.465776136363636	0.047411363636364		1
000206:	0.582884090909091	0.128811363636364	0.159413068181818	0.086359659090909	0.042531818181818		1
000207:	0.260054545454545	0.226459090909091	0.020153409090909	0.019259659090909	0.474073295454545		1
000208:	0.491797159090909	0.114410227272727	0.016314204545455	0.287405681818182	0.090072727272727		1
000209:	0.150536363636364	0.082012500000000	0.017494886363636	0.647725568181818	0.102230681818182		1
000210:	0.499738636363636	0.029514204545455	0.022157954545455	0.333364204545455	0.115225000000000		1
000211:	0.826303977272727	0.038678977272727	0.020842045454545	0.079835227272727	0.034339772727273		1
000212:	0.140619318181818	0.415977272727273	0.025261363636364	0.332669886363636	0.085472159090909		1
000213:	0.259055113636364	0.090427272727273	0.020542613636364	0.600355113636364	0.029619886363636		1
000214:	0.117395454545455	0.000742613636364	0.000397727272727	0.000985795454545	0.880478409090909		1
000215:	0.441761363636364	0.167868750000000	0.099488636363636	0.073583522727273	0.217297727272727		1
000216:	0.094783522727273	0.136947159090909	0.014352840909091	0.702309659090909	0.051606818181818		1
000217:	0.198975568181818	0.450353977272727	0.048433522727273	0.248205113636364	0.054031818181818		1
000218:	0.510826136363636	0.201842045454545	0.013019886363636	0.226709090909091	0.047602840909091		1
000219:	0.459130113636364	0.372511931818182	0.015253977272727	0.124132954545455	0.028971022727273		1
000220:	0.325322727272727	0.102183522727273	0.010737500000000	0.527198863636364	0.034557386363636		1
000221:	0.659905113636364	0.093048295454545	0.015331250000000	0.202606250000000	0.029109090909091		1
000222:	0.043340340909091	0.063606818181818	0.009519318181818	0.867361363636364	0.016172159090909		1
000223:	0.212163636363636	0.107022159090909	0.090019318181818	0.367097727272727	0.223697159090909		1
000224:	0.390031818181818	0.025042613636364	0.070892613636364	0.067563636363636	0.446469318181818		1
000225:	0.512586363636364	0.022387500000000	0.036831818181818	0.028160795454545	0.400033522727273		1
000226:	0.554368181818182	0.138386931818182	0.017045454545455	0.117320454545455	0.172878977272727		1
000227:	0.151322727272727	0.058121022727273	0.051236363636364	0.042750000000000	0.696569886363636		1
000228:	0.032336363636364	0.259460227272727	0.611418181818182	0.021878977272727	0.074906250000000		1
000229:	0.862064204545455	0.034664772727273	0.040587500000000	0.020947727272727	0.041735795454545		1
000230:	0.049854545454545	0.841851704545455	0.020872159090909	0.061006250000000	0.026415340909091		1
000231:	0.324965909090909	0.106944318181818	0.042674431818182	0.032979545454545	0.492435795454545		1
000232:	0.258384090909091	0.360088636363636	0.096343181818182	0.238824431818182	0.046359659090909		1
000233:	0.444720454545455	0.098435795454545	0.040338068181818	0.020093181818182	0.396412500000000		1
000234:	0.260320454545455	0.074011363636364	0.249569886363636	0.027481250000000	0.388617045454545		1
000235:	0.149630681818182	0.021746590909091	0.579034090909091	0.049134090909091	0.200454545454545		1
000236:	0.095397159090909	0.469782954545455	0.088875568181818	0.253154545454545	0.092789772727273		1
000237:	0.000337500000000	0.000289204545455	0.302339772727273	0.407368750000000	0.289664772727273		1
000238:	0.173960227272727	0.032651136363636	0.020309659090909	0.714822727272727	0.058256250000000		1
000239:	0.607824431818182	0.116475568181818	0.068632954545455	0.077557954545455	0.129509090909091		1
000240:	0.056790340909091	0.810214204545455	0.026559090909091	0.026732954545455	0.079703409090909		1
000241:	0.176410227272727	0.091292613636364	0.030423863636364	0.232651704545455	0.469221590909091		1
000242:	0.072400568181818	0.035157386363636	0.028856250000000	0.024630113636364	0.838955681818182		1
000243:	0.063968750000000	0.563942613636364	0.204725000000000	0.038007386363636	0.129356250000000		1
000244:	0.542243750000000	0.305393750000000	0.038555681818182	0.048421022727273	0.065385795454545		1
000245:	0.759972159090909	0.135606818181818	0.013491477272727	0.021559659090909	0.069369886363636		1
000246:	0.388113068181818	0.058089204545455	0.137423863636364	0.034525000000000	0.381848863636364		1
000247:	0.412483522727273	0.141582386363636	0.123694318181818	0.054209659090909	0.268030113636364		1
000248:	0.777633522727273	0.146339772727273	0.026672727272727	0.022897159090909	0.026456818181818		1
000249:	0.118084090909091	0.277655681818182	0.306501136363636	0.020772159090909	0.276986931818182		1
000250:	0.407240340909091	0.020671590909091	0.064575000000000	0.031377840909091	0.476135227272727		1
000251:	0.367669886363636	0.128402272727273	0.068059659090909	0.032313068181818	0.403555113636364		1
000252:	0.105146590909091	0.592971590909091	0.066230681818182	0.156092613636364	0.079558522727273		1
000253:	0.106048863636364	0.170546590909091	0.599725000000000	0.059543750000000	0.064135795454545		1
000254:	0.209252272727273	0.336568181818182	0.304262500000000	0.087279545454545	0.062637500000000		1
000255:	0.592157386363636	0.100543181818182	0.202200568181818	0.051280681818182	0.053818181818182		1
000256:	0.868933522727273	0.047171022727273	0.016725568181818	0.028641477272727	0.038528409090909		1
000257:	0.090497159090909	0.231064772727273	0.047964772727273	0.606311363636364	0.024161931818182		1
000258:	0.880984659090909	0.040457386363636	0.013059659090909	0.028321022727273	0.037177272727273		1
000259:	0.021280113636364	0.015159659090909	0.016812500000000	0.923817613636364	0.022930113636364		1
000260:	0.061663068181818	0.488714204545455	0.107960795454545	0.033127272727273	0.308534659090909		1
000261:	0.092956250000000	0.273622727272727	0.395342045454545	0.127362500000000	0.110716477272727		1
000262:	0.078481818181818	0.304079545454545	0.124292613636364	0.385273863636364	0.107872159090909		1
000263:	0.658361931818182	0.138571590909091	0.017921022727273	0.083603977272727	0.101541477272727		1
000264:	0.162181818181818	0.044397159090909	0.010984659090909	0.755594886363636	0.026841477272727		1
000265:	0.805752272727273	0.056917045454545	0.029595454545455	0.086664772727273	0.021070454545455		1
000266:	0.750150568181818	0.034869318181818	0.105407386363636	0.049529545454545	0.060043181818182		1
000267:	0.461142613636364	0.161800568181818	0.231676136363636	0.021277272727273	0.124103409090909		1
000268:	0.600726136363636	0.142309659090909	0.048284659090909	0.159513636363636	0.049165909090909		1
000269:	0.139630113636364	0.031815909090909	0.272284090909091	0.069858522727273	0.486411363636364		1
000270:	0.058003977272727	0.029607954545455	0.013503409090909	0.879737500000000	0.019147159090909		1
000271:	0.059502272727273	0.081273863636364	0.694889204545455	0.096514204545455	0.067820454545455		1
000272:	0.088206250000000	0.252710227272727	0.336671590909091	0.193160227272727	0.129251704545455		1
000273:	0.228596590909091	0.060588068181818	0.192927840909091	0.312024431818182	0.205863068181818		1
000274:	0.253452272727273	0.255552272727273	0.276149431818182	0.058502272727273	0.156343750000000		1
000275:	0.805992045454546	0.025034659090909	0.024694886363636	0.034361363636364	0.109917045454545		1
000276:	0.031498295454545	0.099376136363636	0.023191477272727	0.808793750000000	0.037140340909091		1
000277:	0.150590909090909	0.029738068181818	0.535938636363636	0.104657954545455	0.179074431818182		1
000278:	0.750581250000000	0.054527272727273	0.022455681818182	0.030592045454545	0.141843750000000		1
000279:	0.182381818181818	0.020051704545455	0.605722727272727	0.014881818181818	0.176961931818182		1
000280:	0.256650568181818	0.292741477272727	0.051442045454545	0.183994886363636	0.215171022727273		1
000281:	0.060530113636364	0.038626136363636	0.412068750000000	0.368297159090909	0.120477840909091		1
000282:	0.199343750000000	0.095921022727273	0.056915340909091	0.159082954545455	0.488736931818182		1
000283:	0.027957386363636	0.045353409090909	0.010022159090909	0.900849431818182	0.015817613636364		1
000284:	0.120368750000000	0.222923863636364	0.473393750000000	0.092516477272727	0.090797159090909		1
000285:	0.186522159090909	0.087368181818182	0.115781818181818	0.023372727272727	0.586955113636364		1
000286:	0.238222727272727	0.039243181818182	0.191738636363636	0.245011363636364	0.285784090909091		1
000287:	0.205878409090909	0.039439204545455	0.163200568181818	0.225199431818182	0.366282386363636		1
000288:	0.501075568181818	0.108251136363636	0.097762500000000	0.183267045454545	0.109643750000000		1
000289:	0.626976704545455	0.111223295454545	0.035133522727273	0.180248295454545	0.046418181818182		1
000290:	0.070339204545455	0.722354545454545	0.026663068181818	0.148340909090909	0.032302272727273		1
000291:	0.801316477272727	0.031173295454545	0.026906250000000	0.078677840909091	0.061926136363636		1
000292:	0.283802840909091	0.543028977272727	0.049096022727273	0.072105113636364	0.051967045454545		1
000293:	0.842889772727273	0.043669318181818	0.011974431818182	0.061877272727273	0.039589204545455		1
000294:	0.706459659090909	0.044604545454545	0.018365909090909	0.120421590909091	0.110148295454545		1
000295:	0.468013636363636	0.061934659090909	0.010516477272727	0.044103409090909	0.415431818181818		1
000296:	0.208856818181818	0.081333522727273	0.024984659090909	0.596789772727273	0.088035227272727		1
000297:	0.552055113636364	0.125845454545455	0.015303409090909	0.216757386363636	0.090038636363636		1
000298:	0.108835795454545	0.015422159090909	0.166348295454545	0.055828977272727	0.653564772727273		1
000299:	0.855913636363636	0.021443750000000	0.025455681818182	0.060131818181818	0.037055113636364		1
000300:	0.486706818181818	0.068629545454545	0.117543750000000	0.244468181818182	0.082651704545455		1
000301:	0.895353977272727	0.022896590909091	0.011282386363636	0.032374431818182	0.038092613636364		1
000302:	0.029713068181818	0.070743750000000	0.008025000000000	0.868761931818182	0.022756250000000		1
000303:	0.021005681818182	0.020856818181818	0.017568750000000	0.923261931818182	0.017306818181818		1
000304:	0.801440909090909	0.135727272727273	0.014172159090909	0.020812500000000	0.027847159090909		1
000305:	0.033004545454545	0.761582954545455	0.019255681818182	0.135026704545455	0.051130113636364		1
000306:	0.051825000000000	0.120285227272727	0.052880681818182	0.706039204545455	0.068969886363636		1
000307:	0.037742613636364	0.862474431818182	0.019507954545455	0.063086363636364	0.017188636363636		1
000308:	0.864612500000000	0.053842613636364	0.012871590909091	0.052222159090909	0.016451136363636		1
000309:	0.770601136363636	0.038555113636364	0.077713636363636	0.071193750000000	0.041936363636364		1
000310:	0.035996022727273	0.019612500000000	0.009056818181818	0.917221590909091	0.018113068181818		1
000311:	0.438975568181818	0.293610227272727	0.057051704545455	0.134767613636364	0.075594886363636		1
000312:	0.565541477272727	0.055493181818182	0.199474431818182	0.040693181818182	0.138797727272727		1
000313:	0.161086363636364	0.091376704545455	0.494482954545455	0.060134090909091	0.192919886363636		1
000314:	0.078971022727273	0.108661931818182	0.063780113636364	0.062826704545455	0.685760227272727		1
000315:	0.377996022727273	0.075123863636364	0.218151704545455	0.028265909090909	0.300462500000000		1
000316:	0.836366477272727	0.054726704545455	0.019258522727273	0.043710227272727	0.045938068181818		1
000317:	0.054601704545455	0.164209659090909	0.023481818181818	0.022743750000000	0.734963068181818		1
000318:	0.413504545454545	0.364815340909091	0.016697159090909	0.173141477272727	0.031841477272727		1
000319:	0.057677272727273	0.025550568181818	0.011089204545455	0.887627272727273	0.018055681818182		1
000320:	0.247090340909091	0.171542045454545	0.061888068181818	0.413419886363636	0.106059659090909		1
000321:	0.633576136363636	0.245830113636364	0.015698863636364	0.073515909090909	0.031378977272727		1
000322:	0.035672727272727	0.697809090909091	0.020707954545455	0.214016477272727	0.031793750000000		1
000323:	0.139287500000000	0.162151136363636	0.411396022727273	0.119713636363636	0.167451704545455		1
000324:	0.177758522727273	0.634484659090909	0.020998295454545	0.135381250000000	0.031377272727273		1
000325:	0.033826704545455	0.085777840909091	0.040176704545455	0.807265340909091	0.032953409090909		1
000326:	0.803448863636364	0.091565909090909	0.026344318181818	0.045742045454545	0.032898863636364		1
000327:	0.629190340909091	0.198071022727273	0.015717045454545	0.077846022727273	0.079175568181818		1
000328:	0.049417045454545	0.884833522727273	0.015646590909091	0.030478409090909	0.019624431818182		1
000329:	0.638436931818182	0.182822159090909	0.033078977272727	0.091124431818182	0.054537500000000		1
000330:	0.052542613636364	0.721798863636364	0.034004545454545	0.162971590909091	0.028682386363636		1
000331:	0.052811363636364	0.810427840909091	0.071314204545455	0.047519886363636	0.017926704545455		1
000332:	0.038776704545455	0.025215909090909	0.011835227272727	0.902578409090909	0.021593750000000		1
000333:	0.024947727272727	0.019748295454545	0.015055681818182	0.924693750000000	0.015554545454545		1
000334:	0.048906250000000	0.024982386363636	0.018496022727273	0.880597727272727	0.027017613636364		1
000335:	0.697476704545455	0.134413068181818	0.038264772727273	0.064000000000000	0.065845454545455		1
000336:	0.025462500000000	0.058988636363636	0.013029545454545	0.884035227272727	0.018484090909091		1
000337:	0.512397159090909	0.249629545454545	0.069862500000000	0.136575000000000	0.031535795454545		1
000338:	0.814151136363636	0.035704545454545	0.013205113636364	0.095396022727273	0.041543181818182		1
000339:	0.256828409090909	0.483611363636364	0.022443750000000	0.184361931818182	0.052754545454545		1
000340:	0.082077272727273	0.044716477272727	0.012650000000000	0.846633522727273	0.013922727272727		1
000341:	0.830927840909091	0.072735795454545	0.016893750000000	0.051320454545455	0.028122159090909		1
000342:	0.552605113636364	0.273230113636364	0.017730681818182	0.114105113636364	0.042328977272727		1
000343:	0.775423863636364	0.046964204545455	0.012507954545455	0.131994318181818	0.033109659090909		1
000344:	0.089470454545455	0.816839204545455	0.019984659090909	0.029256250000000	0.044449431818182		1
000345:	0.049443181818182	0.858391477272727	0.010551136363636	0.056473863636364	0.025140340909091		1
000346:	0.733385227272727	0.177591477272727	0.013236931818182	0.042229545454545	0.033556818181818		1
000347:	0.668490340909091	0.268594886363636	0.016925568181818	0.024763068181818	0.021226136363636		1
000348:	0.119800568181818	0.563382386363636	0.013510227272727	0.264284090909091	0.039022727272727		1
000349:	0.040439772727273	0.684994886363636	0.021430113636364	0.165669318181818	0.087465909090909		1
000350:	0.071532386363636	0.818790340909091	0.014717613636364	0.057670454545455	0.037289204545455		1
000351:	0.158301136363636	0.772068750000000	0.016743750000000	0.021403977272727	0.031482386363636		1
000352:	0.636846022727273	0.150306250000000	0.023937500000000	0.145813068181818	0.043097159090909		1
000353:	0.152198295454545	0.038864772727273	0.011774431818182	0.785481818181818	0.011680681818182		1
000354:	0.105914204545455	0.049763068181818	0.012086363636364	0.816819318181818	0.015417045454545		1
000355:	0.149278977272727	0.570625000000000	0.036980681818182	0.218119886363636	0.024995454545455		1
000356:	0.187777840909091	0.095653409090909	0.311084090909091	0.243903977272727	0.161580681818182		1
000357:	0.121875568181818	0.093718181818182	0.200462500000000	0.030125000000000	0.553818750000000		1
000358:	0.089239772727273	0.090417613636364	0.033504545454545	0.093483522727273	0.693354545454545		1
000359:	0.206105113636364	0.257591477272727	0.257225000000000	0.057035795454545	0.222042613636364		1
000360:	0.798576136363636	0.057260795454545	0.013893750000000	0.080119886363636	0.050149431818182		1
000361:	0.044945454545455	0.052380113636364	0.138628977272727	0.059736363636364	0.704309090909091		1
000362:	0.112177272727273	0.679609659090909	0.030867045454545	0.144452840909091	0.032893181818182		1
000363:	0.884394318181818	0.017448863636364	0.009151704545455	0.024062500000000	0.064942613636364		1
000364:	0.392591477272727	0.198084090909091	0.273934659090909	0.023736931818182	0.111652840909091		1
000365:	0.374803977272727	0.257077272727273	0.045285227272727	0.075429545454545	0.247403977272727		1
000366:	0.117674431818182	0.047986931818182	0.208060227272727	0.041077840909091	0.585200568181818		1
000367:	0.751141477272727	0.032446590909091	0.070879545454545	0.020123863636364	0.125408522727273		1
000368:	0.409918181818182	0.033023863636364	0.084374431818182	0.037130681818182	0.435552840909091		1
000369:	0.636623863636364	0.089236931818182	0.035718750000000	0.106890340909091	0.131530113636364		1
000370:	0.259771022727273	0.099506250000000	0.054190340909091	0.535248863636364	0.051283522727273		1
000371:	0.785989772727273	0.140286931818182	0.012826136363636	0.028188636363636	0.032708522727273		1
000372:	0.842575568181818	0.014206818181818	0.015760795454545	0.016426704545455	0.111030113636364		1
000373:	0.332538068181818	0.121255681818182	0.187075000000000	0.119038636363636	0.240092613636364		1
000374:	0.487132386363636	0.038129545454545	0.017324431818182	0.062029545454545	0.395384090909091		1
000375:	0.102556818181818	0.163679545454545	0.012476704545455	0.700483522727273	0.020803409090909		1
000376:	0.680712500000000	0.040852272727273	0.020940909090909	0.078556250000000	0.178938068181818		1
000377:	0.042259090909091	0.104475000000000	0.012094886363636	0.823321590909091	0.017849431818182		1
000378:	0.066594318181818	0.025393750000000	0.133943750000000	0.042403409090909	0.731664772727273		1
000379:	0.301560795454545	0.012168181818182	0.196619318181818	0.013295454545455	0.476356250000000		1
000380:	0.404675568181818	0.031713068181818	0.082087500000000	0.097369886363636	0.384153977272727		1
000381:	0.126753409090909	0.017252840909091	0.324164772727273	0.020519886363636	0.511309090909091		1
000382:	0.663532386363636	0.028707386363636	0.027634659090909	0.065274431818182	0.214851136363636		1
000383:	0.749902840909091	0.045231250000000	0.052930113636364	0.062094886363636	0.089840909090909		1
000384:	0.623566477272727	0.046262500000000	0.049966477272727	0.026423295454545	0.253781250000000		1
000385:	0.761533522727273	0.133284659090909	0.024883522727273	0.020531818181818	0.059766477272727		1
000386:	0.391209659090909	0.021128409090909	0.418107386363636	0.034794886363636	0.134759659090909		1
000387:	0.672825000000000	0.037005681818182	0.036006250000000	0.080263068181818	0.173900000000000		1
000388:	0.226396590909091	0.132146022727273	0.365922727272727	0.104232386363636	0.171302272727273		1
000389:	0.711657386363636	0.071045454545455	0.038075000000000	0.015844318181818	0.163377840909091		1
000390:	0.427220454545455	0.396414772727273	0.020450000000000	0.129262500000000	0.026652272727273		1
