Estimated Clustering Probabilities for Samples
Sample	***Cluster  01***	***Cluster  02***	***Cluster  03***	***Cluster  04***	***Cluster  05***	***Cluster  06***	
000001:	0.152225000000000	0.133572727272727	0.304416477272727	0.030006818181818	0.199406818181818	0.180372159090909		1
000002:	0.046379545454545	0.090955681818182	0.078350568181818	0.015537500000000	0.734846022727273	0.033930681818182		1
000003:	0.393645454545455	0.089635227272727	0.142169318181818	0.037580113636364	0.290806250000000	0.046163636363636		1
000004:	0.048160795454545	0.726149431818182	0.026017045454545	0.018517613636364	0.160586363636364	0.020568750000000		1
000005:	0.205857386363636	0.030861363636364	0.042788636363636	0.010742045454545	0.636932386363636	0.072818181818182		1
000006:	0.048166477272727	0.486799431818182	0.049634659090909	0.088726136363636	0.253364772727273	0.073308522727273		1
000007:	0.184334659090909	0.060492045454545	0.184578409090909	0.026827840909091	0.518847159090909	0.024919886363636		1
000008:	0.067592045454545	0.056669886363636	0.045454545454545	0.027026136363636	0.783143750000000	0.020113636363636		1
000009:	0.030880681818182	0.192693181818182	0.019889772727273	0.021193181818182	0.698417045454545	0.036926136363636		1
000010:	0.071363636363636	0.082564204545455	0.046929545454545	0.025434659090909	0.640561931818182	0.133146022727273		1
000011:	0.255529545454545	0.276621590909091	0.219722159090909	0.040936363636364	0.146419318181818	0.060771022727273		1
000012:	0.432458522727273	0.157832386363636	0.025325568181818	0.040220454545455	0.081333522727273	0.262829545454545		1
000013:	0.090064772727273	0.418176136363636	0.017456250000000	0.104582954545455	0.027230113636364	0.342489772727273		1
000014:	0.022869886363636	0.908252840909091	0.017880681818182	0.011726136363636	0.018866477272727	0.020403977272727		1
000015:	0.545550568181818	0.176876704545455	0.023782954545455	0.021623295454545	0.165256818181818	0.066909659090909		1
000016:	0.028668181818182	0.900752272727273	0.015948295454545	0.009723295454545	0.026293750000000	0.018614204545455		1
000017:	0.222499431818182	0.087838068181818	0.058996022727273	0.015671022727273	0.170806250000000	0.444189204545455		1
000018:	0.157584659090909	0.046923295454545	0.018305113636364	0.479498295454545	0.034201136363636	0.263487500000000		1
000019:	0.678953977272727	0.047093750000000	0.027628977272727	0.042673295454545	0.145157386363636	0.058492613636364		1
000020:	0.180541477272727	0.376736363636364	0.042807954545455	0.018725000000000	0.146757386363636	0.234431818181818		1
000021:	0.218986363636364	0.030409659090909	0.298760227272727	0.019186363636364	0.039394318181818	0.393263068181818		1
000022:	0.623476704545455	0.094965909090909	0.018536931818182	0.024117045454545	0.064507954545455	0.174395454545455		1
000023:	0.450502272727273	0.065593750000000	0.215701136363636	0.040859090909091	0.072793750000000	0.154550000000000		1
000024:	0.014895454545455	0.897064204545455	0.016702840909091	0.019250568181818	0.024014204545455	0.028072727272727		1
000025:	0.394186931818182	0.165793750000000	0.038308522727273	0.138918181818182	0.121440340909091	0.141352272727273		1
000026:	0.628277272727273	0.024551136363636	0.024950000000000	0.027958522727273	0.042990340909091	0.251272727272727		1
000027:	0.093082954545455	0.055302272727273	0.027054545454545	0.051715909090909	0.041867045454545	0.730977272727273		1
000028:	0.206845454545455	0.069842045454545	0.389101704545455	0.015314204545455	0.127437500000000	0.191459090909091		1
000029:	0.174057954545455	0.163076704545455	0.038406818181818	0.038169886363636	0.175838636363636	0.410450000000000		1
000030:	0.683089204545455	0.091477840909091	0.056782954545455	0.037794318181818	0.091764772727273	0.039090909090909		1
000031:	0.236686931818182	0.054844318181818	0.022282386363636	0.096896022727273	0.034713636363636	0.554576704545454		1
000032:	0.097051136363636	0.083818181818182	0.059067613636364	0.025073863636364	0.046812500000000	0.688176704545455		1
000033:	0.574784090909091	0.066306250000000	0.095039772727273	0.022756818181818	0.083065340909091	0.158047727272727		1
000034:	0.024033522727273	0.703639772727273	0.018391477272727	0.186582386363636	0.035706818181818	0.031646022727273		1
000035:	0.109885227272727	0.040902272727273	0.246787500000000	0.049115909090909	0.059858522727273	0.493450568181818		1
000036:	0.264290340909091	0.130260227272727	0.137084659090909	0.019331250000000	0.203839204545455	0.245194318181818		1
000037:	0.210543181818182	0.119267613636364	0.027566477272727	0.023530681818182	0.121848863636364	0.497243181818182		1
000038:	0.259032954545455	0.100554545454545	0.365982954545455	0.051141477272727	0.170202272727273	0.053085795454545		1
000039:	0.606557954545455	0.092350000000000	0.025420454545455	0.067544886363636	0.080005113636364	0.128121590909091		1
000040:	0.030850568181818	0.797913068181818	0.034425000000000	0.040607954545455	0.066700568181818	0.029502840909091		1
000041:	0.183919886363636	0.226151136363636	0.036113636363636	0.030922159090909	0.079913636363636	0.442979545454545		1
000042:	0.245168181818182	0.117760227272727	0.051125000000000	0.188270454545455	0.048669318181818	0.349006818181818		1
000043:	0.368876704545455	0.138588636363636	0.057630681818182	0.031403409090909	0.233460227272727	0.170040340909091		1
000044:	0.286327840909091	0.071586931818182	0.035442045454545	0.028850000000000	0.198677840909091	0.379115340909091		1
000045:	0.221311363636364	0.024170454545455	0.015472159090909	0.038986363636364	0.049860795454545	0.650198863636364		1
000046:	0.294932954545455	0.061807954545455	0.222689204545455	0.118508522727273	0.042195454545455	0.259865909090909		1
000047:	0.109269886363636	0.154359659090909	0.168927272727273	0.098271590909091	0.126238636363636	0.342932954545455		1
000048:	0.217644318181818	0.074317613636364	0.058768750000000	0.035424431818182	0.579219318181818	0.034625568181818		1
000049:	0.743704545454545	0.052561931818182	0.036847159090909	0.024810227272727	0.098172159090909	0.043903977272727		1
000050:	0.222913636363636	0.317571022727273	0.074671022727273	0.071854545454545	0.212325000000000	0.100664772727273		1
000051:	0.026794886363636	0.869153977272727	0.030328409090909	0.014164772727273	0.041192613636364	0.018365340909091		1
000052:	0.040205113636364	0.864515340909091	0.025776136363636	0.012064772727273	0.042998863636364	0.014439772727273		1
000053:	0.416683522727273	0.227700000000000	0.036788636363636	0.075659090909091	0.094503409090909	0.148665340909091		1
000054:	0.155864204545455	0.094031250000000	0.064171022727273	0.313828409090909	0.111730681818182	0.260374431818182		1
000055:	0.443696022727273	0.245520454545455	0.035584659090909	0.016339772727273	0.199719318181818	0.059139772727273		1
000056:	0.572859090909091	0.108207954545455	0.029828977272727	0.021940340909091	0.152072727272727	0.115090909090909		1
000057:	0.290431250000000	0.188350000000000	0.040683522727273	0.022217613636364	0.135188068181818	0.323129545454545		1
000058:	0.886849431818182	0.019973295454545	0.013484090909091	0.019585795454545	0.029343750000000	0.030763636363636		1
000059:	0.608048863636364	0.020938068181818	0.019837500000000	0.034779545454545	0.037260795454545	0.279135227272727		1
000060:	0.222803409090909	0.029515909090909	0.008189772727273	0.056464204545455	0.544043750000000	0.138982954545455		1
000061:	0.764122727272727	0.046618750000000	0.027717045454545	0.016288636363636	0.071320454545455	0.073932386363636		1
000062:	0.035609659090909	0.860087500000000	0.023053977272727	0.013525568181818	0.049212500000000	0.018510795454545		1
000063:	0.029842045454545	0.859966477272727	0.026963068181818	0.019124431818182	0.049428409090909	0.014675568181818		1
000064:	0.036940909090909	0.849111931818182	0.041488068181818	0.010604545454545	0.047609090909091	0.014245454545455		1
000065:	0.471167613636364	0.077547159090909	0.042378977272727	0.020979545454545	0.359653977272727	0.028272727272727		1
000066:	0.478576704545455	0.092246022727273	0.023400568181818	0.017242045454545	0.123444886363636	0.265089772727273		1
000067:	0.023870454545455	0.828205113636364	0.022967613636364	0.012877840909091	0.095227840909091	0.016851136363636		1
000068:	0.809027840909091	0.019752272727273	0.022426704545455	0.025122159090909	0.037784090909091	0.085886931818182		1
000069:	0.444264204545455	0.074392613636364	0.031672727272727	0.015107386363636	0.093915340909091	0.340647727272727		1
000070:	0.285352272727273	0.359086363636364	0.086728409090909	0.065893181818182	0.077465340909091	0.125474431818182		1
000071:	0.788900000000000	0.029390909090909	0.037077272727273	0.017412500000000	0.044270454545455	0.082948863636364		1
000072:	0.634496022727273	0.137298295454545	0.034036931818182	0.012830113636364	0.145080681818182	0.036257954545455		1
000073:	0.621913636363636	0.083771022727273	0.025353409090909	0.018399431818182	0.176185795454545	0.074376704545455		1
000074:	0.229514204545455	0.168918750000000	0.034179545454545	0.167388068181818	0.041903409090909	0.358096022727273		1
000075:	0.318589772727273	0.076910227272727	0.047249431818182	0.097328409090909	0.226004545454545	0.233917613636364		1
000076:	0.160731818181818	0.027121590909091	0.474639772727273	0.078738068181818	0.097188068181818	0.161580681818182		1
000077:	0.397472727272727	0.074579545454545	0.180285795454545	0.071267045454545	0.151681818181818	0.124713068181818		1
000078:	0.529551704545455	0.113411931818182	0.077713068181818	0.016110795454545	0.193058522727273	0.070153977272727		1
000079:	0.674584090909091	0.068526136363636	0.043047159090909	0.044496022727273	0.069911363636364	0.099435227272727		1
000080:	0.533246590909091	0.029031250000000	0.065363068181818	0.097408522727273	0.071438068181818	0.203512500000000		1
000081:	0.561168750000000	0.032927840909091	0.035625000000000	0.009153977272727	0.277292613636364	0.083831818181818		1
000082:	0.689513068181818	0.059985227272727	0.025251704545455	0.008926704545455	0.187734090909091	0.028589204545455		1
000083:	0.637928409090909	0.025721022727273	0.031340340909091	0.025960795454545	0.185760227272727	0.093289204545455		1
000084:	0.024871590909091	0.872046022727273	0.048800000000000	0.020136931818182	0.016799431818182	0.017346022727273		1
000085:	0.159957386363636	0.125355113636364	0.087813068181818	0.024807954545455	0.236497727272727	0.365568750000000		1
000086:	0.160058522727273	0.522175568181818	0.044216477272727	0.054338636363636	0.112622159090909	0.106588636363636		1
000087:	0.769978977272727	0.025978409090909	0.017285227272727	0.009917045454545	0.074915909090909	0.101924431818182		1
000088:	0.130453977272727	0.038881250000000	0.030763068181818	0.028081250000000	0.057166477272727	0.714653977272727		1
000089:	0.003840909090909	0.345650568181818	0.005130681818182	0.002490340909091	0.100844318181818	0.542043181818182		1
000090:	0.361340909090909	0.147337500000000	0.033252272727273	0.105821022727273	0.054104545454545	0.298143750000000		1
000091:	0.351171022727273	0.053446022727273	0.229728409090909	0.155503409090909	0.041237500000000	0.168913636363636		1
000092:	0.738010795454546	0.036763068181818	0.021505113636364	0.031989204545455	0.105427840909091	0.066303977272727		1
000093:	0.326534090909091	0.063508522727273	0.069703977272727	0.074908522727273	0.154882386363636	0.310462500000000		1
000094:	0.604639204545455	0.049257954545455	0.036467045454545	0.047407954545455	0.104577840909091	0.157650000000000		1
000095:	0.599798295454545	0.165191477272727	0.045123863636364	0.014085227272727	0.126570454545455	0.049230681818182		1
000096:	0.029248863636364	0.886001136363636	0.016732954545455	0.010188636363636	0.041057954545455	0.016770454545455		1
000097:	0.725592613636364	0.023475568181818	0.014984659090909	0.025662500000000	0.033539204545455	0.176745454545455		1
000098:	0.856637500000000	0.015729545454545	0.015052272727273	0.009336931818182	0.033387500000000	0.069856250000000		1
000099:	0.306924431818182	0.379973863636364	0.046626136363636	0.036531250000000	0.062563068181818	0.167381250000000		1
000100:	0.106948295454545	0.697993750000000	0.016919886363636	0.014510795454545	0.110338068181818	0.053289204545455		1
000101:	0.050130113636364	0.100767613636364	0.025910227272727	0.011920454545455	0.086861931818182	0.724409659090909		1
000102:	0.603968750000000	0.002294318181818	0.002282386363636	0.001251704545455	0.002624431818182	0.387578409090909		1
000103:	0.615655113636364	0.044816477272727	0.112326136363636	0.083416477272727	0.079485227272727	0.064300568181818		1
000104:	0.104482386363636	0.741455681818182	0.023767045454545	0.017279545454545	0.074192045454545	0.038823295454545		1
000105:	0.199175000000000	0.206767613636364	0.032269318181818	0.074115340909091	0.051171022727273	0.436501704545455		1
000106:	0.158268750000000	0.043047159090909	0.048375000000000	0.027957386363636	0.124900568181818	0.597451136363636		1
000107:	0.200171590909091	0.381547159090909	0.030482386363636	0.023435227272727	0.180385227272727	0.183978409090909		1
000108:	0.116027840909091	0.716112500000000	0.022271022727273	0.031040909090909	0.058227272727273	0.056320454545455		1
000109:	0.302081250000000	0.062757954545455	0.077423863636364	0.041204545454545	0.121863068181818	0.394669318181818		1
000110:	0.102696022727273	0.145064772727273	0.198090340909091	0.449482954545455	0.045534659090909	0.059131250000000		1
000111:	0.235152840909091	0.441072727272727	0.095702840909091	0.017739204545455	0.116448295454545	0.093884090909091		1
000112:	0.035265340909091	0.109354545454545	0.053613636363636	0.030604545454545	0.066005113636364	0.705156818181818		1
000113:	0.561879545454545	0.121546590909091	0.032405113636364	0.018757954545455	0.201550000000000	0.063860795454545		1
000114:	0.678785795454545	0.009510227272727	0.024591477272727	0.009556818181818	0.264697159090909	0.012858522727273		1
000115:	0.558332386363636	0.083013636363636	0.047326704545455	0.037867613636364	0.103280681818182	0.170178977272727		1
000116:	0.283405681818182	0.440857954545455	0.035302272727273	0.027613636363636	0.146417613636364	0.066402840909091		1
000117:	0.075198295454545	0.073638636363636	0.055931818181818	0.022412500000000	0.128602272727273	0.644216477272727		1
000118:	0.309500000000000	0.256127840909091	0.110817045454545	0.016261363636364	0.260571022727273	0.046722727272727		1
000119:	0.589367613636364	0.094422159090909	0.023329545454545	0.034156818181818	0.034297727272727	0.224426136363636		1
000120:	0.109186363636364	0.254007386363636	0.040110795454545	0.021860795454545	0.500669886363636	0.074164772727273		1
000121:	0.569357386363636	0.087988636363636	0.061475568181818	0.089523295454545	0.061081250000000	0.130573863636364		1
000122:	0.639662500000000	0.049520454545455	0.015842045454545	0.016977840909091	0.053619886363636	0.224377272727273		1
000123:	0.795217045454545	0.028793750000000	0.038153409090909	0.020445454545455	0.089310795454545	0.028079545454545		1
000124:	0.164099431818182	0.038113068181818	0.188175568181818	0.079946022727273	0.162197159090909	0.367468750000000		1
000125:	0.085303409090909	0.081326704545455	0.396489204545455	0.020252840909091	0.364118750000000	0.052509090909091		1
000126:	0.023195454545455	0.040071022727273	0.852878977272727	0.014989772727273	0.044634090909091	0.024230681818182		1
000127:	0.211400000000000	0.286877272727273	0.021126136363636	0.020973295454545	0.224409090909091	0.235214204545455		1
000128:	0.536615909090909	0.021038636363636	0.007541477272727	0.005302840909091	0.418575000000000	0.010926136363636		1
000129:	0.620679545454545	0.027266477272727	0.015349431818182	0.043984659090909	0.024352840909091	0.268367045454545		1
000130:	0.763698295454545	0.063577840909091	0.032113068181818	0.027656250000000	0.085259090909091	0.027695454545455		1
000131:	0.597769886363636	0.061159659090909	0.039035795454545	0.026383522727273	0.082872159090909	0.192778977272727		1
000132:	0.027860227272727	0.803838068181818	0.014440340909091	0.020645454545455	0.055363636363636	0.077852272727273		1
000133:	0.291835227272727	0.065590909090909	0.324598863636364	0.089815340909091	0.076520454545455	0.151639204545455		1
000134:	0.618700568181818	0.073405113636364	0.046894886363636	0.085480681818182	0.109864204545455	0.065654545454545		1
000135:	0.393907386363636	0.022556818181818	0.024394318181818	0.149132386363636	0.073557954545455	0.336451136363636		1
000136:	0.665830113636364	0.090225000000000	0.051168750000000	0.030345454545455	0.118348295454545	0.044082386363636		1
000137:	0.587365340909091	0.055710227272727	0.033208522727273	0.155885795454545	0.030726136363636	0.137103977272727		1
000138:	0.617814204545455	0.053914204545455	0.076459090909091	0.043297159090909	0.114484090909091	0.094031250000000		1
000139:	0.337465909090909	0.099786363636364	0.097817045454545	0.081244886363636	0.184706818181818	0.198978977272727		1
000140:	0.216326704545455	0.069698295454545	0.030826136363636	0.526165340909091	0.038587500000000	0.118396022727273		1
000141:	0.015983522727273	0.807016477272727	0.038697727272727	0.021081818181818	0.111052840909091	0.006167613636364		1
000142:	0.679181818181818	0.078114204545455	0.019624431818182	0.041248863636364	0.051903977272727	0.129926704545455		1
000143:	0.418688068181818	0.059388068181818	0.035598295454545	0.024782386363636	0.313509090909091	0.148034090909091		1
000144:	0.227399431818182	0.256211363636364	0.037819886363636	0.023474431818182	0.146875000000000	0.308219886363636		1
000145:	0.030878409090909	0.828737500000000	0.036739204545455	0.031052272727273	0.045912500000000	0.026680113636364		1
000146:	0.508598295454545	0.112821022727273	0.029871590909091	0.112923295454545	0.072736363636364	0.163049431818182		1
000147:	0.293699431818182	0.081353409090909	0.024288636363636	0.029205681818182	0.490915340909091	0.080537500000000		1
000148:	0.556265909090909	0.032730113636364	0.027273863636364	0.033789772727273	0.320533522727273	0.029406818181818		1
000149:	0.179613636363636	0.107298295454545	0.049865909090909	0.056504545454545	0.335688636363636	0.271028977272727		1
000150:	0.179267613636364	0.069681250000000	0.050326704545455	0.075410795454545	0.067378409090909	0.557935227272727		1
000151:	0.125361363636364	0.213880113636364	0.105295454545455	0.034464204545455	0.419915909090909	0.101082954545455		1
000152:	0.488907954545455	0.096069318181818	0.147773295454545	0.044696590909091	0.133733522727273	0.088819318181818		1
000153:	0.134425000000000	0.072060795454545	0.024535227272727	0.034060795454545	0.131936931818182	0.602981250000000		1
000154:	0.091908522727273	0.648958522727273	0.016472727272727	0.009402272727273	0.210229545454545	0.023028409090909		1
000155:	0.271985227272727	0.398823295454545	0.037286363636364	0.063493181818182	0.116217613636364	0.112194318181818		1
000156:	0.053402840909091	0.385915340909091	0.036293750000000	0.017770454545455	0.085219318181818	0.421398295454545		1
000157:	0.032557954545455	0.849931818181818	0.022999431818182	0.012497727272727	0.053499431818182	0.028513636363636		1
000158:	0.060287500000000	0.154639772727273	0.262151704545455	0.043192613636364	0.203714772727273	0.276013636363636		1
000159:	0.037499431818182	0.511781250000000	0.091639204545455	0.111268750000000	0.063511931818182	0.184299431818182		1
000160:	0.016097159090909	0.046686363636364	0.743846022727273	0.018153977272727	0.153896590909091	0.021319886363636		1
000161:	0.031425568181818	0.106790340909091	0.078857954545455	0.041585795454545	0.688900000000000	0.052440340909091		1
000162:	0.044565340909091	0.027644318181818	0.219068181818182	0.182423863636364	0.148591477272727	0.377706818181818		1
000163:	0.095273295454545	0.054971590909091	0.021427840909091	0.013010795454545	0.713888636363636	0.101427840909091		1
000164:	0.026016477272727	0.747712500000000	0.029917045454545	0.012650568181818	0.163911931818182	0.019791477272727		1
000165:	0.076015340909091	0.066513636363636	0.036035227272727	0.026678977272727	0.762938068181818	0.031818750000000		1
000166:	0.043559090909091	0.039775000000000	0.017589772727273	0.011150568181818	0.848364204545455	0.039561363636364		1
000167:	0.118036363636364	0.068014204545455	0.071946022727273	0.026307386363636	0.620673863636364	0.095022159090909		1
000168:	0.305815909090909	0.370804545454545	0.065756818181818	0.033995454545455	0.112677272727273	0.110950000000000		1
000169:	0.570063636363636	0.034957386363636	0.025814772727273	0.034908522727273	0.099296590909091	0.234959090909091		1
000170:	0.642734659090909	0.027013636363636	0.029023863636364	0.021218750000000	0.254421590909091	0.025587500000000		1
000171:	0.057965909090909	0.762606818181818	0.020828977272727	0.089738636363636	0.047190909090909	0.021668750000000		1
000172:	0.407943750000000	0.081489772727273	0.085357386363636	0.061170454545455	0.248218750000000	0.115819886363636		1
000173:	0.437358522727273	0.071068750000000	0.039840340909091	0.013656818181818	0.241568181818182	0.196507386363636		1
000174:	0.786075000000000	0.027665909090909	0.013057954545455	0.041323863636364	0.035650568181818	0.096226704545455		1
000175:	0.029459090909091	0.891850568181818	0.016495454545455	0.016222159090909	0.025901704545455	0.020071022727273		1
000176:	0.432139204545455	0.092114204545455	0.135888068181818	0.053139772727273	0.120945454545455	0.165773295454545		1
000177:	0.749913068181818	0.092759090909091	0.026540909090909	0.028419318181818	0.047271590909091	0.055096022727273		1
000178:	0.568676136363636	0.161575000000000	0.027277840909091	0.027321590909091	0.096124431818182	0.119025000000000		1
000179:	0.027155681818182	0.893897159090909	0.016264204545455	0.014756818181818	0.034609090909091	0.013317045454545		1
000180:	0.002564772727273	0.944830681818182	0.001294318181818	0.039638636363636	0.009428409090909	0.002243181818182		1
000181:	0.018543181818182	0.866312500000000	0.028707954545455	0.014120454545455	0.055638068181818	0.016677840909091		1
000182:	0.269461363636364	0.187010795454545	0.095653409090909	0.106126704545455	0.090458522727273	0.251289204545455		1
000183:	0.029335227272727	0.871148863636364	0.019730113636364	0.010182954545455	0.050213068181818	0.019389772727273		1
000184:	0.647881250000000	0.112381250000000	0.085198863636364	0.041119886363636	0.061523863636364	0.051894886363636		1
000185:	0.180298863636364	0.106422159090909	0.085372159090909	0.266536363636364	0.132194318181818	0.229176136363636		1
000186:	0.063304545454545	0.768597727272727	0.052501704545455	0.024064204545455	0.048380681818182	0.043151136363636		1
000187:	0.031168181818182	0.886109659090909	0.016632386363636	0.023501136363636	0.025750000000000	0.016838636363636		1
000188:	0.133018750000000	0.320248863636364	0.314392045454545	0.029312500000000	0.164575568181818	0.038452272727273		1
000189:	0.647951704545455	0.043235227272727	0.019310795454545	0.013036363636364	0.242136931818182	0.034328977272727		1
000190:	0.326969886363636	0.050870454545455	0.053910795454545	0.032660795454545	0.450250000000000	0.085338068181818		1
000191:	0.308976704545455	0.066997727272727	0.032806818181818	0.016022727272727	0.252626704545455	0.322569318181818		1
000192:	0.167601136363636	0.081931250000000	0.129244318181818	0.024361363636364	0.061713068181818	0.535148863636364		1
000193:	0.353931818181818	0.142281250000000	0.038080113636364	0.072761363636364	0.099828977272727	0.293116477272727		1
000194:	0.519286931818182	0.104867045454545	0.032594886363636	0.116731250000000	0.168486363636364	0.058033522727273		1
000195:	0.160864772727273	0.036851136363636	0.020043750000000	0.010939204545455	0.116857386363636	0.654443750000000		1
000196:	0.055800000000000	0.407151704545455	0.251065340909091	0.015290340909091	0.221253977272727	0.049438636363636		1
000197:	0.135918181818182	0.110203409090909	0.046956818181818	0.018242613636364	0.357344318181818	0.331334659090909		1
000198:	0.118756818181818	0.083980113636364	0.055189204545455	0.110713068181818	0.238948863636364	0.392411931818182		1
000199:	0.047714204545455	0.066439204545455	0.038733522727273	0.017607954545455	0.792566477272727	0.036938636363636		1
000200:	0.060966477272727	0.069589204545455	0.136005681818182	0.033850568181818	0.621020454545455	0.078567613636364		1
000201:	0.023695454545455	0.860306250000000	0.020317613636364	0.012801704545455	0.062507386363636	0.020371590909091		1
000202:	0.565075000000000	0.187703409090909	0.052643750000000	0.047854545454545	0.052878409090909	0.093844886363636		1
000203:	0.406832386363636	0.132294318181818	0.035626136363636	0.021844318181818	0.358501136363636	0.044901704545455		1
000204:	0.000067045454545	0.000065909090909	0.010564204545455	0.000056250000000	0.989181818181818	0.000064772727273		1
000205:	0.211330681818182	0.377895454545455	0.033721022727273	0.043003977272727	0.275636363636364	0.058412500000000		1
000206:	0.593571590909091	0.128968181818182	0.036962500000000	0.131260795454545	0.083496022727273	0.025740909090909		1
000207:	0.349076704545455	0.038105681818182	0.135348863636364	0.020002272727273	0.116519318181818	0.340947159090909		1
000208:	0.110847727272727	0.251484659090909	0.044815909090909	0.019215340909091	0.512667045454545	0.060969318181818		1
000209:	0.073647727272727	0.621482954545455	0.045854545454545	0.017997727272727	0.142297159090909	0.098719886363636		1
000210:	0.166202272727273	0.300688068181818	0.023928977272727	0.028822727272727	0.193671590909091	0.286686363636364		1
000211:	0.390794886363636	0.185218750000000	0.045970454545455	0.028319886363636	0.271028409090909	0.078667613636364		1
000212:	0.204994886363636	0.005657954545455	0.001428977272727	0.000598863636364	0.010915909090909	0.776403409090909		1
000213:	0.066379545454545	0.448231818181818	0.039283522727273	0.010623863636364	0.412152840909091	0.023328409090909		1
000214:	0.149068181818182	0.079894318181818	0.122393750000000	0.025150000000000	0.526886931818182	0.096606818181818		1
000215:	0.299231250000000	0.130786363636364	0.115984090909091	0.093740340909091	0.104803409090909	0.255454545454545		1
000216:	0.025375568181818	0.520394318181818	0.084488068181818	0.035066477272727	0.248161931818182	0.086513636363636		1
000217:	0.052304545454545	0.173873863636364	0.118350000000000	0.037216477272727	0.557860795454545	0.060394318181818		1
000218:	0.065548863636364	0.277349431818182	0.044099431818182	0.023727272727273	0.537582386363636	0.051692613636364		1
000219:	0.027499431818182	0.089904545454545	0.089333522727273	0.020894886363636	0.748950000000000	0.023417613636364		1
000220:	0.044713068181818	0.477003977272727	0.050259659090909	0.013118750000000	0.375006818181818	0.039897727272727		1
000221:	0.081053977272727	0.223003977272727	0.048794318181818	0.020196022727273	0.594588636363636	0.032363068181818		1
000222:	0.037990909090909	0.782223863636364	0.024125568181818	0.011207386363636	0.124041477272727	0.020410795454545		1
000223:	0.183792613636364	0.380195454545455	0.053751704545455	0.109301704545455	0.140779545454545	0.132178977272727		1
000224:	0.806297727272727	0.050038068181818	0.017782954545455	0.035310795454545	0.018489772727273	0.072080681818182		1
000225:	0.843228977272727	0.024338636363636	0.016931818181818	0.031772727272727	0.022064772727273	0.061663068181818		1
000226:	0.632014204545455	0.129558522727273	0.089290340909091	0.017397159090909	0.050265340909091	0.081474431818182		1
000227:	0.533705113636364	0.052091477272727	0.053640909090909	0.052265340909091	0.044088636363636	0.264208522727273		1
000228:	0.038716477272727	0.031177272727273	0.185651136363636	0.638599431818182	0.046200000000000	0.059655681818182		1
000229:	0.831063636363636	0.023513068181818	0.024562500000000	0.033891477272727	0.045289204545455	0.041680113636364		1
000230:	0.069225568181818	0.081469318181818	0.712425000000000	0.029203409090909	0.081426704545455	0.026250000000000		1
000231:	0.523087500000000	0.035266477272727	0.066099431818182	0.041556818181818	0.086764772727273	0.247225000000000		1
000232:	0.192402272727273	0.298582954545455	0.295357954545455	0.055872159090909	0.111923863636364	0.045860795454545		1
000233:	0.622598863636364	0.072959659090909	0.042600000000000	0.033425000000000	0.055376136363636	0.173040340909091		1
000234:	0.513140909090909	0.028737500000000	0.039362500000000	0.176216477272727	0.062034090909091	0.180508522727273		1
000235:	0.169310795454545	0.061148863636364	0.020614772727273	0.553615340909091	0.051863636363636	0.143446590909091		1
000236:	0.102218181818182	0.382148863636364	0.268896590909091	0.071646590909091	0.086923295454545	0.088166477272727		1
000237:	0.565032386363636	0.033521590909091	0.031266477272727	0.178401704545455	0.058960227272727	0.132817613636364		1
000238:	0.082981818181818	0.662205113636364	0.028947159090909	0.024422159090909	0.139460227272727	0.061983522727273		1
000239:	0.561097727272727	0.083438068181818	0.129002840909091	0.046956250000000	0.071402840909091	0.108102272727273		1
000240:	0.054460227272727	0.031838068181818	0.818433522727273	0.020826704545455	0.024742613636364	0.049698863636364		1
000241:	0.099777840909091	0.303665340909091	0.049331818181818	0.031790909090909	0.066010227272727	0.449423863636364		1
000242:	0.110862500000000	0.029496590909091	0.021538068181818	0.042557386363636	0.079707386363636	0.715838068181818		1
000243:	0.069167613636364	0.033955681818182	0.589023295454545	0.188476704545455	0.045068181818182	0.074308522727273		1
000244:	0.003059090909091	0.005235227272727	0.610810795454545	0.354240909090909	0.024674431818182	0.001979545454545		1
000245:	0.691211363636364	0.020495454545455	0.087275000000000	0.017055681818182	0.073350000000000	0.110612500000000		1
000246:	0.324569886363636	0.029525568181818	0.147854545454545	0.194085795454545	0.038244886363636	0.265719318181818		1
000247:	0.317698863636364	0.072274431818182	0.102219886363636	0.101837500000000	0.133084659090909	0.272884659090909		1
000248:	0.749489204545455	0.029840340909091	0.138910227272727	0.017055113636364	0.047977840909091	0.016727272727273		1
000249:	0.273444886363636	0.031075000000000	0.341067045454545	0.155125568181818	0.037400000000000	0.161887500000000		1
000250:	0.868702840909091	0.021153977272727	0.016484659090909	0.026066477272727	0.017130113636364	0.050461931818182		1
000251:	0.631464204545455	0.036307954545455	0.122242045454545	0.033274431818182	0.033414204545455	0.143297159090909		1
000252:	0.095462500000000	0.224446590909091	0.413776136363636	0.064619318181818	0.124832386363636	0.076863068181818		1
000253:	0.121406250000000	0.063169318181818	0.170682386363636	0.495358522727273	0.094380113636364	0.055003409090909		1
000254:	0.471553977272727	0.087694318181818	0.189772159090909	0.141786363636364	0.056327840909091	0.052865340909091		1
000255:	0.799279545454545	0.044471022727273	0.035001704545455	0.063424431818182	0.034321022727273	0.023502272727273		1
000256:	0.830697727272727	0.024265340909091	0.029041477272727	0.018754545454545	0.058091477272727	0.039149431818182		1
000257:	0.046947727272727	0.606200568181818	0.085036363636364	0.042011363636364	0.190838068181818	0.028965909090909		1
000258:	0.043330681818182	0.000729545454545	0.002927272727273	0.071528409090909	0.002873295454545	0.878610795454545		1
000259:	0.012326136363636	0.896033522727273	0.016758522727273	0.017164204545455	0.024551704545455	0.033165909090909		1
000260:	0.108065909090909	0.048860795454545	0.613626704545455	0.051116477272727	0.031613636363636	0.146716477272727		1
000261:	0.120914772727273	0.254846590909091	0.149798295454545	0.297247159090909	0.068315909090909	0.108877272727273		1
000262:	0.051209090909091	0.416026136363636	0.326946590909091	0.076917045454545	0.051123863636364	0.077777272727273		1
000263:	0.279894318181818	0.093131818181818	0.074017613636364	0.023551136363636	0.406478409090909	0.122926704545455		1
000264:	0.092926136363636	0.774717613636364	0.041963068181818	0.022597727272727	0.044479545454545	0.023315909090909		1
000265:	0.378465909090909	0.150685795454545	0.036652840909091	0.039969886363636	0.368513068181818	0.025712500000000		1
000266:	0.843355113636364	0.037663068181818	0.022744886363636	0.036897727272727	0.031519886363636	0.027819318181818		1
000267:	0.770534659090909	0.021196022727273	0.091325568181818	0.059020454545455	0.027922159090909	0.030001136363636		1
000268:	0.360418181818182	0.116145454545455	0.114342045454545	0.033597727272727	0.313408522727273	0.062088068181818		1
000269:	0.262275568181818	0.061307386363636	0.025123295454545	0.263057386363636	0.047090909090909	0.341145454545455		1
000270:	0.028810227272727	0.853632954545455	0.037013636363636	0.019051136363636	0.038216477272727	0.023275568181818		1
000271:	0.121827840909091	0.132565909090909	0.150621022727273	0.483197727272727	0.045150000000000	0.066637500000000		1
000272:	0.116709090909091	0.217815909090909	0.330555113636364	0.147725000000000	0.052726704545455	0.134468181818182		1
000273:	0.199496022727273	0.341832386363636	0.058967613636364	0.239050568181818	0.055827272727273	0.104826136363636		1
000274:	0.527288068181818	0.073923295454545	0.126371590909091	0.132359659090909	0.060036363636364	0.080021022727273		1
000275:	0.756391477272727	0.043430113636364	0.020696590909091	0.021768750000000	0.038754545454545	0.118958522727273		1
000276:	0.028802272727273	0.833281818181818	0.030152272727273	0.026240340909091	0.058018181818182	0.023505113636364		1
000277:	0.251359090909091	0.099664772727273	0.031759090909091	0.448288636363636	0.042017613636364	0.126910795454545		1
000278:	0.784188636363636	0.035781818181818	0.036664204545455	0.024700568181818	0.072825000000000	0.045839772727273		1
000279:	0.307711931818182	0.022384090909091	0.018217613636364	0.461964772727273	0.038997727272727	0.150723863636364		1
000280:	0.371760795454545	0.164334090909091	0.276942613636364	0.035800000000000	0.062818181818182	0.088344318181818		1
000281:	0.052411931818182	0.604549431818182	0.030009090909091	0.219082954545455	0.030441477272727	0.063505113636364		1
000282:	0.180055113636364	0.269092613636364	0.064575568181818	0.205884659090909	0.032490909090909	0.247901136363636		1
000283:	0.017821022727273	0.890909659090909	0.041676704545455	0.008750000000000	0.024816477272727	0.016026136363636		1
000284:	0.337731818181818	0.094079545454545	0.179123295454545	0.292590909090909	0.052645454545455	0.043828977272727		1
000285:	0.118332954545455	0.031176704545455	0.056895454545455	0.104626136363636	0.067207386363636	0.621761363636364		1
000286:	0.279494318181818	0.328282954545455	0.026123863636364	0.188457954545455	0.044401704545455	0.133239204545455		1
000287:	0.562054545454545	0.152768750000000	0.023464772727273	0.160282386363636	0.033878409090909	0.067551136363636		1
000288:	0.530634090909091	0.167730681818182	0.085981818181818	0.084948295454545	0.085248863636364	0.045456250000000		1
000289:	0.524211931818182	0.144597727272727	0.127113068181818	0.034723863636364	0.128752272727273	0.040601136363636		1
000290:	0.096129545454545	0.161432386363636	0.612882386363636	0.033650568181818	0.065998863636364	0.029906250000000		1
000291:	0.553942613636364	0.126335795454545	0.018932386363636	0.035632954545455	0.192461363636364	0.072694886363636		1
000292:	0.075413068181818	0.047996590909091	0.100529545454545	0.046527272727273	0.686151136363636	0.043382386363636		1
000293:	0.108329545454545	0.035827272727273	0.026688636363636	0.011532386363636	0.769847727272727	0.047774431818182		1
000294:	0.453331250000000	0.179542613636364	0.030513068181818	0.021331818181818	0.207671590909091	0.107609659090909		1
000295:	0.100092045454545	0.046357386363636	0.038914204545455	0.011578977272727	0.204409090909091	0.598648295454545		1
000296:	0.171040909090909	0.440507954545455	0.041283522727273	0.024247727272727	0.245676136363636	0.077243750000000		1
000297:	0.553188636363636	0.238889204545455	0.070580681818182	0.015111363636364	0.078958522727273	0.043271590909091		1
000298:	0.217186363636364	0.066265909090909	0.021956818181818	0.175636363636364	0.032760795454545	0.486193750000000		1
000299:	0.769457386363636	0.055202272727273	0.037281250000000	0.039455681818182	0.055402840909091	0.043200568181818		1
000300:	0.286376136363636	0.290602272727273	0.053477272727273	0.110314772727273	0.174821590909091	0.084407954545455		1
000301:	0.476997159090909	0.056456250000000	0.023393750000000	0.021226136363636	0.314057386363636	0.107869318181818		1
000302:	0.014522727272727	0.886299431818182	0.030883522727273	0.011482386363636	0.031227840909091	0.025584090909091		1
000303:	0.015986931818182	0.872477840909091	0.033413636363636	0.018884090909091	0.023515909090909	0.035721590909091		1
000304:	0.165973295454545	0.028906250000000	0.088961363636364	0.019789772727273	0.646391477272727	0.049977840909091		1
000305:	0.034093750000000	0.122989772727273	0.678828977272727	0.020383522727273	0.086239772727273	0.057464204545455		1
000306:	0.034990340909091	0.735884659090909	0.118876704545455	0.030825568181818	0.034517045454545	0.044905681818182		1
000307:	0.034908522727273	0.086519318181818	0.789199431818182	0.018100568181818	0.053295454545455	0.017976704545455		1
000308:	0.193310795454545	0.048752272727273	0.042617045454545	0.017188636363636	0.679499431818182	0.018631818181818		1
000309:	0.460565340909091	0.101699431818182	0.032113636363636	0.105938068181818	0.225713636363636	0.073969886363636		1
000310:	0.019475000000000	0.912722727272727	0.013845454545455	0.008867613636364	0.026465909090909	0.018623295454545		1
000311:	0.367507954545455	0.201355681818182	0.172220454545455	0.061506250000000	0.133390909090909	0.064018750000000		1
000312:	0.701048863636364	0.046867613636364	0.038913636363636	0.101591477272727	0.038933522727273	0.072644886363636		1
000313:	0.163356818181818	0.059589204545455	0.048440340909091	0.518842045454545	0.091461363636364	0.118310227272727		1
000314:	0.163993750000000	0.142897727272727	0.151303409090909	0.095183522727273	0.055515909090909	0.391105681818182		1
000315:	0.368185795454545	0.044740909090909	0.065138636363636	0.130707386363636	0.081631818181818	0.309595454545455		1
000316:	0.658841477272727	0.073369318181818	0.041969886363636	0.020030113636364	0.152541477272727	0.053247727272727		1
000317:	0.131235227272727	0.037211363636364	0.099202840909091	0.035380681818182	0.070998295454545	0.625971590909091		1
000318:	0.150384090909091	0.180071590909091	0.233202840909091	0.022099431818182	0.342923295454545	0.071318750000000		1
000319:	0.021791477272727	0.864385795454545	0.017470454545455	0.015082386363636	0.044885227272727	0.036384659090909		1
000320:	0.115114204545455	0.412721022727273	0.054919318181818	0.044921022727273	0.245959659090909	0.126364772727273		1
000321:	0.036094886363636	0.039113068181818	0.027151136363636	0.018288068181818	0.858057386363636	0.021295454545455		1
000322:	0.000913068181818	0.057835227272727	0.024961363636364	0.002833522727273	0.067100000000000	0.846356818181818		1
000323:	0.087069886363636	0.142393750000000	0.093234659090909	0.321048863636364	0.154240909090909	0.202011931818182		1
000324:	0.084223863636364	0.195301704545455	0.217966477272727	0.028727272727273	0.436156250000000	0.037624431818182		1
000325:	0.026860795454545	0.812571590909091	0.038955681818182	0.029713636363636	0.056622159090909	0.035276136363636		1
000326:	0.713375568181818	0.052674431818182	0.061978409090909	0.023920454545455	0.121976136363636	0.026075000000000		1
000327:	0.090124431818182	0.144110795454545	0.077958522727273	0.021011931818182	0.527726136363636	0.139068181818182		1
000328:	0.032742613636364	0.037742613636364	0.850313636363636	0.012947727272727	0.045218181818182	0.021035227272727		1
000329:	0.190872727272727	0.228564204545455	0.077154545454545	0.038911363636364	0.415907954545455	0.048589204545455		1
000330:	0.032883522727273	0.172518181818182	0.617437500000000	0.023928409090909	0.112666477272727	0.040565909090909		1
000331:	0.039436363636364	0.052596022727273	0.790082386363636	0.036973863636364	0.064088636363636	0.016822727272727		1
