Estimated Clustering Probabilities for Samples
Sample	***Cluster  01***	***Cluster  02***	***Cluster  03***	***Cluster  04***	***Cluster  05***	***Cluster  06***	
000001:	0.190687500000000	0.045389204545455	0.279565909090909	0.154943750000000	0.130285795454545	0.199127840909091		1
000002:	0.034501704545455	0.014313068181818	0.850580113636364	0.024873295454545	0.052953409090909	0.022778409090909		1
000003:	0.512558522727273	0.054431250000000	0.280736363636364	0.026826136363636	0.047659090909091	0.077788636363636		1
000004:	0.049815909090909	0.025652272727273	0.166266477272727	0.023661363636364	0.706031250000000	0.028572727272727		1
000005:	0.189765340909091	0.020085795454545	0.627948863636364	0.061548863636364	0.062347727272727	0.038303409090909		1
000006:	0.079122159090909	0.057402840909091	0.163106818181818	0.071290340909091	0.582209090909091	0.046868750000000		1
000007:	0.143902840909091	0.022928977272727	0.619393181818182	0.026875568181818	0.050592613636364	0.136306818181818		1
000008:	0.044555681818182	0.036188636363636	0.756825568181818	0.026196590909091	0.097368750000000	0.038864772727273		1
000009:	0.049023295454545	0.019248295454545	0.682070454545455	0.040922159090909	0.182506250000000	0.026229545454545		1
000010:	0.098889204545455	0.033923295454545	0.628035795454545	0.083757954545455	0.107998295454545	0.047395454545455		1
000011:	0.272847727272727	0.033035227272727	0.186663636363636	0.047277840909091	0.259528409090909	0.200647159090909		1
000012:	0.488476136363636	0.076831818181818	0.051610227272727	0.192286363636364	0.168331818181818	0.022463636363636		1
000013:	0.170620454545455	0.165336931818182	0.056145454545455	0.320978977272727	0.248147727272727	0.038770454545455		1
000014:	0.017827840909091	0.015410227272727	0.025758522727273	0.014265909090909	0.907821590909091	0.018915909090909		1
000015:	0.545647159090909	0.017873863636364	0.195844318181818	0.047048863636364	0.171188068181818	0.022397727272727		1
000016:	0.072843750000000	0.011895454545455	0.040882386363636	0.017061931818182	0.839658522727273	0.017657954545455		1
000017:	0.614289204545455	0.014938636363636	0.093953977272727	0.146501704545455	0.079430113636364	0.050886363636364		1
000018:	0.156930681818182	0.166239772727273	0.051786931818182	0.526812500000000	0.077128977272727	0.021101136363636		1
000019:	0.735367613636364	0.063160795454545	0.077886931818182	0.043367613636364	0.043998295454545	0.036218750000000		1
000020:	0.202721022727273	0.020548863636364	0.163598863636364	0.167531250000000	0.405230113636364	0.040369886363636		1
000021:	0.277252840909091	0.023436931818182	0.038384659090909	0.299418181818182	0.030764772727273	0.330742613636364		1
000022:	0.611433522727273	0.030325568181818	0.083880113636364	0.156698295454545	0.094131250000000	0.023531250000000		1
000023:	0.325842045454545	0.156978409090909	0.096447159090909	0.151207386363636	0.089649431818182	0.179875568181818		1
000024:	0.019122727272727	0.019069318181818	0.034398295454545	0.029744318181818	0.881863636363636	0.015801704545455		1
000025:	0.234316477272727	0.339226136363636	0.070851704545455	0.124002840909091	0.185660795454545	0.045942045454545		1
000026:	0.708100568181818	0.035293181818182	0.034438068181818	0.143258522727273	0.037089204545455	0.041820454545455		1
000027:	0.110705113636364	0.054134659090909	0.059852272727273	0.667923295454545	0.087307954545455	0.020076704545455		1
000028:	0.228457954545455	0.017381250000000	0.145219318181818	0.117623863636364	0.070162500000000	0.421155113636364		1
000029:	0.265078977272727	0.029327840909091	0.140503409090909	0.324544318181818	0.197784090909091	0.042761363636364		1
000030:	0.647186931818182	0.049660795454545	0.069259659090909	0.033415340909091	0.141077840909091	0.059399431818182		1
000031:	0.110156250000000	0.064975568181818	0.060277272727273	0.696299431818182	0.051643181818182	0.016648295454545		1
000032:	0.225876704545455	0.028382386363636	0.063582954545455	0.522856818181818	0.098452272727273	0.060848863636364		1
000033:	0.595577272727273	0.020165909090909	0.094049431818182	0.106161363636364	0.074853977272727	0.109192045454545		1
000034:	0.027361931818182	0.012492045454545	0.024761931818182	0.022776136363636	0.896910227272727	0.015697727272727		1
000035:	0.106460795454545	0.119430113636364	0.218159659090909	0.309711363636364	0.056238068181818	0.190000000000000		1
000036:	0.276528409090909	0.016684090909091	0.141115909090909	0.248348295454545	0.191557386363636	0.125765909090909		1
000037:	0.235272727272727	0.018697159090909	0.102319318181818	0.530166477272727	0.096612500000000	0.016931818181818		1
000038:	0.130039772727273	0.141936931818182	0.176898295454545	0.058846590909091	0.164703977272727	0.327574431818182		1
000039:	0.547028977272727	0.071325568181818	0.062982954545455	0.155689204545455	0.128310795454545	0.034662500000000		1
000040:	0.062395454545455	0.026801136363636	0.055215909090909	0.024314204545455	0.806163068181818	0.025110227272727		1
000041:	0.245528409090909	0.023230113636364	0.051573295454545	0.320032954545455	0.338136363636364	0.021498863636364		1
000042:	0.200673863636364	0.289000568181818	0.050820454545455	0.298504545454545	0.115119886363636	0.045880681818182		1
000043:	0.463968750000000	0.020644886363636	0.219766477272727	0.095693750000000	0.154292613636364	0.045633522727273		1
000044:	0.480031250000000	0.028709090909091	0.104356250000000	0.257871022727273	0.104484659090909	0.024547727272727		1
000045:	0.208439772727273	0.058713068181818	0.048343750000000	0.617031818181818	0.039716477272727	0.027755113636364		1
000046:	0.249384659090909	0.064669886363636	0.048156250000000	0.312081250000000	0.087723863636364	0.237984090909091		1
000047:	0.111586363636364	0.093028409090909	0.110926704545455	0.316201136363636	0.204311363636364	0.163946022727273		1
000048:	0.302346590909091	0.047357954545455	0.489081250000000	0.032438068181818	0.060932954545455	0.067843181818182		1
000049:	0.774148863636364	0.043789772727273	0.051823863636364	0.027070454545455	0.057094886363636	0.046072159090909		1
000050:	0.265769886363636	0.078556250000000	0.086552272727273	0.109696590909091	0.392720454545455	0.066704545454545		1
000051:	0.032467613636364	0.008515340909091	0.037061931818182	0.011964204545455	0.892511931818182	0.017478977272727		1
000052:	0.039554545454545	0.015626136363636	0.024502840909091	0.016128409090909	0.888603409090909	0.015584659090909		1
000053:	0.413896022727273	0.086803977272727	0.087593750000000	0.185302840909091	0.201645454545455	0.024757954545455		1
000054:	0.095023295454545	0.289125000000000	0.117014772727273	0.286008522727273	0.157544318181818	0.055284090909091		1
000055:	0.515476704545455	0.014179545454545	0.125260227272727	0.048619886363636	0.271844318181818	0.024619318181818		1
000056:	0.698516477272727	0.024678409090909	0.091077840909091	0.066136931818182	0.091348863636364	0.028241477272727		1
000057:	0.384513068181818	0.020728977272727	0.146836931818182	0.265761363636364	0.147710227272727	0.034449431818182		1
000058:	0.875479545454545	0.042447727272727	0.021598863636364	0.023435227272727	0.021877272727273	0.015161363636364		1
000059:	0.796034090909091	0.028276704545455	0.024119886363636	0.116089204545455	0.019574431818182	0.015905681818182		1
000060:	0.828953977272727	0.011252840909091	0.043410795454545	0.028924431818182	0.067811363636364	0.019646590909091		1
000061:	0.843179545454545	0.019181818181818	0.046923863636364	0.029927272727273	0.044424431818182	0.016363068181818		1
000062:	0.025545454545455	0.011853409090909	0.036044318181818	0.012650568181818	0.892801136363636	0.021105113636364		1
000063:	0.034434090909091	0.014721022727273	0.051486363636364	0.019216477272727	0.862169886363636	0.017972159090909		1
000064:	0.027800568181818	0.011284659090909	0.063804545454545	0.011039204545455	0.850721022727273	0.035350000000000		1
000065:	0.536855681818182	0.025207954545455	0.262580113636364	0.038873863636364	0.083817045454545	0.052665340909091		1
000066:	0.740785795454545	0.019912500000000	0.053438636363636	0.087011931818182	0.081228977272727	0.017622159090909		1
000067:	0.027609659090909	0.013446590909091	0.100405113636364	0.012264772727273	0.832115909090909	0.014157954545455		1
000068:	0.880917045454545	0.019311363636364	0.015760795454545	0.054250568181818	0.020334659090909	0.009425568181818		1
000069:	0.629404545454545	0.015409659090909	0.059679545454545	0.175734090909091	0.097045454545455	0.022726704545455		1
000070:	0.373561363636364	0.048774431818182	0.062753409090909	0.097193750000000	0.360098295454545	0.057618750000000		1
000071:	0.794752840909091	0.021218750000000	0.041906250000000	0.091075568181818	0.025661931818182	0.025384659090909		1
000072:	0.661274431818182	0.013707386363636	0.138052272727273	0.034643181818182	0.114675000000000	0.037647727272727		1
000073:	0.722229545454545	0.020361931818182	0.122545454545455	0.029589204545455	0.087993750000000	0.017280113636364		1
000074:	0.166896590909091	0.123876136363636	0.044045454545455	0.427808522727273	0.201173863636364	0.036199431818182		1
000075:	0.388745454545455	0.138738068181818	0.190865340909091	0.144592613636364	0.095732954545455	0.041325568181818		1
000076:	0.291423863636364	0.080738068181818	0.060792045454545	0.109361931818182	0.027788636363636	0.429895454545455		1
000077:	0.281046590909091	0.094095454545455	0.126481250000000	0.114931250000000	0.103128977272727	0.280316477272727		1
000078:	0.641821022727273	0.014653409090909	0.183070454545455	0.040453977272727	0.073476136363636	0.046525000000000		1
000079:	0.762140909090909	0.054388636363636	0.032231250000000	0.063341477272727	0.051946590909091	0.035951136363636		1
000080:	0.604405113636364	0.151783522727273	0.034442613636364	0.124925568181818	0.026313068181818	0.058130113636364		1
000081:	0.001827840909091	0.588235795454545	0.398781250000000	0.004449431818182	0.001293750000000	0.005411931818182		1
000082:	0.770295454545455	0.011126136363636	0.086556818181818	0.028564204545455	0.081696590909091	0.021760795454545		1
000083:	0.811655113636364	0.016568750000000	0.056747727272727	0.067280681818182	0.022431818181818	0.025315909090909		1
000084:	0.017882386363636	0.019092045454545	0.016055681818182	0.014200000000000	0.907961363636364	0.024808522727273		1
000085:	0.134273295454545	0.020250000000000	0.139155681818182	0.462226704545455	0.101275000000000	0.142819318181818		1
000086:	0.200198295454545	0.067396022727273	0.130022159090909	0.083751136363636	0.443586931818182	0.075045454545455		1
000087:	0.851370454545455	0.012568750000000	0.053263636363636	0.033455681818182	0.033984659090909	0.015356818181818		1
000088:	0.343669886363636	0.037273295454545	0.050291477272727	0.510318181818182	0.028152840909091	0.030294318181818		1
000089:	0.295051136363636	0.021409659090909	0.084968750000000	0.480419886363636	0.075235227272727	0.042915340909091		1
000090:	0.339735227272727	0.089446590909091	0.051553409090909	0.367806818181818	0.125741477272727	0.025716477272727		1
000091:	0.179340340909091	0.248389772727273	0.063380113636364	0.216445454545455	0.043221022727273	0.249223295454545		1
000092:	0.750282954545455	0.035079545454545	0.059647159090909	0.073360795454545	0.061020454545455	0.020609090909091		1
000093:	0.445100568181818	0.063631818181818	0.115383522727273	0.253781250000000	0.082015909090909	0.040086931818182		1
000094:	0.785861931818182	0.030920454545455	0.038437500000000	0.069691477272727	0.053209659090909	0.021878977272727		1
000095:	0.703027840909091	0.015743750000000	0.127381250000000	0.027332954545455	0.097134090909091	0.029380113636364		1
000096:	0.038821022727273	0.012501136363636	0.031834659090909	0.016607386363636	0.883911931818182	0.016323863636364		1
000097:	0.840613068181818	0.000739204545455	0.002653977272727	0.002080113636364	0.014900568181818	0.139013068181818		1
000098:	0.876691477272727	0.014789772727273	0.038518181818182	0.041432954545455	0.014623295454545	0.013944318181818		1
000099:	0.373695454545455	0.052514772727273	0.069001136363636	0.120875000000000	0.313980681818182	0.069932954545455		1
000100:	0.115843750000000	0.020423863636364	0.071064772727273	0.022803409090909	0.754402272727273	0.015461931818182		1
000101:	0.209773295454545	0.011419886363636	0.080528977272727	0.581007954545455	0.097388068181818	0.019881818181818		1
000102:	0.343932954545455	0.039997159090909	0.095911931818182	0.200815340909091	0.275915340909091	0.043427272727273		1
000103:	0.612609090909091	0.114727272727273	0.069786363636364	0.059486363636364	0.034682386363636	0.108708522727273		1
000104:	0.150913068181818	0.027348863636364	0.071753409090909	0.036418181818182	0.690152272727273	0.023414204545455		1
000105:	0.340968750000000	0.039696022727273	0.048694886363636	0.373119318181818	0.166028977272727	0.031492045454545		1
000106:	0.392042045454545	0.035332954545455	0.079303977272727	0.393108522727273	0.043627840909091	0.056584659090909		1
000107:	0.315269318181818	0.020439204545455	0.061174431818182	0.107835227272727	0.469590340909091	0.025691477272727		1
000108:	0.054820454545455	0.038971590909091	0.036992613636364	0.047638636363636	0.794458522727273	0.027118181818182		1
000109:	0.658093750000000	0.033818750000000	0.065820454545455	0.131221022727273	0.054272727272727	0.056773295454545		1
000110:	0.059606250000000	0.517940909090909	0.044007954545455	0.067907954545455	0.161522727272727	0.149014204545455		1
000111:	0.178326704545455	0.028406818181818	0.195451704545455	0.096380113636364	0.419379545454545	0.082055113636364		1
000112:	0.074650568181818	0.034431250000000	0.052030113636364	0.637266477272727	0.134860227272727	0.066761363636364		1
000113:	0.660136931818182	0.020802272727273	0.142745454545455	0.044496022727273	0.086981818181818	0.044837500000000		1
000114:	0.467323863636364	0.059949431818182	0.126378409090909	0.091818750000000	0.040067045454545	0.214462500000000		1
000115:	0.627653977272727	0.049718750000000	0.090547727272727	0.127436931818182	0.069490909090909	0.035151704545455		1
000116:	0.248833522727273	0.023332954545455	0.116944886363636	0.037782954545455	0.535397159090909	0.037708522727273		1
000117:	0.161797159090909	0.020072159090909	0.153353977272727	0.525162500000000	0.097319318181818	0.042294886363636		1
000118:	0.353945454545455	0.018568750000000	0.274819886363636	0.036370454545455	0.253092613636364	0.063202840909091		1
000119:	0.633269886363636	0.024822727272727	0.037767045454545	0.193452840909091	0.089601704545455	0.021085795454545		1
000120:	0.086578409090909	0.017238636363636	0.452384659090909	0.075748863636364	0.337947727272727	0.030101704545455		1
000121:	0.238251704545455	0.412278409090909	0.213922727272727	0.057655113636364	0.033366477272727	0.044525568181818		1
000122:	0.812952272727273	0.014135227272727	0.039239204545455	0.087990340909091	0.035113068181818	0.010569886363636		1
000123:	0.873005681818182	0.027132954545455	0.037759090909091	0.012913068181818	0.028367613636364	0.020821590909091		1
000124:	0.330961931818182	0.093203977272727	0.165584090909091	0.225775000000000	0.035906250000000	0.148568750000000		1
000125:	0.114503977272727	0.032127272727273	0.434421022727273	0.046398295454545	0.119933522727273	0.252615909090909		1
000126:	0.038545454545455	0.016012500000000	0.045342045454545	0.024764204545455	0.038011363636364	0.837324431818182		1
000127:	0.502259659090909	0.035225568181818	0.138617613636364	0.074813636363636	0.209127272727273	0.039956250000000		1
000128:	0.568364204545455	0.045415909090909	0.208169886363636	0.059355681818182	0.083525568181818	0.035168750000000		1
000129:	0.627692613636364	0.051606250000000	0.047231818181818	0.236088068181818	0.019144886363636	0.018236363636364		1
000130:	0.685931250000000	0.074435795454545	0.102990909090909	0.021384090909091	0.071860795454545	0.043397159090909		1
000131:	0.748524431818182	0.021110227272727	0.046677272727273	0.100285227272727	0.058668750000000	0.024734090909091		1
000132:	0.082549431818182	0.016171590909091	0.052676704545455	0.051270454545455	0.786218750000000	0.011113068181818		1
000133:	0.169392045454545	0.173273295454545	0.087042613636364	0.147042613636364	0.083782954545455	0.339466477272727		1
000134:	0.365882386363636	0.312135795454545	0.108850000000000	0.096732954545455	0.076552272727273	0.039846590909091		1
000135:	0.352043750000000	0.146073295454545	0.077977272727273	0.374462500000000	0.026525000000000	0.022918181818182		1
000136:	0.635461931818182	0.042008522727273	0.145050568181818	0.040731250000000	0.090657386363636	0.046090340909091		1
000137:	0.474839204545455	0.117042045454545	0.031321022727273	0.288421590909091	0.055639204545455	0.032736931818182		1
000138:	0.566773863636364	0.037111931818182	0.140325568181818	0.076617613636364	0.046916477272727	0.132254545454545		1
000139:	0.499326136363636	0.080335227272727	0.149789204545455	0.137531250000000	0.074570454545455	0.058447727272727		1
000140:	0.101555681818182	0.619354545454545	0.031992613636364	0.160037500000000	0.061439772727273	0.025619886363636		1
000141:	0.074023295454545	0.039691477272727	0.165222727272727	0.043098295454545	0.546448295454545	0.131515909090909		1
000142:	0.638191477272727	0.030972727272727	0.052325568181818	0.159928977272727	0.100676704545455	0.017904545454545		1
000143:	0.762432954545455	0.037195454545455	0.069653977272727	0.059682386363636	0.047584659090909	0.023450568181818		1
000144:	0.489247159090909	0.000523295454545	0.023422727272727	0.484396590909091	0.000937500000000	0.001472727272727		1
000145:	0.038605681818182	0.059259659090909	0.043177840909091	0.026810795454545	0.788060227272727	0.044085795454545		1
000146:	0.395877272727273	0.087539772727273	0.111394318181818	0.240646022727273	0.131164772727273	0.033377840909091		1
000147:	0.497279545454545	0.024123295454545	0.312807954545455	0.068642613636364	0.079005681818182	0.018140909090909		1
000148:	0.767805113636364	0.037266477272727	0.106607386363636	0.023465909090909	0.037797159090909	0.027057954545455		1
000149:	0.284419886363636	0.028005113636364	0.360775568181818	0.172327840909091	0.115773295454545	0.038698295454545		1
000150:	0.295305113636364	0.114970454545455	0.050694318181818	0.402739204545455	0.079680113636364	0.056610795454545		1
000151:	0.277833522727273	0.028886931818182	0.284574431818182	0.050486931818182	0.282051704545455	0.076166477272727		1
000152:	0.650305681818182	0.060741477272727	0.076303409090909	0.046979545454545	0.096508522727273	0.069161363636364		1
000153:	0.315329545454545	0.025327840909091	0.075093181818182	0.406075000000000	0.158659659090909	0.019514772727273		1
000154:	0.186525000000000	0.018373863636364	0.185500568181818	0.032915340909091	0.557693750000000	0.018991477272727		1
000155:	0.376064772727273	0.054106818181818	0.097537500000000	0.083780113636364	0.357877840909091	0.030632954545455		1
000156:	0.257780681818182	0.014506818181818	0.072121022727273	0.238000568181818	0.393534090909091	0.024056818181818		1
000157:	0.023259090909091	0.010418750000000	0.033523863636364	0.018233522727273	0.901346590909091	0.013218181818182		1
000158:	0.090440340909091	0.036925000000000	0.227942045454545	0.228823863636364	0.179882386363636	0.235986363636364		1
000159:	0.036690909090909	0.061739772727273	0.060536363636364	0.194380681818182	0.559552840909091	0.087099431818182		1
000160:	0.023509659090909	0.015003977272727	0.285868750000000	0.026239772727273	0.052482954545455	0.596894886363636		1
000161:	0.031667045454545	0.036780113636364	0.784360227272727	0.046472727272727	0.075701136363636	0.025018750000000		1
000162:	0.031277272727273	0.058143750000000	0.168775568181818	0.534063068181818	0.027549431818182	0.180190909090909		1
000163:	0.345419318181818	0.010086931818182	0.521047159090909	0.051763068181818	0.057219318181818	0.014464204545455		1
000164:	0.025306818181818	0.012370454545455	0.143261931818182	0.016929545454545	0.765234090909091	0.036897159090909		1
000165:	0.086682954545455	0.028206818181818	0.767752272727273	0.028596022727273	0.060923295454545	0.027838636363636		1
000166:	0.169821590909091	0.012402272727273	0.691542045454545	0.048022159090909	0.059318181818182	0.018893750000000		1
000167:	0.468996590909091	0.030608522727273	0.282420454545455	0.061567045454545	0.098580113636364	0.057827272727273		1
000168:	0.395794318181818	0.036488068181818	0.073132386363636	0.067775000000000	0.336621590909091	0.090188636363636		1
000169:	0.818473295454546	0.019226136363636	0.052906818181818	0.057798863636364	0.027673863636364	0.023921022727273		1
000170:	0.734806250000000	0.034146022727273	0.162597727272727	0.021378409090909	0.021695454545455	0.025376136363636		1
000171:	0.041909090909091	0.027318750000000	0.068648863636364	0.024711931818182	0.757186363636364	0.080225000000000		1
000172:	0.649877272727273	0.031835227272727	0.099397159090909	0.079498295454545	0.080066477272727	0.059325568181818		1
000173:	0.685314204545455	0.013548295454545	0.134611931818182	0.090836931818182	0.045810795454545	0.029877840909091		1
000174:	0.806511363636364	0.041303409090909	0.034017613636364	0.072493181818182	0.030550000000000	0.015124431818182		1
000175:	0.033897727272727	0.024860795454545	0.019066477272727	0.018522159090909	0.892296590909091	0.011356250000000		1
000176:	0.518454545454546	0.028627272727273	0.095006818181818	0.121628977272727	0.118396022727273	0.117886363636364		1
000177:	0.746140909090909	0.025839204545455	0.038502840909091	0.088985227272727	0.076376136363636	0.024155681818182		1
000178:	0.594578409090909	0.036968181818182	0.064678409090909	0.112557386363636	0.172253409090909	0.018964204545455		1
000179:	0.018339772727273	0.009928977272727	0.026323295454545	0.026755681818182	0.905197159090909	0.013455113636364		1
000180:	0.030163068181818	0.016924431818182	0.036742613636364	0.019203977272727	0.878036363636364	0.018929545454545		1
000181:	0.019144886363636	0.009252840909091	0.024405113636364	0.015176136363636	0.899432386363636	0.032588636363636		1
000182:	0.209242045454545	0.080698863636364	0.174939772727273	0.260509659090909	0.176085795454545	0.098523863636364		1
000183:	0.021025000000000	0.013529545454545	0.029682954545455	0.013706250000000	0.895494886363636	0.026561363636364		1
000184:	0.538963636363636	0.135380681818182	0.073422159090909	0.045227272727273	0.154579545454545	0.052426704545455		1
000185:	0.166357386363636	0.229471022727273	0.133622727272727	0.269668750000000	0.133814772727273	0.067065340909091		1
000186:	0.052013068181818	0.028880681818182	0.032990340909091	0.025086363636364	0.817185795454546	0.043843750000000		1
000187:	0.026856818181818	0.015510227272727	0.025132954545455	0.015130681818182	0.904815340909091	0.012553977272727		1
000188:	0.134134659090909	0.055649431818182	0.134323863636364	0.037425000000000	0.386864204545455	0.251602840909091		1
000189:	0.842030681818182	0.009153409090909	0.064080681818182	0.021140340909091	0.044380681818182	0.019214204545455		1
000190:	0.037970454545455	0.002200568181818	0.512225568181818	0.002457954545455	0.443772159090909	0.001373295454545		1
000191:	0.534207386363636	0.016626704545455	0.146718181818182	0.222358522727273	0.053497727272727	0.026591477272727		1
000192:	0.231532386363636	0.035252840909091	0.098950568181818	0.423446590909091	0.109356818181818	0.101460795454545		1
000193:	0.355180681818182	0.033910795454545	0.116910227272727	0.260780113636364	0.200575000000000	0.032643181818182		1
000194:	0.546074431818182	0.069072727272727	0.280768181818182	0.039178977272727	0.043000000000000	0.021905681818182		1
000195:	0.534086931818182	0.014987500000000	0.070002840909091	0.309355113636364	0.050844886363636	0.020722727272727		1
000196:	0.059778977272727	0.014386931818182	0.383798295454545	0.036789204545455	0.328574431818182	0.176672159090909		1
000197:	0.345066477272727	0.016365909090909	0.331600568181818	0.138775568181818	0.125524431818182	0.042667045454545		1
000198:	0.098800568181818	0.045444318181818	0.256371022727273	0.454378409090909	0.091626704545455	0.053378977272727		1
000199:	0.003885795454545	0.000523863636364	0.002272727272727	0.879522727272727	0.001929545454545	0.111865340909091		1
000200:	0.070109090909091	0.032325000000000	0.705088636363636	0.053537500000000	0.066160795454545	0.072778977272727		1
000201:	0.020577840909091	0.007946590909091	0.050067613636364	0.013304545454545	0.894689204545455	0.013414204545455		1
000202:	0.444551136363636	0.062303977272727	0.134328409090909	0.104733522727273	0.195500568181818	0.058582386363636		1
000203:	0.519395454545455	0.027049431818182	0.303440909090909	0.031900000000000	0.093018181818182	0.025196022727273		1
000204:	0.148405681818182	0.041848863636364	0.215434090909091	0.024238636363636	0.456479545454545	0.113593181818182		1
000205:	0.303838636363636	0.056670454545455	0.093234090909091	0.049968750000000	0.457009659090909	0.039278409090909		1
000206:	0.422360795454545	0.270161363636364	0.132909659090909	0.027859659090909	0.112068181818182	0.034640340909091		1
000207:	0.449048863636364	0.031071590909091	0.079769886363636	0.269353977272727	0.028761931818182	0.141993750000000		1
000208:	0.211631818181818	0.024380113636364	0.348904545454545	0.054805113636364	0.315330681818182	0.044947727272727		1
000209:	0.090331250000000	0.024072727272727	0.070572727272727	0.056677272727273	0.712775000000000	0.045571022727273		1
000210:	0.277307386363636	0.034243750000000	0.162515909090909	0.148440909090909	0.352690909090909	0.024801136363636		1
000211:	0.473626704545455	0.027834090909091	0.255318750000000	0.061222159090909	0.148900568181818	0.033097727272727		1
000212:	0.067477272727273	0.020846022727273	0.435555681818182	0.062786363636364	0.336260227272727	0.077074431818182		1
000213:	0.095164204545455	0.018822727272727	0.431082954545455	0.028436931818182	0.389778409090909	0.036714772727273		1
000214:	0.111665909090909	0.037124431818182	0.569303977272727	0.061545454545455	0.084851136363636	0.135509090909091		1
000215:	0.387705681818182	0.087500568181818	0.105700000000000	0.168905113636364	0.126161931818182	0.124026704545455		1
000216:	0.045061363636364	0.023862500000000	0.253967045454545	0.058627840909091	0.571402272727273	0.047078977272727		1
000217:	0.060083522727273	0.048911931818182	0.505635227272727	0.049751136363636	0.159906818181818	0.175711363636364		1
000218:	0.163583522727273	0.015915340909091	0.504394886363636	0.052275568181818	0.224635795454545	0.039194886363636		1
000219:	0.028851136363636	0.015753977272727	0.688117613636364	0.025709090909091	0.171025568181818	0.070542613636364		1
000220:	0.168142045454545	0.013044886363636	0.320664204545455	0.044155681818182	0.381015340909091	0.072977840909091		1
000221:	0.166297727272727	0.014478409090909	0.506948863636364	0.025426704545455	0.248418181818182	0.038430113636364		1
000222:	0.031282386363636	0.008547159090909	0.111335227272727	0.015386363636364	0.808163636363636	0.025285227272727		1
000223:	0.152950000000000	0.063203409090909	0.119776704545455	0.317282386363636	0.297757954545455	0.049029545454545		1
000224:	0.777706818181818	0.044260227272727	0.018863068181818	0.086580113636364	0.054268181818182	0.018321590909091		1
000225:	0.816109090909091	0.037800568181818	0.025286363636364	0.072228977272727	0.034415340909091	0.014159659090909		1
000226:	0.673598863636364	0.017462500000000	0.039176704545455	0.055397159090909	0.107239204545455	0.107125568181818		1
000227:	0.480351136363636	0.063202840909091	0.046659090909091	0.265211931818182	0.060419318181818	0.084155681818182		1
000228:	0.034319318181818	0.499076704545455	0.087353977272727	0.109200000000000	0.031571590909091	0.238478409090909		1
000229:	0.833405113636364	0.055364772727273	0.022474431818182	0.031896590909091	0.028450000000000	0.028409090909091		1
000230:	0.062343750000000	0.032306250000000	0.141478409090909	0.033792045454545	0.070682386363636	0.659397159090909		1
000231:	0.480664204545455	0.051975000000000	0.122703409090909	0.235079545454545	0.043346022727273	0.066231818181818		1
000232:	0.198373295454545	0.078865909090909	0.114731818181818	0.052482954545455	0.379484659090909	0.176061363636364		1
000233:	0.711051704545455	0.030377272727273	0.054758522727273	0.125885227272727	0.029030681818182	0.048896590909091		1
000234:	0.377589204545455	0.302806250000000	0.039043181818182	0.194041477272727	0.027208522727273	0.059311363636364		1
000235:	0.203755113636364	0.470510795454545	0.044460795454545	0.199734090909091	0.061200568181818	0.020338636363636		1
000236:	0.083972159090909	0.149178977272727	0.122194318181818	0.101346590909091	0.308183522727273	0.235124431818182		1
000237:	0.541817045454545	0.263902840909091	0.028539204545455	0.090930681818182	0.041270454545455	0.033539772727273		1
000238:	0.087803409090909	0.014842613636364	0.142740909090909	0.035007954545455	0.699342613636364	0.020262500000000		1
000239:	0.554851704545455	0.072080113636364	0.095389772727273	0.078437500000000	0.087451136363636	0.111789772727273		1
000240:	0.061484090909091	0.019634659090909	0.029303977272727	0.052613068181818	0.035276136363636	0.801688068181818		1
000241:	0.001151704545455	0.000505681818182	0.001844318181818	0.411769318181818	0.583306818181818	0.001422159090909		1
000242:	0.190321022727273	0.069848863636364	0.065604545454545	0.609293750000000	0.037032386363636	0.027899431818182		1
000243:	0.075986931818182	0.100661931818182	0.047045454545455	0.123515340909091	0.035715340909091	0.617075000000000		1
000244:	0.435423863636364	0.044702840909091	0.134504545454545	0.051211931818182	0.084535227272727	0.249621590909091		1
000245:	0.687617045454545	0.026031250000000	0.089678409090909	0.035163636363636	0.025478977272727	0.136030681818182		1
000246:	0.418841477272727	0.130897727272727	0.062674431818182	0.268209659090909	0.049480113636364	0.069896590909091		1
000247:	0.392249431818182	0.125489204545455	0.152088636363636	0.183695454545455	0.059650000000000	0.086827272727273		1
000248:	0.614192045454545	0.105230113636364	0.065162500000000	0.013171022727273	0.066248863636364	0.135995454545455		1
000249:	0.155515909090909	0.324595454545455	0.033360227272727	0.136814204545455	0.032643181818182	0.317071022727273		1
000250:	0.832318181818182	0.051054545454545	0.018225000000000	0.060817613636364	0.023417613636364	0.014167045454545		1
000251:	0.438074431818182	0.078851704545455	0.059980681818182	0.195217613636364	0.038921590909091	0.188953977272727		1
000252:	0.102584659090909	0.112860227272727	0.189423295454545	0.078598295454545	0.199140909090909	0.317392613636364		1
000253:	0.066493750000000	0.647502272727273	0.092775568181818	0.045031250000000	0.065760227272727	0.082436931818182		1
000254:	0.166190340909091	0.420976704545455	0.066575568181818	0.048276704545455	0.085785227272727	0.212195454545455		1
000255:	0.469177272727273	0.353692045454545	0.039000000000000	0.031180681818182	0.058563636363636	0.048386363636364		1
000256:	0.853618181818182	0.020064772727273	0.049988636363636	0.018219318181818	0.030111931818182	0.027997159090909		1
000257:	0.066950568181818	0.048848295454545	0.171069886363636	0.024503977272727	0.609930681818182	0.078696590909091		1
000258:	0.884593750000000	0.011059659090909	0.036157386363636	0.020985795454545	0.022096022727273	0.025107386363636		1
000259:	0.000682386363636	0.000325568181818	0.317745454545455	0.678872727272727	0.001937500000000	0.000436363636364		1
000260:	0.075744318181818	0.051196590909091	0.034914772727273	0.137839772727273	0.027678977272727	0.672625568181818		1
000261:	0.063527840909091	0.365757386363636	0.105465340909091	0.098432386363636	0.153353409090909	0.213463636363636		1
000262:	0.052617613636364	0.088961363636364	0.054671022727273	0.052644318181818	0.460042613636364	0.291063068181818		1
000263:	0.583161363636364	0.019898863636364	0.166503409090909	0.062203977272727	0.114814204545455	0.053418181818182		1
000264:	0.055553977272727	0.017941477272727	0.037738636363636	0.017556250000000	0.846320454545455	0.024889204545455		1
000265:	0.379547159090909	0.065795454545455	0.349076136363636	0.026507954545455	0.134684090909091	0.044389204545455		1
000266:	0.766210227272727	0.092779545454545	0.024027272727273	0.036309659090909	0.056681250000000	0.023992045454545		1
000267:	0.509694886363636	0.245031818181818	0.026673295454545	0.037781250000000	0.020972727272727	0.159846022727273		1
000268:	0.393919318181818	0.089366477272727	0.238717613636364	0.040339772727273	0.173289772727273	0.064367045454545		1
000269:	0.289155681818182	0.262530681818182	0.052845454545455	0.310566477272727	0.060630113636364	0.024271590909091		1
000270:	0.028071022727273	0.014695454545455	0.070301136363636	0.018831818181818	0.848564204545455	0.019536363636364		1
000271:	0.034797727272727	0.682604545454545	0.038751704545455	0.045684659090909	0.090942045454545	0.107219318181818		1
000272:	0.081250568181818	0.308729545454545	0.054371590909091	0.113914204545455	0.180782386363636	0.260951704545455		1
000273:	0.260053977272727	0.137434090909091	0.037467045454545	0.107558522727273	0.429946022727273	0.027540340909091		1
000274:	0.204524431818182	0.494624431818182	0.076867613636364	0.052939204545455	0.055879545454545	0.115164772727273		1
000275:	0.765550568181818	0.041701136363636	0.049393181818182	0.076772159090909	0.047435795454545	0.019147159090909		1
000276:	0.024826136363636	0.023231250000000	0.045728977272727	0.019763068181818	0.858878977272727	0.027571590909091		1
000277:	0.096735227272727	0.659867045454545	0.051692613636364	0.068601704545455	0.096571590909091	0.026531818181818		1
000278:	0.767917045454545	0.029708522727273	0.052586931818182	0.070228977272727	0.039144318181818	0.040414204545455		1
000279:	0.247173863636364	0.534672159090909	0.066903977272727	0.112040909090909	0.021617613636364	0.017591477272727		1
000280:	0.180856250000000	0.035916477272727	0.044735795454545	0.129951136363636	0.383736363636364	0.224803977272727		1
000281:	0.056859090909091	0.331554545454545	0.031681818181818	0.131050000000000	0.414245454545455	0.034609090909091		1
000282:	0.211814204545455	0.080945454545455	0.089035795454545	0.277753409090909	0.190190340909091	0.150260795454545		1
000283:	0.025343750000000	0.012276704545455	0.035156818181818	0.015267045454545	0.860763636363636	0.051192045454545		1
000284:	0.165854545454545	0.445269886363636	0.046142045454545	0.062888636363636	0.080146590909091	0.199698295454545		1
000285:	0.185919318181818	0.206902272727273	0.075760227272727	0.435944318181818	0.032316477272727	0.063157386363636		1
000286:	0.003854545454545	0.297365909090909	0.003905681818182	0.002471022727273	0.691579545454545	0.000823295454545		1
000287:	0.415646590909091	0.131691477272727	0.034405681818182	0.191908522727273	0.197129545454545	0.029218181818182		1
000288:	0.468534659090909	0.086491477272727	0.051723295454545	0.108981250000000	0.222777272727273	0.061492045454545		1
000289:	0.538245454545455	0.055261363636364	0.144807954545455	0.036975000000000	0.144248295454545	0.080461931818182		1
000290:	0.055490909090909	0.036940909090909	0.047860227272727	0.026002840909091	0.237351136363636	0.596353977272727		1
000291:	0.626887500000000	0.027213068181818	0.135199431818182	0.077811363636364	0.108717613636364	0.024171022727273		1
000292:	0.069375000000000	0.047493750000000	0.595913636363636	0.054782386363636	0.043022727272727	0.189412500000000		1
000293:	0.270375000000000	0.019009659090909	0.593856250000000	0.031534090909091	0.061406818181818	0.023818181818182		1
000294:	0.292688068181818	0.001261931818182	0.072455113636364	0.002288068181818	0.034710795454545	0.596596022727273		1
000295:	0.486396022727273	0.013930113636364	0.103876136363636	0.277921590909091	0.088992045454545	0.028884090909091		1
000296:	0.137328409090909	0.021085795454545	0.217837500000000	0.077682386363636	0.498801136363636	0.047264772727273		1
000297:	0.670290909090909	0.018160227272727	0.057477840909091	0.026102272727273	0.175769886363636	0.052198863636364		1
000298:	0.200622159090909	0.142934090909091	0.038169318181818	0.535634659090909	0.065290340909091	0.017349431818182		1
000299:	0.754110795454545	0.053625000000000	0.051239204545455	0.035295454545455	0.070821590909091	0.034907954545455		1
000300:	0.224439204545455	0.141261363636364	0.252984090909091	0.071085795454545	0.268371590909091	0.041857954545455		1
000301:	0.755823295454545	0.015775568181818	0.129035795454545	0.043513636363636	0.039090909090909	0.016760795454545		1
000302:	0.021838068181818	0.012173863636364	0.032950568181818	0.022968181818182	0.881895454545455	0.028173863636364		1
000303:	0.016057954545455	0.014113068181818	0.040137500000000	0.017494886363636	0.889172159090909	0.023024431818182		1
000304:	0.329239772727273	0.027278409090909	0.470775000000000	0.046868181818182	0.033752840909091	0.092085795454545		1
000305:	0.034018181818182	0.021885227272727	0.100214772727273	0.047212500000000	0.167490340909091	0.629178977272727		1
000306:	0.042548295454545	0.040698295454545	0.027625568181818	0.035041477272727	0.804300000000000	0.049786363636364		1
000307:	0.001124431818182	0.232521022727273	0.002152272727273	0.633362500000000	0.021330681818182	0.109509090909091		1
000308:	0.247406250000000	0.024142613636364	0.602185227272727	0.024057954545455	0.073052272727273	0.029155681818182		1
000309:	0.492123295454545	0.124371022727273	0.203355113636364	0.049115340909091	0.103155681818182	0.027879545454545		1
000310:	0.028532954545455	0.012346022727273	0.028449431818182	0.024975000000000	0.888647727272727	0.017048863636364		1
000311:	0.298672159090909	0.087808522727273	0.146018750000000	0.061848863636364	0.238904545454545	0.166747159090909		1
000312:	0.496166477272727	0.308972159090909	0.031374431818182	0.072511931818182	0.054288068181818	0.036686931818182		1
000313:	0.157138068181818	0.546791477272727	0.093542045454545	0.110040340909091	0.061647727272727	0.030840340909091		1
000314:	0.207730113636364	0.400244886363636	0.026005681818182	0.250698295454545	0.046638636363636	0.068682386363636		1
000315:	0.257332954545455	0.412227840909091	0.080349431818182	0.158521022727273	0.044094886363636	0.047473863636364		1
000316:	0.717661931818182	0.027422159090909	0.087501136363636	0.048824431818182	0.064259090909091	0.054331250000000		1
000317:	0.177082386363636	0.034726136363636	0.075050000000000	0.566809659090909	0.036921590909091	0.109410227272727		1
000318:	0.236155681818182	0.023860795454545	0.224756818181818	0.038480113636364	0.275763636363636	0.200982954545455		1
000319:	0.043763636363636	0.023229545454545	0.071306250000000	0.024901704545455	0.815218181818182	0.021580681818182		1
000320:	0.094266477272727	0.074471022727273	0.194918750000000	0.091590340909091	0.472213068181818	0.072540340909091		1
000321:	0.041492045454545	0.017783522727273	0.841082386363636	0.024639772727273	0.050027272727273	0.024975000000000		1
000322:	0.030587500000000	0.026462500000000	0.303202840909091	0.023255113636364	0.294716477272727	0.321775568181818		1
000323:	0.091163636363636	0.400213636363636	0.110436363636364	0.178123295454545	0.137014772727273	0.083048295454545		1
000324:	0.100323863636364	0.039016477272727	0.320909090909091	0.032431250000000	0.204788068181818	0.302531250000000		1
000325:	0.030636931818182	0.040166477272727	0.062867613636364	0.034734659090909	0.806420454545455	0.025173863636364		1
000326:	0.689666477272727	0.045209659090909	0.111427840909091	0.028151704545455	0.053068181818182	0.072476136363636		1
000327:	0.146253977272727	0.012282386363636	0.636210227272727	0.066420454545455	0.095366477272727	0.043466477272727		1
000328:	0.033848863636364	0.037157954545455	0.117030113636364	0.020719318181818	0.044034659090909	0.747209090909091		1
000329:	0.359685795454545	0.064055113636364	0.297146590909091	0.075213068181818	0.151589204545455	0.052310227272727		1
000330:	0.034135795454545	0.036036363636364	0.235209659090909	0.025932386363636	0.144025000000000	0.524660795454545		1
000331:	0.033569886363636	0.057123295454545	0.081105681818182	0.015764204545455	0.062680113636364	0.749756818181818		1
