Estimated Clustering Probabilities for Samples
Sample	***Cluster  01***	***Cluster  02***	***Cluster  03***	***Cluster  04***	***Cluster  05***	***Cluster  06***	
000001:	0.122472727272727	0.027043181818182	0.145144886363636	0.339897727272727	0.276852840909091	0.088588636363636		1
000002:	0.083271590909091	0.015417045454545	0.050486931818182	0.112250568181818	0.164569318181818	0.574004545454545		1
000003:	0.068652840909091	0.048577272727273	0.023969318181818	0.101538636363636	0.711101136363636	0.046160795454545		1
000004:	0.733881250000000	0.021122727272727	0.021777272727273	0.025459090909091	0.097020454545455	0.100739204545455		1
000005:	0.060772159090909	0.013377840909091	0.067052840909091	0.046841477272727	0.669057954545455	0.142897727272727		1
000006:	0.695678977272727	0.051663068181818	0.065513636363636	0.043044318181818	0.071930113636364	0.072169886363636		1
000007:	0.063510795454545	0.032759090909091	0.031621022727273	0.197071590909091	0.288206818181818	0.386830681818182		1
000008:	0.060050000000000	0.029167045454545	0.023200000000000	0.036404545454545	0.121169318181818	0.730009090909091		1
000009:	0.243314772727273	0.033118750000000	0.058728977272727	0.031222159090909	0.162813636363636	0.470801704545455		1
000010:	0.120513636363636	0.033430681818182	0.104318750000000	0.044491477272727	0.400907954545455	0.296337500000000		1
000011:	0.257319318181818	0.028007386363636	0.042287500000000	0.319389772727273	0.272672727272727	0.080323295454545		1
000012:	0.133842045454545	0.090398863636364	0.202017045454545	0.021451136363636	0.496865909090909	0.055425000000000		1
000013:	0.253493181818182	0.185388636363636	0.359435227272727	0.031940340909091	0.135784659090909	0.033957954545455		1
000014:	0.896778977272727	0.016610795454545	0.023074431818182	0.016530113636364	0.025450000000000	0.021555681818182		1
000015:	0.156280113636364	0.020696590909091	0.047931818181818	0.027081250000000	0.621884090909091	0.126126136363636		1
000016:	0.882036931818182	0.013836931818182	0.017486363636364	0.018049431818182	0.038280681818182	0.030309659090909		1
000017:	0.076137500000000	0.014067045454545	0.103822727272727	0.066654545454545	0.700511363636364	0.038806818181818		1
000018:	0.067250568181818	0.328968750000000	0.435627272727273	0.021829545454545	0.114877272727273	0.031446590909091		1
000019:	0.040893750000000	0.049916477272727	0.049769886363636	0.036369886363636	0.774261363636364	0.048788636363636		1
000020:	0.375869886363636	0.018601704545455	0.178003409090909	0.044513068181818	0.309596590909091	0.073415340909091		1
000021:	0.026748295454545	0.019128409090909	0.387759090909091	0.365736363636364	0.179871590909091	0.020756250000000		1
000022:	0.092251136363636	0.023162500000000	0.208134090909091	0.022603977272727	0.599781818181818	0.054066477272727		1
000023:	0.075827840909091	0.041549431818182	0.208455681818182	0.261332386363636	0.369055681818182	0.043778977272727		1
000024:	0.898043750000000	0.017847727272727	0.025498295454545	0.013423863636364	0.026351136363636	0.018835227272727		1
000025:	0.218091477272727	0.196767045454545	0.234071590909091	0.047540340909091	0.202722159090909	0.100807386363636		1
000026:	0.031951136363636	0.053105113636364	0.330451704545455	0.047893181818182	0.502511363636364	0.034087500000000		1
000027:	0.077169886363636	0.057906818181818	0.735556250000000	0.024721022727273	0.078279545454545	0.026366477272727		1
000028:	0.047155113636364	0.013683522727273	0.155038636363636	0.430003409090909	0.298964204545455	0.055155113636364		1
000029:	0.205774431818182	0.044957386363636	0.251038068181818	0.050770454545455	0.380688636363636	0.066771022727273		1
000030:	0.069988068181818	0.026581818181818	0.047711363636364	0.070723863636364	0.749881250000000	0.035113636363636		1
000031:	0.058983522727273	0.078940909090909	0.740101704545455	0.021513068181818	0.066761363636364	0.033699431818182		1
000032:	0.089498863636364	0.025698295454545	0.593125568181818	0.081574431818182	0.171486931818182	0.038615909090909		1
000033:	0.078753409090909	0.026439772727273	0.215126136363636	0.096808522727273	0.519314772727273	0.063557386363636		1
000034:	0.608794318181818	0.000573295454545	0.001011363636364	0.388278977272727	0.000844318181818	0.000497727272727		1
000035:	0.041998295454545	0.052278409090909	0.489706818181818	0.213628409090909	0.108961931818182	0.093426136363636		1
000036:	0.123047159090909	0.020257386363636	0.209914772727273	0.139957386363636	0.364628977272727	0.142194318181818		1
000037:	0.098547727272727	0.023661931818182	0.435952272727273	0.027461363636364	0.376465909090909	0.037910795454545		1
000038:	0.098094318181818	0.076942045454545	0.053585795454545	0.424547727272727	0.185831250000000	0.160998863636364		1
000039:	0.148613068181818	0.064193750000000	0.349630113636364	0.032062500000000	0.334923863636364	0.070576704545455		1
000040:	0.829800568181818	0.019659090909091	0.019579545454545	0.036859090909091	0.039114772727273	0.054986931818182		1
000041:	0.239425568181818	0.027468181818182	0.454856250000000	0.048363636363636	0.194825568181818	0.035060795454545		1
000042:	0.128497159090909	0.144509090909091	0.421838068181818	0.067273863636364	0.181909659090909	0.055972159090909		1
000043:	0.173489772727273	0.021703977272727	0.054269886363636	0.043197727272727	0.638343181818182	0.068995454545455		1
000044:	0.100294318181818	0.026517613636364	0.274296590909091	0.027490340909091	0.438485227272727	0.132915909090909		1
000045:	0.037593181818182	0.061415340909091	0.648679545454545	0.019892613636364	0.199618750000000	0.032800568181818		1
000046:	0.083271022727273	0.109905681818182	0.373794318181818	0.220121022727273	0.174689772727273	0.038218181818182		1
000047:	0.207751136363636	0.114263636363636	0.315231818181818	0.141394318181818	0.127666477272727	0.093692613636364		1
000048:	0.058886931818182	0.032475568181818	0.035831818181818	0.089898863636364	0.672043181818182	0.110863636363636		1
000049:	0.038421022727273	0.022835227272727	0.027973295454545	0.043026704545455	0.841090340909091	0.026653409090909		1
000050:	0.380332386363636	0.091760795454545	0.134346590909091	0.066424431818182	0.248416477272727	0.078719318181818		1
000051:	0.876923863636364	0.013490340909091	0.013592045454545	0.021582954545455	0.035867613636364	0.038543181818182		1
000052:	0.836478977272727	0.014073863636364	0.021607954545455	0.028395454545455	0.070195454545455	0.029248295454545		1
000053:	0.321958522727273	0.310261363636364	0.045588068181818	0.001224431818182	0.318823295454545	0.002144318181818		1
000054:	0.073476136363636	0.234571022727273	0.213410227272727	0.238776136363636	0.153757954545455	0.086008522727273		1
000055:	0.329853409090909	0.021577272727273	0.061373863636364	0.027290909090909	0.478110795454545	0.081793750000000		1
000056:	0.075365909090909	0.027101136363636	0.097222727272727	0.022335227272727	0.710100568181818	0.067874431818182		1
000057:	0.136031250000000	0.028744318181818	0.307153409090909	0.034670454545455	0.362318181818182	0.131082386363636		1
000058:	0.019302272727273	0.034436931818182	0.025797159090909	0.020038068181818	0.885708522727273	0.014717045454545		1
000059:	0.020828409090909	0.033967613636364	0.211426704545455	0.020008522727273	0.690132954545455	0.023635795454545		1
000060:	0.065951704545455	0.011787500000000	0.032234659090909	0.017952840909091	0.844329545454545	0.027743750000000		1
000061:	0.055865909090909	0.019210227272727	0.047269318181818	0.026204545454545	0.822176136363636	0.029273863636364		1
000062:	0.852253977272727	0.011536931818182	0.018474431818182	0.014811931818182	0.073318750000000	0.029603977272727		1
000063:	0.863119886363636	0.011644886363636	0.017725000000000	0.022738636363636	0.026675568181818	0.058096022727273		1
000064:	0.871427840909091	0.008608522727273	0.012189204545455	0.029180113636364	0.033775568181818	0.044818750000000		1
000065:	0.054825568181818	0.016136363636364	0.032692613636364	0.033316477272727	0.784570454545455	0.078458522727273		1
000066:	0.092142613636364	0.023572727272727	0.282728409090909	0.019585227272727	0.525675000000000	0.056296022727273		1
000067:	0.755873295454545	0.012661363636364	0.015775568181818	0.023564772727273	0.055430681818182	0.136694318181818		1
000068:	0.022964772727273	0.035080113636364	0.074934090909091	0.017029545454545	0.831972159090909	0.018019318181818		1
000069:	0.068234090909091	0.016901704545455	0.321103409090909	0.025989204545455	0.520829545454545	0.046942045454545		1
000070:	0.320517613636364	0.062035227272727	0.155753977272727	0.096057386363636	0.321355113636364	0.044280681818182		1
000071:	0.031168750000000	0.017890340909091	0.260947727272727	0.035895454545455	0.627296590909091	0.026801136363636		1
000072:	0.123319886363636	0.014618181818182	0.038848295454545	0.024978977272727	0.658310795454545	0.139923863636364		1
000073:	0.061033522727273	0.015159090909091	0.076939204545455	0.026027272727273	0.736536363636364	0.084304545454545		1
000074:	0.217316477272727	0.077403977272727	0.530210795454545	0.025747159090909	0.111484659090909	0.037836931818182		1
000075:	0.090417613636364	0.100647159090909	0.181594318181818	0.056982386363636	0.478039204545455	0.092319318181818		1
000076:	0.025868181818182	0.075769318181818	0.127773863636364	0.472857386363636	0.228893181818182	0.068838068181818		1
000077:	0.013198295454545	0.031302272727273	0.008056250000000	0.284161931818182	0.003483522727273	0.659797727272727		1
000078:	0.108197727272727	0.013251704545455	0.068189772727273	0.071085227272727	0.672450000000000	0.066825568181818		1
000079:	0.066867045454545	0.043343750000000	0.107639204545455	0.055207954545455	0.701454545454545	0.025487500000000		1
000080:	0.024913068181818	0.132113068181818	0.181302840909091	0.094374431818182	0.541074431818182	0.026222159090909		1
000081:	0.032411931818182	0.008431818181818	0.048090909090909	0.015941477272727	0.849410795454545	0.045713068181818		1
000082:	0.056676704545455	0.009962500000000	0.031370454545455	0.030954545454545	0.813942613636364	0.057093181818182		1
000083:	0.021916477272727	0.019785795454545	0.089624431818182	0.033639204545455	0.774183522727273	0.060850568181818		1
000084:	0.906063636363636	0.019553977272727	0.015356250000000	0.021732386363636	0.022136363636364	0.015157386363636		1
000085:	0.287383522727273	0.025851704545455	0.344147159090909	0.065168181818182	0.152688636363636	0.124760795454545		1
000086:	0.309120454545455	0.039896022727273	0.091378977272727	0.056980113636364	0.412642045454545	0.089982386363636		1
000087:	0.655257954545455	0.000639772727273	0.337046590909091	0.002151704545455	0.003208522727273	0.001695454545455		1
000088:	0.041523295454545	0.022592613636364	0.638364772727273	0.034361363636364	0.241276136363636	0.021881818181818		1
000089:	0.058009659090909	0.028996022727273	0.609649431818182	0.056990340909091	0.172702840909091	0.073651704545455		1
000090:	0.000336363636364	0.043709659090909	0.950740340909091	0.001115909090909	0.001072727272727	0.003025000000000		1
000091:	0.039363636363636	0.220317613636364	0.256474431818182	0.276635795454545	0.133719886363636	0.073488636363636		1
000092:	0.052032954545455	0.043551136363636	0.068632386363636	0.025775568181818	0.757516477272727	0.052491477272727		1
000093:	0.083082386363636	0.084133522727273	0.231388636363636	0.033687500000000	0.476645454545455	0.091062500000000		1
000094:	0.036394318181818	0.036655681818182	0.124150000000000	0.043705113636364	0.727636363636364	0.031458522727273		1
000095:	0.094893181818182	0.013752840909091	0.042761931818182	0.030081250000000	0.738776136363636	0.079734659090909		1
000096:	0.887427840909091	0.012274431818182	0.014878409090909	0.014708522727273	0.049129545454545	0.021581250000000		1
000097:	0.029702272727273	0.029460227272727	0.353144318181818	0.024816477272727	0.530488068181818	0.032388636363636		1
000098:	0.011461931818182	0.014347159090909	0.086722159090909	0.013593750000000	0.849825568181818	0.024049431818182		1
000099:	0.383684090909091	0.023262500000000	0.152489204545455	0.076479545454545	0.322580113636364	0.041504545454545		1
000100:	0.736290340909091	0.016810795454545	0.034257386363636	0.017965909090909	0.147434659090909	0.047240909090909		1
000101:	0.074414204545455	0.013913068181818	0.635535227272727	0.026861363636364	0.184286931818182	0.064989204545455		1
000102:	0.251736363636364	0.039825000000000	0.181981250000000	0.055259090909091	0.421556818181818	0.049641477272727		1
000103:	0.043041477272727	0.093359659090909	0.029296590909091	0.109605681818182	0.700271590909091	0.024425000000000		1
000104:	0.679555113636364	0.017444886363636	0.023611363636364	0.020912500000000	0.220698863636364	0.037777272727273		1
000105:	0.177602840909091	0.045215909090909	0.490706818181818	0.031430113636364	0.218827272727273	0.036217045454545		1
000106:	0.040803409090909	0.030282386363636	0.434617613636364	0.046278977272727	0.408077840909091	0.039939772727273		1
000107:	0.464272727272727	0.018403409090909	0.183295454545455	0.034459090909091	0.248661363636364	0.050907954545455		1
000108:	0.702188068181818	0.043043181818182	0.056257386363636	0.026610227272727	0.127847159090909	0.044053977272727		1
000109:	0.047963068181818	0.061143181818182	0.159680113636364	0.054866477272727	0.642870454545455	0.033476704545455		1
000110:	0.146788636363636	0.541950000000000	0.082332954545455	0.135222727272727	0.045413068181818	0.048292613636364		1
000111:	0.432411931818182	0.014873863636364	0.102005681818182	0.077689204545455	0.247286363636364	0.125732954545455		1
000112:	0.143986363636364	0.043035227272727	0.644922727272727	0.086893750000000	0.055081818181818	0.026080113636364		1
000113:	0.099264772727273	0.014547159090909	0.045451136363636	0.040088068181818	0.690035227272727	0.110613636363636		1
000114:	0.027218181818182	0.055048863636364	0.199690340909091	0.255646022727273	0.348742613636364	0.113653977272727		1
000115:	0.074682954545455	0.040705113636364	0.160480113636364	0.042816477272727	0.627022727272727	0.054292613636364		1
000116:	0.335881250000000	0.031843181818182	0.049893181818182	0.021864772727273	0.469895454545455	0.090622159090909		1
000117:	0.064255681818182	0.034967613636364	0.519048295454545	0.042140909090909	0.168411363636364	0.171176136363636		1
000118:	0.314739204545455	0.020860227272727	0.046768181818182	0.085628409090909	0.390131818181818	0.141872159090909		1
000119:	0.119463068181818	0.030209659090909	0.404317045454545	0.025781250000000	0.392669886363636	0.027559090909091		1
000120:	0.199661363636364	0.023681818181818	0.109990909090909	0.049256818181818	0.366440909090909	0.250968181818182		1
000121:	0.072073295454545	0.098186363636364	0.205959659090909	0.083379545454545	0.492495454545455	0.047905681818182		1
000122:	0.048034090909091	0.014829545454545	0.295830113636364	0.015338636363636	0.589909090909091	0.036058522727273		1
000123:	0.027622727272727	0.027854545454545	0.031175568181818	0.034784090909091	0.853735795454545	0.024827272727273		1
000124:	0.044772159090909	0.050151136363636	0.356303409090909	0.249404545454545	0.242219318181818	0.057149431818182		1
000125:	0.128972727272727	0.024658522727273	0.043264772727273	0.329569318181818	0.216159090909091	0.257375568181818		1
000126:	0.035842045454545	0.017015909090909	0.023492045454545	0.850081250000000	0.033108522727273	0.040460227272727		1
000127:	0.163042613636364	0.051645454545455	0.144468181818182	0.042860795454545	0.529752840909091	0.068230113636364		1
000128:	0.061840340909091	0.025040340909091	0.064098295454545	0.039439204545455	0.743514204545455	0.066067613636364		1
000129:	0.027373295454545	0.089122727272727	0.616026136363636	0.021720454545455	0.218475000000000	0.027282386363636		1
000130:	0.986239772727273	0.000057386363636	0.000075000000000	0.000166477272727	0.000215909090909	0.013245454545455		1
000131:	0.073096022727273	0.025753977272727	0.261112500000000	0.040577272727273	0.559319886363636	0.040140340909091		1
000132:	0.817042045454546	0.014382386363636	0.037992045454545	0.016985227272727	0.080287500000000	0.033310795454545		1
000133:	0.050430113636364	0.105384090909091	0.156473295454545	0.455705113636364	0.173464772727273	0.058542613636364		1
000134:	0.074260795454545	0.104975000000000	0.123409090909091	0.061848863636364	0.532392045454545	0.103114204545455		1
000135:	0.019956818181818	0.158011363636364	0.540163068181818	0.027525000000000	0.187575000000000	0.066768750000000		1
000136:	0.077159090909091	0.031367045454545	0.041787500000000	0.042915909090909	0.747504545454545	0.059265909090909		1
000137:	0.053927840909091	0.119586931818182	0.484830681818182	0.054714772727273	0.259082954545455	0.027856818181818		1
000138:	0.044941477272727	0.047043750000000	0.065642613636364	0.102055113636364	0.681197727272727	0.059119318181818		1
000139:	0.066511931818182	0.107475568181818	0.134120454545455	0.085438068181818	0.528795454545455	0.077658522727273		1
000140:	0.053969318181818	0.648209090909091	0.129646590909091	0.024526136363636	0.119838068181818	0.023810795454545		1
000141:	0.488953409090909	0.026362500000000	0.048505113636364	0.200786931818182	0.110831818181818	0.124560227272727		1
000142:	0.106169886363636	0.073031818181818	0.340523295454545	0.017953409090909	0.409210795454545	0.053110795454545		1
000143:	0.047977272727273	0.029059659090909	0.087013636363636	0.028868181818182	0.763036363636364	0.044044886363636		1
000144:	0.206866477272727	0.022058522727273	0.234256818181818	0.057095454545455	0.386107386363636	0.093615340909091		1
000145:	0.784784090909091	0.037148295454545	0.028868750000000	0.038667613636364	0.075021022727273	0.035510227272727		1
000146:	0.058631250000000	0.260442613636364	0.126823863636364	0.016478977272727	0.483969886363636	0.053653409090909		1
000147:	0.074293750000000	0.026122727272727	0.110474431818182	0.021650000000000	0.456520454545455	0.310938636363636		1
000148:	0.026613068181818	0.023832954545455	0.025289772727273	0.025744886363636	0.831934090909091	0.066585227272727		1
000149:	0.117881818181818	0.032589772727273	0.272203977272727	0.039208522727273	0.179306250000000	0.358809659090909		1
000150:	0.081251136363636	0.102188636363636	0.466050568181818	0.056839772727273	0.258633522727273	0.035036363636364		1
000151:	0.311822159090909	0.026792045454545	0.060352840909091	0.096140340909091	0.404960795454545	0.099931818181818		1
000152:	0.074907386363636	0.037254545454545	0.050287500000000	0.096127272727273	0.701615909090909	0.039807386363636		1
000153:	0.134168750000000	0.034014772727273	0.415258522727273	0.030814772727273	0.346143750000000	0.039599431818182		1
000154:	0.568233522727273	0.010893181818182	0.021763636363636	0.021153409090909	0.283004545454545	0.094951704545455		1
000155:	0.381576704545455	0.042446590909091	0.124440340909091	0.021198295454545	0.386791477272727	0.043546590909091		1
000156:	0.400246590909091	0.012984090909091	0.326000000000000	0.041043750000000	0.164921022727273	0.054804545454545		1
000157:	0.869491477272727	0.011907954545455	0.036645454545455	0.016676136363636	0.038902272727273	0.026376704545455		1
000158:	0.166576704545455	0.040182386363636	0.249065909090909	0.287967045454545	0.111309090909091	0.144898863636364		1
000159:	0.488613636363636	0.081484090909091	0.187789204545455	0.107998863636364	0.032124431818182	0.101989772727273		1
000160:	0.046498295454545	0.019011363636364	0.018144886363636	0.475696590909091	0.022788068181818	0.417860795454545		1
000161:	0.078447159090909	0.036752272727273	0.037678409090909	0.031877840909091	0.025925000000000	0.789319318181818		1
000162:	0.022415909090909	0.102660227272727	0.466447727272727	0.147704545454545	0.034471590909091	0.226300000000000		1
000163:	0.061875000000000	0.013066477272727	0.075484090909091	0.021286931818182	0.640183522727273	0.188103977272727		1
000164:	0.811906818181818	0.010382386363636	0.016070454545455	0.028203409090909	0.064509659090909	0.068927272727273		1
000165:	0.089228409090909	0.034818750000000	0.027132954545455	0.031381818181818	0.279902272727273	0.537535795454545		1
000166:	0.117289204545455	0.018147159090909	0.058452272727273	0.016823295454545	0.437287500000000	0.352000568181818		1
000167:	0.071194318181818	0.037819886363636	0.064326704545455	0.089869318181818	0.609234659090909	0.127555113636364		1
000168:	0.288724431818182	0.033039772727273	0.104626136363636	0.042184659090909	0.487641477272727	0.043783522727273		1
000169:	0.029606250000000	0.020175568181818	0.083392613636364	0.030523295454545	0.790728409090909	0.045573863636364		1
000170:	0.021285795454545	0.019249431818182	0.016417045454545	0.017526136363636	0.854959090909091	0.070562500000000		1
000171:	0.641891477272727	0.025903977272727	0.043717613636364	0.030188636363636	0.183503977272727	0.074794318181818		1
000172:	0.075689772727273	0.067288068181818	0.087122159090909	0.058800000000000	0.582925568181818	0.128174431818182		1
000173:	0.041288636363636	0.011451704545455	0.074528409090909	0.021293181818182	0.808501136363636	0.042936931818182		1
000174:	0.040567613636364	0.063640340909091	0.127551136363636	0.014349431818182	0.708798863636364	0.045092613636364		1
000175:	0.866880113636364	0.019718181818182	0.017217045454545	0.016557386363636	0.058152272727273	0.021475000000000		1
000176:	0.076439772727273	0.017903977272727	0.207716477272727	0.179741477272727	0.443005113636364	0.075193181818182		1
000177:	0.050963068181818	0.007819318181818	0.227307386363636	0.135132954545455	0.004522727272727	0.574254545454545		1
000178:	0.201326136363636	0.038822727272727	0.107150568181818	0.019065909090909	0.600605681818182	0.033028977272727		1
000179:	0.893889204545455	0.012105681818182	0.025831250000000	0.014615909090909	0.028768750000000	0.024789204545455		1
000180:	0.905364204545455	0.015643181818182	0.014458522727273	0.017257386363636	0.026750568181818	0.020526136363636		1
000181:	0.903280113636364	0.011682954545455	0.015211363636364	0.028490909090909	0.020336363636364	0.020998295454545		1
000182:	0.225970454545455	0.121130113636364	0.279656250000000	0.074977840909091	0.217098863636364	0.081166477272727		1
000183:	0.841385795454546	0.011088068181818	0.012340909090909	0.021089772727273	0.086047159090909	0.028048295454545		1
000184:	0.137121590909091	0.052878977272727	0.081541477272727	0.078348295454545	0.562773295454545	0.087336363636364		1
000185:	0.104076704545455	0.302813068181818	0.215148863636364	0.080368750000000	0.198757954545455	0.098834659090909		1
000186:	0.807717613636364	0.022275000000000	0.034284090909091	0.060867613636364	0.051021590909091	0.023834090909091		1
000187:	0.891717045454545	0.017265340909091	0.013281250000000	0.019689204545455	0.036483522727273	0.021563636363636		1
000188:	0.359948295454545	0.034154545454545	0.034914204545455	0.269835227272727	0.211725000000000	0.089422727272727		1
000189:	0.003488068181818	0.001406250000000	0.001623863636364	0.273976136363636	0.715867613636364	0.003638068181818		1
000190:	0.026298295454545	0.027671590909091	0.047084659090909	0.033811363636364	0.770769318181818	0.094364772727273		1
000191:	0.053818750000000	0.013102840909091	0.148400000000000	0.018777840909091	0.684283522727273	0.081617045454545		1
000192:	0.110525000000000	0.024103409090909	0.493738636363636	0.129172727272727	0.182577272727273	0.059882954545455		1
000193:	0.157402272727273	0.034146590909091	0.356957386363636	0.046519318181818	0.338078977272727	0.066895454545455		1
000194:	0.093623863636364	0.099019886363636	0.076433522727273	0.036810795454545	0.545265909090909	0.148846022727273		1
000195:	0.039934659090909	0.011800000000000	0.256252840909091	0.028273295454545	0.635334659090909	0.028404545454545		1
000196:	0.251257386363636	0.014280681818182	0.052171590909091	0.362306250000000	0.112694886363636	0.207289204545455		1
000197:	0.195015909090909	0.017505113636364	0.227974431818182	0.052477840909091	0.301756818181818	0.205269886363636		1
000198:	0.120947727272727	0.060836931818182	0.405662500000000	0.044680681818182	0.102286931818182	0.265585227272727		1
000199:	0.170680681818182	0.023486363636364	0.061656818181818	0.034825000000000	0.091523863636364	0.617827272727273		1
000200:	0.000813636363636	0.000045454545455	0.019913068181818	0.979091477272727	0.000052272727273	0.000084090909091		1
000201:	0.898564772727273	0.012602272727273	0.014686931818182	0.020809659090909	0.033520454545455	0.019815909090909		1
000202:	0.252848863636364	0.066857954545455	0.182932386363636	0.061025000000000	0.318686363636364	0.117649431818182		1
000203:	0.122083522727273	0.029821590909091	0.025680681818182	0.027158522727273	0.610836931818182	0.184418750000000		1
000204:	0.426134659090909	0.025721022727273	0.024541477272727	0.090256250000000	0.271769318181818	0.161577272727273		1
000205:	0.396116477272727	0.055975000000000	0.042736363636364	0.068301136363636	0.318517045454545	0.118353977272727		1
000206:	0.133909090909091	0.197177840909091	0.038496022727273	0.050057386363636	0.496568750000000	0.083790909090909		1
000207:	0.027451136363636	0.026261931818182	0.336669886363636	0.167276704545455	0.394260795454545	0.048079545454545		1
000208:	0.370942613636364	0.018430681818182	0.041214772727273	0.089288636363636	0.329818181818182	0.150305113636364		1
000209:	0.721882386363636	0.020476704545455	0.055953409090909	0.042569318181818	0.114003977272727	0.045114204545455		1
000210:	0.444257954545455	0.030400568181818	0.117392045454545	0.027855113636364	0.305316477272727	0.074777840909091		1
000211:	0.109666477272727	0.027905113636364	0.058130681818182	0.047736363636364	0.660150000000000	0.096411363636364		1
000212:	0.321723295454545	0.033351704545455	0.062509659090909	0.151661931818182	0.103921022727273	0.326832386363636		1
000213:	0.595486931818182	0.013633522727273	0.022272727272727	0.051117045454545	0.137675568181818	0.179814204545455		1
000214:	0.094684090909091	0.029044886363636	0.093243750000000	0.227045454545455	0.318964772727273	0.237017045454545		1
000215:	0.097193181818182	0.086492045454545	0.147378977272727	0.129913636363636	0.494423295454545	0.044598863636364		1
000216:	0.619811363636364	0.027723863636364	0.041373863636364	0.059668750000000	0.059687500000000	0.191734659090909		1
000217:	0.497788636363636	0.017234659090909	0.014550000000000	0.016676136363636	0.044719886363636	0.409030681818182		1
000218:	0.265762500000000	0.019854545454545	0.063840909090909	0.064918750000000	0.297552840909091	0.288070454545455		1
000219:	0.156792613636364	0.022564204545455	0.029978977272727	0.051989772727273	0.078480113636364	0.660194318181818		1
000220:	0.430518181818182	0.009562500000000	0.031836931818182	0.053085227272727	0.183878977272727	0.291118181818182		1
000221:	0.291722727272727	0.013375000000000	0.030660227272727	0.048137500000000	0.430639204545455	0.185465340909091		1
000222:	0.741629545454545	0.013281818181818	0.017464204545455	0.026688636363636	0.045250568181818	0.155685227272727		1
000223:	0.288775568181818	0.090386931818182	0.182613068181818	0.087678977272727	0.251718181818182	0.098827272727273		1
000224:	0.067563068181818	0.052644886363636	0.284890340909091	0.033982954545455	0.542430113636364	0.018488636363636		1
000225:	0.040305681818182	0.056132386363636	0.196831250000000	0.015752272727273	0.671936931818182	0.019041477272727		1
000226:	0.066826136363636	0.023753977272727	0.127187500000000	0.119077840909091	0.637966477272727	0.025188068181818		1
000227:	0.043807954545455	0.040022727272727	0.387882386363636	0.086928977272727	0.399127840909091	0.042230113636364		1
000228:	0.028532954545455	0.604370454545455	0.097652840909091	0.140680681818182	0.023884659090909	0.104878409090909		1
000229:	0.027014204545455	0.046922159090909	0.022463636363636	0.034694318181818	0.844876704545454	0.024028977272727		1
000230:	0.067153409090909	0.021635795454545	0.027422727272727	0.641631250000000	0.057905113636364	0.184251704545455		1
000231:	0.033329545454545	0.055696022727273	0.334826136363636	0.077310795454545	0.400985795454545	0.097851704545455		1
000232:	0.279441477272727	0.090822727272727	0.049831250000000	0.316418750000000	0.208470454545455	0.055015340909091		1
000233:	0.026171590909091	0.032115909090909	0.253896590909091	0.049725000000000	0.590138636363636	0.047952272727273		1
000234:	0.028182954545455	0.285048295454545	0.228364204545455	0.082250000000000	0.339037500000000	0.037117045454545		1
000235:	0.068059090909091	0.551350568181818	0.232173863636364	0.022827272727273	0.093129545454545	0.032459659090909		1
000236:	0.276037500000000	0.065126136363636	0.083817613636364	0.408193750000000	0.094825568181818	0.071999431818182		1
000237:	0.035759659090909	0.252604545454545	0.127982954545455	0.032156818181818	0.525418750000000	0.026077272727273		1
000238:	0.721676704545455	0.022092045454545	0.044906818181818	0.018805681818182	0.146628409090909	0.045890340909091		1
000239:	0.050108522727273	0.038777840909091	0.091372727272727	0.102523295454545	0.677211931818182	0.040005681818182		1
000240:	0.021157386363636	0.014179545454545	0.033502272727273	0.860311931818182	0.054908522727273	0.015940340909091		1
000241:	0.266587500000000	0.023570454545455	0.388840909090909	0.079770454545455	0.178186931818182	0.063043750000000		1
000242:	0.032237500000000	0.033397159090909	0.801626136363636	0.020813636363636	0.076540909090909	0.035384659090909		1
000243:	0.032732954545455	0.158999431818182	0.106171590909091	0.622536363636364	0.053976136363636	0.025583522727273		1
000244:	0.085852840909091	0.031331818181818	0.060123863636364	0.272542045454545	0.491501704545455	0.058647727272727		1
000245:	0.019369318181818	0.017011363636364	0.035161931818182	0.130316477272727	0.760912500000000	0.037228409090909		1
000246:	0.032595454545455	0.147528409090909	0.306050000000000	0.065782954545455	0.398540909090909	0.049502272727273		1
000247:	0.054498295454545	0.098615909090909	0.188747727272727	0.131011363636364	0.468640909090909	0.058485795454545		1
000248:	0.025711363636364	0.022387500000000	0.015831818181818	0.175886931818182	0.722166477272727	0.038015909090909		1
000249:	0.025690909090909	0.135489772727273	0.183789772727273	0.532637500000000	0.102106818181818	0.020285227272727		1
000250:	0.031331818181818	0.059734090909091	0.182207954545455	0.021134659090909	0.686626136363636	0.018965340909091		1
000251:	0.041694886363636	0.053567045454545	0.219818181818182	0.184706250000000	0.462472159090909	0.037741477272727		1
000252:	0.169796022727273	0.060797727272727	0.057081250000000	0.446839204545455	0.130780113636364	0.134705681818182		1
000253:	0.056965340909091	0.527094318181818	0.058503409090909	0.203243181818182	0.079372727272727	0.074821022727273		1
000254:	0.069969318181818	0.203268750000000	0.061640909090909	0.288049431818182	0.308231818181818	0.068839772727273		1
000255:	0.041768750000000	0.140331250000000	0.042117613636364	0.072785795454545	0.673444886363636	0.029551704545455		1
000256:	0.025605681818182	0.019136931818182	0.032053977272727	0.033197159090909	0.861877840909091	0.028128409090909		1
000257:	0.629559659090909	0.059727840909091	0.024445454545455	0.049701704545455	0.065997727272727	0.170567613636364		1
000258:	0.034878977272727	0.013896022727273	0.047470454545455	0.037345454545455	0.843627840909091	0.022781250000000		1
000259:	0.889521590909091	0.019810795454545	0.026345454545455	0.013634090909091	0.028674431818182	0.022013636363636		1
000260:	0.027714204545455	0.045559659090909	0.117024431818182	0.711546022727273	0.069766477272727	0.028389204545455		1
000261:	0.298169886363636	0.211367045454545	0.098393750000000	0.226189772727273	0.095473863636364	0.070405681818182		1
000262:	0.443272727272727	0.099735795454545	0.065176704545455	0.294418181818182	0.058364772727273	0.039031818181818		1
000263:	0.093637500000000	0.025652840909091	0.112775568181818	0.079107386363636	0.519913068181818	0.168913636363636		1
000264:	0.724182954545455	0.016955681818182	0.023061363636364	0.038780681818182	0.154111931818182	0.042907386363636		1
000265:	0.109861363636364	0.035539204545455	0.024128977272727	0.034485227272727	0.658412500000000	0.137572727272727		1
000266:	0.052437500000000	0.080000568181818	0.038355681818182	0.020993750000000	0.785752840909091	0.022459659090909		1
000267:	0.021048863636364	0.162682386363636	0.067363636363636	0.206518750000000	0.523844886363636	0.018541477272727		1
000268:	0.169401136363636	0.040654545454545	0.046859090909091	0.109004545454545	0.564735795454545	0.069344886363636		1
000269:	0.080298295454545	0.331130113636364	0.410994886363636	0.017975000000000	0.117595454545455	0.042006250000000		1
000270:	0.833156818181818	0.015627272727273	0.015332954545455	0.030085795454545	0.060669886363636	0.045127272727273		1
000271:	0.118238068181818	0.480535795454545	0.084839204545455	0.212963636363636	0.077040909090909	0.026382386363636		1
000272:	0.234736363636364	0.165862500000000	0.103102272727273	0.350982954545455	0.091748295454545	0.053567613636364		1
000273:	0.365959090909091	0.219240909090909	0.113847727272727	0.041715909090909	0.204967613636364	0.054268750000000		1
000274:	0.071383522727273	0.263623295454545	0.091256250000000	0.213707386363636	0.288586363636364	0.071443181818182		1
000275:	0.041932954545455	0.040955113636364	0.167272727272727	0.027293750000000	0.694418750000000	0.028126704545455		1
000276:	0.839918750000000	0.041610227272727	0.019595454545455	0.049880113636364	0.023765909090909	0.025229545454545		1
000277:	0.102625568181818	0.643115340909091	0.101373295454545	0.025680681818182	0.090468181818182	0.036736931818182		1
000278:	0.036207954545455	0.026135795454545	0.081638636363636	0.045656818181818	0.771814772727273	0.038546022727273		1
000279:	0.013733522727273	0.558229545454546	0.195417045454545	0.018303409090909	0.190255681818182	0.024060795454545		1
000280:	0.142492613636364	0.034641477272727	0.119657954545455	0.468735795454545	0.201744318181818	0.032727840909091		1
000281:	0.479225568181818	0.289364204545455	0.094647727272727	0.058960795454545	0.054925568181818	0.022876136363636		1
000282:	0.201065909090909	0.079626136363636	0.350263068181818	0.103510795454545	0.215167613636364	0.050366477272727		1
000283:	0.861549431818182	0.014678977272727	0.015011363636364	0.027827272727273	0.030559090909091	0.050373863636364		1
000284:	0.072380113636364	0.393603409090909	0.073477840909091	0.212253409090909	0.192334659090909	0.055950568181818		1
000285:	0.037480113636364	0.123589772727273	0.472152272727273	0.111223863636364	0.211955681818182	0.043598295454545		1
000286:	0.291424431818182	0.137761363636364	0.307376136363636	0.046048863636364	0.183317045454545	0.034072159090909		1
000287:	0.233409659090909	0.175195454545455	0.220847727272727	0.027330113636364	0.304397727272727	0.038819318181818		1
000288:	0.164727272727273	0.099968181818182	0.102002840909091	0.094146022727273	0.467315340909091	0.071840340909091		1
000289:	0.234742045454545	0.034580113636364	0.025538636363636	0.128051136363636	0.526786363636364	0.050301704545455		1
000290:	0.149186363636364	0.021592045454545	0.025052840909091	0.718033522727273	0.055844886363636	0.030290340909091		1
000291:	0.132209090909091	0.025268181818182	0.089656818181818	0.016986363636364	0.581338068181818	0.154541477272727		1
000292:	0.073732954545455	0.056918750000000	0.061967613636364	0.298315340909091	0.184586931818182	0.324478409090909		1
000293:	0.063912500000000	0.017148295454545	0.031113068181818	0.028857954545455	0.514510795454545	0.344457386363636		1
000294:	0.142775568181818	0.021736363636364	0.111840340909091	0.042842045454545	0.626549431818182	0.054256250000000		1
000295:	0.051940340909091	0.013848295454545	0.335246022727273	0.052597727272727	0.465423863636364	0.080943750000000		1
000296:	0.592446590909091	0.024245454545455	0.072785795454545	0.034607954545455	0.164188068181818	0.111726136363636		1
000297:	0.228971022727273	0.014493750000000	0.050477272727273	0.075398295454545	0.590721590909091	0.039938068181818		1
000298:	0.050561931818182	0.163733522727273	0.628588636363636	0.017859090909091	0.114982386363636	0.024274431818182		1
000299:	0.063524431818182	0.031712500000000	0.032080681818182	0.042809090909091	0.800521590909091	0.029351704545455		1
000300:	0.325533522727273	0.143611931818182	0.057810227272727	0.051164204545455	0.240671022727273	0.181209090909091		1
000301:	0.037028977272727	0.014533522727273	0.036859090909091	0.016813068181818	0.808188636363636	0.086576704545455		1
000302:	0.888626136363636	0.011139204545455	0.022759090909091	0.031413636363636	0.022614772727273	0.023447159090909		1
000303:	0.912009090909091	0.012953977272727	0.020373863636364	0.022280113636364	0.016028409090909	0.016354545454545		1
000304:	0.030540340909091	0.013825000000000	0.032240340909091	0.112952272727273	0.772812500000000	0.037629545454545		1
000305:	0.175657386363636	0.019231250000000	0.046513068181818	0.632991477272727	0.046148295454545	0.079458522727273		1
000306:	0.771875000000000	0.039193750000000	0.048061363636364	0.072218750000000	0.034232386363636	0.034418750000000		1
000307:	0.116667045454545	0.015630681818182	0.016638068181818	0.730105113636364	0.041907386363636	0.079051704545455		1
000308:	0.060078977272727	0.018797727272727	0.020903977272727	0.043843181818182	0.591173863636364	0.265202272727273		1
000309:	0.079300000000000	0.139093750000000	0.040691477272727	0.026751136363636	0.670689772727273	0.043473863636364		1
000310:	0.851903977272727	0.009001136363636	0.013377272727273	0.029713068181818	0.078132386363636	0.017872159090909		1
000311:	0.205211363636364	0.052202272727273	0.050857954545455	0.283765340909091	0.354288636363636	0.053674431818182		1
000312:	0.063068181818182	0.180144886363636	0.094308522727273	0.051528409090909	0.584645454545455	0.026304545454545		1
000313:	0.063543750000000	0.560689204545455	0.112403409090909	0.054345454545455	0.145580113636364	0.063438068181818		1
000314:	0.099407954545455	0.082103977272727	0.488791477272727	0.169574431818182	0.127482386363636	0.032639772727273		1
000315:	0.042733522727273	0.187844318181818	0.223120454545455	0.089320454545455	0.411007386363636	0.045973863636364		1
000316:	0.042030113636364	0.017034659090909	0.022402840909091	0.030875000000000	0.867160227272727	0.020497159090909		1
000317:	0.035580113636364	0.029370454545455	0.625814204545455	0.123131818181818	0.128676704545455	0.057426704545455		1
000318:	0.182743181818182	0.016148863636364	0.033540340909091	0.309466477272727	0.384352840909091	0.073748295454545		1
000319:	0.887152840909091	0.011647159090909	0.017815340909091	0.018984090909091	0.046430681818182	0.017969886363636		1
000320:	0.418211363636364	0.067017613636364	0.088600568181818	0.130527272727273	0.126767045454545	0.168876136363636		1
000321:	0.081656818181818	0.017284659090909	0.023385795454545	0.047675568181818	0.166520454545455	0.663476704545455		1
000322:	0.304103409090909	0.018408522727273	0.028271590909091	0.444902272727273	0.039634659090909	0.164679545454545		1
000323:	0.146190909090909	0.418753977272727	0.139951136363636	0.076427272727273	0.067186931818182	0.151489772727273		1
000324:	0.222755681818182	0.027545454545455	0.026202840909091	0.365557386363636	0.169548295454545	0.188390340909091		1
000325:	0.838351136363636	0.029557386363636	0.025422159090909	0.031030113636364	0.025520454545455	0.050118750000000		1
000326:	0.045280681818182	0.029431818181818	0.038648295454545	0.096825000000000	0.698747727272727	0.091066477272727		1
000327:	0.083381250000000	0.022949431818182	0.087876136363636	0.072946590909091	0.400294318181818	0.332552272727273		1
000328:	0.046567045454545	0.013209090909091	0.021101704545455	0.852161363636364	0.034916477272727	0.032044318181818		1
000329:	0.086807386363636	0.058656818181818	0.066182954545455	0.068234090909091	0.343748863636364	0.376369886363636		1
000330:	0.162958522727273	0.022269318181818	0.035300568181818	0.658851136363636	0.043258522727273	0.077361931818182		1
000331:	0.053343181818182	0.033022159090909	0.016126136363636	0.803676136363636	0.055864204545455	0.037968181818182		1
