Estimated Clustering Probabilities for Samples
Sample	***Cluster  01***	***Cluster  02***	***Cluster  03***	***Cluster  04***	***Cluster  05***	***Cluster  06***	
000001:	0.040092045454545	0.145759090909091	0.141153977272727	0.343525568181818	0.231744886363636	0.097724431818182		1
000002:	0.014864772727273	0.631002272727273	0.048054545454545	0.138381250000000	0.080316477272727	0.087380681818182		1
000003:	0.023163636363636	0.132941477272727	0.027706250000000	0.105485227272727	0.655257954545455	0.055445454545455		1
000004:	0.022255681818182	0.166214772727273	0.027413068181818	0.034636931818182	0.058268181818182	0.691211363636364		1
000005:	0.013746590909091	0.452049431818182	0.055894318181818	0.048260227272727	0.364641477272727	0.065407954545455		1
000006:	0.211590909090909	0.190476704545455	0.054146590909091	0.061534659090909	0.052710227272727	0.429540909090909		1
000007:	0.027900000000000	0.480150568181818	0.026008522727273	0.223375568181818	0.201932954545455	0.040632386363636		1
000008:	0.017471022727273	0.874580681818182	0.015472159090909	0.017407386363636	0.031793750000000	0.043275000000000		1
000009:	0.017959090909091	0.805215340909091	0.025307954545455	0.027798295454545	0.037363068181818	0.086356250000000		1
000010:	0.025562500000000	0.589125568181818	0.112807386363636	0.043794318181818	0.103198863636364	0.125511363636364		1
000011:	0.037109090909091	0.125924431818182	0.068371590909091	0.339528409090909	0.223403977272727	0.205662500000000		1
000012:	0.075215909090909	0.082730113636364	0.275218181818182	0.027626704545455	0.410090340909091	0.129118750000000		1
000013:	0.274528977272727	0.050394886363636	0.189019886363636	0.034889204545455	0.190435227272727	0.260731818181818		1
000014:	0.021998863636364	0.034195454545455	0.019223295454545	0.015257386363636	0.034236931818182	0.875088068181818		1
000015:	0.060099431818182	0.224314772727273	0.070610227272727	0.026950000000000	0.408915340909091	0.209110227272727		1
000016:	0.012658522727273	0.037727840909091	0.017014204545455	0.022444318181818	0.072647159090909	0.837507954545455		1
000017:	0.017440909090909	0.114668750000000	0.234894886363636	0.078909659090909	0.449331818181818	0.104753977272727		1
000018:	0.275298295454545	0.059583522727273	0.472708522727273	0.018482954545455	0.108014772727273	0.065911931818182		1
000019:	0.038569318181818	0.097868750000000	0.052146590909091	0.024909659090909	0.746616477272727	0.039889204545455		1
000020:	0.018065909090909	0.126401704545455	0.228973295454545	0.039881250000000	0.179611931818182	0.407065909090909		1
000021:	0.020400000000000	0.022297159090909	0.202155681818182	0.261761363636364	0.468989772727273	0.024396022727273		1
000022:	0.034475568181818	0.095875000000000	0.164056250000000	0.030156250000000	0.581833522727273	0.093603409090909		1
000023:	0.057125000000000	0.041501136363636	0.109376704545455	0.127815909090909	0.604924431818182	0.059256818181818		1
000024:	0.023311363636364	0.031322727272727	0.025809659090909	0.017492045454545	0.021296022727273	0.880768181818182		1
000025:	0.203507954545455	0.095782386363636	0.107425568181818	0.034506250000000	0.346613636363636	0.212164204545455		1
000026:	0.039915909090909	0.046589204545455	0.140468750000000	0.025634659090909	0.703541477272727	0.043850000000000		1
000027:	0.102065909090909	0.052730113636364	0.661330681818182	0.023892613636364	0.104363068181818	0.055617613636364		1
000028:	0.016151704545455	0.139634659090909	0.111850568181818	0.318728409090909	0.366171590909091	0.047463068181818		1
000029:	0.036607386363636	0.196427840909091	0.285693181818182	0.052138068181818	0.282961931818182	0.146171590909091		1
000030:	0.031385227272727	0.089098295454545	0.033602272727273	0.035451704545455	0.747454545454545	0.063007954545455		1
000031:	0.195421022727273	0.049576704545455	0.548963068181818	0.022997727272727	0.129796022727273	0.053245454545455		1
000032:	0.031061931818182	0.054360227272727	0.583618750000000	0.059751704545455	0.197659659090909	0.073547727272727		1
000033:	0.023741477272727	0.107898863636364	0.175337500000000	0.111927272727273	0.518182954545455	0.062911931818182		1
000034:	0.010716477272727	0.024441477272727	0.035759090909091	0.021812500000000	0.021410795454545	0.885859659090909		1
000035:	0.075972159090909	0.114676704545455	0.273340909090909	0.197957954545455	0.303061363636364	0.034990909090909		1
000036:	0.017709090909091	0.178447727272727	0.212179545454545	0.117389204545455	0.317349431818182	0.156925000000000		1
000037:	0.019856818181818	0.072893750000000	0.578925000000000	0.023659659090909	0.138175000000000	0.166489772727273		1
000038:	0.096116477272727	0.127436931818182	0.054753977272727	0.381355681818182	0.255497159090909	0.084839772727273		1
000039:	0.067663636363636	0.082484090909091	0.235582386363636	0.029194886363636	0.458258522727273	0.126816477272727		1
000040:	0.022590340909091	0.059139204545455	0.018322159090909	0.034726704545455	0.036763068181818	0.828458522727273		1
000041:	0.031373295454545	0.086444318181818	0.458402272727273	0.038789772727273	0.198449431818182	0.186540909090909		1
000042:	0.197260795454545	0.044059090909091	0.276927272727273	0.062134659090909	0.287218750000000	0.132399431818182		1
000043:	0.026077272727273	0.178698863636364	0.081347727272727	0.064781818181818	0.477404545454545	0.171689772727273		1
000044:	0.026576704545455	0.181487500000000	0.302431818181818	0.038727272727273	0.323998863636364	0.126777840909091		1
000045:	0.041521590909091	0.038664772727273	0.675838068181818	0.021850568181818	0.195617613636364	0.026507386363636		1
000046:	0.076786363636364	0.029841477272727	0.149338068181818	0.275030681818182	0.421419886363636	0.047583522727273		1
000047:	0.116147727272727	0.147696022727273	0.235061363636364	0.142526136363636	0.156621590909091	0.201947159090909		1
000048:	0.043017613636364	0.321002272727273	0.039724431818182	0.072787500000000	0.449301704545455	0.074166477272727		1
000049:	0.025294886363636	0.073134090909091	0.042203977272727	0.023948863636364	0.791947727272727	0.043470454545455		1
000050:	0.052973863636364	0.047578977272727	0.106737500000000	0.044694318181818	0.303670454545455	0.444344886363636		1
000051:	0.014735795454545	0.061612500000000	0.014528977272727	0.020084659090909	0.031353977272727	0.857684090909091		1
000052:	0.017873295454545	0.044447159090909	0.016436363636364	0.020881250000000	0.045052840909091	0.855309090909091		1
000053:	0.054180113636364	0.068111931818182	0.185342613636364	0.023356250000000	0.431169318181818	0.237839772727273		1
000054:	0.396219318181818	0.084530113636364	0.187405113636364	0.063930113636364	0.163471590909091	0.104443750000000		1
000055:	0.019717045454545	0.174385227272727	0.053114772727273	0.026661363636364	0.415139204545455	0.310982386363636		1
000056:	0.045280681818182	0.092089772727273	0.071741477272727	0.035010227272727	0.648997727272727	0.106880113636364		1
000057:	0.024646590909091	0.176486931818182	0.277622727272727	0.041098863636364	0.369084090909091	0.111060795454545		1
000058:	0.032377272727273	0.017308522727273	0.030119318181818	0.015513068181818	0.885779545454545	0.018902272727273		1
000059:	0.026457954545455	0.031674431818182	0.141634659090909	0.019561363636364	0.757002272727273	0.023669318181818		1
000060:	0.012073295454545	0.108003977272727	0.022106250000000	0.019908522727273	0.764678409090909	0.073229545454545		1
000061:	0.012074431818182	0.029955681818182	0.034568181818182	0.017209659090909	0.864955681818182	0.041236363636364		1
000062:	0.017610795454545	0.062741477272727	0.020873295454545	0.041809659090909	0.047155681818182	0.809809090909091		1
000063:	0.011573863636364	0.065242613636364	0.016469318181818	0.017973863636364	0.031986931818182	0.856753409090909		1
000064:	0.011109659090909	0.080227272727273	0.010037500000000	0.040244886363636	0.038250568181818	0.820130113636364		1
000065:	0.014547727272727	0.172455113636364	0.036691477272727	0.033834090909091	0.674366477272727	0.068105113636364		1
000066:	0.023079545454545	0.079110795454545	0.186399431818182	0.023289204545455	0.600465340909091	0.087655681818182		1
000067:	0.011337500000000	0.153271590909091	0.020397727272727	0.021601136363636	0.029146590909091	0.764245454545455		1
000068:	0.019789772727273	0.025764204545455	0.048209090909091	0.020739772727273	0.841257954545455	0.044239204545455		1
000069:	0.018116477272727	0.091267045454545	0.227443181818182	0.028641477272727	0.562669318181818	0.071862500000000		1
000070:	0.046111363636364	0.068521022727273	0.082105681818182	0.077987500000000	0.476861931818182	0.248412500000000		1
000071:	0.022801704545455	0.035792613636364	0.088042613636364	0.033277840909091	0.793653977272727	0.026431250000000		1
000072:	0.014078409090909	0.156534090909091	0.043944886363636	0.034207386363636	0.632651704545454	0.118583522727273		1
000073:	0.017660795454545	0.357535795454545	0.037334090909091	0.023015909090909	0.514776136363636	0.049677272727273		1
000074:	0.170953977272727	0.050767613636364	0.347177272727273	0.025315909090909	0.212180113636364	0.193605113636364		1
000075:	0.126471022727273	0.208297727272727	0.178150000000000	0.029251704545455	0.384689204545455	0.073140340909091		1
000076:	0.077210795454545	0.095334090909091	0.128875568181818	0.428226704545455	0.245279545454545	0.025073295454545		1
000077:	0.061721022727273	0.172477272727273	0.131747727272727	0.233284659090909	0.332643181818182	0.068126136363636		1
000078:	0.012917045454545	0.234366477272727	0.045762500000000	0.056731250000000	0.580198863636364	0.070023863636364		1
000079:	0.040269886363636	0.036004545454545	0.116010795454545	0.061721022727273	0.675563636363636	0.070430113636364		1
000080:	0.120873295454545	0.042780113636364	0.151649431818182	0.058143750000000	0.597514204545455	0.029039204545455		1
000081:	0.008063068181818	0.195978977272727	0.049848295454545	0.019465340909091	0.699585227272727	0.027059090909091		1
000082:	0.009484659090909	0.084093181818182	0.025710227272727	0.035423863636364	0.798779545454545	0.046508522727273		1
000083:	0.027455681818182	0.129593750000000	0.107730113636364	0.040336363636364	0.670976704545455	0.023907386363636		1
000084:	0.022926704545455	0.017253409090909	0.014415340909091	0.024500000000000	0.026007954545455	0.894896590909091		1
000085:	0.035851136363636	0.219268750000000	0.350448863636364	0.095086931818182	0.208182954545455	0.091161363636364		1
000086:	0.037999431818182	0.069001136363636	0.099673863636364	0.062853409090909	0.299643181818182	0.430828977272727		1
000087:	0.010083522727273	0.070519318181818	0.057100000000000	0.018947159090909	0.811929545454545	0.031420454545455		1
000088:	0.026197727272727	0.061107386363636	0.588601136363636	0.035211931818182	0.258086363636364	0.030795454545455		1
000089:	0.027126704545455	0.076947159090909	0.446892613636364	0.063897727272727	0.321626136363636	0.063509659090909		1
000090:	0.134386931818182	0.040234090909091	0.259608522727273	0.042202840909091	0.404653409090909	0.118914204545455		1
000091:	0.317810795454545	0.043319318181818	0.093905681818182	0.288504545454545	0.214755681818182	0.041703977272727		1
000092:	0.018305113636364	0.052801704545455	0.044152272727273	0.019452272727273	0.829487500000000	0.035801136363636		1
000093:	0.111351136363636	0.187460227272727	0.262282386363636	0.038265340909091	0.322401704545455	0.078239204545455		1
000094:	0.031882386363636	0.045215909090909	0.066651704545455	0.024307954545455	0.799643750000000	0.032298295454545		1
000095:	0.014363636363636	0.228960227272727	0.052753409090909	0.039484659090909	0.560418181818182	0.104019886363636		1
000096:	0.011660795454545	0.039209090909091	0.014392045454545	0.016630681818182	0.044269886363636	0.873837500000000		1
000097:	0.021117613636364	0.024789772727273	0.091288636363636	0.015054545454545	0.829496022727273	0.018253409090909		1
000098:	0.011594886363636	0.030752272727273	0.038673863636364	0.014689772727273	0.890581818181818	0.013707386363636		1
000099:	0.031911931818182	0.134426136363636	0.126423863636364	0.067225000000000	0.412357954545455	0.227655113636364		1
000100:	0.023889204545455	0.095453977272727	0.046815340909091	0.021893750000000	0.204168181818182	0.607779545454545		1
000101:	0.016908522727273	0.068850000000000	0.749156250000000	0.016579545454545	0.073557954545455	0.074947727272727		1
000102:	0.038384659090909	0.105920454545455	0.201455113636364	0.064467613636364	0.328655113636364	0.261117045454545		1
000103:	0.083476136363636	0.057544886363636	0.035256818181818	0.066918181818182	0.714882954545455	0.041921022727273		1
000104:	0.020012500000000	0.083695454545455	0.055477840909091	0.024614772727273	0.204136363636364	0.612063068181818		1
000105:	0.054969886363636	0.062466477272727	0.453596590909091	0.031644318181818	0.222992613636364	0.174330113636364		1
000106:	0.031744318181818	0.088053977272727	0.473886931818182	0.051263068181818	0.310009090909091	0.045042613636364		1
000107:	0.023935227272727	0.078328977272727	0.219394886363636	0.042846022727273	0.260308522727273	0.375186363636364		1
000108:	0.037646590909091	0.034730113636364	0.046464204545455	0.032475000000000	0.106461931818182	0.742222159090909		1
000109:	0.064867613636364	0.074222727272727	0.196153977272727	0.066821590909091	0.539253977272727	0.058680113636364		1
000110:	0.577483522727273	0.043267045454545	0.036336363636364	0.112785227272727	0.088080681818182	0.142047159090909		1
000111:	0.019444318181818	0.088044318181818	0.076282954545455	0.120515340909091	0.295514772727273	0.400198295454545		1
000112:	0.054379545454545	0.036393181818182	0.612698295454545	0.064344318181818	0.093813636363636	0.138371022727273		1
000113:	0.016872727272727	0.118780681818182	0.054028977272727	0.037431818181818	0.677389772727273	0.095496022727273		1
000114:	0.035149431818182	0.056702272727273	0.079598863636364	0.214774431818182	0.586686931818182	0.027088068181818		1
000115:	0.040045454545455	0.055615340909091	0.088612500000000	0.033156818181818	0.734776704545455	0.047793181818182		1
000116:	0.041059090909091	0.230614772727273	0.040437500000000	0.045714204545455	0.352482954545455	0.289691477272727		1
000117:	0.028059659090909	0.187563636363636	0.543195454545455	0.069099431818182	0.103624431818182	0.068457386363636		1
000118:	0.016671590909091	0.192535795454545	0.045773863636364	0.078346022727273	0.406128977272727	0.260543750000000		1
000119:	0.034057386363636	0.032597727272727	0.248676704545455	0.029557954545455	0.553525000000000	0.101585227272727		1
000120:	0.021428977272727	0.593849431818182	0.084680113636364	0.029559090909091	0.100390909090909	0.170091477272727		1
000121:	0.095692613636364	0.048097727272727	0.120475568181818	0.063986931818182	0.593888636363636	0.077858522727273		1
000122:	0.017384090909091	0.067497159090909	0.155585795454545	0.013401136363636	0.676113068181818	0.070018750000000		1
000123:	0.020038636363636	0.038392613636364	0.020196022727273	0.027531818181818	0.865539204545455	0.028301704545455		1
000124:	0.051480681818182	0.080568181818182	0.287348863636364	0.148175000000000	0.403715909090909	0.028711363636364		1
000125:	0.023246022727273	0.341148863636364	0.047372727272727	0.293660795454545	0.163361363636364	0.131210227272727		1
000126:	0.423409659090909	0.490926136363636	0.038476136363636	0.036663636363636	0.004461363636364	0.006063068181818		1
000127:	0.039825000000000	0.121305681818182	0.139448295454545	0.050500568181818	0.440422727272727	0.208497727272727		1
000128:	0.021743181818182	0.087889772727273	0.039830681818182	0.042186931818182	0.743013068181818	0.065336363636364		1
000129:	0.136358522727273	0.053596022727273	0.333154545454545	0.022730113636364	0.431435227272727	0.022725568181818		1
000130:	0.029122159090909	0.123199431818182	0.028802840909091	0.039239772727273	0.720611931818182	0.059023863636364		1
000131:	0.021713068181818	0.070413068181818	0.131505681818182	0.027531250000000	0.704693181818182	0.044143750000000		1
000132:	0.017258522727273	0.120793181818182	0.074284090909091	0.023528409090909	0.052984090909091	0.711151704545455		1
000133:	0.082368181818182	0.054337500000000	0.127349431818182	0.340355113636364	0.347998295454545	0.047591477272727		1
000134:	0.066720454545455	0.093569886363636	0.071568181818182	0.056052840909091	0.636211363636364	0.075877272727273		1
000135:	0.164502272727273	0.078703977272727	0.379308522727273	0.023257954545455	0.336285227272727	0.017942045454545		1
000136:	0.019553977272727	0.086688636363636	0.032850568181818	0.033629545454545	0.758380681818182	0.068896590909091		1
000137:	0.124073295454545	0.032078977272727	0.258334659090909	0.049851136363636	0.484314772727273	0.051347159090909		1
000138:	0.007364204545455	0.000025568181818	0.003917613636364	0.000066477272727	0.988471590909091	0.000154545454545		1
000139:	0.057423295454545	0.185236363636364	0.215862500000000	0.076270454545455	0.364957954545455	0.100249431818182		1
000140:	0.624041477272727	0.025284659090909	0.101360227272727	0.029214204545455	0.155295454545455	0.064803977272727		1
000141:	0.031748863636364	0.175935227272727	0.039114204545455	0.156777840909091	0.083326704545455	0.513097159090909		1
000142:	0.041945454545455	0.091414204545455	0.271915909090909	0.020713068181818	0.486055113636364	0.087956250000000		1
000143:	0.027437500000000	0.095589772727273	0.097661931818182	0.039325568181818	0.690367045454545	0.049618181818182		1
000144:	0.025356250000000	0.266167045454545	0.341264772727273	0.059165909090909	0.145631818181818	0.162414204545455		1
000145:	0.007198295454545	0.483227272727273	0.022544318181818	0.010064204545455	0.008840340909091	0.468125568181818		1
000146:	0.135309659090909	0.190131250000000	0.220819886363636	0.035751704545455	0.263865340909091	0.154122159090909		1
000147:	0.029067613636364	0.328866477272727	0.070284659090909	0.036398295454545	0.465277272727273	0.070105681818182		1
000148:	0.019557386363636	0.132235795454545	0.032326136363636	0.030992613636364	0.752187500000000	0.032700568181818		1
000149:	0.042530681818182	0.302695454545455	0.244099431818182	0.045485227272727	0.250219886363636	0.114969318181818		1
000150:	0.095559659090909	0.033735227272727	0.375864772727273	0.043953977272727	0.367913068181818	0.082973295454545		1
000151:	0.035704545454545	0.327161363636364	0.072910795454545	0.083221022727273	0.270743750000000	0.210258522727273		1
000152:	0.043313636363636	0.104818181818182	0.044440340909091	0.066307386363636	0.669334090909091	0.071786363636364		1
000153:	0.026872159090909	0.104056250000000	0.495333522727273	0.026326704545455	0.252450568181818	0.094960795454545		1
000154:	0.014855113636364	0.272850568181818	0.024787500000000	0.026661363636364	0.181875000000000	0.478970454545455		1
000155:	0.047294886363636	0.068739772727273	0.072003409090909	0.025655113636364	0.343932954545455	0.442373863636364		1
000156:	0.017581818181818	0.082686363636364	0.301506250000000	0.048526704545455	0.142923295454545	0.406775568181818		1
000157:	0.010860795454545	0.025421590909091	0.025397727272727	0.015659090909091	0.023169886363636	0.899490909090909		1
000158:	0.052036363636364	0.179242613636364	0.230322159090909	0.278402840909091	0.135633522727273	0.124362500000000		1
000159:	0.079077272727273	0.035954545454545	0.197116477272727	0.096624431818182	0.027751704545455	0.563475568181818		1
000160:	0.029175000000000	0.137472159090909	0.016337500000000	0.763981250000000	0.020425568181818	0.032608522727273		1
000161:	0.040854545454545	0.624659659090909	0.051314204545455	0.159783522727273	0.036973295454545	0.086414772727273		1
000162:	0.175916477272727	0.167016477272727	0.395586363636364	0.203530681818182	0.033863636363636	0.024086363636364		1
000163:	0.011557386363636	0.642734659090909	0.096855113636364	0.019174431818182	0.178990909090909	0.050687500000000		1
000164:	0.009770454545455	0.090448295454545	0.017290909090909	0.023175568181818	0.036660795454545	0.822653977272727		1
000165:	0.023505681818182	0.785261363636364	0.024211363636364	0.035228977272727	0.084746022727273	0.047046590909091		1
000166:	0.014430681818182	0.799809659090909	0.036538636363636	0.018638636363636	0.075198295454545	0.055384090909091		1
000167:	0.025908522727273	0.412425000000000	0.070272727272727	0.045873295454545	0.390290909090909	0.055229545454545		1
000168:	0.028906250000000	0.091356250000000	0.085490909090909	0.058989772727273	0.494391477272727	0.240865340909091		1
000169:	0.024422159090909	0.169726704545455	0.119584659090909	0.035690340909091	0.617157954545455	0.033418181818182		1
000170:	0.014810795454545	0.219796590909091	0.021274431818182	0.028575568181818	0.696846022727273	0.018696590909091		1
000171:	0.036607386363636	0.089737500000000	0.034688636363636	0.031855113636364	0.191081250000000	0.616030113636364		1
000172:	0.049152840909091	0.342859090909091	0.091547159090909	0.052821022727273	0.400336931818182	0.063282954545455		1
000173:	0.018142045454545	0.213442045454545	0.118598863636364	0.023472727272727	0.563036931818182	0.063307386363636		1
000174:	0.024655681818182	0.029162500000000	0.054035227272727	0.009812500000000	0.859560795454545	0.022773295454545		1
000175:	0.016062500000000	0.024522727272727	0.018380113636364	0.020403409090909	0.045087500000000	0.875543750000000		1
000176:	0.021559090909091	0.067650568181818	0.130511363636364	0.116590909090909	0.582660795454545	0.081027272727273		1
000177:	0.025666477272727	0.043954545454545	0.062401704545455	0.019512500000000	0.771390909090909	0.077073863636364		1
000178:	0.040253977272727	0.098986931818182	0.113692045454545	0.022209090909091	0.539111931818182	0.185746022727273		1
000179:	0.011461363636364	0.032068181818182	0.017403977272727	0.024226136363636	0.023255113636364	0.891585227272727		1
000180:	0.018499431818182	0.034026136363636	0.023256250000000	0.017477840909091	0.030605681818182	0.876134659090909		1
000181:	0.010769318181818	0.068639204545455	0.014683522727273	0.035466477272727	0.022257386363636	0.848184090909091		1
000182:	0.111066477272727	0.106503977272727	0.201728977272727	0.072065909090909	0.281177272727273	0.227457386363636		1
000183:	0.008946590909091	0.021810795454545	0.012111931818182	0.020074431818182	0.049571022727273	0.887485227272727		1
000184:	0.041605113636364	0.059459659090909	0.038677840909091	0.041692613636364	0.709538636363636	0.109026136363636		1
000185:	0.304322727272727	0.108453409090909	0.175277840909091	0.083779545454545	0.247503977272727	0.080662500000000		1
000186:	0.033691477272727	0.038451136363636	0.036934659090909	0.063967045454545	0.094958522727273	0.731997159090909		1
000187:	0.016985227272727	0.030626704545455	0.017694318181818	0.047065340909091	0.025735227272727	0.861893181818182		1
000188:	0.036293750000000	0.202886363636364	0.044861363636364	0.235926136363636	0.164123863636364	0.315908522727273		1
000189:	0.009067613636364	0.216434659090909	0.031434090909091	0.019602840909091	0.688189204545455	0.035271590909091		1
000190:	0.030456818181818	0.380267045454545	0.074950568181818	0.045385795454545	0.429907386363636	0.039032386363636		1
000191:	0.017302840909091	0.307547159090909	0.223988636363636	0.027931818181818	0.361693750000000	0.061535795454545		1
000192:	0.030389772727273	0.090000568181818	0.345259659090909	0.109567045454545	0.332125000000000	0.092657954545455		1
000193:	0.038965909090909	0.084225000000000	0.211389772727273	0.037420454545455	0.506297727272727	0.121701136363636		1
000194:	0.060300568181818	0.086752840909091	0.047868750000000	0.029543181818182	0.711452272727273	0.064082386363636		1
000195:	0.013339772727273	0.073150000000000	0.397784659090909	0.029342045454545	0.435201136363636	0.051182386363636		1
000196:	0.016568181818182	0.212692613636364	0.057659090909091	0.354172727272727	0.116504545454545	0.242402840909091		1
000197:	0.017001704545455	0.397319318181818	0.176964772727273	0.053511363636364	0.195094886363636	0.160107954545455		1
000198:	0.080426136363636	0.211188636363636	0.442214204545455	0.062219886363636	0.083878977272727	0.120072159090909		1
000199:	0.016974431818182	0.808422727272727	0.032590909090909	0.025627840909091	0.043506818181818	0.072877272727273		1
000200:	0.027671590909091	0.704063636363636	0.051921022727273	0.085864204545455	0.064016477272727	0.066463068181818		1
000201:	0.016720454545455	0.033654545454545	0.014873295454545	0.020255681818182	0.034171022727273	0.880325000000000		1
000202:	0.066223863636364	0.080540340909091	0.103050000000000	0.058546022727273	0.507257954545455	0.184381818181818		1
000203:	0.028238068181818	0.284019886363636	0.042790909090909	0.037798863636364	0.465678409090909	0.141473863636364		1
000204:	0.033043181818182	0.322907954545455	0.025798863636364	0.075411931818182	0.243656818181818	0.299181250000000		1
000205:	0.038747727272727	0.162138636363636	0.050248863636364	0.044635227272727	0.329733522727273	0.374496022727273		1
000206:	0.209289772727273	0.092693181818182	0.029305681818182	0.037926704545455	0.531381250000000	0.099403409090909		1
000207:	0.026746022727273	0.049746022727273	0.319026704545455	0.154635795454545	0.417978977272727	0.031866477272727		1
000208:	0.021128977272727	0.390528409090909	0.080286363636364	0.041284090909091	0.212617045454545	0.254155113636364		1
000209:	0.018830681818182	0.117548863636364	0.051970454545455	0.039601704545455	0.118290340909091	0.653757954545455		1
000210:	0.021531818181818	0.189732954545455	0.227648863636364	0.033913068181818	0.212611363636364	0.314561931818182		1
000211:	0.027699431818182	0.300682386363636	0.082232954545455	0.040256250000000	0.448941477272727	0.100187500000000		1
000212:	0.025139204545455	0.371848295454545	0.056056250000000	0.215248863636364	0.077440340909091	0.254267045454545		1
000213:	0.028015340909091	0.384586931818182	0.023740340909091	0.048706250000000	0.084733522727273	0.430217613636364		1
000214:	0.028736363636364	0.412089772727273	0.070153409090909	0.157359659090909	0.272215340909091	0.059445454545455		1
000215:	0.049093750000000	0.050607954545455	0.168319318181818	0.151759659090909	0.490757386363636	0.089461931818182		1
000216:	0.022795454545455	0.143032954545455	0.057794318181818	0.104413636363636	0.031885795454545	0.640077840909091		1
000217:	0.049911363636364	0.593470454545455	0.035049431818182	0.133662500000000	0.044871022727273	0.143035227272727		1
000218:	0.015637500000000	0.564244886363636	0.065494886363636	0.050301704545455	0.117552272727273	0.186768750000000		1
000219:	0.017888068181818	0.778600000000000	0.025943181818182	0.072922159090909	0.027227272727273	0.077419318181818		1
000220:	0.017810795454545	0.423375000000000	0.026944318181818	0.073628409090909	0.081696590909091	0.376544886363636		1
000221:	0.000201136363636	0.137734090909091	0.000529545454545	0.000254545454545	0.860425000000000	0.000855681818182		1
000222:	0.014446590909091	0.204423863636364	0.018788636363636	0.032868750000000	0.031287500000000	0.698184659090909		1
000223:	0.106133522727273	0.119831818181818	0.210238636363636	0.093015909090909	0.137572727272727	0.333207386363636		1
000224:	0.038042613636364	0.022662500000000	0.103854545454545	0.025168181818182	0.772147159090909	0.038125000000000		1
000225:	0.033518750000000	0.017181818181818	0.093697159090909	0.011076704545455	0.815051704545455	0.029473863636364		1
000226:	0.020057954545455	0.041218181818182	0.115784090909091	0.159640340909091	0.535293750000000	0.128005681818182		1
000227:	0.057200000000000	0.043675568181818	0.359338636363636	0.097419318181818	0.389145454545455	0.053221022727273		1
000228:	0.621567045454545	0.046085227272727	0.073413636363636	0.191167045454545	0.039558522727273	0.028208522727273		1
000229:	0.031078977272727	0.045755681818182	0.030379545454545	0.031144886363636	0.830265340909091	0.031375568181818		1
000230:	0.024835795454545	0.069430113636364	0.027085227272727	0.775072159090909	0.040787500000000	0.062789204545455		1
000231:	0.179707954545455	0.013439204545455	0.283242613636364	0.522786363636364	0.000183522727273	0.000640340909091		1
000232:	0.052645454545455	0.114090909090909	0.042089204545455	0.235886363636364	0.320832386363636	0.234455681818182		1
000233:	0.023004545454545	0.037369886363636	0.226364772727273	0.080222159090909	0.600996590909091	0.032042045454545		1
000234:	0.204786931818182	0.021440340909091	0.083747727272727	0.041434090909091	0.626444318181818	0.022146590909091		1
000235:	0.571418181818182	0.040131818181818	0.105700568181818	0.013195454545455	0.204793181818182	0.064760795454545		1
000236:	0.064961363636364	0.054114204545455	0.072719318181818	0.385000568181818	0.072900568181818	0.350303977272727		1
000237:	0.235939204545455	0.036530113636364	0.106600000000000	0.027367045454545	0.561986931818182	0.031576704545455		1
000238:	0.020701136363636	0.105093181818182	0.044910227272727	0.021366477272727	0.091793750000000	0.716135227272727		1
000239:	0.035167613636364	0.059192613636364	0.087771590909091	0.096255681818182	0.676785795454545	0.044826704545455		1
000240:	0.018946022727273	0.021721022727273	0.042198863636364	0.774527272727273	0.113977272727273	0.028629545454545		1
000241:	0.020367613636364	0.062127840909091	0.453135795454545	0.065950568181818	0.115339772727273	0.283078409090909		1
000242:	0.041305113636364	0.046592613636364	0.610162500000000	0.032758522727273	0.214931250000000	0.054250000000000		1
000243:	0.168305681818182	0.028939204545455	0.112877840909091	0.578433522727273	0.073854545454545	0.037589204545455		1
000244:	0.033065909090909	0.058547159090909	0.056125000000000	0.249293750000000	0.522339204545455	0.080628977272727		1
000245:	0.099034659090909	0.000602272727273	0.033097727272727	0.864495454545455	0.001527272727273	0.001242613636364		1
000246:	0.138975568181818	0.057181818181818	0.255372727272727	0.053817045454545	0.457815909090909	0.036836931818182		1
000247:	0.015467045454545	0.056470454545455	0.339165909090909	0.034455681818182	0.530413636363636	0.024027272727273		1
000248:	0.010830113636364	0.029706250000000	0.012926136363636	0.082187500000000	0.839280681818182	0.025069318181818		1
000249:	0.143930113636364	0.019300000000000	0.139113636363636	0.322754545454545	0.343104545454545	0.031797159090909		1
000250:	0.047047727272727	0.022530113636364	0.066926136363636	0.019014204545455	0.820139204545455	0.024342613636364		1
000251:	0.050123295454545	0.049912500000000	0.153974431818182	0.143411931818182	0.567510227272727	0.035067613636364		1
000252:	0.075039204545455	0.119413068181818	0.068153409090909	0.421664772727273	0.165728409090909	0.150001136363636		1
000253:	0.551240909090909	0.066450568181818	0.061634090909091	0.152196590909091	0.098047727272727	0.070430113636364		1
000254:	0.113560227272727	0.047052840909091	0.052705113636364	0.245344886363636	0.453825568181818	0.087511363636364		1
000255:	0.089651704545455	0.034440909090909	0.032610227272727	0.040953977272727	0.754378977272727	0.047964204545455		1
000256:	0.016054545454545	0.048838636363636	0.030057954545455	0.025393181818182	0.853847159090909	0.025808522727273		1
000257:	0.030234659090909	0.114464772727273	0.013401704545455	0.067482954545455	0.060005681818182	0.714410227272727		1
000258:	0.012560795454545	0.045060227272727	0.042773295454545	0.043555113636364	0.826634090909091	0.029416477272727		1
000259:	0.014478977272727	0.029045454545455	0.027546022727273	0.021953409090909	0.016427272727273	0.890548863636364		1
000260:	0.073422159090909	0.034098863636364	0.223060227272727	0.540730113636364	0.093268750000000	0.035419886363636		1
000261:	0.117096590909091	0.137810795454545	0.032171022727273	0.119088636363636	0.539198863636364	0.054634090909091		1
000262:	0.114873863636364	0.052285795454545	0.060628409090909	0.269106250000000	0.073618181818182	0.429487500000000		1
000263:	0.027473295454545	0.260662500000000	0.119461931818182	0.077314772727273	0.428180681818182	0.086906818181818		1
000264:	0.016108522727273	0.073602272727273	0.015251704545455	0.040994886363636	0.107681818181818	0.746360795454545		1
000265:	0.035109090909091	0.327655681818182	0.019496022727273	0.037843750000000	0.498825000000000	0.081070454545455		1
000266:	0.035073295454545	0.017898863636364	0.021680681818182	0.018069318181818	0.868220454545455	0.039057386363636		1
000267:	0.062197727272727	0.017739772727273	0.031104545454545	0.089957954545455	0.778318181818182	0.020681818181818		1
000268:	0.031133522727273	0.147944886363636	0.045531250000000	0.070381250000000	0.566916477272727	0.138092613636364		1
000269:	0.263546022727273	0.051504545454545	0.249052272727273	0.021313068181818	0.355099431818182	0.059484659090909		1
000270:	0.016351136363636	0.057164772727273	0.028321590909091	0.018785795454545	0.043039204545455	0.836337500000000		1
000271:	0.619427272727273	0.037051704545455	0.043133522727273	0.141025568181818	0.070657954545455	0.088703977272727		1
000272:	0.194451136363636	0.042900000000000	0.090879545454545	0.272313636363636	0.106107954545455	0.293347727272727		1
000273:	0.136586363636364	0.052155113636364	0.085949431818182	0.041698295454545	0.315719886363636	0.367890909090909		1
000274:	0.139607386363636	0.038235227272727	0.065594886363636	0.140586931818182	0.556007954545455	0.059967613636364		1
000275:	0.030965340909091	0.037047727272727	0.075871590909091	0.031523863636364	0.775051136363636	0.049540340909091		1
000276:	0.019138636363636	0.036888068181818	0.023523863636364	0.035828409090909	0.019677272727273	0.864943750000000		1
000277:	0.516945454545455	0.057059090909091	0.121477840909091	0.043000568181818	0.190077840909091	0.071439204545455		1
000278:	0.020881818181818	0.043585227272727	0.061469318181818	0.046834090909091	0.776785227272727	0.050444318181818		1
000279:	0.617096022727273	0.038280681818182	0.104314204545455	0.013468181818182	0.208426136363636	0.018414772727273		1
000280:	0.039407954545455	0.041178409090909	0.092764772727273	0.261428409090909	0.426438636363636	0.138781818181818		1
000281:	0.323577272727273	0.038976136363636	0.071760795454545	0.035151704545455	0.076909659090909	0.453624431818182		1
000282:	0.001494318181818	0.359063636363636	0.179582386363636	0.001460227272727	0.001852272727273	0.456547159090909		1
000283:	0.000419886363636	0.002271590909091	0.836652272727273	0.156341477272727	0.001700568181818	0.002614204545455		1
000284:	0.247349431818182	0.045509659090909	0.046357386363636	0.188336363636364	0.397113068181818	0.075334090909091		1
000285:	0.205399431818182	0.048928977272727	0.349305113636364	0.077189772727273	0.285637500000000	0.033539204545455		1
000286:	0.163004545454545	0.039550000000000	0.280489204545455	0.031513068181818	0.154441477272727	0.331001704545455		1
000287:	0.109025000000000	0.030317045454545	0.163827272727273	0.026041477272727	0.432118750000000	0.238670454545455		1
000288:	0.076415340909091	0.064436363636364	0.058742613636364	0.067052840909091	0.578913636363636	0.154439204545455		1
000289:	0.033314772727273	0.057062500000000	0.039256250000000	0.084148863636364	0.604932386363636	0.181285227272727		1
000290:	0.024761931818182	0.054604545454545	0.025690909090909	0.648987500000000	0.077265909090909	0.168689204545455		1
000291:	0.037396590909091	0.260469318181818	0.078595454545455	0.027572727272727	0.489439772727273	0.106526136363636		1
000292:	0.001728409090909	0.663994886363636	0.236139772727273	0.001935795454545	0.007188636363636	0.089012500000000		1
000293:	0.012950000000000	0.779328409090909	0.026649431818182	0.022801136363636	0.119679545454545	0.038591477272727		1
000294:	0.018784659090909	0.127576704545455	0.099522159090909	0.036213068181818	0.569596590909091	0.148306818181818		1
000295:	0.012758522727273	0.189671022727273	0.396360227272727	0.055406250000000	0.289305681818182	0.056498295454545		1
000296:	0.022925000000000	0.172993750000000	0.086780113636364	0.039361363636364	0.098655681818182	0.579284090909091		1
000297:	0.016394318181818	0.069496022727273	0.036685227272727	0.044278977272727	0.682730681818182	0.150414772727273		1
000298:	0.161491477272727	0.027304545454545	0.526750000000000	0.017825568181818	0.200006250000000	0.066622159090909		1
000299:	0.026195454545455	0.046085795454545	0.035611363636364	0.026223863636364	0.805753977272727	0.060129545454545		1
000300:	0.117589204545455	0.289110227272727	0.072714772727273	0.053869318181818	0.235564772727273	0.231151704545455		1
000301:	0.019688636363636	0.284964772727273	0.054248295454545	0.024810795454545	0.578153977272727	0.038133522727273		1
000302:	0.012650000000000	0.021243750000000	0.013697727272727	0.025018181818182	0.024922727272727	0.902467613636364		1
000303:	0.017000000000000	0.018080681818182	0.016593181818182	0.033167613636364	0.015288636363636	0.899869886363636		1
000304:	0.015159090909091	0.258867045454545	0.048174431818182	0.145540909090909	0.500937500000000	0.031321022727273		1
000305:	0.024705681818182	0.077550568181818	0.056400568181818	0.684811931818182	0.038523295454545	0.118007954545455		1
000306:	0.045837500000000	0.034823863636364	0.067052840909091	0.095707386363636	0.053793181818182	0.702785227272727		1
000307:	0.021304545454545	0.089034090909091	0.015981250000000	0.733422727272727	0.038611363636364	0.101646022727273		1
000308:	0.015493181818182	0.518746590909091	0.019355113636364	0.042671590909091	0.342744318181818	0.060989204545455		1
000309:	0.087668750000000	0.207919318181818	0.077487500000000	0.033577840909091	0.501211931818182	0.092134659090909		1
000310:	0.008288068181818	0.022772159090909	0.019156250000000	0.014767045454545	0.035330113636364	0.899686363636364		1
000311:	0.052655113636364	0.129302272727273	0.042554545454545	0.198485795454545	0.382759659090909	0.194242613636364		1
000312:	0.098013636363636	0.041601704545455	0.062315909090909	0.033689204545455	0.721493750000000	0.042885795454545		1
000313:	0.456157954545455	0.068833522727273	0.193090340909091	0.065361931818182	0.140734659090909	0.075821590909091		1
000314:	0.071552840909091	0.046770454545455	0.468284090909091	0.147789204545455	0.167123863636364	0.098479545454545		1
000315:	0.132313068181818	0.063870454545455	0.180660795454545	0.053992045454545	0.530503409090909	0.038660227272727		1
000316:	0.016360227272727	0.064192613636364	0.038697159090909	0.036806818181818	0.807787500000000	0.036155681818182		1
000317:	0.031442045454545	0.057616477272727	0.536846590909091	0.120861363636364	0.221786931818182	0.031446590909091		1
000318:	0.017735227272727	0.270014204545455	0.033046022727273	0.220115909090909	0.255124431818182	0.203964204545455		1
000319:	0.009171590909091	0.041152272727273	0.017588636363636	0.020944886363636	0.020757954545455	0.890384659090909		1
000320:	0.074537500000000	0.191423295454545	0.083918750000000	0.066231250000000	0.186254545454545	0.397634659090909		1
000321:	0.014756250000000	0.825607386363636	0.019959090909091	0.040352272727273	0.059022727272727	0.040302272727273		1
000322:	0.018793181818182	0.381156250000000	0.023273295454545	0.344417045454545	0.027422159090909	0.204938068181818		1
000323:	0.369756250000000	0.171451704545455	0.160877840909091	0.099580681818182	0.082255113636364	0.116078409090909		1
000324:	0.024974431818182	0.261968750000000	0.034260795454545	0.441007954545455	0.106047159090909	0.131740909090909		1
000325:	0.036646590909091	0.041399431818182	0.027945454545455	0.049774431818182	0.032315340909091	0.811918750000000		1
000326:	0.019563636363636	0.075296022727273	0.022847159090909	0.072390340909091	0.772261363636364	0.037641477272727		1
000327:	0.017334090909091	0.496028409090909	0.099438636363636	0.098109659090909	0.196323863636364	0.092765340909091		1
000328:	0.018969886363636	0.056720454545455	0.018796022727273	0.785654545454545	0.069885795454545	0.049973295454545		1
000329:	0.047251704545455	0.242608522727273	0.066551704545455	0.092701136363636	0.405218750000000	0.145668181818182		1
000330:	0.025698863636364	0.099361363636364	0.032681250000000	0.654202840909091	0.051759659090909	0.136296022727273		1
000331:	0.040375568181818	0.064245454545455	0.017592045454545	0.796748863636364	0.040300568181818	0.040737500000000		1
