Estimated Clustering Probabilities for Samples
Sample	***Cluster  01***	***Cluster  02***	***Cluster  03***	***Cluster  04***	***Cluster  05***	***Cluster  06***	***Cluster  07***	
000001:	0.164350568181818	0.370968750000000	0.091884659090909	0.170525000000000	0.116310227272727	0.053259090909091	0.032701704545455		1
000002:	0.050285227272727	0.050774431818182	0.669373863636364	0.103408522727273	0.084334090909091	0.023221022727273	0.018602840909091		1
000003:	0.026364204545455	0.077031818181818	0.048988636363636	0.748859090909091	0.040184659090909	0.016256818181818	0.042314772727273		1
000004:	0.012935795454545	0.026740909090909	0.075739772727273	0.093900000000000	0.757345454545455	0.018970454545455	0.014367613636364		1
000005:	0.072758522727273	0.056751136363636	0.257352272727273	0.452898863636364	0.122431250000000	0.019301704545455	0.018506250000000		1
000006:	0.051131250000000	0.048023863636364	0.120900568181818	0.052658522727273	0.607461363636364	0.078980113636364	0.040844318181818		1
000007:	0.036758522727273	0.211289772727273	0.378662500000000	0.230844318181818	0.088432954545455	0.024486931818182	0.029525000000000		1
000008:	0.016945454545455	0.056880681818182	0.630102272727273	0.115941477272727	0.078702840909091	0.050762500000000	0.050664772727273		1
000009:	0.012522159090909	0.037639772727273	0.740318181818182	0.043226704545455	0.054256818181818	0.100982954545455	0.011053409090909		1
000010:	0.006993750000000	0.426263636363636	0.001798863636364	0.002860227272727	0.003345454545455	0.001296590909091	0.557441477272727		1
000011:	0.119840909090909	0.235561363636364	0.115413068181818	0.174296590909091	0.262673295454545	0.023450000000000	0.068764772727273		1
000012:	0.174969886363636	0.023202840909091	0.047098863636364	0.230919886363636	0.223934659090909	0.207498295454545	0.092375568181818		1
000013:	0.059198863636364	0.037684090909091	0.048719886363636	0.133126704545455	0.196846022727273	0.332222727272727	0.192201704545455		1
000014:	0.011184090909091	0.015795454545455	0.018481250000000	0.053756818181818	0.876626136363636	0.012830681818182	0.011325568181818		1
000015:	0.036335795454545	0.019926704545455	0.062215340909091	0.679587500000000	0.157303409090909	0.030144886363636	0.014486363636364		1
000016:	0.016916477272727	0.014833522727273	0.060794886363636	0.027002840909091	0.861028409090909	0.009243750000000	0.010180113636364		1
000017:	0.550465909090909	0.054009659090909	0.088407954545455	0.149529545454545	0.108581250000000	0.034167045454545	0.014838636363636		1
000018:	0.048331250000000	0.017650000000000	0.038788636363636	0.058887500000000	0.050436931818182	0.708005681818182	0.077900000000000		1
000019:	0.034069318181818	0.057793181818182	0.037934090909091	0.729112500000000	0.057822159090909	0.040451136363636	0.042817613636364		1
000020:	0.170367045454545	0.051456250000000	0.058913068181818	0.141204545454545	0.454985227272727	0.099422159090909	0.023651704545455		1
000021:	0.444805113636364	0.242653977272727	0.036163068181818	0.107778409090909	0.033299431818182	0.105960795454545	0.029339204545455		1
000022:	0.061118750000000	0.023893750000000	0.074615340909091	0.522139772727273	0.103527840909091	0.190223295454545	0.024481250000000		1
000023:	0.164332386363636	0.219190909090909	0.083907954545455	0.234541477272727	0.093494886363636	0.109144318181818	0.095388068181818		1
000024:	0.026382954545455	0.017627272727273	0.017659659090909	0.018139772727273	0.889362500000000	0.015043750000000	0.015784090909091		1
000025:	0.100376704545455	0.033555113636364	0.107657386363636	0.156059659090909	0.127310795454545	0.337352272727273	0.137688068181818		1
000026:	0.068264772727273	0.029614204545455	0.038240340909091	0.462691477272727	0.040812500000000	0.320878409090909	0.039498295454545		1
000027:	0.355725000000000	0.023372727272727	0.045151704545455	0.099833522727273	0.045843750000000	0.346860227272727	0.083213068181818		1
000028:	0.221502272727273	0.404552840909091	0.048117045454545	0.195293750000000	0.068171022727273	0.036891477272727	0.025471590909091		1
000029:	0.328515909090909	0.057936931818182	0.124714772727273	0.233912500000000	0.122163636363636	0.093699431818182	0.039056818181818		1
000030:	0.044973863636364	0.055898295454545	0.039251136363636	0.691921022727273	0.079915340909091	0.035396022727273	0.052644318181818		1
000031:	0.060973863636364	0.022128409090909	0.043390909090909	0.078028409090909	0.043647727272727	0.692926704545455	0.058903977272727		1
000032:	0.730888068181818	0.049748295454545	0.026564772727273	0.067364204545455	0.045700000000000	0.059538636363636	0.020196022727273		1
000033:	0.177578409090909	0.082544318181818	0.040144886363636	0.550876704545455	0.069367045454545	0.047326136363636	0.032162500000000		1
000034:	0.021144318181818	0.009709090909091	0.014296590909091	0.018202272727273	0.914716477272727	0.012960227272727	0.008971022727273		1
000035:	0.168715909090909	0.111886931818182	0.183588636363636	0.265081250000000	0.025499431818182	0.165470454545455	0.079757386363636		1
000036:	0.332932386363636	0.112232954545455	0.131902840909091	0.164436363636364	0.156575000000000	0.075794886363636	0.026125568181818		1
000037:	0.424060227272727	0.032666477272727	0.065905681818182	0.222535795454545	0.115592045454545	0.102682386363636	0.036557386363636		1
000038:	0.050661363636364	0.250181818181818	0.172071590909091	0.136530681818182	0.108573863636364	0.041128977272727	0.240851704545455		1
000039:	0.058836363636364	0.027470454545455	0.054031250000000	0.498931818181818	0.101533522727273	0.224372159090909	0.034824431818182		1
000040:	0.014414772727273	0.029621022727273	0.064726136363636	0.046336363636364	0.791710227272727	0.026589204545455	0.026602272727273		1
000041:	0.390187500000000	0.028516477272727	0.031419886363636	0.101176704545455	0.350178409090909	0.073031250000000	0.025489772727273		1
000042:	0.182723295454545	0.055322159090909	0.057147727272727	0.154043750000000	0.131831818181818	0.241444886363636	0.177486363636364		1
000043:	0.195188068181818	0.058380681818182	0.081931250000000	0.414950000000000	0.162909659090909	0.061035795454545	0.025604545454545		1
000044:	0.163232954545455	0.055251704545455	0.099593750000000	0.371852840909091	0.106576704545455	0.167855113636364	0.035636931818182		1
000045:	0.209759090909091	0.030771022727273	0.036243750000000	0.320935227272727	0.039251704545455	0.296202840909091	0.066836363636364		1
000046:	0.056859090909091	0.222317045454545	0.039643181818182	0.193389772727273	0.065030681818182	0.359267045454545	0.063493181818182		1
000047:	0.729331250000000	0.001373295454545	0.009206250000000	0.252450568181818	0.003423295454545	0.002697159090909	0.001518181818182		1
000048:	0.048211363636364	0.075915909090909	0.106144318181818	0.622460795454545	0.076794318181818	0.022286931818182	0.048186363636364		1
000049:	0.260028977272727	0.026544886363636	0.036698295454545	0.535732386363636	0.093440909090909	0.012846022727273	0.034708522727273		1
000050:	0.088041477272727	0.051157954545455	0.065067045454545	0.117877840909091	0.480171590909091	0.100476136363636	0.097207954545455		1
000051:	0.011442045454545	0.013459659090909	0.024556818181818	0.035338636363636	0.889407386363636	0.009387500000000	0.016407954545455		1
000052:	0.013288068181818	0.029518750000000	0.028873863636364	0.039244886363636	0.858085795454545	0.011146022727273	0.019842613636364		1
000053:	0.140696590909091	0.043455681818182	0.089064772727273	0.234592613636364	0.209088068181818	0.143890340909091	0.139211931818182		1
000054:	0.084317613636364	0.041544318181818	0.077700568181818	0.088595454545455	0.073421022727273	0.178451704545455	0.455969318181818		1
000055:	0.041977272727273	0.028023295454545	0.134242613636364	0.427946022727273	0.305417045454545	0.037632954545455	0.024760795454545		1
000056:	0.035158522727273	0.017127840909091	0.032011363636364	0.786517045454545	0.077832954545455	0.037469886363636	0.013882386363636		1
000057:	0.117149431818182	0.042115909090909	0.129525568181818	0.303634090909091	0.161144886363636	0.214522159090909	0.031907954545455		1
000058:	0.030426704545455	0.015474431818182	0.015359090909091	0.854392045454546	0.024385795454545	0.022472727272727	0.037489204545455		1
000059:	0.119155113636364	0.016047159090909	0.017032954545455	0.388793181818182	0.015677840909091	0.415720454545455	0.027573295454545		1
000060:	0.042177272727273	0.020574431818182	0.023567045454545	0.828173863636364	0.049292613636364	0.022647727272727	0.013567045454545		1
000061:	0.018181250000000	0.001838636363636	0.005870454545455	0.683235795454545	0.287589772727273	0.001793181818182	0.001490909090909		1
000062:	0.025675000000000	0.012144886363636	0.019561363636364	0.026484090909091	0.896913636363636	0.011425000000000	0.007796022727273		1
000063:	0.011409659090909	0.023742613636364	0.031816477272727	0.032648295454545	0.879934659090909	0.009317045454545	0.011131250000000		1
000064:	0.010498295454545	0.060346022727273	0.057329545454545	0.042425568181818	0.803627272727273	0.011335795454545	0.014437500000000		1
000065:	0.029768181818182	0.031423295454545	0.114329545454545	0.703532954545455	0.065602840909091	0.022228977272727	0.033114204545455		1
000066:	0.137439772727273	0.025603409090909	0.106556250000000	0.337152840909091	0.089744886363636	0.283112500000000	0.020390340909091		1
000067:	0.016566477272727	0.020239772727273	0.060434090909091	0.026145454545455	0.854422159090909	0.010597159090909	0.011594886363636		1
000068:	0.047007954545455	0.011524431818182	0.038918181818182	0.856811363636364	0.010676136363636	0.019080113636364	0.015981818181818		1
000069:	0.247848295454545	0.038088636363636	0.047721590909091	0.446909090909091	0.064272159090909	0.137201136363636	0.017959090909091		1
000070:	0.083877272727273	0.060298863636364	0.050302840909091	0.232536363636364	0.307758522727273	0.180725000000000	0.084501136363636		1
000071:	0.300029545454545	0.049707954545455	0.053288068181818	0.409462500000000	0.026933522727273	0.130541477272727	0.030036931818182		1
000072:	0.031684090909091	0.120411363636364	0.121651704545455	0.585267045454545	0.076335795454545	0.052227272727273	0.012422727272727		1
000073:	0.067376704545455	0.020489772727273	0.055178977272727	0.707760227272727	0.063852272727273	0.070164772727273	0.015177272727273		1
000074:	0.008053409090909	0.002652840909091	0.003231818181818	0.003868750000000	0.014851136363636	0.607290909090909	0.360051136363636		1
000075:	0.284311931818182	0.038885227272727	0.071834659090909	0.313972159090909	0.075140340909091	0.055556250000000	0.160299431818182		1
000076:	0.085548295454545	0.338408522727273	0.175922727272727	0.145102840909091	0.037634659090909	0.077377272727273	0.140005681818182		1
000077:	0.037848863636364	0.292211931818182	0.060073863636364	0.302647727272727	0.084925000000000	0.173569318181818	0.048723295454545		1
000078:	0.222193181818182	0.113562500000000	0.091956818181818	0.402667613636364	0.124622159090909	0.029257386363636	0.015740340909091		1
000079:	0.097909659090909	0.054197159090909	0.026634659090909	0.701403977272727	0.056357386363636	0.021674431818182	0.041822727272727		1
000080:	0.287023295454545	0.052577840909091	0.027172727272727	0.384617045454545	0.032001704545455	0.057262500000000	0.159344886363636		1
000081:	0.104189204545455	0.026121022727273	0.139212500000000	0.655785795454545	0.038803409090909	0.025989204545455	0.009898863636364		1
000082:	0.038853977272727	0.024810227272727	0.073436363636364	0.765405681818182	0.066413068181818	0.019554545454545	0.011526136363636		1
000083:	0.076777840909091	0.027984659090909	0.033630681818182	0.787689204545455	0.021767613636364	0.032432954545455	0.019717045454545		1
000084:	0.019240340909091	0.022227840909091	0.016236931818182	0.021968181818182	0.883642045454545	0.013455681818182	0.023228977272727		1
000085:	0.164463068181818	0.078074431818182	0.182159659090909	0.204607954545455	0.124752272727273	0.215712500000000	0.030230113636364		1
000086:	0.109791477272727	0.101438636363636	0.061934659090909	0.140652272727273	0.465846590909091	0.043743750000000	0.076592613636364		1
000087:	0.115112500000000	0.022699431818182	0.051986363636364	0.723902272727273	0.041037500000000	0.030249431818182	0.015012500000000		1
000088:	0.447506818181818	0.042723863636364	0.050805113636364	0.180182954545455	0.052100000000000	0.202771590909091	0.023909659090909		1
000089:	0.148166477272727	0.002249431818182	0.037790340909091	0.015229545454545	0.625185795454545	0.001986363636364	0.169392045454545		1
000090:	0.000805113636364	0.001767613636364	0.005792613636364	0.265380113636364	0.065332386363636	0.659955113636364	0.000967045454545		1
000091:	0.070826704545455	0.187017613636364	0.064377272727273	0.153048863636364	0.039788636363636	0.169487500000000	0.315453409090909		1
000092:	0.049193181818182	0.029803409090909	0.072986363636364	0.667855681818182	0.052310227272727	0.093096022727273	0.034755113636364		1
000093:	0.054100568181818	0.036856250000000	0.087535795454545	0.367732954545455	0.109681250000000	0.232101136363636	0.111992045454545		1
000094:	0.094027272727273	0.036198295454545	0.040757954545455	0.710422727272727	0.027124431818182	0.026548863636364	0.064920454545455		1
000095:	0.047935795454545	0.041250568181818	0.164138068181818	0.579256250000000	0.116083522727273	0.037805681818182	0.013530113636364		1
000096:	0.013395454545455	0.015811931818182	0.043667613636364	0.031256250000000	0.864908522727273	0.019933522727273	0.011026704545455		1
000097:	0.130297159090909	0.031177272727273	0.038830681818182	0.512503409090909	0.038051704545455	0.225218181818182	0.023921590909091		1
000098:	0.065053409090909	0.012956250000000	0.022381818181818	0.849502840909091	0.014198295454545	0.026473295454545	0.009434090909091		1
000099:	0.306785227272727	0.039770454545455	0.044852840909091	0.311776704545455	0.233501136363636	0.039616477272727	0.023697159090909		1
000100:	0.020260795454545	0.015286363636364	0.022860795454545	0.103759090909091	0.797832954545455	0.021393181818182	0.018606818181818		1
000101:	0.714717613636364	0.023840909090909	0.058663068181818	0.043477840909091	0.067213068181818	0.072434659090909	0.019652840909091		1
000102:	0.186488068181818	0.040509659090909	0.066386363636364	0.354816477272727	0.232100000000000	0.074657386363636	0.045042045454545		1
000103:	0.053654545454545	0.084390340909091	0.068661363636364	0.620779545454546	0.037270454545455	0.030826704545455	0.104417045454545		1
000104:	0.002771590909091	0.003161931818182	0.292420454545455	0.002503409090909	0.681168750000000	0.002043181818182	0.015930681818182		1
000105:	0.302808522727273	0.033995454545455	0.063800568181818	0.141309659090909	0.200751136363636	0.172364204545455	0.084970454545455		1
000106:	0.366352840909091	0.055997727272727	0.056851136363636	0.275021022727273	0.084040340909091	0.117362500000000	0.044374431818182		1
000107:	0.111655113636364	0.055675000000000	0.051317045454545	0.290134090909091	0.409834659090909	0.058753409090909	0.022630681818182		1
000108:	0.031197159090909	0.046044886363636	0.036338068181818	0.066881818181818	0.697421590909091	0.069085795454545	0.053030681818182		1
000109:	0.352147727272727	0.082987500000000	0.062639772727273	0.292528977272727	0.056356250000000	0.111875568181818	0.041464204545455		1
000110:	0.022047159090909	0.000679545454545	0.000678409090909	0.000577272727273	0.000388068181818	0.974458522727273	0.001171022727273		1
000111:	0.081917613636364	0.079028977272727	0.092677840909091	0.136793181818182	0.547287500000000	0.042219318181818	0.020075568181818		1
000112:	0.539576704545455	0.041048295454545	0.015975568181818	0.051013636363636	0.305168750000000	0.032593181818182	0.014623863636364		1
000113:	0.064584090909091	0.035514204545455	0.139873295454545	0.642941477272727	0.076872727272727	0.025184090909091	0.015030113636364		1
000114:	0.057061363636364	0.171623863636364	0.081139204545455	0.491018181818182	0.057373295454545	0.082994318181818	0.058789772727273		1
000115:	0.098569886363636	0.064688068181818	0.073380113636364	0.441850000000000	0.113661931818182	0.153802272727273	0.054047727272727		1
000116:	0.034595454545455	0.023424431818182	0.101211931818182	0.288760227272727	0.482710795454545	0.040859659090909	0.028437500000000		1
000117:	0.355956818181818	0.046743181818182	0.146494318181818	0.096212500000000	0.125201136363636	0.203151704545455	0.026240340909091		1
000118:	0.046184659090909	0.072427840909091	0.084119886363636	0.502265909090909	0.236521590909091	0.036542613636364	0.021937500000000		1
000119:	0.210658522727273	0.022596590909091	0.035340340909091	0.258188636363636	0.124717613636364	0.321161363636364	0.027336931818182		1
000120:	0.211827840909091	0.034805681818182	0.219096590909091	0.211200568181818	0.247479545454545	0.048792613636364	0.026797159090909		1
000121:	0.054248863636364	0.060938636363636	0.088248863636364	0.403930681818182	0.075636363636364	0.254794886363636	0.062201704545455		1
000122:	0.072472727272727	0.011982386363636	0.033451704545455	0.432497727272727	0.050542613636364	0.385523295454545	0.013529545454545		1
000123:	0.042163068181818	0.016280113636364	0.021908522727273	0.839380681818182	0.036769318181818	0.016969886363636	0.026528409090909		1
000124:	0.587772727272727	0.096781250000000	0.091336363636364	0.084862500000000	0.044069318181818	0.029656250000000	0.065521590909091		1
000125:	0.071185227272727	0.261456818181818	0.421436931818182	0.095601704545455	0.090560227272727	0.025517045454545	0.034242045454545		1
000126:	0.026390909090909	0.823524431818182	0.037166477272727	0.032355113636364	0.040684659090909	0.017931250000000	0.021947159090909		1
000127:	0.052455113636364	0.037111931818182	0.044981250000000	0.691764772727273	0.095018181818182	0.034050000000000	0.044618750000000		1
000128:	0.059714204545455	0.062779545454545	0.095940909090909	0.614886363636364	0.086291477272727	0.058523295454545	0.021864204545455		1
000129:	0.053017045454545	0.023109659090909	0.022830681818182	0.179794886363636	0.018242045454545	0.655643750000000	0.047361931818182		1
000130:	0.027771590909091	0.023231818181818	0.066584090909091	0.770352840909091	0.060541477272727	0.016964204545455	0.034553977272727		1
000131:	0.240517045454545	0.045689772727273	0.050653409090909	0.437201136363636	0.102774431818182	0.091085795454545	0.032078409090909		1
000132:	0.058786931818182	0.019282954545455	0.041203977272727	0.108044318181818	0.722830681818182	0.029268181818182	0.020582954545455		1
000133:	0.137005113636364	0.252010795454545	0.135771590909091	0.159335795454545	0.073159090909091	0.078829545454545	0.163888068181818		1
000134:	0.065298863636364	0.036446590909091	0.124434090909091	0.264477840909091	0.047717045454545	0.343567045454545	0.118058522727273		1
000135:	0.064958522727273	0.011685795454545	0.060246022727273	0.102555681818182	0.269619886363636	0.374363068181818	0.116571022727273		1
000136:	0.046958522727273	0.035465909090909	0.077292045454545	0.658619318181818	0.097761363636364	0.042863636363636	0.041039204545455		1
000137:	0.110667613636364	0.032710227272727	0.027071022727273	0.252387500000000	0.044528977272727	0.447455681818182	0.085178977272727		1
000138:	0.116789772727273	0.106163636363636	0.113357386363636	0.502693750000000	0.057418750000000	0.034338636363636	0.069238068181818		1
000139:	0.384463068181818	0.080103977272727	0.142698295454545	0.169932954545455	0.116628409090909	0.035789204545455	0.070384090909091		1
000140:	0.050198295454545	0.032859090909091	0.023784090909091	0.093941477272727	0.066526136363636	0.284844886363636	0.447846022727273		1
000141:	0.037702272727273	0.161413068181818	0.177303409090909	0.079311363636364	0.469926136363636	0.033460795454545	0.040882954545455		1
000142:	0.065910227272727	0.018857954545455	0.047421590909091	0.457349431818182	0.085207386363636	0.299998863636364	0.025254545454545		1
000143:	0.424411363636364	0.051366477272727	0.059722159090909	0.350522159090909	0.043706818181818	0.032400568181818	0.037870454545455		1
000144:	0.259493750000000	0.043505681818182	0.044322159090909	0.190836931818182	0.338428409090909	0.106043181818182	0.017369886363636		1
000145:	0.025819318181818	0.044288068181818	0.059292045454545	0.101330681818182	0.706213636363636	0.033219318181818	0.029836931818182		1
000146:	0.055423863636364	0.034063636363636	0.088632954545455	0.309760795454545	0.166797159090909	0.242802272727273	0.102519318181818		1
000147:	0.059650568181818	0.036259090909091	0.181571590909091	0.541837500000000	0.087039204545455	0.060828977272727	0.032813068181818		1
000148:	0.027618750000000	0.031150000000000	0.055975568181818	0.789667045454545	0.041513636363636	0.019094318181818	0.034980681818182		1
000149:	0.189507954545455	0.036893181818182	0.156559090909091	0.109262500000000	0.102218750000000	0.374115909090909	0.031442613636364		1
000150:	0.315564772727273	0.036391477272727	0.058011931818182	0.192158522727273	0.069530113636364	0.198211931818182	0.130131250000000		1
000151:	0.164355113636364	0.112565340909091	0.206675000000000	0.179152840909091	0.277893750000000	0.025193750000000	0.034164204545455		1
000152:	0.047367613636364	0.062260795454545	0.056053409090909	0.583461363636364	0.086658522727273	0.033036363636364	0.131161931818182		1
000153:	0.462452272727273	0.031439204545455	0.131046590909091	0.129232954545455	0.106576704545455	0.102513068181818	0.036739204545455		1
000154:	0.031605113636364	0.030671590909091	0.114837500000000	0.133465340909091	0.655179545454545	0.022373863636364	0.011867045454545		1
000155:	0.044209090909091	0.029952840909091	0.035447159090909	0.434821590909091	0.335382954545455	0.055284659090909	0.064901704545455		1
000156:	0.477306250000000	0.036814204545455	0.038301136363636	0.096402272727273	0.287547159090909	0.043865340909091	0.019763636363636		1
000157:	0.033435227272727	0.014330681818182	0.019353977272727	0.023451136363636	0.880527840909091	0.014831250000000	0.014069886363636		1
000158:	0.377533522727273	0.141600568181818	0.110666477272727	0.115805113636364	0.172489204545455	0.048455113636364	0.033450000000000		1
000159:	0.075026704545455	0.059785795454545	0.077908522727273	0.018653977272727	0.622693181818182	0.093160795454545	0.052771022727273		1
000160:	0.017985227272727	0.586478409090909	0.292969886363636	0.023066477272727	0.048210795454545	0.014350568181818	0.016938636363636		1
000161:	0.023407954545455	0.030294886363636	0.806071590909091	0.020727840909091	0.047704545454545	0.038616477272727	0.033176704545455		1
000162:	0.069505113636364	0.108859090909091	0.194309090909091	0.032994318181818	0.028597159090909	0.497461363636364	0.068273863636364		1
000163:	0.102578409090909	0.025871022727273	0.198203977272727	0.571354545454545	0.055053409090909	0.029681250000000	0.017257386363636		1
000164:	0.016439204545455	0.037328977272727	0.064534090909091	0.045800568181818	0.807338068181818	0.015388068181818	0.013171022727273		1
000165:	0.020919886363636	0.039855113636364	0.436123863636364	0.365877840909091	0.080089772727273	0.031609090909091	0.025524431818182		1
000166:	0.029481250000000	0.021546022727273	0.476322159090909	0.307516477272727	0.096133522727273	0.049448863636364	0.019551704545455		1
000167:	0.036957386363636	0.044356250000000	0.132963068181818	0.625006818181818	0.094685227272727	0.034906818181818	0.031124431818182		1
000168:	0.058508522727273	0.027137500000000	0.066897727272727	0.464988068181818	0.313330681818182	0.041947727272727	0.027189772727273		1
000169:	0.227017613636364	0.042697727272727	0.078963068181818	0.560207386363636	0.032792045454545	0.030517045454545	0.027805113636364		1
000170:	0.014648295454545	0.022611931818182	0.029521022727273	0.872081818181818	0.028444886363636	0.012777840909091	0.019914204545455		1
000171:	0.023529545454545	0.035169318181818	0.040359659090909	0.118102272727273	0.705087500000000	0.047705113636364	0.030046590909091		1
000172:	0.126443181818182	0.070434090909091	0.199904545454545	0.376055113636364	0.118902840909091	0.058790340909091	0.049469886363636		1
000173:	0.247498295454545	0.042514204545455	0.109036931818182	0.472906250000000	0.074780113636364	0.037607954545455	0.015656250000000		1
000174:	0.018355113636364	0.014871022727273	0.021164772727273	0.559611363636364	0.040338636363636	0.318494886363636	0.027164204545455		1
000175:	0.009125000000000	0.012248295454545	0.067062500000000	0.026214772727273	0.699062500000000	0.016073295454545	0.170213636363636		1
000176:	0.271376136363636	0.140422159090909	0.069377840909091	0.392651704545455	0.068489772727273	0.032493181818182	0.025189204545455		1
000177:	0.071854545454545	0.020758522727273	0.019183522727273	0.716006250000000	0.083253977272727	0.046096590909091	0.042846590909091		1
000178:	0.045842045454545	0.020626136363636	0.040331818181818	0.670601704545455	0.136822159090909	0.052997727272727	0.032778409090909		1
000179:	0.021386931818182	0.016493750000000	0.023006250000000	0.012563068181818	0.912714772727273	0.007656250000000	0.006178977272727		1
000180:	0.010687500000000	0.012469886363636	0.032032954545455	0.024196022727273	0.852260227272727	0.051045454545455	0.017307954545455		1
000181:	0.010328977272727	0.461585227272727	0.006335795454545	0.023702840909091	0.122993181818182	0.007824431818182	0.367229545454545		1
000182:	0.060764204545455	0.049986931818182	0.108381818181818	0.135271022727273	0.268978977272727	0.315428977272727	0.061188068181818		1
000183:	0.013779545454545	0.012015340909091	0.025694318181818	0.035694886363636	0.889396022727273	0.012257954545455	0.011161931818182		1
000184:	0.039754545454545	0.071100000000000	0.062079545454545	0.516710795454545	0.113391477272727	0.142064204545455	0.054899431818182		1
000185:	0.144280113636364	0.095811363636364	0.121665909090909	0.121343750000000	0.100951136363636	0.164264772727273	0.251682954545455		1
000186:	0.049143750000000	0.081659659090909	0.038748295454545	0.050541477272727	0.700488068181818	0.030708522727273	0.048710227272727		1
000187:	0.013176704545455	0.018442045454545	0.044926704545455	0.038956250000000	0.853676704545455	0.013439772727273	0.017381818181818		1
000188:	0.055923863636364	0.352906818181818	0.058010227272727	0.195207954545455	0.290003409090909	0.019532386363636	0.028415340909091		1
000189:	0.797588068181818	0.182305113636364	0.003144886363636	0.006270454545455	0.004936931818182	0.002273295454545	0.003481250000000		1
000190:	0.091844886363636	0.049054545454545	0.201351136363636	0.538659090909091	0.045176136363636	0.030753409090909	0.043160795454545		1
000191:	0.000677840909091	0.000245454545455	0.857720454545455	0.000365909090909	0.000420454545455	0.001305681818182	0.139264204545455		1
000192:	0.311268181818182	0.101671590909091	0.082878977272727	0.094198295454545	0.140496590909091	0.232159090909091	0.037327272727273		1
000193:	0.204775000000000	0.032580113636364	0.077301136363636	0.214150000000000	0.163662500000000	0.251571022727273	0.055960227272727		1
000194:	0.034851136363636	0.029321022727273	0.120027840909091	0.508727272727273	0.092188636363636	0.072728409090909	0.142155681818182		1
000195:	0.581830113636364	0.015594886363636	0.033643181818182	0.263581818181818	0.036122159090909	0.056183522727273	0.013044318181818		1
000196:	0.080401704545455	0.256427272727273	0.291527840909091	0.047103409090909	0.281333522727273	0.024272159090909	0.018934090909091		1
000197:	0.358890340909091	0.064496022727273	0.219621590909091	0.141978409090909	0.158297727272727	0.035580113636364	0.021135795454545		1
000198:	0.102960795454545	0.040741477272727	0.224144318181818	0.052643750000000	0.123903409090909	0.384122727272727	0.071483522727273		1
000199:	0.031984090909091	0.062160795454545	0.686715909090909	0.046306818181818	0.124940909090909	0.033592613636364	0.014298863636364		1
000200:	0.052565909090909	0.063811363636364	0.684056250000000	0.064654545454545	0.055105113636364	0.055435227272727	0.024371590909091		1
000201:	0.016446590909091	0.030614772727273	0.022018750000000	0.019048863636364	0.868401136363636	0.035939204545455	0.007530681818182		1
000202:	0.047955113636364	0.082261363636364	0.070360795454545	0.444606250000000	0.155544886363636	0.138493750000000	0.060777840909091		1
000203:	0.036512500000000	0.027661363636364	0.132037500000000	0.627910227272727	0.124008522727273	0.020292045454545	0.031577840909091		1
000204:	0.026768181818182	0.166201136363636	0.184771590909091	0.248211363636364	0.296609659090909	0.038350568181818	0.039087500000000		1
000205:	0.044684090909091	0.053855681818182	0.088199431818182	0.148384659090909	0.574036363636364	0.043756250000000	0.047083522727273		1
000206:	0.015369886363636	0.032984659090909	0.059002272727273	0.708822727272727	0.054156818181818	0.084517045454545	0.045146590909091		1
000207:	0.511763636363636	0.102669318181818	0.059340340909091	0.192657386363636	0.026648295454545	0.067450000000000	0.039471022727273		1
000208:	0.000178409090909	0.000121590909091	0.000165909090909	0.000565340909091	0.001947727272727	0.996890340909091	0.000130681818182		1
000209:	0.086136931818182	0.038413636363636	0.056319318181818	0.103626704545455	0.655472159090909	0.028394318181818	0.031636931818182		1
000210:	0.103733522727273	0.032972727272727	0.073423863636364	0.314906250000000	0.390099431818182	0.068286931818182	0.016577272727273		1
000211:	0.053225000000000	0.060996590909091	0.073095454545455	0.468257954545455	0.275254545454545	0.042590340909091	0.026580113636364		1
000212:	0.073389772727273	0.235271590909091	0.198903409090909	0.058501704545455	0.354533522727273	0.052469886363636	0.026930113636364		1
000213:	0.032657954545455	0.092513636363636	0.288306818181818	0.139477272727273	0.400791477272727	0.022265340909091	0.023987500000000		1
000214:	0.066893750000000	0.196031818181818	0.462295454545455	0.149651136363636	0.060377272727273	0.036313068181818	0.028437500000000		1
000215:	0.406431818181818	0.083557386363636	0.088870454545455	0.190527272727273	0.094738636363636	0.044113636363636	0.091760795454545		1
000216:	0.052852840909091	0.061730113636364	0.100926704545455	0.027626704545455	0.708272727272727	0.030770454545455	0.017820454545455		1
000217:	0.054438068181818	0.097015340909091	0.529629545454545	0.094827272727273	0.146420454545455	0.032383522727273	0.045285795454545		1
000218:	0.078573295454545	0.158481818181818	0.254324431818182	0.134981818181818	0.322013636363636	0.032738068181818	0.018886931818182		1
000219:	0.024761931818182	0.086401704545455	0.713839204545455	0.049275568181818	0.091681250000000	0.017738636363636	0.016301704545455		1
000220:	0.038923863636364	0.061219318181818	0.192207386363636	0.270059659090909	0.406501136363636	0.014273863636364	0.016814772727273		1
000221:	0.030361363636364	0.034994886363636	0.349268181818182	0.335169318181818	0.214404545454545	0.020337500000000	0.015464204545455		1
000222:	0.016198863636364	0.022128409090909	0.114421022727273	0.047955681818182	0.767210795454545	0.013290909090909	0.018794318181818		1
000223:	0.201268750000000	0.050849431818182	0.125401136363636	0.123253409090909	0.276488068181818	0.146862500000000	0.075876704545455		1
000224:	0.094517045454545	0.024328409090909	0.021668750000000	0.604639204545455	0.067465909090909	0.126655113636364	0.060725568181818		1
000225:	0.102304545454545	0.019830113636364	0.017027272727273	0.649007386363636	0.038415909090909	0.125504545454545	0.047910227272727		1
000226:	0.279748295454545	0.139569318181818	0.045475000000000	0.333726704545455	0.120315909090909	0.051848863636364	0.029315909090909		1
000227:	0.259371022727273	0.104784659090909	0.031613636363636	0.323019318181818	0.045978409090909	0.171532954545455	0.063700000000000		1
000228:	0.001693181818182	0.108352272727273	0.004695454545455	0.001268750000000	0.002189772727273	0.008206818181818	0.873593750000000		1
000229:	0.018036363636364	0.016919318181818	0.015390340909091	0.882075568181818	0.018817045454545	0.027292045454545	0.021469318181818		1
000230:	0.039119886363636	0.580128977272727	0.159285227272727	0.085531250000000	0.067552840909091	0.028488636363636	0.039893181818182		1
000231:	0.326462500000000	0.079588636363636	0.088659090909091	0.328552840909091	0.040968750000000	0.084113068181818	0.051655113636364		1
000232:	0.040226136363636	0.169690909090909	0.088378409090909	0.192318750000000	0.328485795454545	0.033484659090909	0.147415340909091		1
000233:	0.548433522727273	0.049844318181818	0.048437500000000	0.241077840909091	0.023524431818182	0.033606818181818	0.055075568181818		1
000234:	0.197031250000000	0.059802840909091	0.040106818181818	0.211792045454545	0.040739772727273	0.109589772727273	0.340937500000000		1
000235:	0.038398295454545	0.029757386363636	0.024140340909091	0.070993181818182	0.056572159090909	0.495155681818182	0.284982954545455		1
000236:	0.121241477272727	0.220221590909091	0.086949431818182	0.090804545454545	0.367925000000000	0.046864772727273	0.065993181818182		1
000237:	0.352630113636364	0.028967045454545	0.025676136363636	0.263331818181818	0.033920454545455	0.047461931818182	0.248012500000000		1
000238:	0.057461931818182	0.023063068181818	0.048526136363636	0.109911363636364	0.713202840909091	0.027896590909091	0.019938068181818		1
000239:	0.112997159090909	0.106386931818182	0.043130113636364	0.500998863636364	0.097740909090909	0.053922159090909	0.084823863636364		1
000240:	0.033702840909091	0.794548863636364	0.025839772727273	0.048293181818182	0.034007954545455	0.041232954545455	0.022374431818182		1
000241:	0.357011931818182	0.098867613636364	0.042900568181818	0.106044318181818	0.196334659090909	0.177653409090909	0.021187500000000		1
000242:	0.492419318181818	0.038186363636364	0.041755113636364	0.065009090909091	0.032047727272727	0.294507954545455	0.036074431818182		1
000243:	0.059228409090909	0.489580113636364	0.052515909090909	0.056331818181818	0.043986363636364	0.095632954545455	0.202724431818182		1
000244:	0.080312500000000	0.317298295454545	0.078035227272727	0.373891477272727	0.069481818181818	0.037223863636364	0.043756818181818		1
000245:	0.044482954545455	0.083788636363636	0.049020454545455	0.750428977272727	0.025393750000000	0.028197159090909	0.018688068181818		1
000246:	0.155402840909091	0.040081818181818	0.033256818181818	0.455103409090909	0.026744886363636	0.114210227272727	0.175200000000000		1
000247:	0.416730113636364	0.101789204545455	0.068136363636364	0.149140340909091	0.067780113636364	0.037155113636364	0.159268750000000		1
000248:	0.013650000000000	0.100160227272727	0.021131818181818	0.802850000000000	0.036292045454545	0.009914772727273	0.016001136363636		1
000249:	0.076489772727273	0.273874431818182	0.041613636363636	0.112603409090909	0.029996590909091	0.131292613636364	0.334129545454545		1
000250:	0.081615909090909	0.018658522727273	0.022096590909091	0.723571022727273	0.028151704545455	0.082861363636364	0.043044886363636		1
000251:	0.076961931818182	0.148040340909091	0.038361363636364	0.385722159090909	0.041819318181818	0.230397727272727	0.078697159090909		1
000252:	0.050940340909091	0.393507954545455	0.164975000000000	0.131577272727273	0.119685227272727	0.034523295454545	0.104790909090909		1
000253:	0.033197159090909	0.230515909090909	0.052209090909091	0.069005113636364	0.047189204545455	0.030342613636364	0.537540909090909		1
000254:	0.036381818181818	0.251855113636364	0.097127272727273	0.197161363636364	0.080852840909091	0.070182954545455	0.266438636363636		1
000255:	0.023471022727273	0.044986931818182	0.030931818181818	0.625337500000000	0.052159090909091	0.033509659090909	0.189603977272727		1
000256:	0.023697159090909	0.013337500000000	0.048127272727273	0.869602272727273	0.018192613636364	0.016287500000000	0.010755681818182		1
000257:	0.019075568181818	0.066040340909091	0.151431250000000	0.097478977272727	0.564346590909091	0.042697159090909	0.058930113636364		1
000258:	0.041518181818182	0.028275568181818	0.016572727272727	0.861045454545455	0.021458522727273	0.016803409090909	0.014326136363636		1
000259:	0.033102272727273	0.014894886363636	0.026692045454545	0.018123863636364	0.882137500000000	0.009723863636364	0.015325568181818		1
000260:	0.093551704545455	0.634353409090909	0.033367045454545	0.044548295454545	0.030677272727273	0.092731818181818	0.070770454545455		1
000261:	0.080957954545455	0.233600000000000	0.061627272727273	0.093665909090909	0.136279545454545	0.067721022727273	0.326148295454545		1
000262:	0.048632954545455	0.267436931818182	0.066181250000000	0.055972727272727	0.417241477272727	0.064094886363636	0.080439772727273		1
000263:	0.195616477272727	0.065906818181818	0.250956818181818	0.299218181818182	0.126036363636364	0.041046590909091	0.021218750000000		1
000264:	0.024607386363636	0.031678977272727	0.029802840909091	0.157965340909091	0.726251136363636	0.012659090909091	0.017035227272727		1
000265:	0.022936363636364	0.038781818181818	0.136610227272727	0.649714204545455	0.087414772727273	0.021212500000000	0.043330113636364		1
000266:	0.020013068181818	0.021623295454545	0.026510795454545	0.782478409090909	0.043546590909091	0.045698295454545	0.060129545454545		1
000267:	0.036359659090909	0.120269318181818	0.018230681818182	0.537756818181818	0.029860795454545	0.049001136363636	0.208521590909091		1
000268:	0.061729545454545	0.075155681818182	0.110488068181818	0.536414772727273	0.124321590909091	0.025610795454545	0.066279545454545		1
000269:	0.073744318181818	0.020087500000000	0.029179545454545	0.136489204545455	0.072931818181818	0.479640909090909	0.187926704545455		1
000270:	0.010189204545455	0.012946022727273	0.018881250000000	0.025991477272727	0.912205681818182	0.010488068181818	0.009298295454545		1
000271:	0.047550000000000	0.156199431818182	0.033815909090909	0.063665340909091	0.118337500000000	0.083978409090909	0.496453409090909		1
000272:	0.067687500000000	0.256376136363636	0.062665340909091	0.078948863636364	0.185527272727273	0.075064204545455	0.273730681818182		1
000273:	0.064800568181818	0.048859659090909	0.086828977272727	0.167592613636364	0.284718181818182	0.184409659090909	0.162790340909091		1
000274:	0.086342045454545	0.135002840909091	0.054423863636364	0.271258522727273	0.073898863636364	0.071851136363636	0.307222727272727		1
000275:	0.076884659090909	0.045464204545455	0.028572159090909	0.714711931818182	0.049995454545455	0.051331250000000	0.033040340909091		1
000276:	0.037256818181818	0.048255681818182	0.045741477272727	0.032721022727273	0.792195454545455	0.019691477272727	0.024138068181818		1
000277:	0.039155681818182	0.050924431818182	0.034744886363636	0.087668750000000	0.096375568181818	0.233531250000000	0.457599431818182		1
000278:	0.057698295454545	0.049659090909091	0.042313636363636	0.679212500000000	0.050902272727273	0.091580113636364	0.028634090909091		1
000279:	0.066129545454545	0.020677840909091	0.021550000000000	0.240636931818182	0.020840909090909	0.160010227272727	0.470154545454545		1
000280:	0.098405113636364	0.411480681818182	0.035550000000000	0.132228977272727	0.170767045454545	0.108813636363636	0.042754545454545		1
000281:	0.025805113636364	0.017505681818182	0.017179545454545	0.071438636363636	0.227431250000000	0.044134659090909	0.596505113636364		1
000282:	0.002846590909091	0.014945454545455	0.001800000000000	0.003265340909091	0.182469886363636	0.793113636363636	0.001559090909091		1
000283:	0.017872727272727	0.025543750000000	0.020091477272727	0.023686363636364	0.889622727272727	0.011164204545455	0.012018750000000		1
000284:	0.024350000000000	0.099867045454545	0.045205681818182	0.292752840909091	0.053036931818182	0.048275568181818	0.436511931818182		1
000285:	0.303013068181818	0.058608522727273	0.050262500000000	0.165816477272727	0.043707954545455	0.164251136363636	0.214340340909091		1
000286:	0.178840340909091	0.052439772727273	0.031184659090909	0.142919318181818	0.287693750000000	0.222685227272727	0.084236931818182		1
000287:	0.065675000000000	0.032591477272727	0.039452840909091	0.278053409090909	0.231572727272727	0.220586363636364	0.132068181818182		1
000288:	0.053715909090909	0.090502272727273	0.075534090909091	0.388891477272727	0.207922727272727	0.083102840909091	0.100330681818182		1
