Estimated Clustering Probabilities for Samples
Sample	***Cluster  01***	***Cluster  02***	***Cluster  03***	***Cluster  04***	***Cluster  05***	***Cluster  06***	***Cluster  07***	***Cluster  08***	
000001:	0.130240340909091	0.067407386363636	0.119211363636364	0.103398863636364	0.115743750000000	0.097566477272727	0.023890909090909	0.342540909090909		1
000002:	0.132949431818182	0.024102840909091	0.538941477272727	0.018603409090909	0.038085227272727	0.184142613636364	0.023990340909091	0.039184659090909		1
000003:	0.057263068181818	0.074224431818182	0.432709090909091	0.183345454545455	0.049260227272727	0.067988068181818	0.036125000000000	0.099084659090909		1
000004:	0.574225000000000	0.062218181818182	0.192621590909091	0.029731250000000	0.061884659090909	0.019557954545455	0.041765909090909	0.017995454545455		1
000005:	0.127577272727273	0.162450568181818	0.445883522727273	0.077442045454545	0.062215340909091	0.034235795454545	0.013242613636364	0.076952840909091		1
000006:	0.565691477272727	0.046344886363636	0.098635795454545	0.042697159090909	0.053831250000000	0.049502272727273	0.092978977272727	0.050318181818182		1
000007:	0.054115909090909	0.097685227272727	0.376635795454545	0.112139204545455	0.034980681818182	0.260631818181818	0.027063636363636	0.036747727272727		1
000008:	0.109413068181818	0.071694886363636	0.628310795454545	0.086390340909091	0.026832386363636	0.031685227272727	0.026322159090909	0.019351136363636		1
000009:	0.092864772727273	0.014705681818182	0.780681250000000	0.015456250000000	0.025413636363636	0.035767045454545	0.024501704545455	0.010609659090909		1
000010:	0.142798863636364	0.035861363636364	0.567135795454545	0.058196022727273	0.095067045454545	0.034716477272727	0.041373863636364	0.024850568181818		1
000011:	0.128494886363636	0.034075568181818	0.138160795454545	0.339457386363636	0.093841477272727	0.057526136363636	0.025905113636364	0.182538636363636		1
000012:	0.163523863636364	0.260675000000000	0.099192613636364	0.040482386363636	0.281832386363636	0.025352840909091	0.097330681818182	0.031610227272727		1
000013:	0.227346022727273	0.169276136363636	0.086631818181818	0.061548295454545	0.159934659090909	0.024016477272727	0.220415340909091	0.050831250000000		1
000014:	0.771258522727273	0.079877840909091	0.038534659090909	0.020151136363636	0.020006818181818	0.015469318181818	0.036680113636364	0.018021590909091		1
000015:	0.112955681818182	0.202379545454545	0.551086363636364	0.029194318181818	0.043364772727273	0.020106250000000	0.018368750000000	0.022544318181818		1
000016:	0.774020454545455	0.024822159090909	0.055265909090909	0.046752272727273	0.026374431818182	0.021656250000000	0.018955681818182	0.032152840909091		1
000017:	0.069263636363636	0.030318181818182	0.071022159090909	0.156123295454545	0.599547159090909	0.030190909090909	0.012188068181818	0.031346590909091		1
000018:	0.066605113636364	0.483784659090909	0.045196022727273	0.019776136363636	0.114841477272727	0.020430681818182	0.236006250000000	0.013359659090909		1
000019:	0.006977272727273	0.017441477272727	0.878372727272727	0.001310227272727	0.004278409090909	0.001825568181818	0.065582954545455	0.024211363636364		1
000020:	0.292285227272727	0.074383522727273	0.271205681818182	0.042602840909091	0.219487500000000	0.041698295454545	0.030494886363636	0.027842045454545		1
000021:	0.027491477272727	0.076243181818182	0.029598863636364	0.438284659090909	0.201005113636364	0.034383522727273	0.029555681818182	0.163437500000000		1
000022:	0.085182386363636	0.547479545454545	0.155430113636364	0.031089772727273	0.094681250000000	0.031061363636364	0.027131250000000	0.027944318181818		1
000023:	0.056077840909091	0.110278409090909	0.086778977272727	0.391812500000000	0.080791477272727	0.037017045454545	0.028842613636364	0.208401136363636		1
000024:	0.638125000000000	0.014063068181818	0.009990340909091	0.012613636363636	0.020735795454545	0.012217045454545	0.013116477272727	0.279138636363636		1
000025:	0.001965340909091	0.135476136363636	0.002124431818182	0.651298295454545	0.194750568181818	0.012131250000000	0.001609090909091	0.000644886363636		1
000026:	0.025827840909091	0.757168181818182	0.050121022727273	0.035210795454545	0.063705113636364	0.023998295454545	0.021483522727273	0.022485227272727		1
000027:	0.039798295454545	0.259773863636364	0.051846022727273	0.025402840909091	0.550329545454545	0.016946590909091	0.034759659090909	0.021143181818182		1
000028:	0.040041477272727	0.044724431818182	0.041003409090909	0.683110227272727	0.065467045454545	0.056093181818182	0.010978977272727	0.058581250000000		1
000029:	0.117859659090909	0.303404545454545	0.238143181818182	0.058501136363636	0.166288068181818	0.045299431818182	0.043540909090909	0.026963068181818		1
000030:	0.121843181818182	0.221797159090909	0.125896022727273	0.327159090909091	0.047915909090909	0.050942613636364	0.042121590909091	0.062324431818182		1
000031:	0.049465909090909	0.477818750000000	0.035926704545455	0.019434090909091	0.285643750000000	0.018243181818182	0.073203409090909	0.040264204545455		1
000032:	0.072118750000000	0.115042613636364	0.073431250000000	0.055699431818182	0.517729545454545	0.051925568181818	0.038636931818182	0.075415909090909		1
000033:	0.061786931818182	0.207562500000000	0.081694318181818	0.054908522727273	0.489029545454545	0.037314772727273	0.019614772727273	0.048088636363636		1
000034:	0.882190909090909	0.010146022727273	0.020944318181818	0.013818181818182	0.015257386363636	0.013276136363636	0.008297159090909	0.036069886363636		1
000035:	0.036552272727273	0.129507386363636	0.047786931818182	0.157309659090909	0.091257386363636	0.052010795454545	0.059875000000000	0.425700568181818		1
000036:	0.205110227272727	0.078098295454545	0.156460795454545	0.087809090909091	0.323269318181818	0.072394318181818	0.026354545454545	0.050503409090909		1
000037:	0.085635227272727	0.064323863636364	0.103151704545455	0.038569318181818	0.636029545454545	0.020981250000000	0.026476136363636	0.024832954545455		1
000038:	0.065460227272727	0.051001704545455	0.065522727272727	0.519717613636364	0.036485795454545	0.067496022727273	0.040713068181818	0.153602840909091		1
000039:	0.116907954545455	0.533286931818182	0.086285227272727	0.049994886363636	0.086456250000000	0.029105681818182	0.064088068181818	0.033875000000000		1
000040:	0.000100000000000	0.000012500000000	0.000121022727273	0.000019318181818	0.000341477272727	0.999108522727273	0.000228409090909	0.000068750000000		1
000041:	0.205577272727273	0.059804545454545	0.112306818181818	0.105594886363636	0.411964772727273	0.036093750000000	0.029916477272727	0.038741477272727		1
000042:	0.062010227272727	0.171910795454545	0.028592613636364	0.087406250000000	0.067382386363636	0.015110227272727	0.051168181818182	0.516419318181818		1
000043:	0.948807386363636	0.001460227272727	0.001239772727273	0.000505113636364	0.000653409090909	0.004714772727273	0.001755681818182	0.040863636363636		1
000044:	0.111627272727273	0.408925568181818	0.161488068181818	0.043285795454545	0.170640340909091	0.043282954545455	0.030591477272727	0.030158522727273		1
000045:	0.035753409090909	0.251431250000000	0.052356818181818	0.019066477272727	0.552078409090909	0.034316477272727	0.042216477272727	0.012780681818182		1
000046:	0.075389772727273	0.366167613636364	0.064298863636364	0.097106250000000	0.113034659090909	0.114147159090909	0.108138636363636	0.061717045454545		1
000047:	0.134947727272727	0.072807954545455	0.100226136363636	0.088127840909091	0.104601704545455	0.081988636363636	0.068541477272727	0.348758522727273		1
000048:	0.071112500000000	0.041639204545455	0.421768181818182	0.282764772727273	0.044315909090909	0.034025000000000	0.022304545454545	0.082069886363636		1
000049:	0.116447159090909	0.206296590909091	0.280680113636364	0.111097727272727	0.130227840909091	0.066152840909091	0.043955113636364	0.045142613636364		1
000050:	0.220449431818182	0.204056818181818	0.079498863636364	0.143509090909091	0.186810227272727	0.039534659090909	0.055364204545455	0.070776704545455		1
000051:	0.885315340909091	0.012291477272727	0.031232954545455	0.016650568181818	0.015843750000000	0.014779545454545	0.012993750000000	0.010892613636364		1
000052:	0.813572727272727	0.056196022727273	0.050335227272727	0.014886931818182	0.013871022727273	0.018537500000000	0.017856250000000	0.014744318181818		1
000053:	0.213825568181818	0.307989772727273	0.090023863636364	0.075850568181818	0.115354545454545	0.029195454545455	0.116882386363636	0.050877840909091		1
000054:	0.034318181818182	0.045886363636364	0.072055681818182	0.703316477272727	0.023342613636364	0.012383522727273	0.071552272727273	0.037144886363636		1
000055:	0.341173863636364	0.166586363636364	0.341443181818182	0.025339204545455	0.033219886363636	0.049250568181818	0.017558522727273	0.025428409090909		1
000056:	0.154211363636364	0.394601704545455	0.208867045454545	0.027441477272727	0.098183522727273	0.036902840909091	0.031211363636364	0.048580681818182		1
000057:	0.135006250000000	0.366133522727273	0.159527272727273	0.035130681818182	0.182500568181818	0.062544886363636	0.032573863636364	0.026582954545455		1
000058:	0.041988636363636	0.574795454545455	0.170295454545455	0.077100568181818	0.047447159090909	0.018906250000000	0.050407954545455	0.019058522727273		1
000059:	0.026946022727273	0.537389204545455	0.067338068181818	0.044813636363636	0.238644318181818	0.027853409090909	0.032511931818182	0.024503409090909		1
000060:	0.081283522727273	0.212297159090909	0.237981250000000	0.289409090909091	0.059874431818182	0.082737500000000	0.013355681818182	0.023061363636364		1
000061:	0.027943181818182	0.043580113636364	0.077563068181818	0.027277840909091	0.182163068181818	0.033025000000000	0.014335795454545	0.594111931818182		1
000062:	0.804281818181818	0.026209090909091	0.074861363636364	0.015983522727273	0.013665909090909	0.026311363636364	0.011227840909091	0.027459090909091		1
000063:	0.868619318181818	0.024378977272727	0.033806818181818	0.015842045454545	0.009042613636364	0.011412500000000	0.015278409090909	0.021619318181818		1
000064:	0.851627840909091	0.011656250000000	0.067361931818182	0.020343181818182	0.010894886363636	0.018711931818182	0.009689772727273	0.009714204545455		1
000065:	0.073174431818182	0.203963636363636	0.485468181818182	0.112711363636364	0.036102840909091	0.040551704545455	0.020551704545455	0.027476136363636		1
000066:	0.036803977272727	0.004643181818182	0.025206818181818	0.003267613636364	0.005085795454545	0.617353409090909	0.305831250000000	0.001807954545455		1
000067:	0.540786363636364	0.020842045454545	0.294463068181818	0.014322727272727	0.019084090909091	0.086748295454545	0.011293750000000	0.012459659090909		1
000068:	0.028525568181818	0.720752840909091	0.077081250000000	0.028524431818182	0.096083522727273	0.014840340909091	0.017200000000000	0.016992045454545		1
000069:	0.040749431818182	0.560181250000000	0.055488636363636	0.024206818181818	0.257898863636364	0.031406818181818	0.012928977272727	0.017139204545455		1
000070:	0.253428977272727	0.133740340909091	0.122304545454545	0.142292613636364	0.154777840909091	0.053861363636364	0.048025568181818	0.091568750000000		1
000071:	0.034344886363636	0.629443181818182	0.051351704545455	0.101415909090909	0.107415340909091	0.031118181818182	0.018642045454545	0.026268750000000		1
000072:	0.116729545454545	0.148574431818182	0.605296590909091	0.028567613636364	0.040273295454545	0.022047727272727	0.026380681818182	0.012130113636364		1
000073:	0.056853977272727	0.097430681818182	0.705436363636364	0.015562500000000	0.071702272727273	0.018712500000000	0.021601136363636	0.012700568181818		1
000074:	0.123663068181818	0.575981250000000	0.039751136363636	0.019902272727273	0.099989772727273	0.034514772727273	0.070882954545455	0.035314772727273		1
000075:	0.066896590909091	0.147165340909091	0.238083522727273	0.100832386363636	0.247371590909091	0.035104545454545	0.111738068181818	0.052807954545455		1
000076:	0.035115340909091	0.058012500000000	0.102545454545455	0.183743181818182	0.096290909090909	0.243613636363636	0.222046590909091	0.058632386363636		1
000077:	0.103875568181818	0.271443750000000	0.037435227272727	0.056825568181818	0.047094886363636	0.179178977272727	0.043480681818182	0.260665340909091		1
000078:	0.117518750000000	0.113947159090909	0.304718181818182	0.154050568181818	0.117601704545455	0.056504545454545	0.013512500000000	0.122146590909091		1
000079:	0.132405681818182	0.204665340909091	0.059615340909091	0.250740909090909	0.151794318181818	0.074240340909091	0.022414204545455	0.104123863636364		1
000080:	0.036288068181818	0.022710227272727	0.020448863636364	0.006197159090909	0.860632386363636	0.021843181818182	0.028645454545455	0.003234659090909		1
000081:	0.034956250000000	0.001055113636364	0.957377272727273	0.000382954545455	0.001266477272727	0.001610795454545	0.002511931818182	0.000839204545455		1
000082:	0.302825000000000	0.296248863636364	0.351664204545455	0.015131818181818	0.004797159090909	0.010502272727273	0.003312500000000	0.015518181818182		1
000083:	0.024035795454545	0.501059090909091	0.305443181818182	0.029269318181818	0.092898295454545	0.018267045454545	0.015670454545455	0.013356818181818		1
000084:	0.003762500000000	0.006535795454545	0.005195454545455	0.880251136363636	0.101068750000000	0.001681818181818	0.000696022727273	0.000808522727273		1
000085:	0.098990340909091	0.173604545454545	0.153827272727273	0.161516477272727	0.253077840909091	0.056222159090909	0.036892045454545	0.065869318181818		1
000086:	0.444352840909091	0.103026136363636	0.116977840909091	0.097257386363636	0.079450568181818	0.040816477272727	0.040889204545455	0.077229545454545		1
000087:	0.031946022727273	0.412354545454545	0.168177840909091	0.035382954545455	0.297123295454545	0.018927272727273	0.012275000000000	0.023813068181818		1
000088:	0.030507954545455	0.207944318181818	0.068377840909091	0.072914204545455	0.549464772727273	0.024198295454545	0.022184090909091	0.024408522727273		1
000089:	0.054313636363636	0.480890340909091	0.052350000000000	0.025578409090909	0.184123863636364	0.129428977272727	0.037740340909091	0.035574431818182		1
000090:	0.075872727272727	0.331315909090909	0.250338636363636	0.032480113636364	0.066453977272727	0.023713068181818	0.191984090909091	0.027841477272727		1
000091:	0.044998863636364	0.235915340909091	0.038762500000000	0.311224431818182	0.071418181818182	0.047494886363636	0.053798863636364	0.196386931818182		1
000092:	0.044826704545455	0.632915909090909	0.132917613636364	0.025961931818182	0.080671022727273	0.028343750000000	0.027076704545455	0.027286363636364		1
000093:	0.059515340909091	0.518812500000000	0.138785227272727	0.032476136363636	0.127372727272727	0.059735795454545	0.045488636363636	0.017813636363636		1
000094:	0.068203977272727	0.434823295454545	0.230538068181818	0.061457386363636	0.110769318181818	0.027019318181818	0.035491477272727	0.031697159090909		1
000095:	0.183683522727273	0.176509090909091	0.443354545454545	0.046411363636364	0.057064204545455	0.046140909090909	0.022867045454545	0.023969318181818		1
000096:	0.757829545454546	0.086311363636364	0.043294318181818	0.024821022727273	0.016527272727273	0.019470454545455	0.019518750000000	0.032227272727273		1
000097:	0.001191477272727	0.001663068181818	0.908389204545455	0.001149431818182	0.001093750000000	0.000665340909091	0.085359659090909	0.000488068181818		1
000098:	0.025406250000000	0.662715909090909	0.112232954545455	0.042550568181818	0.099310227272727	0.021525568181818	0.016272159090909	0.019986363636364		1
000099:	0.321804545454545	0.114248863636364	0.121181250000000	0.108505113636364	0.143269886363636	0.047683522727273	0.024588636363636	0.118718181818182		1
000100:	0.619988068181818	0.107555113636364	0.126115909090909	0.041276136363636	0.030797727272727	0.022301136363636	0.017497727272727	0.034468181818182		1
000101:	0.083948863636364	0.018123863636364	0.047723295454545	0.014381250000000	0.786194318181818	0.012098295454545	0.011278977272727	0.026251136363636		1
000102:	0.279793181818182	0.289868181818182	0.078851704545455	0.063414772727273	0.110671590909091	0.041082954545455	0.027884090909091	0.108433522727273		1
000103:	0.054461363636364	0.214853409090909	0.198042045454545	0.197771022727273	0.060320454545455	0.063472159090909	0.117587500000000	0.093492045454545		1
000104:	0.703606250000000	0.059295454545455	0.120621590909091	0.027026704545455	0.023211931818182	0.024910227272727	0.013033522727273	0.028294318181818		1
000105:	0.095802272727273	0.213485227272727	0.064264204545455	0.044928409090909	0.445077272727273	0.041136931818182	0.050903977272727	0.044401704545455		1
000106:	0.050604545454545	0.214009659090909	0.113360227272727	0.039446022727273	0.441077840909091	0.039190340909091	0.034531250000000	0.067780113636364		1
000107:	0.334769318181818	0.124594886363636	0.103107386363636	0.176443181818182	0.139076704545455	0.042681818181818	0.029664772727273	0.049661931818182		1
000108:	0.643840909090909	0.034018181818182	0.085182386363636	0.102001136363636	0.041844318181818	0.024172159090909	0.050335795454545	0.018605113636364		1
000109:	0.055220454545455	0.079151136363636	0.185235795454545	0.052680681818182	0.454311363636364	0.083587500000000	0.043878409090909	0.045934659090909		1
000110:	0.238606250000000	0.031273863636364	0.023342613636364	0.027965909090909	0.011414772727273	0.038872727272727	0.606183522727273	0.022340340909091		1
000111:	0.432028977272727	0.067106250000000	0.075597727272727	0.165373863636364	0.074502840909091	0.091575000000000	0.019526704545455	0.074288636363636		1
000112:	0.133371590909091	0.140174431818182	0.031198295454545	0.061669886363636	0.358581818181818	0.030626136363636	0.045909659090909	0.198468181818182		1
000113:	0.129915340909091	0.309878977272727	0.290259090909091	0.067420454545455	0.089281250000000	0.037127272727273	0.026597159090909	0.049520454545455		1
000114:	0.090607954545455	0.408333522727273	0.046736931818182	0.211239772727273	0.032464772727273	0.070058522727273	0.021019318181818	0.119539204545455		1
000115:	0.114387500000000	0.355726704545455	0.163502840909091	0.111436363636364	0.108667613636364	0.043437500000000	0.054986363636364	0.047855113636364		1
000116:	0.395781818181818	0.159794886363636	0.242585795454545	0.039201704545455	0.043687500000000	0.050648295454545	0.031181818181818	0.037118181818182		1
000117:	0.062734659090909	0.113562500000000	0.080546590909091	0.048980113636364	0.548497159090909	0.102422159090909	0.020017045454545	0.023239772727273		1
000118:	0.224065340909091	0.077182386363636	0.452365340909091	0.061717613636364	0.063114204545455	0.059281818181818	0.023644318181818	0.038628977272727		1
000119:	0.087646022727273	0.485168750000000	0.041023295454545	0.072590909090909	0.247366477272727	0.015855681818182	0.024067613636364	0.026281250000000		1
000120:	0.184735795454545	0.032873863636364	0.511110227272727	0.060184090909091	0.158502840909091	0.017640340909091	0.018733522727273	0.016219318181818		1
000121:	0.043891477272727	0.481292045454545	0.103735795454545	0.147331250000000	0.055088636363636	0.046751136363636	0.071977840909091	0.049931818181818		1
000122:	0.066069886363636	0.470802272727273	0.154428409090909	0.023344886363636	0.213740909090909	0.022586931818182	0.017498863636364	0.031527840909091		1
000123:	0.043950000000000	0.328889772727273	0.279484090909091	0.147960227272727	0.111070454545455	0.030069886363636	0.036828409090909	0.021747159090909		1
000124:	0.013272727272727	0.007141477272727	0.017701136363636	0.008189772727273	0.604240909090909	0.026570454545455	0.004480113636364	0.318403409090909		1
000125:	0.115800000000000	0.053161363636364	0.207811931818182	0.290453977272727	0.037221590909091	0.182513068181818	0.027843181818182	0.085194886363636		1
000126:	0.022906818181818	0.036422159090909	0.025989772727273	0.716603977272727	0.019381818181818	0.152221590909091	0.010256250000000	0.016217613636364		1
000127:	0.200030681818182	0.221709090909091	0.278473863636364	0.094461363636364	0.099380113636364	0.044889204545455	0.033621590909091	0.027434090909091		1
000128:	0.082733522727273	0.175543750000000	0.336443750000000	0.189224431818182	0.061343181818182	0.036277272727273	0.025392613636364	0.093041477272727		1
000129:	0.016096022727273	0.915146590909091	0.006828977272727	0.005617613636364	0.015407386363636	0.004703409090909	0.011943750000000	0.024256250000000		1
000130:	0.007580113636364	0.935506818181818	0.000791477272727	0.000182386363636	0.000318750000000	0.001314772727273	0.053243181818182	0.001062500000000		1
000131:	0.103354545454545	0.258736363636364	0.130846590909091	0.199413636363636	0.233443181818182	0.028377272727273	0.016721022727273	0.029107386363636		1
000132:	0.751489772727273	0.033189204545455	0.106102840909091	0.020235227272727	0.035521022727273	0.012361931818182	0.011131250000000	0.029968750000000		1
000133:	0.059211363636364	0.075659659090909	0.062910227272727	0.361660227272727	0.132692045454545	0.075801136363636	0.074717045454545	0.157348295454545		1
000134:	0.078170454545455	0.444039204545455	0.064866477272727	0.158918181818182	0.041925000000000	0.033377840909091	0.044719318181818	0.133983522727273		1
000135:	0.019934659090909	0.312419318181818	0.046476704545455	0.019077272727273	0.364665909090909	0.024323295454545	0.184357954545455	0.028744886363636		1
000136:	0.121157954545455	0.456243750000000	0.170119318181818	0.085261931818182	0.050923295454545	0.037512500000000	0.023199431818182	0.055581818181818		1
000137:	0.045243181818182	0.571985227272727	0.058242613636364	0.061381250000000	0.082467045454545	0.023428409090909	0.091015340909091	0.066236931818182		1
000138:	0.064265909090909	0.189237500000000	0.207837500000000	0.223003409090909	0.063797727272727	0.149365909090909	0.042394318181818	0.060097727272727		1
000139:	0.099454545454545	0.056307954545455	0.214875000000000	0.045872727272727	0.232630681818182	0.093179545454545	0.041681250000000	0.215998295454545		1
000140:	0.035192613636364	0.321345454545455	0.050135795454545	0.107259090909091	0.107661363636364	0.028878977272727	0.332537500000000	0.016989204545455		1
000141:	0.297465340909091	0.039076704545455	0.063699431818182	0.257401136363636	0.039562500000000	0.100981250000000	0.036075568181818	0.165738068181818		1
000142:	0.079071022727273	0.553613068181818	0.103369886363636	0.021092613636364	0.159672159090909	0.019671590909091	0.042213636363636	0.021296022727273		1
000143:	0.082536931818182	0.201915909090909	0.194543750000000	0.146341477272727	0.188881818181818	0.039326704545455	0.034746022727273	0.111707386363636		1
000144:	0.156050000000000	0.258031818181818	0.112727840909091	0.036792613636364	0.364168750000000	0.023998295454545	0.021623863636364	0.026606818181818		1
000145:	0.783780681818182	0.014769886363636	0.030803409090909	0.033939772727273	0.036540909090909	0.037772159090909	0.018828409090909	0.043564772727273		1
000146:	0.151695454545455	0.484357954545455	0.098108522727273	0.027355681818182	0.129481818181818	0.030828977272727	0.059910227272727	0.018261363636364		1
000147:	0.086269886363636	0.298756818181818	0.408740340909091	0.041494318181818	0.069014204545455	0.038930681818182	0.020275000000000	0.036518750000000		1
000148:	0.038722727272727	0.237151704545455	0.559646590909091	0.056910795454545	0.033691477272727	0.017448295454545	0.024713636363636	0.031714772727273		1
000149:	0.084310795454545	0.250203409090909	0.255361363636364	0.081113636363636	0.136263636363636	0.058536363636364	0.029628409090909	0.104582386363636		1
000150:	0.063133522727273	0.061161363636364	0.083854545454545	0.061900000000000	0.184994318181818	0.013111363636364	0.274018750000000	0.257826136363636		1
000151:	0.219988068181818	0.039239204545455	0.264784090909091	0.218929545454545	0.071825568181818	0.067546022727273	0.034461363636364	0.083226136363636		1
000152:	0.074850000000000	0.057486931818182	0.125225000000000	0.533927272727273	0.053115340909091	0.056909090909091	0.032433522727273	0.066052840909091		1
000153:	0.157822727272727	0.141953409090909	0.137375000000000	0.037991477272727	0.402185227272727	0.032568181818182	0.042439772727273	0.047664204545455		1
000154:	0.518543750000000	0.062644886363636	0.307639204545455	0.023185795454545	0.023378977272727	0.024403977272727	0.016228409090909	0.023975000000000		1
000155:	0.281590340909091	0.326013068181818	0.204390909090909	0.032827272727273	0.072542045454545	0.019689204545455	0.028979545454545	0.033967613636364		1
000156:	0.474578409090909	0.024673863636364	0.123334659090909	0.030805681818182	0.275859090909091	0.025638068181818	0.020902272727273	0.024207954545455		1
000157:	0.002348863636364	0.000929545454545	0.004991477272727	0.000311931818182	0.017167045454545	0.007735795454545	0.000418750000000	0.966096590909091		1
000158:	0.095994886363636	0.064967045454545	0.155075568181818	0.102807954545455	0.131897727272727	0.199397159090909	0.035889772727273	0.213969886363636		1
000159:	0.233665340909091	0.030661931818182	0.041330113636364	0.033564204545455	0.119618750000000	0.086396022727273	0.084351136363636	0.370412500000000		1
000160:	0.039097727272727	0.014413068181818	0.034784659090909	0.031189204545455	0.017313636363636	0.814435795454545	0.014739772727273	0.034026136363636		1
000161:	0.171010795454545	0.082469318181818	0.118152840909091	0.034616477272727	0.059538636363636	0.403767613636364	0.046043181818182	0.084401136363636		1
000162:	0.031991477272727	0.065802272727273	0.065371022727273	0.050292045454545	0.225748295454545	0.285606250000000	0.167778409090909	0.107410227272727		1
000163:	0.059093750000000	0.025359659090909	0.807442045454545	0.011789772727273	0.051772159090909	0.014095454545455	0.011055681818182	0.019391477272727		1
000164:	0.817332954545455	0.014498295454545	0.074332954545455	0.021282386363636	0.018973295454545	0.025257954545455	0.014095454545455	0.014226704545455		1
000165:	0.040607954545455	0.025171022727273	0.834079545454545	0.015230113636364	0.011427840909091	0.019409090909091	0.030359090909091	0.023715340909091		1
000166:	0.026964204545455	0.012168181818182	0.878346022727273	0.044294318181818	0.010911931818182	0.009067045454545	0.008671590909091	0.009576704545455		1
000167:	0.073635227272727	0.120713636363636	0.381336931818182	0.259173863636364	0.039837500000000	0.055321022727273	0.030176704545455	0.039805113636364		1
000168:	0.408544318181818	0.244440340909091	0.091723295454545	0.083561363636364	0.048777272727273	0.027826136363636	0.032094318181818	0.063032954545455		1
000169:	0.040497159090909	0.238919318181818	0.274748863636364	0.119299431818182	0.212939204545455	0.020060795454545	0.035002272727273	0.058532954545455		1
000170:	0.027664204545455	0.069698863636364	0.751348863636364	0.056296590909091	0.019921590909091	0.026305113636364	0.023517045454545	0.025247727272727		1
000171:	0.792538636363636	0.020939772727273	0.074925568181818	0.011046022727273	0.016823863636364	0.054196590909091	0.017968750000000	0.011560795454545		1
000172:	0.052764204545455	0.072043750000000	0.206938068181818	0.017499431818182	0.479419886363636	0.129741477272727	0.024238636363636	0.017354545454545		1
000173:	0.112835795454545	0.070649431818182	0.413530681818182	0.088850000000000	0.238545454545455	0.044272727272727	0.013065909090909	0.018250000000000		1
000174:	0.028315909090909	0.835186363636364	0.040163068181818	0.017915909090909	0.026277840909091	0.010996022727273	0.030804545454545	0.010340340909091		1
000175:	0.922244886363636	0.009101704545455	0.014864772727273	0.016498863636364	0.007840340909091	0.007393750000000	0.010947727272727	0.011107954545455		1
000176:	0.098562500000000	0.402019886363636	0.077522159090909	0.242788636363636	0.121278977272727	0.031032386363636	0.008233522727273	0.018561931818182		1
000177:	0.175416477272727	0.765014772727273	0.004270454545455	0.018111931818182	0.008616477272727	0.016790340909091	0.005610795454545	0.006168750000000		1
000178:	0.119355113636364	0.352200568181818	0.106931250000000	0.095392045454545	0.260595454545455	0.020742613636364	0.022701704545455	0.022081250000000		1
000179:	0.837672159090909	0.031121022727273	0.027349431818182	0.023355113636364	0.030564772727273	0.013407386363636	0.014341477272727	0.022188636363636		1
000180:	0.503815340909091	0.014581250000000	0.011363068181818	0.006464772727273	0.016800000000000	0.006921022727273	0.008792613636364	0.431261931818182		1
000181:	0.872217045454545	0.010260227272727	0.010209659090909	0.007528977272727	0.006764204545455	0.066778409090909	0.016320454545455	0.009921022727273		1
000182:	0.135146590909091	0.151010795454545	0.096203409090909	0.146867613636364	0.157545454545455	0.078943750000000	0.077201136363636	0.157081250000000		1
000183:	0.894229545454545	0.013930681818182	0.015302840909091	0.011958522727273	0.026625568181818	0.016684659090909	0.005281818181818	0.015986363636364		1
000184:	0.116171022727273	0.449425568181818	0.087911363636364	0.140309659090909	0.033122159090909	0.033215909090909	0.039593181818182	0.100251136363636		1
000185:	0.079568181818182	0.106219318181818	0.111005681818182	0.083530113636364	0.334376136363636	0.076593181818182	0.163370454545455	0.045336931818182		1
000186:	0.323835795454545	0.050060227272727	0.054613068181818	0.144334090909091	0.041842613636364	0.030802840909091	0.037143750000000	0.317367613636364		1
000187:	0.861416477272727	0.016033522727273	0.030364204545455	0.018107954545455	0.020734090909091	0.017818750000000	0.017800000000000	0.017725000000000		1
000188:	0.199699431818182	0.053264772727273	0.108030681818182	0.288860795454545	0.031988068181818	0.238361931818182	0.020494886363636	0.059299431818182		1
000189:	0.022965340909091	0.231459090909091	0.635534659090909	0.028294318181818	0.036485227272727	0.019157386363636	0.013511931818182	0.012592045454545		1
000190:	0.036167613636364	0.064729545454545	0.674468750000000	0.045594318181818	0.080727272727273	0.031623863636364	0.047063636363636	0.019625000000000		1
000191:	0.023236363636364	0.041809659090909	0.666868181818182	0.018941477272727	0.112951136363636	0.115121590909091	0.014330681818182	0.006740909090909		1
000192:	0.100588636363636	0.199431250000000	0.056668750000000	0.115917613636364	0.201794886363636	0.045577272727273	0.162259090909091	0.117762500000000		1
000193:	0.197335795454545	0.184914204545455	0.139617045454545	0.136560227272727	0.212442045454545	0.034314772727273	0.033098295454545	0.061717613636364		1
000194:	0.076588068181818	0.576600568181818	0.088299431818182	0.105711931818182	0.033222727272727	0.031232386363636	0.041918750000000	0.046426136363636		1
000195:	0.086794886363636	0.105488068181818	0.147534090909091	0.042658522727273	0.544022159090909	0.022857954545455	0.015734659090909	0.034909659090909		1
000196:	0.341320454545455	0.040522159090909	0.077113068181818	0.143343181818182	0.046910227272727	0.172171022727273	0.011002272727273	0.167617613636364		1
000197:	0.262723295454545	0.010770454545455	0.008491477272727	0.006972727272727	0.684734659090909	0.006933522727273	0.007503409090909	0.011870454545455		1
000198:	0.065400000000000	0.065082386363636	0.042706250000000	0.019055681818182	0.387190909090909	0.312297727272727	0.076005681818182	0.032261363636364		1
000199:	0.094686931818182	0.021395454545455	0.648897727272727	0.024100568181818	0.025225568181818	0.032850568181818	0.011607954545455	0.141235227272727		1
000200:	0.063551704545455	0.096139204545455	0.332717045454545	0.029450000000000	0.100011931818182	0.270735795454545	0.027031250000000	0.080363068181818		1
000201:	0.962289772727273	0.003205681818182	0.005953409090909	0.002736931818182	0.004536363636364	0.009842613636364	0.008034090909091	0.003401136363636		1
000202:	0.166249431818182	0.579840909090909	0.056130681818182	0.031536931818182	0.037131250000000	0.055806250000000	0.036213068181818	0.037091477272727		1
000203:	0.128863636363636	0.087968750000000	0.568365909090909	0.046162500000000	0.041815909090909	0.025446022727273	0.038436363636364	0.062940909090909		1
000204:	0.424228977272727	0.027590909090909	0.351946022727273	0.063727840909091	0.017262500000000	0.068498295454545	0.021398863636364	0.025346590909091		1
000205:	0.469352840909091	0.263839772727273	0.110231818181818	0.031286931818182	0.030392613636364	0.036128977272727	0.037894318181818	0.020872727272727		1
000206:	0.104122727272727	0.289504545454545	0.217451704545455	0.062339204545455	0.018507954545455	0.019656818181818	0.247205113636364	0.041211931818182		1
000207:	0.033911363636364	0.107467613636364	0.060684090909091	0.133909659090909	0.498160227272727	0.084628977272727	0.028347159090909	0.052890909090909		1
000208:	0.202334659090909	0.073820454545455	0.438887500000000	0.053985795454545	0.067543750000000	0.122459659090909	0.015311363636364	0.025656818181818		1
000209:	0.396312500000000	0.081997159090909	0.330635227272727	0.021888068181818	0.046577272727273	0.028831250000000	0.007603977272727	0.086154545454545		1
000210:	0.411373863636364	0.128450000000000	0.195473295454545	0.028503409090909	0.167981818181818	0.017296590909091	0.017042045454545	0.033878977272727		1
000211:	0.064871590909091	0.065114772727273	0.711853409090909	0.027007954545455	0.040967613636364	0.022692045454545	0.048909090909091	0.018583522727273		1
000212:	0.194639204545455	0.052529545454545	0.238200000000000	0.050063636363636	0.061487500000000	0.306985795454545	0.041849431818182	0.054244886363636		1
000213:	0.238193181818182	0.044100000000000	0.494527840909091	0.093593750000000	0.024665340909091	0.048450568181818	0.018467045454545	0.038002272727273		1
000214:	0.068849431818182	0.163889204545455	0.187523295454545	0.174992045454545	0.052339772727273	0.083051136363636	0.029959659090909	0.239395454545455		1
000215:	0.048111363636364	0.060569886363636	0.148659659090909	0.404114204545455	0.111689772727273	0.038946022727273	0.137201136363636	0.050707954545455		1
000216:	0.573700000000000	0.037839204545455	0.063769318181818	0.042506250000000	0.043246022727273	0.051252272727273	0.026404545454545	0.161282386363636		1
000217:	0.238452840909091	0.107570454545455	0.199809090909091	0.034807954545455	0.050230681818182	0.199603977272727	0.053290340909091	0.116234659090909		1
000218:	0.180320454545455	0.041441477272727	0.473352840909091	0.088165340909091	0.107407386363636	0.052230113636364	0.015809659090909	0.041272727272727		1
000219:	0.303541477272727	0.023734659090909	0.402856818181818	0.029135227272727	0.031188068181818	0.155775000000000	0.017809659090909	0.035959090909091		1
000220:	0.446481818181818	0.039663636363636	0.337540909090909	0.029954545454545	0.030833522727273	0.076132954545455	0.015193181818182	0.024199431818182		1
000221:	0.020760795454545	0.006121022727273	0.808378977272727	0.004189204545455	0.145567613636364	0.004684090909091	0.007214204545455	0.003084090909091		1
000222:	0.818025000000000	0.012690340909091	0.062926136363636	0.021344886363636	0.021845454545455	0.031942045454545	0.007450000000000	0.023776136363636		1
000223:	0.339042045454545	0.101539204545455	0.062149431818182	0.143426136363636	0.096610795454545	0.043984659090909	0.121907954545455	0.091339772727273		1
000224:	0.029413068181818	0.845424431818182	0.021123295454545	0.035182386363636	0.024142045454545	0.013685227272727	0.016589772727273	0.014439772727273		1
000225:	0.023878977272727	0.870732386363636	0.018956250000000	0.015276136363636	0.037092045454545	0.013054545454545	0.011402840909091	0.009606818181818		1
000226:	0.114935795454545	0.520391477272727	0.071729545454545	0.114008522727273	0.079636363636364	0.036939204545455	0.020502840909091	0.041856250000000		1
000227:	0.037716477272727	0.480876136363636	0.036123295454545	0.097630113636364	0.220155681818182	0.042434659090909	0.024630681818182	0.060432954545455		1
000228:	0.042276704545455	0.042183522727273	0.041258522727273	0.033268181818182	0.035112500000000	0.176602840909091	0.516509659090909	0.112788068181818		1
000229:	0.034618750000000	0.570619318181818	0.143727272727273	0.072672159090909	0.041609090909091	0.037098863636364	0.074531818181818	0.025122727272727		1
000230:	0.058019886363636	0.055848863636364	0.050719318181818	0.235514204545455	0.028056250000000	0.394369318181818	0.029010795454545	0.148461363636364		1
000231:	0.047781818181818	0.503128977272727	0.086482954545455	0.063276136363636	0.179121022727273	0.051040340909091	0.031830681818182	0.037338068181818		1
000232:	0.335106818181818	0.006312500000000	0.163718181818182	0.390951704545455	0.014034659090909	0.007416477272727	0.077959090909091	0.004500568181818		1
000233:	0.048519318181818	0.367148863636364	0.052025000000000	0.119531250000000	0.258077272727273	0.035977272727273	0.021503409090909	0.097217613636364		1
000234:	0.031353409090909	0.423070454545455	0.027834090909091	0.128494318181818	0.197161931818182	0.033286931818182	0.074875000000000	0.083923863636364		1
000235:	0.082518181818182	0.434490909090909	0.049297159090909	0.024378409090909	0.050528977272727	0.018489204545455	0.317466477272727	0.022830681818182		1
000236:	0.141794318181818	0.071512500000000	0.037729545454545	0.182853409090909	0.027313636363636	0.049279545454545	0.031744318181818	0.457772727272727		1
000237:	0.037359659090909	0.446119886363636	0.074443181818182	0.067441477272727	0.130629545454545	0.036052840909091	0.185332386363636	0.022621022727273		1
000238:	0.631593750000000	0.066892045454545	0.181711931818182	0.023955681818182	0.043868750000000	0.013909090909091	0.024640909090909	0.013427840909091		1
000239:	0.053520454545455	0.184172727272727	0.141067045454545	0.373036931818182	0.094686363636364	0.035718181818182	0.055982954545455	0.061815340909091		1
000240:	0.029487500000000	0.024576704545455	0.023671590909091	0.647650568181818	0.021339772727273	0.088320454545455	0.009598863636364	0.155354545454545		1
000241:	0.256081250000000	0.189156250000000	0.054468750000000	0.067970454545455	0.200545454545455	0.056881250000000	0.040507954545455	0.134388636363636		1
000242:	0.032435227272727	0.336409090909091	0.035003409090909	0.035605681818182	0.364156250000000	0.036614772727273	0.047127840909091	0.112647727272727		1
000243:	0.048677272727273	0.070056818181818	0.033271590909091	0.184145454545455	0.072658522727273	0.283739772727273	0.169925000000000	0.137525568181818		1
000244:	0.115011931818182	0.103321590909091	0.092305681818182	0.435081250000000	0.092951704545455	0.081152272727273	0.033442045454545	0.046733522727273		1
000245:	0.025512500000000	0.380822727272727	0.045076704545455	0.279175000000000	0.086675000000000	0.079769318181818	0.010181250000000	0.092787500000000		1
000246:	0.031369318181818	0.405987500000000	0.069694886363636	0.131734659090909	0.160888068181818	0.055263636363636	0.096150000000000	0.048911931818182		1
000247:	0.078280113636364	0.134957954545455	0.095497727272727	0.194810227272727	0.138926136363636	0.242633522727273	0.035112500000000	0.079781818181818		1
000248:	0.048042045454545	0.402998295454545	0.064510795454545	0.337871590909091	0.021169318181818	0.066751704545455	0.022657954545455	0.035998295454545		1
000249:	0.021475568181818	0.080494318181818	0.021764204545455	0.540996022727273	0.046199431818182	0.020128409090909	0.069895454545455	0.199046590909091		1
000250:	0.025289204545455	0.821167613636364	0.023429545454545	0.019172159090909	0.039929545454545	0.030333522727273	0.020796590909091	0.019881818181818		1
000251:	0.050813636363636	0.520042613636364	0.038003977272727	0.176131818181818	0.056510227272727	0.057028409090909	0.020018750000000	0.081450568181818		1
000252:	0.101285795454545	0.032756818181818	0.082884659090909	0.519356818181818	0.044572159090909	0.058567613636364	0.044744318181818	0.115831818181818		1
000253:	0.052536363636364	0.219479545454545	0.044058522727273	0.103858522727273	0.076062500000000	0.104776136363636	0.305813636363636	0.093414772727273		1
000254:	0.071319318181818	0.246426704545455	0.038302840909091	0.265209659090909	0.021827840909091	0.054675568181818	0.063571022727273	0.238667045454545		1
000255:	0.046826704545455	0.647616477272727	0.043673863636364	0.136027272727273	0.024397159090909	0.027653409090909	0.049869318181818	0.023935795454545		1
