Estimated Clustering Probabilities for Samples
Sample	***Cluster  01***	***Cluster  02***	***Cluster  03***	***Cluster  04***	***Cluster  05***	***Cluster  06***	***Cluster  07***	***Cluster  08***	
000001:	0.165729545454545	0.040830681818182	0.130610795454545	0.165408522727273	0.091657954545455	0.273858522727273	0.051308522727273	0.080595454545455		1
000002:	0.202208522727273	0.025766477272727	0.040901704545455	0.109323295454545	0.318107386363636	0.217165909090909	0.043790340909091	0.042736363636364		1
000003:	0.075319886363636	0.068488068181818	0.053109090909091	0.057052840909091	0.087272159090909	0.566540340909091	0.025547159090909	0.066670454545455		1
000004:	0.528590340909091	0.006677272727273	0.154556818181818	0.090198295454545	0.159570454545455	0.040074431818182	0.009734659090909	0.010597727272727		1
000005:	0.079996590909091	0.013717045454545	0.060235795454545	0.075023863636364	0.110444886363636	0.600218181818182	0.028043181818182	0.032320454545455		1
000006:	0.065051704545455	0.039739204545455	0.053957954545455	0.642028977272727	0.058818750000000	0.073148863636364	0.028373295454545	0.038881250000000		1
000007:	0.155896590909091	0.037701136363636	0.039544886363636	0.048937500000000	0.094164204545455	0.507643181818182	0.024660227272727	0.091452272727273		1
000008:	0.017461931818182	0.270061363636364	0.017329545454545	0.066891477272727	0.365105681818182	0.201319886363636	0.025748295454545	0.036081818181818		1
000009:	0.020830113636364	0.017665909090909	0.034372159090909	0.133769886363636	0.299051136363636	0.427802840909091	0.036611363636364	0.029896590909091		1
000010:	0.018375000000000	0.005353409090909	0.584343181818182	0.296218181818182	0.041324431818182	0.019388636363636	0.028807386363636	0.006189772727273		1
000011:	0.672898295454545	0.037419318181818	0.029339204545455	0.111727272727273	0.037472727272727	0.078007954545455	0.015582954545455	0.017552272727273		1
000012:	0.021780681818182	0.189969318181818	0.200589772727273	0.235971590909091	0.029087500000000	0.219005113636364	0.083582386363636	0.020013636363636		1
000013:	0.013439772727273	0.009597159090909	0.037573863636364	0.084706250000000	0.010000568181818	0.027222727272727	0.780764204545455	0.036695454545455		1
000014:	0.010362500000000	0.021753409090909	0.014785227272727	0.890797159090909	0.006547727272727	0.041161931818182	0.008411363636364	0.006180681818182		1
000015:	0.016620454545455	0.015756818181818	0.043606250000000	0.112473863636364	0.034835795454545	0.737950000000000	0.026752840909091	0.012003977272727		1
000016:	0.023092045454545	0.014951136363636	0.017859090909091	0.770605113636364	0.090830681818182	0.054296022727273	0.016334659090909	0.012031250000000		1
000017:	0.066101136363636	0.016067045454545	0.147292045454545	0.091365909090909	0.041694886363636	0.546180681818182	0.065988068181818	0.025310227272727		1
000018:	0.007338636363636	0.309659659090909	0.040954545454545	0.122582386363636	0.009693750000000	0.029477272727273	0.470607954545455	0.009685795454545		1
000019:	0.033869886363636	0.049051704545455	0.084468750000000	0.099898295454545	0.079022159090909	0.564502272727273	0.065863636363636	0.023323295454545		1
000020:	0.041158522727273	0.015219318181818	0.193980113636364	0.345157386363636	0.041347727272727	0.277226136363636	0.051022727272727	0.034888068181818		1
000021:	0.351582954545455	0.022338636363636	0.321740909090909	0.033696022727273	0.015388636363636	0.134280113636364	0.070298863636364	0.050673863636364		1
000022:	0.021703409090909	0.046680681818182	0.371918181818182	0.124744318181818	0.101073295454545	0.258667045454545	0.058952840909091	0.016260227272727		1
000023:	0.627810795454545	0.063638636363636	0.058313068181818	0.036235227272727	0.021447727272727	0.139277840909091	0.034365340909091	0.018911363636364		1
000024:	0.023385227272727	0.017440340909091	0.032028409090909	0.853802272727273	0.016489772727273	0.024274431818182	0.018465909090909	0.014113636363636		1
000025:	0.046414204545455	0.072107386363636	0.060228977272727	0.207613068181818	0.056062500000000	0.084405681818182	0.407819318181818	0.065348863636364		1
000026:	0.505964772727273	0.031097727272727	0.161618181818182	0.023064204545455	0.023580681818182	0.138102272727273	0.104634659090909	0.011937500000000		1
000027:	0.023444318181818	0.053773295454545	0.399654545454545	0.057211363636364	0.042300000000000	0.075140909090909	0.333819318181818	0.014656250000000		1
000028:	0.711001704545455	0.008732954545455	0.041360227272727	0.018768181818182	0.033888068181818	0.110737500000000	0.054073295454545	0.021438068181818		1
000029:	0.054830113636364	0.045568750000000	0.139663068181818	0.142613068181818	0.038012500000000	0.420888068181818	0.086028409090909	0.072396022727273		1
000030:	0.000363068181818	0.000239204545455	0.000326136363636	0.000903409090909	0.997371022727273	0.000249431818182	0.000206250000000	0.000341477272727		1
000031:	0.195626704545455	0.017511931818182	0.437642613636364	0.023266477272727	0.014386363636364	0.028105113636364	0.277150568181818	0.006310227272727		1
000032:	0.031543181818182	0.029003977272727	0.619770454545455	0.059229545454545	0.050692045454545	0.076130113636364	0.079139772727273	0.054490909090909		1
000033:	0.046941477272727	0.025051704545455	0.633364204545455	0.038164204545455	0.032533522727273	0.137166477272727	0.049486931818182	0.037291477272727		1
000034:	0.013557954545455	0.010053977272727	0.018772727272727	0.893793750000000	0.011124431818182	0.020795454545455	0.021734090909091	0.010167613636364		1
000035:	0.442410795454545	0.046142045454545	0.078205113636364	0.048182954545455	0.043082954545455	0.106702272727273	0.185947159090909	0.049326704545455		1
000036:	0.143613068181818	0.018301136363636	0.112660795454545	0.188101704545455	0.073571590909091	0.347468750000000	0.060829545454545	0.055453409090909		1
000037:	0.024606250000000	0.019926704545455	0.242857954545455	0.062461931818182	0.026194318181818	0.516235795454545	0.087438068181818	0.020278977272727		1
000038:	0.293965340909091	0.040685227272727	0.023072159090909	0.346897159090909	0.151493750000000	0.068011931818182	0.027850000000000	0.048024431818182		1
000039:	0.043867045454545	0.083496022727273	0.274784659090909	0.157718750000000	0.086717045454545	0.218099431818182	0.105212500000000	0.030104545454545		1
000040:	0.024359659090909	0.038991477272727	0.036565340909091	0.653165909090909	0.051768750000000	0.149116477272727	0.021476136363636	0.024556250000000		1
000041:	0.028619318181818	0.042631250000000	0.526838636363636	0.218450000000000	0.022493750000000	0.086698863636364	0.055256818181818	0.019011363636364		1
000042:	0.120717613636364	0.180318181818182	0.208986931818182	0.079790909090909	0.046522727272727	0.104993750000000	0.225665909090909	0.033003977272727		1
000043:	0.067597159090909	0.023264204545455	0.347588068181818	0.066249431818182	0.037746022727273	0.417194318181818	0.021657954545455	0.018702840909091		1
000044:	0.036283522727273	0.022247159090909	0.235518181818182	0.074076136363636	0.063039204545455	0.453118181818182	0.062831818181818	0.052885795454545		1
000045:	0.020671590909091	0.068668181818182	0.212485227272727	0.038191477272727	0.026164204545455	0.173340909090909	0.438462500000000	0.022015909090909		1
000046:	0.061242045454545	0.012557954545455	0.058228977272727	0.020899431818182	0.402544886363636	0.104325000000000	0.285217613636364	0.054984090909091		1
000047:	0.379971590909091	0.053309090909091	0.122758522727273	0.160969318181818	0.088370454545455	0.088246590909091	0.075002272727273	0.031372159090909		1
000048:	0.024797159090909	0.048750000000000	0.035914772727273	0.023802272727273	0.294630113636364	0.506811363636364	0.012302272727273	0.052992045454545		1
000049:	0.035385795454545	0.038802272727273	0.089838636363636	0.058464772727273	0.080435795454545	0.630034090909091	0.016130681818182	0.050907954545455		1
000050:	0.058184659090909	0.165613636363636	0.103037500000000	0.392240340909091	0.080524431818182	0.121331250000000	0.049610227272727	0.029457954545455		1
000051:	0.011457954545455	0.008867613636364	0.021061363636364	0.847148863636364	0.017043181818182	0.071907386363636	0.012465909090909	0.010047727272727		1
000052:	0.021063068181818	0.011093181818182	0.014974431818182	0.871913068181818	0.023594886363636	0.025021022727273	0.016023863636364	0.016316477272727		1
000053:	0.044197727272727	0.075942045454545	0.290313636363636	0.147550568181818	0.141542045454545	0.157441477272727	0.108953409090909	0.034059090909091		1
000054:	0.150797159090909	0.106160227272727	0.120367613636364	0.107382954545455	0.050459090909091	0.151588068181818	0.280397727272727	0.032847159090909		1
000055:	0.017528409090909	0.011282386363636	0.078722727272727	0.149319318181818	0.220413636363636	0.486076136363636	0.019464204545455	0.017193181818182		1
000056:	0.024284659090909	0.030988636363636	0.157761931818182	0.080065340909091	0.170422159090909	0.463741477272727	0.051177840909091	0.021557954545455		1
000057:	0.186555681818182	0.014573295454545	0.095323863636364	0.100890340909091	0.210828977272727	0.070277840909091	0.310957386363636	0.010592613636364		1
000058:	0.027970454545455	0.116873295454545	0.090622727272727	0.021403977272727	0.016912500000000	0.659585795454545	0.046123863636364	0.020507386363636		1
000059:	0.030429545454545	0.027780681818182	0.403121590909091	0.025195454545455	0.030540909090909	0.283191477272727	0.180660795454545	0.019079545454545		1
000060:	0.027134659090909	0.014486931818182	0.073724431818182	0.055040340909091	0.023568181818182	0.758247727272727	0.025980113636364	0.021817613636364		1
000061:	0.070028977272727	0.041052272727273	0.290619886363636	0.082476704545455	0.049481818181818	0.414747727272727	0.032901704545455	0.018690909090909		1
000062:	0.030184090909091	0.075754545454545	0.030839772727273	0.753763636363636	0.020128409090909	0.063195454545455	0.011372159090909	0.014761931818182		1
000063:	0.011372727272727	0.007442613636364	0.016183522727273	0.884944318181818	0.032893181818182	0.024826704545455	0.008444886363636	0.013892045454545		1
000064:	0.000963636363636	0.000451136363636	0.000384090909091	0.006145454545455	0.984493181818182	0.001164204545455	0.002729545454545	0.003668750000000		1
000065:	0.037784090909091	0.016600000000000	0.032513068181818	0.050202840909091	0.057001136363636	0.758359659090909	0.030261931818182	0.017277272727273		1
000066:	0.022730113636364	0.017223863636364	0.575861931818182	0.112956250000000	0.064614204545455	0.120008522727273	0.070202272727273	0.016402840909091		1
000067:	0.015254545454545	0.012263636363636	0.016053409090909	0.836197159090909	0.038561931818182	0.049291477272727	0.012191477272727	0.020186363636364		1
000068:	0.032897727272727	0.018732386363636	0.109897727272727	0.018250568181818	0.009941477272727	0.620921590909091	0.178003977272727	0.011354545454545		1
000069:	0.027141477272727	0.010972727272727	0.227823295454545	0.051660227272727	0.310609090909091	0.122069886363636	0.192292613636364	0.057430681818182		1
000070:	0.136513636363636	0.032921590909091	0.064413068181818	0.268396590909091	0.032398863636364	0.308652272727273	0.105269886363636	0.051434090909091		1
000071:	0.045543750000000	0.025695454545455	0.638868181818182	0.036129545454545	0.020057954545455	0.155023863636364	0.026906250000000	0.051775000000000		1
000072:	0.012294318181818	0.080192613636364	0.451480113636364	0.045422159090909	0.089827840909091	0.299268750000000	0.011326704545455	0.010187500000000		1
000073:	0.016072159090909	0.013819886363636	0.136957386363636	0.030486363636364	0.050173863636364	0.699535227272727	0.035622159090909	0.017332954545455		1
000074:	0.050502272727273	0.074373295454545	0.133836363636364	0.160528977272727	0.062152840909091	0.113346590909091	0.378572727272727	0.026686931818182		1
000075:	0.069026704545455	0.112064772727273	0.185514204545455	0.054792613636364	0.059231818181818	0.421463068181818	0.069225000000000	0.028681818181818		1
000076:	0.095746590909091	0.058963068181818	0.086156818181818	0.032204545454545	0.029191477272727	0.177361931818182	0.094413068181818	0.425962500000000		1
000077:	0.021092045454545	0.101018181818182	0.079477272727273	0.099074431818182	0.065613636363636	0.273190909090909	0.114034659090909	0.246498863636364		1
000078:	0.026856250000000	0.011233522727273	0.074737500000000	0.223976136363636	0.023546590909091	0.610281250000000	0.014676704545455	0.014692045454545		1
000079:	0.054812500000000	0.240449431818182	0.383261363636364	0.056507386363636	0.036025000000000	0.143703409090909	0.025332954545455	0.059907954545455		1
000080:	0.044560227272727	0.380375000000000	0.204051704545455	0.030712500000000	0.036606818181818	0.229527840909091	0.038603977272727	0.035561931818182		1
000081:	0.014225000000000	0.010256250000000	0.047248295454545	0.019392613636364	0.033336931818182	0.825481250000000	0.036267613636364	0.013792045454545		1
000082:	0.041543750000000	0.020314204545455	0.132935227272727	0.121618750000000	0.111614204545455	0.522626704545455	0.026691477272727	0.022655681818182		1
000083:	0.025163068181818	0.024898863636364	0.104127272727273	0.023162500000000	0.020202272727273	0.281773295454545	0.489146022727273	0.031526704545455		1
000084:	0.016265340909091	0.013209659090909	0.010177272727273	0.899958522727273	0.010227840909091	0.022678977272727	0.011640340909091	0.015842045454545		1
000085:	0.154347727272727	0.020807954545455	0.097741477272727	0.074229545454545	0.032272727272727	0.450340340909091	0.102564204545455	0.067696022727273		1
000086:	0.096427272727273	0.031471590909091	0.042097727272727	0.291472159090909	0.043166477272727	0.421912500000000	0.037129545454545	0.036322727272727		1
000087:	0.013988636363636	0.009975568181818	0.231171590909091	0.016736363636364	0.042773863636364	0.663347159090909	0.012931250000000	0.009075568181818		1
000088:	0.021406250000000	0.094978977272727	0.658344886363636	0.024296590909091	0.026776136363636	0.098708522727273	0.050196022727273	0.025292613636364		1
000089:	0.040838636363636	0.054780113636364	0.470100568181818	0.049864204545455	0.067091477272727	0.117416477272727	0.162571022727273	0.037337500000000		1
000090:	0.033755113636364	0.086014772727273	0.091686363636364	0.098738636363636	0.052126136363636	0.276330113636364	0.334569886363636	0.026778977272727		1
000091:	0.207434659090909	0.160503409090909	0.182366477272727	0.064451704545455	0.056410227272727	0.082827840909091	0.158076704545455	0.087928977272727		1
000092:	0.031301704545455	0.067336363636364	0.101200568181818	0.062348863636364	0.054853977272727	0.562202272727273	0.103147727272727	0.017608522727273		1
000093:	0.019296590909091	0.114244318181818	0.359810227272727	0.136265909090909	0.111960795454545	0.131642045454545	0.087713636363636	0.039066477272727		1
000094:	0.038309659090909	0.100342045454545	0.311552272727273	0.050536363636364	0.048053409090909	0.368818750000000	0.038728409090909	0.043659090909091		1
000095:	0.024047159090909	0.015760227272727	0.056020454545455	0.090297727272727	0.117799431818182	0.634922159090909	0.036364772727273	0.024788068181818		1
000096:	0.998349431818182	0.000016477272727	0.000051136363636	0.000169318181818	0.000038636363636	0.000042045454545	0.000034659090909	0.001298295454545		1
000097:	0.010008522727273	0.027180681818182	0.399003977272727	0.037326704545455	0.010509659090909	0.444931818181818	0.058105681818182	0.012932954545455		1
000098:	0.027260227272727	0.017800000000000	0.166841477272727	0.016411363636364	0.019421022727273	0.717918750000000	0.023813636363636	0.010533522727273		1
000099:	0.102500568181818	0.026063068181818	0.130605681818182	0.392658522727273	0.031990340909091	0.212735227272727	0.076578409090909	0.026868181818182		1
000100:	0.039926704545455	0.023306250000000	0.055236931818182	0.623336363636364	0.030630113636364	0.182526704545455	0.025232386363636	0.019804545454545		1
000101:	0.033968181818182	0.012779545454545	0.673541477272727	0.046846590909091	0.061817613636364	0.103127840909091	0.052661931818182	0.015256818181818		1
000102:	0.051769886363636	0.040166477272727	0.334524431818182	0.120401136363636	0.064017613636364	0.277961363636364	0.083329545454545	0.027829545454545		1
000103:	0.125078977272727	0.073773863636364	0.083884090909091	0.027357954545455	0.033659659090909	0.554478977272727	0.066126704545455	0.035639772727273		1
000104:	0.054318181818182	0.024459090909091	0.047443750000000	0.553097727272727	0.063706250000000	0.202931250000000	0.031775000000000	0.022268750000000		1
000105:	0.024461363636364	0.056617613636364	0.348230681818182	0.169180113636364	0.070716477272727	0.122713068181818	0.181035227272727	0.027045454545455		1
000106:	0.019516477272727	0.114591477272727	0.222398295454545	0.030263636363636	0.031856818181818	0.349560795454545	0.211738068181818	0.020074431818182		1
000107:	0.036183522727273	0.013178977272727	0.157243181818182	0.268612500000000	0.033580113636364	0.430213636363636	0.042853409090909	0.018134659090909		1
000108:	0.032142045454545	0.022817045454545	0.054735227272727	0.706717045454546	0.028435227272727	0.088546022727273	0.039449431818182	0.027157954545455		1
000109:	0.050339772727273	0.034905113636364	0.159761363636364	0.050492613636364	0.031948863636364	0.517461931818182	0.104660795454545	0.050429545454545		1
000110:	0.322807954545455	0.153881250000000	0.061962500000000	0.049789772727273	0.041071022727273	0.039656818181818	0.280865340909091	0.049965340909091		1
000111:	0.108429545454545	0.013330113636364	0.052464772727273	0.558060795454545	0.033219886363636	0.092032386363636	0.017092045454545	0.125370454545455		1
000112:	0.163292613636364	0.052441477272727	0.340664772727273	0.081969886363636	0.034365340909091	0.083584090909091	0.213978409090909	0.029703409090909		1
000113:	0.021096590909091	0.014279545454545	0.283288068181818	0.079200568181818	0.020876704545455	0.560447727272727	0.010646590909091	0.010164204545455		1
000114:	0.169694318181818	0.054901136363636	0.261562500000000	0.035321022727273	0.193767045454545	0.135169318181818	0.062094318181818	0.087490340909091		1
000115:	0.047119886363636	0.056414772727273	0.194373295454545	0.119393181818182	0.065458522727273	0.385527272727273	0.090000568181818	0.041712500000000		1
000116:	0.030692613636364	0.019915340909091	0.062239204545455	0.371559090909091	0.087739204545455	0.350896590909091	0.046836363636364	0.030121590909091		1
000117:	0.025475568181818	0.019484090909091	0.401300000000000	0.056150568181818	0.109935227272727	0.091219886363636	0.267883522727273	0.028551136363636		1
000118:	0.119825000000000	0.017575568181818	0.089749431818182	0.186475568181818	0.090129545454545	0.406261363636364	0.049873863636364	0.040109659090909		1
000119:	0.025742045454545	0.029523863636364	0.575002272727273	0.087121022727273	0.016707386363636	0.177725568181818	0.074211363636364	0.013966477272727		1
000120:	0.069733522727273	0.012885227272727	0.085314772727273	0.079118750000000	0.061010795454545	0.617505113636364	0.047666477272727	0.026765340909091		1
000121:	0.240340909090909	0.050767045454545	0.096878409090909	0.109336931818182	0.028796022727273	0.305753409090909	0.123346022727273	0.044781250000000		1
000122:	0.025682954545455	0.010585795454545	0.557452272727273	0.073061931818182	0.023278977272727	0.269581818181818	0.029188068181818	0.011168181818182		1
000123:	0.024506250000000	0.083767613636364	0.052463068181818	0.028602272727273	0.094848295454545	0.670755113636364	0.020271022727273	0.024786363636364		1
000124:	0.302351136363636	0.089353409090909	0.210159090909091	0.048156818181818	0.053137500000000	0.179479545454545	0.058789204545455	0.058573295454545		1
000125:	0.137163636363636	0.026866477272727	0.059853409090909	0.126890909090909	0.105273863636364	0.394769886363636	0.030720454545455	0.118461363636364		1
000126:	0.119505681818182	0.003613636363636	0.005535795454545	0.007600000000000	0.012476136363636	0.252486931818182	0.006384659090909	0.592397159090909		1
000127:	0.042935795454545	0.048215909090909	0.162390909090909	0.164597159090909	0.050919318181818	0.448824431818182	0.052725000000000	0.029391477272727		1
000128:	0.120669318181818	0.033286931818182	0.062896590909091	0.064906818181818	0.088319886363636	0.577056818181818	0.027803977272727	0.025059659090909		1
000129:	0.029736931818182	0.009025000000000	0.387113068181818	0.013922727272727	0.057310227272727	0.016308522727273	0.471543181818182	0.015040340909091		1
000130:	0.029426704545455	0.083590340909091	0.044940909090909	0.059520454545455	0.065053977272727	0.646517613636364	0.023653409090909	0.047296590909091		1
000131:	0.076190340909091	0.025572727272727	0.275119318181818	0.070049431818182	0.061123295454545	0.340715340909091	0.100178977272727	0.051050568181818		1
000132:	0.032159090909091	0.010979545454545	0.048745454545455	0.707286363636364	0.030634090909091	0.131555113636364	0.024646590909091	0.013993750000000		1
000133:	0.118063636363636	0.185875000000000	0.115756818181818	0.070238636363636	0.031587500000000	0.090069318181818	0.058410795454545	0.329998295454545		1
000134:	0.061148295454545	0.225356818181818	0.187144886363636	0.129968750000000	0.078668750000000	0.208422159090909	0.070152840909091	0.039137500000000		1
000135:	0.041209659090909	0.143296022727273	0.274123863636364	0.023374431818182	0.033702840909091	0.049124431818182	0.419628977272727	0.015539772727273		1
000136:	0.060660227272727	0.072875568181818	0.081540340909091	0.092753409090909	0.062751136363636	0.543851704545455	0.039396022727273	0.046171590909091		1
000137:	0.081264204545455	0.029788068181818	0.174926136363636	0.035765340909091	0.017890909090909	0.062036363636364	0.578317045454545	0.020011931818182		1
000138:	0.054811931818182	0.087576704545455	0.174867045454545	0.047248295454545	0.235708522727273	0.277296022727273	0.037728977272727	0.084762500000000		1
000139:	0.060044886363636	0.112593181818182	0.247765340909091	0.075127840909091	0.055447727272727	0.365451136363636	0.032273863636364	0.051296022727273		1
000140:	0.021255681818182	0.488612500000000	0.055188636363636	0.113427840909091	0.022105681818182	0.153898863636364	0.122033522727273	0.023477272727273		1
000141:	0.029403977272727	0.020040909090909	0.020872159090909	0.658964772727273	0.038222727272727	0.130953977272727	0.029199431818182	0.072342045454545		1
000142:	0.023338636363636	0.050128977272727	0.408660227272727	0.086847159090909	0.048411363636364	0.167025000000000	0.194003977272727	0.021584659090909		1
000143:	0.077019318181818	0.037222159090909	0.194589204545455	0.037355113636364	0.045050568181818	0.551291477272727	0.031126136363636	0.026346022727273		1
000144:	0.026955681818182	0.016953409090909	0.244207386363636	0.252887500000000	0.026519886363636	0.343981818181818	0.053656818181818	0.034837500000000		1
000145:	0.037001136363636	0.028315340909091	0.017465909090909	0.743446590909091	0.096479545454545	0.030753409090909	0.021376704545455	0.025161363636364		1
000146:	0.041190340909091	0.193668181818182	0.326976136363636	0.070967045454545	0.070342045454545	0.119344886363636	0.138134659090909	0.039376704545455		1
000147:	0.034646022727273	0.028961363636364	0.101765340909091	0.074159659090909	0.282347727272727	0.410667613636364	0.050631250000000	0.016821022727273		1
000148:	0.055294318181818	0.022525000000000	0.054517045454545	0.022560795454545	0.024744886363636	0.786954545454545	0.020553977272727	0.012849431818182		1
000149:	0.097998295454545	0.021761363636364	0.245550000000000	0.098677840909091	0.213690340909091	0.175571590909091	0.125912500000000	0.020838068181818		1
000150:	0.061181818181818	0.061645454545455	0.407081818181818	0.068442045454545	0.024017613636364	0.186478409090909	0.164943750000000	0.026209090909091		1
000151:	0.261390340909091	0.032036931818182	0.043340909090909	0.173898863636364	0.045495454545455	0.338621022727273	0.043121590909091	0.062094886363636		1
000152:	0.190386931818182	0.036395454545455	0.029575568181818	0.026757954545455	0.009364204545455	0.665136363636364	0.025871590909091	0.016511931818182		1
000153:	0.031771590909091	0.023376136363636	0.370579545454545	0.089616477272727	0.060422727272727	0.316912500000000	0.081404545454545	0.025916477272727		1
000154:	0.032804545454545	0.027651136363636	0.025347159090909	0.492857386363636	0.129347159090909	0.164277840909091	0.019928409090909	0.107786363636364		1
000155:	0.053886931818182	0.060737500000000	0.112634659090909	0.296806818181818	0.085191477272727	0.272511931818182	0.095517613636364	0.022713068181818		1
000156:	0.106585795454545	0.020274431818182	0.220964772727273	0.306144886363636	0.024240909090909	0.265731250000000	0.035467613636364	0.020590340909091		1
000157:	0.028771590909091	0.017803409090909	0.036899431818182	0.831611931818182	0.026115340909091	0.033339772727273	0.012403977272727	0.013054545454545		1
000158:	0.315340909090909	0.033876704545455	0.172938068181818	0.127891477272727	0.061078409090909	0.116177840909091	0.087561363636364	0.085135227272727		1
000159:	0.022064204545455	0.152846022727273	0.018067045454545	0.736034090909091	0.013207386363636	0.013092045454545	0.020816477272727	0.023872727272727		1
000160:	0.186222727272727	0.018605113636364	0.026124431818182	0.047700000000000	0.217836931818182	0.044002840909091	0.021769886363636	0.437738068181818		1
000161:	0.070982386363636	0.022557954545455	0.027605113636364	0.061495454545455	0.618735795454545	0.129670454545455	0.029147727272727	0.039805113636364		1
000162:	0.040996022727273	0.030163068181818	0.072455113636364	0.033763068181818	0.137469886363636	0.040848295454545	0.529813636363636	0.114490909090909		1
000163:	0.021114772727273	0.013321590909091	0.089455113636364	0.031257386363636	0.202001136363636	0.607731250000000	0.021627840909091	0.013490909090909		1
000164:	0.016727272727273	0.010768750000000	0.013786931818182	0.872935227272727	0.022013068181818	0.039047159090909	0.010671022727273	0.014050568181818		1
000165:	0.033064772727273	0.028522727272727	0.017679545454545	0.094234090909091	0.359923295454545	0.358350000000000	0.038334659090909	0.069890909090909		1
000166:	0.029432954545455	0.011321590909091	0.034910227272727	0.167589772727273	0.292632954545455	0.432853409090909	0.019177272727273	0.012081818181818		1
000167:	0.224730681818182	0.018152840909091	0.065431818181818	0.057993750000000	0.246853977272727	0.297085227272727	0.058893750000000	0.030857954545455		1
000168:	0.070552272727273	0.023477272727273	0.118311363636364	0.239276704545455	0.029470454545455	0.416828409090909	0.078618750000000	0.023464772727273		1
000169:	0.027126704545455	0.033585227272727	0.289605681818182	0.035803977272727	0.022681250000000	0.549745454545455	0.027931250000000	0.013520454545455		1
000170:	0.015648863636364	0.035009659090909	0.032309090909091	0.022636931818182	0.130739204545455	0.730886931818182	0.012729545454545	0.020039772727273		1
000171:	0.026927272727273	0.020502272727273	0.036822727272727	0.685365340909091	0.033944318181818	0.117478977272727	0.056200568181818	0.022758522727273		1
000172:	0.033599431818182	0.033131250000000	0.174523863636364	0.072274431818182	0.088138636363636	0.371883522727273	0.113617045454545	0.112831818181818		1
000173:	0.018075000000000	0.011225568181818	0.094006818181818	0.040686363636364	0.012863636363636	0.751081818181818	0.042795454545455	0.029265340909091		1
000174:	0.024085227272727	0.082348295454545	0.174088636363636	0.049873863636364	0.131631250000000	0.384676136363636	0.137563068181818	0.015733522727273		1
000175:	0.028147159090909	0.015882386363636	0.025185795454545	0.872327840909091	0.010873295454545	0.027525568181818	0.008384659090909	0.011673295454545		1
000176:	0.193995454545455	0.046222727272727	0.157727840909091	0.127480113636364	0.027264204545455	0.347236931818182	0.049815340909091	0.050257386363636		1
000177:	0.069782386363636	0.051307954545455	0.166990340909091	0.125323863636364	0.025283522727273	0.449802272727273	0.089872727272727	0.021636931818182		1
000178:	0.054655681818182	0.042394886363636	0.231314772727273	0.116163636363636	0.113777840909091	0.364488068181818	0.054927272727273	0.022277840909091		1
000179:	0.014398295454545	0.007572727272727	0.014850568181818	0.905832386363636	0.009947727272727	0.031669886363636	0.008997159090909	0.006731250000000		1
000180:	0.013086931818182	0.030873295454545	0.010565340909091	0.896935227272727	0.011012500000000	0.018798295454545	0.010993750000000	0.007734659090909		1
000181:	0.012180681818182	0.011155113636364	0.013100000000000	0.877706250000000	0.010343181818182	0.033431818181818	0.010420454545455	0.031662500000000		1
000182:	0.055138636363636	0.051707386363636	0.090185227272727	0.170814772727273	0.067061363636364	0.244942613636364	0.281035795454545	0.039114204545455		1
000183:	0.010164772727273	0.007942613636364	0.013818750000000	0.911477272727273	0.013246022727273	0.021686931818182	0.009899431818182	0.011764204545455		1
000184:	0.262544318181818	0.106372159090909	0.070855681818182	0.121463636363636	0.091092613636364	0.231880681818182	0.075500568181818	0.040290340909091		1
000185:	0.012389204545455	0.627071022727273	0.052522727272727	0.025192613636364	0.044338636363636	0.109837500000000	0.090378409090909	0.038269886363636		1
000186:	0.153939772727273	0.019518181818182	0.025766477272727	0.681515340909091	0.011701136363636	0.061652840909091	0.022708522727273	0.023197727272727		1
000187:	0.013848863636364	0.053640909090909	0.012164772727273	0.802534659090909	0.037295454545455	0.029926136363636	0.014415340909091	0.036173863636364		1
000188:	0.101963068181818	0.042183522727273	0.054540909090909	0.212319886363636	0.037778977272727	0.437390909090909	0.021032954545455	0.092789772727273		1
000189:	0.011105113636364	0.011903977272727	0.138917613636364	0.107586931818182	0.036878409090909	0.655343181818182	0.025420454545455	0.012844318181818		1
000190:	0.028605681818182	0.039513068181818	0.047758522727273	0.029105113636364	0.083491477272727	0.725276704545455	0.020128409090909	0.026121022727273		1
000191:	0.026084090909091	0.011775568181818	0.188003409090909	0.023239204545455	0.025482386363636	0.687575000000000	0.020593181818182	0.017247159090909		1
000192:	0.227128977272727	0.034890909090909	0.406367613636364	0.062930113636364	0.025660795454545	0.077786931818182	0.123395454545455	0.041839204545455		1
000193:	0.208720454545455	0.026544886363636	0.102071022727273	0.053867045454545	0.035418181818182	0.288959659090909	0.243165909090909	0.041252840909091		1
000194:	0.106765909090909	0.100915340909091	0.065177840909091	0.060735227272727	0.105386363636364	0.459445454545455	0.077984659090909	0.023589204545455		1
000195:	0.004982386363636	0.004344886363636	0.003824431818182	0.701960795454545	0.002055681818182	0.048610227272727	0.232128409090909	0.002093181818182		1
000196:	0.693133522727273	0.011864772727273	0.032257386363636	0.124813068181818	0.044496022727273	0.057562500000000	0.010690340909091	0.025182386363636		1
000197:	0.079621590909091	0.024712500000000	0.368548295454545	0.106239204545455	0.058474431818182	0.251654545454545	0.047170454545455	0.063578977272727		1
000198:	0.041109659090909	0.030761931818182	0.064985227272727	0.137374431818182	0.148994318181818	0.077980113636364	0.461127272727273	0.037667045454545		1
000199:	0.026859090909091	0.026281250000000	0.080183522727273	0.102530113636364	0.367843181818182	0.307566477272727	0.031700000000000	0.057036363636364		1
000200:	0.166323295454545	0.025475000000000	0.082664204545455	0.147432954545455	0.331301704545455	0.139611931818182	0.037423295454545	0.069767613636364		1
000201:	0.020869318181818	0.017738068181818	0.058931250000000	0.645065340909091	0.024160227272727	0.155468750000000	0.015291477272727	0.062475568181818		1
000202:	0.199384090909091	0.042984090909091	0.270717613636364	0.173027840909091	0.066928409090909	0.121213068181818	0.092050568181818	0.033694318181818		1
000203:	0.061817613636364	0.032950568181818	0.045364204545455	0.067080113636364	0.165136931818182	0.576194886363636	0.021284090909091	0.030171590909091		1
000204:	0.060386931818182	0.028602272727273	0.028576704545455	0.217757386363636	0.108015340909091	0.463636931818182	0.013553409090909	0.079471022727273		1
000205:	0.035595454545455	0.034381250000000	0.053069886363636	0.611721022727273	0.076681818181818	0.123123295454545	0.038359659090909	0.027067613636364		1
000206:	0.058380113636364	0.142711931818182	0.038554545454545	0.082043750000000	0.040242045454545	0.573099431818182	0.036767613636364	0.028200568181818		1
000207:	0.098998863636364	0.038720454545455	0.451491477272727	0.045048863636364	0.042672727272727	0.209154545454545	0.036225000000000	0.077688068181818		1
000208:	0.095300568181818	0.021707386363636	0.095754545454545	0.213638636363636	0.067130113636364	0.416350568181818	0.061126136363636	0.028992045454545		1
000209:	0.176010795454545	0.020800000000000	0.053992613636364	0.441832954545455	0.030861931818182	0.157798295454545	0.101455113636364	0.017248295454545		1
000210:	0.027522159090909	0.077005681818182	0.165517613636364	0.283068181818182	0.105532386363636	0.251661363636364	0.067467613636364	0.022225000000000		1
000211:	0.025640340909091	0.020723863636364	0.064626704545455	0.265903977272727	0.267624431818182	0.302404545454545	0.037359090909091	0.015717045454545		1
000212:	0.024948295454545	0.000733522727273	0.004648863636364	0.866689204545455	0.007885795454545	0.092275000000000	0.001851704545455	0.000967613636364		1
000213:	0.138096022727273	0.027855681818182	0.042230113636364	0.291569886363636	0.226017045454545	0.205063068181818	0.021314204545455	0.047853977272727		1
000214:	0.262419886363636	0.018265340909091	0.062622159090909	0.080286363636364	0.076449431818182	0.424242045454545	0.030752840909091	0.044961931818182		1
000215:	0.065771590909091	0.126714772727273	0.440138068181818	0.074396590909091	0.023568750000000	0.195221590909091	0.037708522727273	0.036480113636364		1
000216:	0.173864772727273	0.029976136363636	0.071197159090909	0.352262500000000	0.165481250000000	0.105362500000000	0.063373295454545	0.038482386363636		1
000217:	0.044727840909091	0.024130681818182	0.051150000000000	0.203906250000000	0.426217613636364	0.073371022727273	0.087968750000000	0.088527840909091		1
000218:	0.102346590909091	0.016906250000000	0.062897159090909	0.172690909090909	0.116641477272727	0.460107954545455	0.027906818181818	0.040502840909091		1
000219:	0.028727272727273	0.025685795454545	0.057908522727273	0.181482954545455	0.491622159090909	0.122907954545455	0.023270454545455	0.068394886363636		1
000220:	0.048335227272727	0.012588068181818	0.047428977272727	0.505689772727273	0.106531818181818	0.224499431818182	0.016948295454545	0.037978409090909		1
000221:	0.038201704545455	0.026122159090909	0.027716477272727	0.251709659090909	0.148778977272727	0.465505681818182	0.015905681818182	0.026059659090909		1
000222:	0.025168750000000	0.009355113636364	0.017661931818182	0.871613068181818	0.030618750000000	0.022920454545455	0.012262500000000	0.010399431818182		1
000223:	0.097203409090909	0.037096590909091	0.160580113636364	0.287902840909091	0.035785227272727	0.138000568181818	0.217916477272727	0.025514772727273		1
000224:	0.031828977272727	0.159288068181818	0.479346022727273	0.067346022727273	0.021915340909091	0.108204545454545	0.108978977272727	0.023092045454545		1
000225:	0.019822159090909	0.061044886363636	0.748043750000000	0.046010227272727	0.044836931818182	0.042250568181818	0.027229545454545	0.010761931818182		1
000226:	0.074806818181818	0.031069318181818	0.428439772727273	0.147978977272727	0.100150000000000	0.119013636363636	0.027736363636364	0.070805113636364		1
000227:	0.032828977272727	0.086820454545455	0.579828977272727	0.044113068181818	0.039672727272727	0.063546022727273	0.094126136363636	0.059063636363636		1
000228:	0.070217045454545	0.170103409090909	0.022809659090909	0.045739204545455	0.068801704545455	0.034670454545455	0.368633522727273	0.219025000000000		1
000229:	0.033878977272727	0.396541477272727	0.177522159090909	0.035972159090909	0.124026136363636	0.174233522727273	0.034988636363636	0.022836931818182		1
000230:	0.646519318181818	0.021740909090909	0.016574431818182	0.058184659090909	0.029969318181818	0.026760795454545	0.018305681818182	0.181944886363636		1
000231:	0.049115340909091	0.047555681818182	0.648113636363636	0.033225568181818	0.059571022727273	0.098039204545455	0.031763636363636	0.032615909090909		1
000232:	0.119801704545455	0.182259659090909	0.042762500000000	0.318393181818182	0.099121022727273	0.126088636363636	0.032815340909091	0.078757954545455		1
000233:	0.063876136363636	0.060193181818182	0.605491477272727	0.047725568181818	0.053366477272727	0.075524431818182	0.025128409090909	0.068694318181818		1
000234:	0.034385227272727	0.572256250000000	0.187907954545455	0.038034659090909	0.029735227272727	0.053555113636364	0.051980113636364	0.032145454545455		1
000235:	0.026632954545455	0.113506818181818	0.069988068181818	0.069675568181818	0.040568750000000	0.067784659090909	0.589278977272727	0.022564204545455		1
000236:	0.535938068181818	0.033758522727273	0.028035795454545	0.126348863636364	0.035563068181818	0.123719318181818	0.071032954545455	0.045603409090909		1
000237:	0.033724431818182	0.341130113636364	0.301232954545455	0.044772727272727	0.022926136363636	0.197509090909091	0.021419886363636	0.037284659090909		1
000238:	0.029867045454545	0.019215340909091	0.070498863636364	0.637140340909091	0.043404545454545	0.160525000000000	0.022423863636364	0.016925000000000		1
000239:	0.135379545454545	0.033108522727273	0.079612500000000	0.018388068181818	0.008102272727273	0.601410795454545	0.014312500000000	0.109685795454545		1
000240:	0.830129545454545	0.008028977272727	0.021000000000000	0.014202272727273	0.014953977272727	0.019109659090909	0.062852272727273	0.029723295454545		1
000241:	0.130335227272727	0.027302272727273	0.364927840909091	0.222057386363636	0.038511363636364	0.090306250000000	0.079576136363636	0.046983522727273		1
000242:	0.079689204545455	0.064417613636364	0.642099431818182	0.038685795454545	0.020331818181818	0.046094886363636	0.092733522727273	0.015947727272727		1
000243:	0.090667045454545	0.086354545454545	0.088810227272727	0.053874431818182	0.031356818181818	0.047372159090909	0.132399431818182	0.469165340909091		1
000244:	0.117074431818182	0.070715340909091	0.158144318181818	0.088450000000000	0.032465340909091	0.363288636363636	0.025901704545455	0.143960227272727		1
000245:	0.072596022727273	0.047323863636364	0.283388068181818	0.029555113636364	0.036260795454545	0.196886931818182	0.030487500000000	0.303501704545455		1
000246:	0.049298295454545	0.129528977272727	0.315997159090909	0.045974431818182	0.035195454545455	0.184556818181818	0.191416477272727	0.048032386363636		1
000247:	0.139622159090909	0.138710795454545	0.186111363636364	0.061483522727273	0.040512500000000	0.339164204545455	0.057142613636364	0.037252840909091		1
000248:	0.410297727272727	0.065226704545455	0.068955681818182	0.047327840909091	0.058107954545455	0.197217045454545	0.019839204545455	0.133027840909091		1
000249:	0.369806250000000	0.263324431818182	0.102871590909091	0.032405681818182	0.014713068181818	0.064140340909091	0.070041477272727	0.082697159090909		1
000250:	0.041636931818182	0.110540340909091	0.600143181818182	0.048732954545455	0.039505113636364	0.074296590909091	0.066043750000000	0.019101136363636		1
000251:	0.151311931818182	0.131289772727273	0.275647159090909	0.048805113636364	0.044475568181818	0.097789772727273	0.152711931818182	0.097968750000000		1
000252:	0.402088636363636	0.061335227272727	0.063135227272727	0.119940340909091	0.049951136363636	0.167001136363636	0.037478409090909	0.099069886363636		1
000253:	0.072336363636364	0.711424431818182	0.040680113636364	0.046389204545455	0.027962500000000	0.032235795454545	0.037398863636364	0.031572727272727		1
000254:	0.271411363636364	0.368347159090909	0.051375000000000	0.078052272727273	0.037251136363636	0.081892613636364	0.053045454545455	0.058625000000000		1
000255:	0.041560227272727	0.680811931818182	0.033331250000000	0.066143750000000	0.035000568181818	0.092315909090909	0.022726704545455	0.028109659090909		1
