Estimated Clustering Probabilities for Samples
Sample	***Cluster  01***	***Cluster  02***	***Cluster  03***	***Cluster  04***	***Cluster  05***	***Cluster  06***	***Cluster  07***	***Cluster  08***	
000001:	0.029000568181818	0.068716477272727	0.065573295454545	0.512080113636364	0.074181250000000	0.048718181818182	0.057625000000000	0.144105113636364		1
000002:	0.013792613636364	0.035173295454545	0.078889204545455	0.373797727272727	0.067322727272727	0.063339772727273	0.086706818181818	0.280977840909091		1
000003:	0.066161363636364	0.025603977272727	0.033672159090909	0.032507954545455	0.092902272727273	0.289690340909091	0.087708522727273	0.371753409090909		1
000004:	0.020214772727273	0.027093181818182	0.021510795454545	0.078244886363636	0.047732386363636	0.093502840909091	0.644221590909091	0.067479545454545		1
000005:	0.021377272727273	0.032297159090909	0.213868750000000	0.111333522727273	0.043060795454545	0.158292613636364	0.091242613636364	0.328527272727273		1
000006:	0.071492613636364	0.069429545454545	0.058630681818182	0.075896590909091	0.023875000000000	0.050231250000000	0.531372727272727	0.119071590909091		1
000007:	0.020927840909091	0.019888068181818	0.016886931818182	0.200489772727273	0.078653977272727	0.094790909090909	0.063177840909091	0.505184659090909		1
000008:	0.016792045454545	0.032500000000000	0.021861363636364	0.421624431818182	0.035607386363636	0.177861931818182	0.105191477272727	0.188561363636364		1
000009:	0.025559090909091	0.047146590909091	0.066623863636364	0.143384090909091	0.027425000000000	0.169060227272727	0.360628977272727	0.160172159090909		1
000010:	0.029014772727273	0.069427272727273	0.052063068181818	0.125941477272727	0.039979545454545	0.153866477272727	0.112664204545455	0.417043181818182		1
000011:	0.025888068181818	0.028285227272727	0.301834659090909	0.076877840909091	0.053865909090909	0.052550000000000	0.134675568181818	0.326022727272727		1
000012:	0.997884090909091	0.000172727272727	0.000332386363636	0.000229545454545	0.000171022727273	0.000351136363636	0.000573295454545	0.000285795454545		1
000013:	0.001067045454545	0.041856250000000	0.835912500000000	0.001876136363636	0.002530113636364	0.002321590909091	0.005547727272727	0.108888636363636		1
000014:	0.004486931818182	0.006769318181818	0.025088068181818	0.012651136363636	0.008909659090909	0.019821590909091	0.897176704545455	0.025096590909091		1
000015:	0.015681818181818	0.022573295454545	0.025659659090909	0.031597159090909	0.023125568181818	0.623368750000000	0.203395454545455	0.054598295454545		1
000016:	0.017491477272727	0.013080113636364	0.008807954545455	0.024092045454545	0.014690340909091	0.059936363636364	0.819363068181818	0.042538636363636		1
000017:	0.123915909090909	0.085486931818182	0.001096590909091	0.000916477272727	0.000715909090909	0.782944886363636	0.003550568181818	0.001372727272727		1
000018:	0.144180113636364	0.495779545454545	0.036743750000000	0.031340909090909	0.012140340909091	0.199514204545455	0.055381818181818	0.024919318181818		1
000019:	0.046297159090909	0.075654545454545	0.035821590909091	0.027762500000000	0.045007954545455	0.117454545454545	0.038451136363636	0.613550568181818		1
000020:	0.020160227272727	0.079004545454545	0.099312500000000	0.038615909090909	0.051187500000000	0.206432954545455	0.338397727272727	0.166888636363636		1
000021:	0.030941477272727	0.074994886363636	0.208190340909091	0.024434659090909	0.219173295454545	0.203632954545455	0.033218181818182	0.205414204545455		1
000022:	0.039918181818182	0.066306250000000	0.038621590909091	0.048994318181818	0.023372159090909	0.619990340909091	0.073970454545455	0.088826704545455		1
000023:	0.081288068181818	0.071157954545455	0.110034659090909	0.055743750000000	0.084591477272727	0.149937500000000	0.070893750000000	0.376352840909091		1
000024:	0.012335795454545	0.013338068181818	0.012110227272727	0.007945454545455	0.010382386363636	0.017325000000000	0.919673863636364	0.006889204545455		1
000025:	0.224855113636364	0.160979545454545	0.075864772727273	0.072791477272727	0.033017045454545	0.182202840909091	0.165010795454545	0.085278409090909		1
000026:	0.038492613636364	0.070742613636364	0.026178977272727	0.031300568181818	0.022745454545455	0.733451136363636	0.026589772727273	0.050498863636364		1
000027:	0.085206818181818	0.452240340909091	0.108946590909091	0.026088636363636	0.024686363636364	0.145883522727273	0.047903977272727	0.109043750000000		1
000028:	0.023563636363636	0.042148295454545	0.065523295454545	0.031692613636364	0.251626136363636	0.172084090909091	0.055151136363636	0.358210795454545		1
000029:	0.035260795454545	0.070711931818182	0.237932386363636	0.055744886363636	0.036188068181818	0.084224431818182	0.206947727272727	0.272989772727273		1
000030:	0.077403409090909	0.037692613636364	0.037025568181818	0.049719318181818	0.044030113636364	0.526227272727273	0.104489772727273	0.123411931818182		1
000031:	0.001606818181818	0.144658522727273	0.815615909090909	0.011542613636364	0.000506818181818	0.006815340909091	0.007111363636364	0.012142613636364		1
000032:	0.027073863636364	0.128109090909091	0.569386363636364	0.029017045454545	0.043360795454545	0.065755113636364	0.077392045454545	0.059905681818182		1
000033:	0.031150000000000	0.049144318181818	0.119626704545455	0.060423295454545	0.092954545454545	0.488643750000000	0.057757386363636	0.100300000000000		1
000034:	0.010189772727273	0.022378409090909	0.030272727272727	0.034177840909091	0.010846022727273	0.015394886363636	0.856378977272727	0.020361363636364		1
000035:	0.094565909090909	0.147965340909091	0.270786931818182	0.137350568181818	0.088370454545455	0.063272727272727	0.040285795454545	0.157402272727273		1
000036:	0.013807386363636	0.204121590909091	0.059531250000000	0.028525000000000	0.150315340909091	0.227276136363636	0.085780681818182	0.230642613636364		1
000037:	0.022147159090909	0.060668750000000	0.159234659090909	0.024706818181818	0.018975000000000	0.541206818181818	0.086731818181818	0.086328977272727		1
000038:	0.073713636363636	0.028306818181818	0.081331250000000	0.214706250000000	0.211856250000000	0.114918750000000	0.123576704545455	0.151590340909091		1
000039:	0.062175000000000	0.085532386363636	0.086203977272727	0.083594318181818	0.023781818181818	0.409762500000000	0.138684090909091	0.110265909090909		1
000040:	0.023215909090909	0.011688068181818	0.011692613636364	0.012998863636364	0.011001136363636	0.015544886363636	0.889669886363636	0.024188636363636		1
000041:	0.017400568181818	0.141061931818182	0.158164772727273	0.035319886363636	0.036809659090909	0.297440340909091	0.256106250000000	0.057696590909091		1
000042:	0.168691477272727	0.108598863636364	0.266229545454545	0.049900568181818	0.033298863636364	0.173577840909091	0.111514204545455	0.088188636363636		1
000043:	0.027945454545455	0.044552272727273	0.113969318181818	0.040283522727273	0.022360795454545	0.152579545454545	0.097852272727273	0.500456818181818		1
000044:	0.332123863636364	0.041556818181818	0.075247727272727	0.032310227272727	0.012206818181818	0.389040909090909	0.053342045454545	0.064171590909091		1
000045:	0.019002840909091	0.704119886363636	0.028421022727273	0.023672727272727	0.019475000000000	0.107836363636364	0.045448863636364	0.052023295454545		1
000046:	0.042993181818182	0.286201136363636	0.066045454545455	0.067487500000000	0.156223295454545	0.199594886363636	0.058827840909091	0.122626704545455		1
000047:	0.056195454545455	0.158465909090909	0.114806250000000	0.095229545454545	0.072817045454545	0.100231818181818	0.287092613636364	0.115161363636364		1
000048:	0.004038636363636	0.298757386363636	0.006098295454545	0.612457386363636	0.028038068181818	0.016297159090909	0.022219886363636	0.012093181818182		1
000049:	0.056957386363636	0.019039772727273	0.124547727272727	0.107784659090909	0.028631250000000	0.206620454545455	0.055541477272727	0.400877272727273		1
000050:	0.086905681818182	0.074631818181818	0.076025568181818	0.038930681818182	0.043190909090909	0.211222727272727	0.415390340909091	0.053702272727273		1
000051:	0.010378409090909	0.011275568181818	0.009510795454545	0.042448295454545	0.013032386363636	0.042368181818182	0.850889204545455	0.020097159090909		1
000052:	0.011247159090909	0.009463068181818	0.013838068181818	0.013646022727273	0.009275568181818	0.022026136363636	0.902151704545455	0.018352272727273		1
000053:	0.128233522727273	0.097063636363636	0.099136363636364	0.051071590909091	0.028393181818182	0.355269886363636	0.188514772727273	0.052317045454545		1
000054:	0.203832386363636	0.159045454545455	0.091528409090909	0.093357386363636	0.039720454545455	0.069831818181818	0.094453977272727	0.248230113636364		1
000055:	0.015403409090909	0.019427272727273	0.035591477272727	0.037804545454545	0.015311363636364	0.547938636363636	0.286705681818182	0.041817613636364		1
000056:	0.012168181818182	0.037383522727273	0.025752840909091	0.015667613636364	0.011260795454545	0.770969318181818	0.095507386363636	0.031290340909091		1
000057:	0.014838068181818	0.052130113636364	0.043339204545455	0.029391477272727	0.010123295454545	0.734122159090909	0.084005113636364	0.032050568181818		1
000058:	0.115666477272727	0.025634659090909	0.038251136363636	0.023361931818182	0.017448295454545	0.245345454545455	0.034833522727273	0.499458522727273		1
000059:	0.034163068181818	0.103514204545455	0.180925568181818	0.019961931818182	0.017211931818182	0.540411931818182	0.031938068181818	0.071873295454545		1
000060:	0.013406818181818	0.021898863636364	0.032564772727273	0.026548295454545	0.018324431818182	0.754386931818182	0.074189772727273	0.058680113636364		1
000061:	0.033478409090909	0.038664772727273	0.148500568181818	0.042955113636364	0.021645454545455	0.541390340909091	0.070192045454545	0.103173295454545		1
000062:	0.014736931818182	0.015335795454545	0.014109090909091	0.016044318181818	0.012958522727273	0.058921022727273	0.847664204545455	0.020230113636364		1
000063:	0.010600000000000	0.009763068181818	0.008098295454545	0.027930113636364	0.011450568181818	0.020480113636364	0.888378409090909	0.023299431818182		1
000064:	0.010081250000000	0.007671022727273	0.006996590909091	0.036832386363636	0.018030113636364	0.023240909090909	0.856131818181818	0.041015909090909		1
000065:	0.019527840909091	0.017252272727273	0.031942613636364	0.057619886363636	0.045668181818182	0.710977840909091	0.047881818181818	0.069129545454545		1
000066:	0.017077840909091	0.062419886363636	0.120867613636364	0.055126704545455	0.016062500000000	0.616537500000000	0.079392613636364	0.032515340909091		1
000067:	0.012665340909091	0.014910795454545	0.163514204545455	0.138784659090909	0.015585227272727	0.065192045454545	0.547026136363636	0.042321590909091		1
000068:	0.043964204545455	0.090139772727273	0.121486363636364	0.028517613636364	0.015135795454545	0.536164772727273	0.029847727272727	0.134743750000000		1
000069:	0.013249431818182	0.053021022727273	0.072987500000000	0.020811931818182	0.018515909090909	0.705619886363636	0.046011931818182	0.069782386363636		1
000070:	0.041551136363636	0.084573863636364	0.095900568181818	0.033580681818182	0.055606818181818	0.280505113636364	0.311601136363636	0.096680681818182		1
000071:	0.019447159090909	0.023890340909091	0.578854545454545	0.038452272727273	0.040060227272727	0.215855113636364	0.022731250000000	0.060709090909091		1
000072:	0.011123295454545	0.033964204545455	0.054940909090909	0.031386363636364	0.016893181818182	0.566823295454545	0.165777840909091	0.119090909090909		1
000073:	0.026992613636364	0.021450568181818	0.039110227272727	0.022893750000000	0.011735227272727	0.748223295454545	0.056566477272727	0.073027840909091		1
000074:	0.034846022727273	0.566552840909091	0.020616477272727	0.032504545454545	0.024044886363636	0.095778977272727	0.191409659090909	0.034246590909091		1
000075:	0.080288636363636	0.075609659090909	0.089862500000000	0.019172159090909	0.017396590909091	0.046775000000000	0.098895454545455	0.572000000000000		1
000076:	0.062810227272727	0.097671022727273	0.053727840909091	0.082340909090909	0.417964772727273	0.140889772727273	0.035207954545455	0.109387500000000		1
000077:	0.020390340909091	0.222700000000000	0.046560227272727	0.045392613636364	0.242947727272727	0.197132386363636	0.159408522727273	0.065468181818182		1
000078:	0.014409090909091	0.017778409090909	0.110418750000000	0.070631250000000	0.038932954545455	0.389750000000000	0.129880113636364	0.228199431818182		1
000079:	0.308361363636364	0.015953977272727	0.615856818181818	0.004043750000000	0.019100568181818	0.024368750000000	0.008535795454545	0.003778977272727		1
000080:	0.054732386363636	0.051101136363636	0.419711931818182	0.026875568181818	0.037864772727273	0.136169886363636	0.027955681818182	0.245588636363636		1
000081:	0.009038636363636	0.023190340909091	0.036540909090909	0.038756250000000	0.017800568181818	0.786724431818182	0.024876136363636	0.063072727272727		1
000082:	0.011897727272727	0.015023295454545	0.161821022727273	0.051542045454545	0.013285227272727	0.632731250000000	0.076305681818182	0.037393750000000		1
000083:	0.005437500000000	0.008060227272727	0.007616477272727	0.030872159090909	0.009834090909091	0.864849431818182	0.009467045454545	0.063863068181818		1
000084:	0.018565340909091	0.014288636363636	0.027111363636364	0.016453409090909	0.023557954545455	0.024323295454545	0.859342613636364	0.016357386363636		1
000085:	0.024256250000000	0.233915340909091	0.071493750000000	0.149421022727273	0.055639204545455	0.185557954545455	0.119528409090909	0.160188068181818		1
000086:	0.026814772727273	0.056310795454545	0.121280681818182	0.046832954545455	0.039607386363636	0.136328409090909	0.441426704545455	0.131398295454545		1
000087:	0.021117613636364	0.028497159090909	0.065660795454545	0.042792045454545	0.019457386363636	0.738298295454546	0.038092045454545	0.046084659090909		1
000088:	0.023774431818182	0.450610227272727	0.125390340909091	0.021262500000000	0.021793750000000	0.281678977272727	0.044194318181818	0.031295454545455		1
000089:	0.025456818181818	0.092578977272727	0.224917045454545	0.066706250000000	0.044496590909091	0.443380113636364	0.060094886363636	0.042369318181818		1
000090:	0.035001704545455	0.201821590909091	0.022290909090909	0.015662500000000	0.012228409090909	0.646693181818182	0.050841477272727	0.015460227272727		1
000091:	0.134825000000000	0.223542613636364	0.115156250000000	0.062711363636364	0.156943750000000	0.155710795454545	0.069555113636364	0.081555113636364		1
000092:	0.015639772727273	0.024907954545455	0.038415340909091	0.032967613636364	0.021084659090909	0.744794886363636	0.047828409090909	0.074361363636364		1
000093:	0.069071022727273	0.106954545454545	0.063540909090909	0.083774431818182	0.034350000000000	0.514090909090909	0.087757386363636	0.040460795454545		1
000094:	0.072017045454545	0.105538068181818	0.112048295454545	0.051394886363636	0.027925568181818	0.474001136363636	0.051142613636364	0.105932386363636		1
000095:	0.011336363636364	0.016344318181818	0.020693750000000	0.036159659090909	0.014308522727273	0.733098295454545	0.131557954545455	0.036501136363636		1
000096:	0.032898863636364	0.016303977272727	0.023686363636364	0.027956250000000	0.010077272727273	0.061651136363636	0.801857954545454	0.025568181818182		1
000097:	0.034261931818182	0.080150568181818	0.130430113636364	0.036554545454545	0.015877272727273	0.611357386363636	0.034933522727273	0.056434659090909		1
000098:	0.012202272727273	0.036764204545455	0.034646590909091	0.015284090909091	0.014885795454545	0.637900000000000	0.013914204545455	0.234402840909091		1
000099:	0.023551704545455	0.080276704545455	0.111232386363636	0.047702272727273	0.032146022727273	0.174674431818182	0.349932386363636	0.180484090909091		1
000100:	0.014615909090909	0.020600568181818	0.027793750000000	0.025038636363636	0.017673295454545	0.183960227272727	0.667203977272727	0.043113636363636		1
000101:	0.019794318181818	0.117471022727273	0.450873295454545	0.053119886363636	0.018597159090909	0.149427272727273	0.086872159090909	0.103844886363636		1
000102:	0.021012500000000	0.243085795454545	0.103491477272727	0.047348295454545	0.023322727272727	0.257282386363636	0.274611931818182	0.029844886363636		1
000103:	0.131294318181818	0.045539772727273	0.185280681818182	0.047086931818182	0.075313636363636	0.326005681818182	0.048275568181818	0.141203409090909		1
000104:	0.019636363636364	0.019963068181818	0.024265909090909	0.017247159090909	0.013632386363636	0.261442045454545	0.463544886363636	0.180268181818182		1
000105:	0.028403977272727	0.217511363636364	0.075739204545455	0.026832954545455	0.018015340909091	0.499865340909091	0.103329545454545	0.030302272727273		1
000106:	0.041573295454545	0.205805681818182	0.193044886363636	0.039298863636364	0.055451704545455	0.201921590909091	0.049618750000000	0.213285227272727		1
000107:	0.022654545454545	0.059470454545455	0.122252840909091	0.048431250000000	0.036281818181818	0.226685795454545	0.329761363636364	0.154461931818182		1
000108:	0.019123295454545	0.029279545454545	0.025887500000000	0.019540340909091	0.024008522727273	0.056080681818182	0.768422727272727	0.057657386363636		1
000109:	0.027259090909091	0.084697727272727	0.148205681818182	0.040556818181818	0.045347159090909	0.460325000000000	0.065081818181818	0.128526704545455		1
000110:	0.580435227272727	0.117306250000000	0.026153977272727	0.041255681818182	0.063889772727273	0.027501136363636	0.118495454545455	0.024962500000000		1
000111:	0.027592045454545	0.042403977272727	0.075951136363636	0.081498295454545	0.035371022727273	0.163123863636364	0.267551704545455	0.306507954545455		1
000112:	0.048217613636364	0.173307386363636	0.444515909090909	0.027390340909091	0.038574431818182	0.039701704545455	0.152291477272727	0.076001136363636		1
000113:	0.017101136363636	0.065932954545455	0.116484090909091	0.101268750000000	0.029549431818182	0.455625568181818	0.127669886363636	0.086368181818182		1
000114:	0.033521590909091	0.047108522727273	0.068449431818182	0.092832954545455	0.235670454545455	0.436313636363636	0.040129545454545	0.045973863636364		1
000115:	0.045881250000000	0.066225000000000	0.076246022727273	0.043005113636364	0.022153977272727	0.545119886363636	0.054759659090909	0.146609090909091		1
000116:	0.025836931818182	0.024289204545455	0.018129545454545	0.028298295454545	0.036681250000000	0.529688636363636	0.286252840909091	0.050823295454545		1
000117:	0.021886931818182	0.119740340909091	0.331693181818182	0.079826136363636	0.023463636363636	0.320552272727273	0.055985795454545	0.046851704545455		1
000118:	0.013463068181818	0.025628977272727	0.038732954545455	0.079992045454545	0.051363068181818	0.299668750000000	0.299087500000000	0.192063636363636		1
000119:	0.046237500000000	0.075717613636364	0.206581250000000	0.023823295454545	0.026615340909091	0.422209659090909	0.110552840909091	0.088262500000000		1
000120:	0.014613068181818	0.070572727272727	0.066919318181818	0.043781250000000	0.021428977272727	0.338987500000000	0.141613636363636	0.302083522727273		1
000121:	0.032059659090909	0.110886363636364	0.023040340909091	0.022483522727273	0.047845454545455	0.219690909090909	0.061356818181818	0.482636931818182		1
000122:	0.008037500000000	0.048601136363636	0.017481250000000	0.014464772727273	0.005619318181818	0.823560795454545	0.057280681818182	0.024954545454545		1
000123:	0.031009090909091	0.014275000000000	0.021711931818182	0.014780681818182	0.021714772727273	0.796151704545455	0.030803409090909	0.069553409090909		1
000124:	0.052399431818182	0.176579545454545	0.311286363636364	0.189269886363636	0.039700000000000	0.091744886363636	0.039212500000000	0.099807386363636		1
000125:	0.016576136363636	0.016786931818182	0.042552272727273	0.226636363636364	0.042526704545455	0.042400568181818	0.061593750000000	0.550927272727273		1
000126:	0.012193750000000	0.010831818181818	0.021633522727273	0.019617613636364	0.838361931818182	0.031665340909091	0.024743181818182	0.040952840909091		1
000127:	0.045932954545455	0.079791477272727	0.064580681818182	0.050968750000000	0.039272727272727	0.320347727272727	0.191932386363636	0.207173295454545		1
000128:	0.041972159090909	0.027216477272727	0.067523863636364	0.067144886363636	0.034066477272727	0.382081818181818	0.092740909090909	0.287253409090909		1
000129:	0.033439204545455	0.242293750000000	0.055169886363636	0.017555681818182	0.019412500000000	0.587427840909091	0.019194886363636	0.025506250000000		1
000130:	0.077759659090909	0.025119886363636	0.075053409090909	0.052593181818182	0.024826704545455	0.388068181818182	0.097307954545455	0.259271022727273		1
000131:	0.019517613636364	0.054780681818182	0.077966477272727	0.019060795454545	0.022063636363636	0.688239772727273	0.050515340909091	0.067855681818182		1
000132:	0.018725000000000	0.020401136363636	0.052932386363636	0.038115340909091	0.011453409090909	0.129264204545455	0.698724431818182	0.030384090909091		1
000133:	0.157690909090909	0.043146590909091	0.225359659090909	0.086509090909091	0.191543750000000	0.113510795454545	0.090084659090909	0.092154545454545		1
000134:	0.183403977272727	0.099782386363636	0.107140340909091	0.164767045454545	0.058165340909091	0.188740340909091	0.110562500000000	0.087438068181818		1
000135:	0.097230681818182	0.406986363636364	0.073389772727273	0.057568750000000	0.019340340909091	0.252315909090909	0.029025000000000	0.064143181818182		1
000136:	0.032634090909091	0.032925568181818	0.049875568181818	0.050939204545455	0.044689204545455	0.661475000000000	0.081119318181818	0.046342045454545		1
000137:	0.085050568181818	0.238986363636364	0.065393750000000	0.034940340909091	0.040523295454545	0.410132954545455	0.075530113636364	0.049442613636364		1
000138:	0.041335227272727	0.054256250000000	0.079345454545455	0.136234090909091	0.047393750000000	0.454119318181818	0.058969318181818	0.128346590909091		1
000139:	0.057977272727273	0.036557386363636	0.256525000000000	0.068706818181818	0.048932386363636	0.226327840909091	0.184536363636364	0.120436931818182		1
000140:	0.400355681818182	0.061586363636364	0.030247159090909	0.022636363636364	0.074722727272727	0.351324431818182	0.038409090909091	0.020718181818182		1
000141:	0.044417613636364	0.049350568181818	0.031318181818182	0.068101704545455	0.066840909090909	0.057211931818182	0.616514772727273	0.066244318181818		1
000142:	0.013598863636364	0.173246590909091	0.063509090909091	0.032822159090909	0.022173863636364	0.577795454545455	0.072536931818182	0.044317045454545		1
000143:	0.035222727272727	0.038911931818182	0.505882954545455	0.046922727272727	0.048159090909091	0.129117613636364	0.057425568181818	0.138357386363636		1
000144:	0.018439772727273	0.070615909090909	0.105294318181818	0.084153977272727	0.028733522727273	0.191261931818182	0.189707954545455	0.311792613636364		1
000145:	0.044063068181818	0.021234659090909	0.018111363636364	0.022898863636364	0.017010227272727	0.024781250000000	0.809458522727273	0.042442045454545		1
000146:	0.024468181818182	0.047098295454545	0.022297727272727	0.015877272727273	0.017015340909091	0.759151704545455	0.090660795454545	0.023430681818182		1
000147:	0.013156250000000	0.025353977272727	0.017034659090909	0.214243750000000	0.008188068181818	0.647176136363636	0.032944318181818	0.041902840909091		1
000148:	0.064717613636364	0.027645454545455	0.027362500000000	0.028846022727273	0.016549431818182	0.526554545454545	0.037098295454545	0.271226136363636		1
000149:	0.027093750000000	0.083129545454545	0.050103977272727	0.218769886363636	0.027496590909091	0.262088068181818	0.167452840909091	0.163865340909091		1
000150:	0.067652840909091	0.126325568181818	0.500581818181818	0.034432386363636	0.025064204545455	0.136088068181818	0.055627272727273	0.054227840909091		1
000151:	0.030221022727273	0.041349431818182	0.086406250000000	0.127390340909091	0.052726704545455	0.088437500000000	0.219547159090909	0.353921590909091		1
000152:	0.096686363636364	0.032331818181818	0.057772727272727	0.060955681818182	0.056096022727273	0.142042045454545	0.166193181818182	0.387922159090909		1
000153:	0.028565340909091	0.219626136363636	0.243376704545455	0.036278409090909	0.032515909090909	0.244584090909091	0.079300000000000	0.115753409090909		1
000154:	0.013313636363636	0.014236931818182	0.023548863636364	0.047930113636364	0.011753977272727	0.285355681818182	0.555382954545454	0.048477840909091		1
000155:	0.034155681818182	0.022446590909091	0.118023295454545	0.040551136363636	0.017856818181818	0.307654545454545	0.427492045454545	0.031819886363636		1
000156:	0.024452272727273	0.081092613636364	0.240037500000000	0.042981250000000	0.029647727272727	0.109014204545455	0.307896022727273	0.164878409090909		1
000157:	0.010459090909091	0.011697159090909	0.039965909090909	0.018677272727273	0.019539204545455	0.022525568181818	0.851201136363636	0.025934659090909		1
000158:	0.047492045454545	0.081732386363636	0.203431250000000	0.164991477272727	0.122843181818182	0.069353977272727	0.181843750000000	0.128311931818182		1
000159:	0.055551136363636	0.094188636363636	0.121390340909091	0.101380681818182	0.056754545454545	0.039077840909091	0.471475568181818	0.060181250000000		1
000160:	0.027810795454545	0.017465909090909	0.045826704545455	0.857464772727273	0.015377840909091	0.010965909090909	0.015472159090909	0.009615909090909		1
000161:	0.024144318181818	0.033863068181818	0.037568750000000	0.752813636363636	0.014942045454545	0.026703409090909	0.068817613636364	0.041147159090909		1
000162:	0.026683522727273	0.519972159090909	0.046826704545455	0.207566477272727	0.074322159090909	0.049596590909091	0.036406250000000	0.038626136363636		1
000163:	0.002055113636364	0.358327840909091	0.017161931818182	0.002631818181818	0.463667045454545	0.005176704545455	0.140632386363636	0.010347159090909		1
000164:	0.011654545454545	0.021514772727273	0.014014772727273	0.022765340909091	0.018206818181818	0.028973863636364	0.866143750000000	0.016726136363636		1
000165:	0.029477272727273	0.070792045454545	0.051912500000000	0.190959659090909	0.043726704545455	0.278319886363636	0.133282954545455	0.201528977272727		1
000166:	0.000731818181818	0.005123863636364	0.003149431818182	0.007447727272727	0.002997727272727	0.878646590909091	0.036734659090909	0.065168181818182		1
000167:	0.034040340909091	0.032126136363636	0.057804545454545	0.068317613636364	0.035058522727273	0.389600568181818	0.086922159090909	0.296130113636364		1
000168:	0.038481250000000	0.045489772727273	0.044869318181818	0.044264204545455	0.041639772727273	0.376082954545455	0.285830681818182	0.123342045454545		1
000169:	0.022169318181818	0.068513068181818	0.278733522727273	0.029556250000000	0.016589204545455	0.111451136363636	0.030607954545455	0.442379545454545		1
000170:	0.016588068181818	0.012017613636364	0.026147727272727	0.028606250000000	0.011034659090909	0.613188636363636	0.058194318181818	0.234222727272727		1
000171:	0.022299431818182	0.036517045454545	0.018390340909091	0.032681818181818	0.022639772727273	0.077160227272727	0.733467045454545	0.056844318181818		1
000172:	0.022409090909091	0.042444886363636	0.083501136363636	0.029144886363636	0.073688636363636	0.666552840909091	0.042766477272727	0.039492045454545		1
000173:	0.009906250000000	0.033264772727273	0.073458522727273	0.018063636363636	0.014619318181818	0.746992613636364	0.042423295454545	0.061271590909091		1
000174:	0.022169318181818	0.030422159090909	0.015387500000000	0.014901136363636	0.008051136363636	0.855135795454545	0.035615340909091	0.018317613636364		1
000175:	0.011709090909091	0.101392045454545	0.013206250000000	0.013000000000000	0.320668181818182	0.023989772727273	0.508594886363636	0.007439772727273		1
000176:	0.028955681818182	0.050825568181818	0.242273295454545	0.077171590909091	0.107248295454545	0.252834090909091	0.093076704545455	0.147614772727273		1
000177:	0.029784659090909	0.048445454545455	0.070309090909091	0.020549431818182	0.019184090909091	0.693384659090909	0.076491477272727	0.041851136363636		1
000178:	0.034001136363636	0.059681818181818	0.044160227272727	0.028648863636364	0.020925000000000	0.618397159090909	0.140497159090909	0.053688636363636		1
000179:	0.016070454545455	0.016145454545455	0.023998863636364	0.016390909090909	0.011809659090909	0.018278409090909	0.865808522727273	0.031497727272727		1
000180:	0.018984659090909	0.046011363636364	0.024305681818182	0.030368181818182	0.012607954545455	0.027468750000000	0.818856818181818	0.021396590909091		1
000181:	0.011446022727273	0.008205681818182	0.017654545454545	0.018032954545455	0.012643750000000	0.015126136363636	0.900044886363636	0.016846022727273		1
000182:	0.060289772727273	0.197598863636364	0.079652272727273	0.074374431818182	0.082675568181818	0.127109090909091	0.248819886363636	0.129480113636364		1
000183:	0.028833522727273	0.013425000000000	0.016286363636364	0.031405681818182	0.013130681818182	0.037747159090909	0.836266477272727	0.022905113636364		1
000184:	0.076423863636364	0.045670454545455	0.045413636363636	0.121261363636364	0.029231818181818	0.321323863636364	0.195056818181818	0.165618181818182		1
000185:	0.136918181818182	0.237726704545455	0.087310227272727	0.077425568181818	0.097526704545455	0.178050000000000	0.116989204545455	0.068053409090909		1
000186:	0.041911363636364	0.017182954545455	0.034150000000000	0.025453977272727	0.042656818181818	0.027402272727273	0.779042045454545	0.032200568181818		1
000187:	0.024996022727273	0.022675568181818	0.025279545454545	0.023291477272727	0.015138636363636	0.032727272727273	0.833083522727273	0.022807954545455		1
000188:	0.074063068181818	0.028256818181818	0.053601704545455	0.045428409090909	0.223056250000000	0.025975000000000	0.265448863636364	0.284169886363636		1
000189:	0.010586363636364	0.010139772727273	0.021723863636364	0.019543181818182	0.005958522727273	0.849897727272727	0.040969318181818	0.041181250000000		1
000190:	0.025169318181818	0.018586931818182	0.126109659090909	0.045031818181818	0.014077840909091	0.643373863636364	0.027155681818182	0.100494886363636		1
000191:	0.009940909090909	0.049667613636364	0.038113636363636	0.012697727272727	0.008053977272727	0.772615909090909	0.034747727272727	0.074162500000000		1
000192:	0.026963636363636	0.138541477272727	0.324304545454545	0.107100568181818	0.072577272727273	0.113427272727273	0.099701136363636	0.117384090909091		1
000193:	0.023392045454545	0.173038636363636	0.096302840909091	0.112814772727273	0.021735227272727	0.387958522727273	0.099529545454545	0.085228409090909		1
000194:	0.058460795454545	0.047805681818182	0.041787500000000	0.093777272727273	0.014475000000000	0.567310227272727	0.079814204545455	0.096569318181818		1
000195:	0.004709090909091	0.011280113636364	0.172044318181818	0.011557386363636	0.008945454545455	0.759169318181818	0.016207386363636	0.016086931818182		1
000196:	0.023089772727273	0.027177840909091	0.100247159090909	0.137766477272727	0.096828977272727	0.054609659090909	0.237482386363636	0.322797727272727		1
000197:	0.016786931818182	0.051872727272727	0.208930681818182	0.061864772727273	0.023901704545455	0.263306250000000	0.307984090909091	0.065352840909091		1
000198:	0.040003409090909	0.296267613636364	0.073696022727273	0.215148295454545	0.023817045454545	0.180882386363636	0.125444886363636	0.044740340909091		1
000199:	0.023905681818182	0.057965340909091	0.030146590909091	0.259864204545455	0.023719886363636	0.167421022727273	0.097436931818182	0.339540340909091		1
000200:	0.035260795454545	0.001909659090909	0.108612500000000	0.836155681818182	0.009806250000000	0.002528977272727	0.004120454545455	0.001605681818182		1
000201:	0.002240909090909	0.011950000000000	0.014623295454545	0.073547159090909	0.332411363636364	0.014598863636364	0.546427272727273	0.004201136363636		1
000202:	0.043573295454545	0.044272727272727	0.031020454545455	0.033473863636364	0.022848863636364	0.578732954545455	0.153376704545455	0.092701136363636		1
000203:	0.073388636363636	0.022555113636364	0.047469318181818	0.127056250000000	0.056779545454545	0.253214204545455	0.073504545454545	0.346032386363636		1
000204:	0.039877840909091	0.017500000000000	0.029732954545455	0.126971590909091	0.084046590909091	0.281446022727273	0.184678409090909	0.235746590909091		1
000205:	0.040840909090909	0.025151704545455	0.018639204545455	0.031792045454545	0.016363068181818	0.563765340909091	0.270239772727273	0.033207954545455		1
000206:	0.239994318181818	0.027688636363636	0.024057386363636	0.069086931818182	0.027721022727273	0.082564204545455	0.068447727272727	0.460439772727273		1
000207:	0.025584090909091	0.088360227272727	0.432886363636364	0.133682386363636	0.055552840909091	0.101841477272727	0.041666477272727	0.120426136363636		1
000208:	0.031485227272727	0.042960227272727	0.080822727272727	0.070088068181818	0.036915909090909	0.176823863636364	0.296988636363636	0.263915340909091		1
000209:	0.022211363636364	0.023400000000000	0.061926704545455	0.015581818181818	0.023631250000000	0.074417045454545	0.665455113636364	0.113376704545455		1
000210:	0.034769318181818	0.046460227272727	0.305570454545455	0.066667613636364	0.016235795454545	0.109006250000000	0.280250000000000	0.141040340909091		1
000211:	0.028158522727273	0.040322159090909	0.031194886363636	0.044873295454545	0.037895454545455	0.366907954545455	0.194101704545455	0.256546022727273		1
000212:	0.006359659090909	0.008028409090909	0.013175568181818	0.034044886363636	0.495814772727273	0.035848863636364	0.366318181818182	0.040409659090909		1
000213:	0.034758522727273	0.016029545454545	0.021664204545455	0.070396022727273	0.028171590909091	0.298459659090909	0.465204545454545	0.065315909090909		1
000214:	0.021751136363636	0.028627840909091	0.037093750000000	0.071543181818182	0.040580681818182	0.062617045454545	0.074847159090909	0.662939204545455		1
000215:	0.072150568181818	0.068194886363636	0.178525000000000	0.035096590909091	0.171299431818182	0.117063636363636	0.066330681818182	0.291339204545455		1
000216:	0.019173295454545	0.036076136363636	0.091189204545455	0.241385795454545	0.031771022727273	0.047684090909091	0.471605681818182	0.061114772727273		1
000217:	0.084796022727273	0.048382386363636	0.037365909090909	0.317372159090909	0.055875568181818	0.099388636363636	0.278013636363636	0.078805681818182		1
000218:	0.013558522727273	0.026721022727273	0.156740909090909	0.072633522727273	0.024300000000000	0.073177840909091	0.323969318181818	0.308898863636364		1
000219:	0.014738636363636	0.010513636363636	0.015827272727273	0.718164204545455	0.024526704545455	0.107868750000000	0.067826136363636	0.040534659090909		1
000220:	0.016993181818182	0.023993181818182	0.048542045454545	0.123667613636364	0.029750568181818	0.066852840909091	0.567336931818182	0.122863636363636		1
000221:	0.157223863636364	0.011072727272727	0.013073295454545	0.033459090909091	0.031605681818182	0.032353977272727	0.251809090909091	0.469402272727273		1
000222:	0.007682386363636	0.009612500000000	0.028269886363636	0.023169318181818	0.013690909090909	0.023597727272727	0.881153409090909	0.012823863636364		1
000223:	0.044963068181818	0.157701704545455	0.084404545454545	0.073248295454545	0.050504545454545	0.142920454545455	0.310523295454545	0.135734090909091		1
000224:	0.044455113636364	0.073713068181818	0.100583522727273	0.018567045454545	0.021340340909091	0.668872159090909	0.052321022727273	0.020147727272727		1
000225:	0.019372727272727	0.038088636363636	0.022520454545455	0.013373295454545	0.014315909090909	0.852460795454545	0.024907954545455	0.014960227272727		1
000226:	0.023738068181818	0.030850000000000	0.311698863636364	0.034519886363636	0.059941477272727	0.351905681818182	0.133646022727273	0.053700000000000		1
000227:	0.064487500000000	0.051681818181818	0.408446590909091	0.020867045454545	0.047314204545455	0.243320454545455	0.134128977272727	0.029753409090909		1
000228:	0.340980113636364	0.286705113636364	0.022492613636364	0.128406250000000	0.110031250000000	0.034178409090909	0.038236363636364	0.038969886363636		1
000229:	0.062077840909091	0.026359090909091	0.029707386363636	0.029200568181818	0.021851704545455	0.732763636363636	0.033547159090909	0.064492613636364		1
000230:	0.026411931818182	0.037968750000000	0.030589204545455	0.446366477272727	0.196812500000000	0.067429545454545	0.092776704545455	0.101644886363636		1
000231:	0.001499431818182	0.006594318181818	0.003691477272727	0.002318181818182	0.001974431818182	0.728367613636364	0.252800568181818	0.002753977272727		1
000232:	0.079544886363636	0.027722159090909	0.025939204545455	0.050878409090909	0.155245454545455	0.078902840909091	0.336970454545455	0.244796590909091		1
000233:	0.021413068181818	0.045702840909091	0.195219886363636	0.064298863636364	0.015552840909091	0.598785227272727	0.019376704545455	0.039650568181818		1
000234:	0.186344886363636	0.192872727272727	0.091748295454545	0.031149431818182	0.045743181818182	0.365876704545455	0.029335227272727	0.056929545454545		1
000235:	0.275276704545455	0.467375000000000	0.023720454545455	0.018763636363636	0.014477840909091	0.107691477272727	0.069006818181818	0.023688068181818		1
000236:	0.089854545454545	0.063868750000000	0.088861931818182	0.187723295454545	0.172666477272727	0.085460227272727	0.260220454545455	0.051344318181818		1
000237:	0.244984659090909	0.050947159090909	0.137076704545455	0.028994886363636	0.021025000000000	0.411473863636364	0.048244318181818	0.057253409090909		1
000238:	0.012089772727273	0.018981250000000	0.025088068181818	0.031497727272727	0.032083522727273	0.082621022727273	0.725054545454546	0.072584090909091		1
000239:	0.272559090909091	0.063446022727273	0.112578977272727	0.035842045454545	0.092653977272727	0.221511931818182	0.090799431818182	0.110608522727273		1
000240:	0.017294886363636	0.031606250000000	0.043875000000000	0.032989772727273	0.625538636363636	0.041246022727273	0.029025568181818	0.178423863636364		1
000241:	0.003260795454545	0.063615340909091	0.079770454545455	0.004645454545455	0.004639204545455	0.811752272727273	0.028343181818182	0.003973295454545		1
000242:	0.038593750000000	0.115561931818182	0.664314204545455	0.035706250000000	0.021278409090909	0.040487500000000	0.035558522727273	0.048499431818182		1
000243:	0.000298863636364	0.000130681818182	0.000089772727273	0.000114204545455	0.000178409090909	0.000138636363636	0.998894318181818	0.000155113636364		1
000244:	0.046435227272727	0.039131250000000	0.098493750000000	0.073146590909091	0.115233522727273	0.139389772727273	0.106346590909091	0.381823295454545		1
000245:	0.001997727272727	0.003673863636364	0.003679545454545	0.405356818181818	0.003056250000000	0.557031818181818	0.021584659090909	0.003619318181818		1
000246:	0.062977272727273	0.274462500000000	0.085715340909091	0.024297159090909	0.050569886363636	0.301928977272727	0.067559090909091	0.132489772727273		1
000247:	0.085780681818182	0.051709090909091	0.437228977272727	0.044118181818182	0.071418181818182	0.055410795454545	0.095605681818182	0.158728409090909		1
000248:	0.039222727272727	0.018375568181818	0.049567613636364	0.051140909090909	0.089015340909091	0.291363068181818	0.037289204545455	0.424025568181818		1
000249:	0.236697159090909	0.113267613636364	0.082545454545455	0.043986931818182	0.234751136363636	0.096924431818182	0.039190340909091	0.152636931818182		1
000250:	0.099825568181818	0.066210795454545	0.145256818181818	0.022675000000000	0.016182954545455	0.552193181818182	0.043670454545455	0.053985227272727		1
000251:	0.073755113636364	0.112896022727273	0.202747727272727	0.051777840909091	0.108940909090909	0.267463636363636	0.067963636363636	0.114455113636364		1
000252:	0.136077840909091	0.032336931818182	0.059903977272727	0.125698295454545	0.279175000000000	0.047063068181818	0.172268750000000	0.147476136363636		1
000253:	0.157413636363636	0.001416477272727	0.807757386363636	0.024869318181818	0.001269886363636	0.002137500000000	0.003726136363636	0.001409659090909		1
000254:	0.464879545454545	0.028705113636364	0.035059090909091	0.112274431818182	0.126991477272727	0.124285795454545	0.061597159090909	0.046207386363636		1
000255:	0.457594886363636	0.022390340909091	0.020908522727273	0.033009659090909	0.055832386363636	0.317810227272727	0.030415909090909	0.062038068181818		1
