Estimated Clustering Probabilities for Samples
Sample	***Cluster  01***	***Cluster  02***	***Cluster  03***	***Cluster  04***	***Cluster  05***	
000001:	0.553597727272727	0.183010795454545	0.073719886363636	0.013478977272727	0.176192613636364		1
000002:	0.854976136363636	0.045130681818182	0.057642045454545	0.006860227272727	0.035390909090909		1
000003:	0.824949431818182	0.069260227272727	0.046355113636364	0.009556250000000	0.049878977272727		1
000004:	0.687306818181818	0.067714204545455	0.204838068181818	0.008191477272727	0.031949431818182		1
000005:	0.889003409090909	0.018838636363636	0.033588636363636	0.005461363636364	0.053107954545455		1
000006:	0.456796022727273	0.048975568181818	0.402686931818182	0.020072727272727	0.071468750000000		1
000007:	0.870060795454545	0.061981818181818	0.027682386363636	0.010896590909091	0.029378409090909		1
000008:	0.874314204545454	0.045132386363636	0.043139772727273	0.008454545454545	0.028959090909091		1
000009:	0.847940340909091	0.027552840909091	0.062635795454545	0.012658522727273	0.049212500000000		1
000010:	0.808356818181818	0.036388636363636	0.064495454545455	0.011034659090909	0.079724431818182		1
000011:	0.374857954545455	0.135378409090909	0.233152272727273	0.096750000000000	0.159861363636364		1
000012:	0.109160227272727	0.035485795454545	0.148785795454545	0.138680681818182	0.567887500000000		1
000013:	0.075551704545455	0.031021590909091	0.199364772727273	0.373655681818182	0.320406250000000		1
000014:	0.040228409090909	0.016643181818182	0.875924431818182	0.029085795454545	0.038118181818182		1
000015:	0.612251704545455	0.026824431818182	0.165896022727273	0.049884090909091	0.145143750000000		1
000016:	0.062519886363636	0.016388636363636	0.862086363636364	0.021114204545455	0.037890909090909		1
000017:	0.197117613636364	0.067197159090909	0.125672727272727	0.033667045454545	0.576345454545454		1
000018:	0.074430113636364	0.017301136363636	0.087744886363636	0.202875568181818	0.617648295454545		1
000019:	0.451976704545455	0.039060795454545	0.077059090909091	0.168561363636364	0.263342045454545		1
000020:	0.084886363636364	0.020907386363636	0.473808522727273	0.021142613636364	0.399255113636364		1
000021:	0.046838636363636	0.097918181818182	0.032859090909091	0.047914204545455	0.774469886363636		1
000022:	0.389923863636364	0.009405113636364	0.269175568181818	0.043771022727273	0.287724431818182		1
000023:	0.161025568181818	0.115222159090909	0.073305113636364	0.289343181818182	0.361103977272727		1
000024:	0.033262500000000	0.013438068181818	0.842983522727273	0.043186363636364	0.067129545454545		1
000025:	0.116349431818182	0.027696022727273	0.184822159090909	0.429434659090909	0.241697727272727		1
000026:	0.146258522727273	0.033298863636364	0.053739204545455	0.108465340909091	0.658238068181818		1
000027:	0.087516477272727	0.021407386363636	0.034882386363636	0.181361931818182	0.674831818181818		1
000028:	0.279038068181818	0.183297159090909	0.091262500000000	0.044997727272727	0.401404545454545		1
000029:	0.111875568181818	0.039260227272727	0.205060795454545	0.057505681818182	0.586297727272727		1
000030:	0.268969318181818	0.059884090909091	0.162801704545455	0.355736363636364	0.152608522727273		1
000031:	0.039373863636364	0.022444318181818	0.056365909090909	0.254198295454545	0.627617613636364		1
000032:	0.060926704545455	0.039337500000000	0.066030113636364	0.037859659090909	0.795846022727273		1
000033:	0.167284090909091	0.082158522727273	0.071185795454545	0.057946022727273	0.621425568181818		1
000034:	0.028244886363636	0.012538636363636	0.872287500000000	0.024763636363636	0.062165340909091		1
000035:	0.082575000000000	0.084153409090909	0.043046022727273	0.217661363636364	0.572564204545455		1
000036:	0.144171022727273	0.060137500000000	0.172295454545455	0.049734090909091	0.573661931818182		1
000037:	0.078994886363636	0.022373295454545	0.125512500000000	0.064506250000000	0.708613068181818		1
000038:	0.104979545454545	0.356977272727273	0.145750000000000	0.274192613636364	0.118100568181818		1
000039:	0.073911363636364	0.021965909090909	0.115559090909091	0.367853977272727	0.420709659090909		1
000040:	0.030372159090909	0.015338068181818	0.858763636363636	0.049397159090909	0.046128977272727		1
000041:	0.102447159090909	0.038002840909091	0.211251136363636	0.061281818181818	0.587017045454545		1
000042:	0.067080681818182	0.035414772727273	0.136802272727273	0.233195454545455	0.527506818181818		1
000043:	0.455225000000000	0.065367045454545	0.121336931818182	0.048897159090909	0.309173863636364		1
000044:	0.240555113636364	0.038856250000000	0.134618181818182	0.077756818181818	0.508213636363636		1
000045:	0.068959090909091	0.019855681818182	0.036344886363636	0.138953409090909	0.735886931818182		1
000046:	0.124146590909091	0.178669886363636	0.062401704545455	0.236494318181818	0.398287500000000		1
000047:	0.291931818181818	0.092703409090909	0.151094318181818	0.134482954545455	0.329787500000000		1
000048:	0.794738068181818	0.046872727272727	0.059976136363636	0.036292045454545	0.062121022727273		1
000049:	0.636259090909091	0.037230681818182	0.080280681818182	0.055135227272727	0.191094318181818		1
000050:	0.203989772727273	0.047880681818182	0.355827272727273	0.072761363636364	0.319540909090909		1
000051:	0.099017613636364	0.020629545454545	0.847590909090909	0.008555113636364	0.024206818181818		1
000052:	0.056138068181818	0.010502272727273	0.895006250000000	0.011457386363636	0.026896022727273		1
000053:	0.254231818181818	0.040052840909091	0.132148863636364	0.105219886363636	0.468346590909091		1
000054:	0.144957954545455	0.063573295454545	0.100951704545455	0.455162500000000	0.235354545454545		1
000055:	0.663674431818182	0.030976704545455	0.174997159090909	0.026634090909091	0.103717613636364		1
000056:	0.441181250000000	0.048488068181818	0.124671022727273	0.058844318181818	0.326815340909091		1
000057:	0.262873863636364	0.064709090909091	0.132963636363636	0.051155113636364	0.488298295454545		1
000058:	0.425285227272727	0.046980113636364	0.023796590909091	0.276119886363636	0.227818181818182		1
000059:	0.190981250000000	0.040013068181818	0.029454545454545	0.086803977272727	0.652747159090909		1
000060:	0.565007386363636	0.043603409090909	0.100610795454545	0.032204545454545	0.258573863636364		1
000061:	0.536280681818182	0.036264772727273	0.076682386363636	0.040823295454545	0.309948863636364		1
000062:	0.133127272727273	0.018935795454545	0.760919318181818	0.050451704545455	0.036565909090909		1
000063:	0.200327272727273	0.025749431818182	0.718116477272727	0.022377272727273	0.033429545454545		1
000064:	0.222415909090909	0.095288068181818	0.633362500000000	0.015750000000000	0.033183522727273		1
000065:	0.751985227272727	0.041415340909091	0.072265340909091	0.029358522727273	0.104975568181818		1
000066:	0.263260227272727	0.034357386363636	0.096178409090909	0.035356818181818	0.570847159090909		1
000067:	0.266419886363636	0.040937500000000	0.621346590909091	0.016190340909091	0.055105681818182		1
000068:	0.262293181818182	0.030071022727273	0.034780113636364	0.081172159090909	0.591683522727273		1
000069:	0.202497159090909	0.034286931818182	0.092530681818182	0.026172727272727	0.644512500000000		1
000070:	0.216985795454545	0.073096590909091	0.459767045454545	0.049517045454545	0.200633522727273		1
000071:	0.130489772727273	0.057609659090909	0.029242045454545	0.054227840909091	0.728430681818182		1
000072:	0.620977272727273	0.062575000000000	0.116546590909091	0.036950000000000	0.162951136363636		1
000073:	0.720642613636364	0.034181818181818	0.058307386363636	0.047641477272727	0.139226704545455		1
000074:	0.143452272727273	0.031385795454545	0.199942045454545	0.257006818181818	0.368213068181818		1
000075:	0.314851136363636	0.056457954545455	0.075968750000000	0.151677272727273	0.401044886363636		1
000076:	0.160027272727273	0.395842613636364	0.034750568181818	0.163901136363636	0.245478409090909		1
000077:	0.255494318181818	0.272926136363636	0.081985227272727	0.184269886363636	0.205324431818182		1
000078:	0.658782386363636	0.058848295454545	0.097292613636364	0.027608522727273	0.157468181818182		1
000079:	0.199308522727273	0.094669886363636	0.070828409090909	0.222890340909091	0.412302840909091		1
000080:	0.150222159090909	0.067875000000000	0.030870454545455	0.345944318181818	0.405088068181818		1
000081:	0.697312500000000	0.035771590909091	0.042219318181818	0.027076136363636	0.197620454545455		1
000082:	0.668168750000000	0.043659090909091	0.074373295454545	0.034272727272727	0.179526136363636		1
000083:	0.549573295454545	0.041959090909091	0.024092613636364	0.056194886363636	0.328180113636364		1
000084:	0.025132386363636	0.019948295454545	0.907735227272727	0.024452272727273	0.022731818181818		1
000085:	0.226413068181818	0.070324431818182	0.112722159090909	0.048106250000000	0.542434090909091		1
000086:	0.205771590909091	0.064603977272727	0.460373863636364	0.075186931818182	0.194063636363636		1
000087:	0.263976136363636	0.023193181818182	0.060771590909091	0.041338068181818	0.610721022727273		1
000088:	0.087971590909091	0.025086363636364	0.024713068181818	0.043742045454545	0.818486931818182		1
000089:	0.079521022727273	0.075874431818182	0.071801136363636	0.066450568181818	0.706352840909091		1
000090:	0.127134090909091	0.032200000000000	0.116535227272727	0.253922727272727	0.470207954545455		1
000091:	0.097645454545455	0.205080113636364	0.047765909090909	0.446288636363636	0.203219886363636		1
000092:	0.454543750000000	0.050528409090909	0.065875000000000	0.091577840909091	0.337475000000000		1
000093:	0.361659659090909	0.099348863636364	0.059255681818182	0.146545454545455	0.333190340909091		1
000094:	0.270242613636364	0.070943181818182	0.055300000000000	0.165714204545455	0.437800000000000		1
000095:	0.704463636363636	0.042318750000000	0.101984659090909	0.045747727272727	0.105485227272727		1
000096:	0.107062500000000	0.012485227272727	0.825377840909091	0.017446022727273	0.037628409090909		1
000097:	0.134746022727273	0.021446022727273	0.036278977272727	0.058203977272727	0.749325000000000		1
000098:	0.431883522727273	0.024305113636364	0.018799431818182	0.053141477272727	0.471870454545455		1
000099:	0.201324431818182	0.036840909090909	0.378809090909091	0.060874431818182	0.322151136363636		1
000100:	0.335391477272727	0.021632386363636	0.516837500000000	0.040538636363636	0.085600000000000		1
000101:	0.117931818181818	0.019895454545455	0.067249431818182	0.016231250000000	0.778692045454545		1
000102:	0.123760795454545	0.014788636363636	0.371754545454545	0.040153409090909	0.449542613636364		1
000103:	0.340927272727273	0.083286931818182	0.068332954545455	0.308601704545455	0.198851136363636		1
000104:	0.295001704545455	0.066408522727273	0.502972727272727	0.028918181818182	0.106698863636364		1
000105:	0.092682954545455	0.025528977272727	0.175409090909091	0.076902272727273	0.629476704545455		1
000106:	0.124315909090909	0.028012500000000	0.040937500000000	0.057441477272727	0.749292613636364		1
000107:	0.199086363636364	0.022055113636364	0.487295454545455	0.024127272727273	0.267435795454545		1
000108:	0.091678977272727	0.016414772727273	0.731638068181818	0.035281250000000	0.124986931818182		1
000109:	0.225901136363636	0.059591477272727	0.070380113636364	0.093619886363636	0.550507386363636		1
000110:	0.056012500000000	0.106626136363636	0.146962500000000	0.615437500000000	0.074961363636364		1
000111:	0.243630113636364	0.100688068181818	0.444810795454545	0.034444318181818	0.176426704545455		1
000112:	0.082907954545455	0.046057386363636	0.145619318181818	0.055215909090909	0.670199431818182		1
000113:	0.535079545454546	0.047677840909091	0.103354545454545	0.046613068181818	0.267275000000000		1
000114:	0.201384659090909	0.187927272727273	0.046264772727273	0.154163636363636	0.410259659090909		1
000115:	0.312828977272727	0.052569318181818	0.100540340909091	0.055978409090909	0.478082954545455		1
000116:	0.344842045454545	0.024949431818182	0.441666477272727	0.095544886363636	0.092997159090909		1
000117:	0.228270454545455	0.077736363636364	0.078584659090909	0.038779545454545	0.576628977272727		1
000118:	0.586680113636364	0.052722159090909	0.196984090909091	0.028559659090909	0.135053977272727		1
000119:	0.127252840909091	0.023723863636364	0.214085795454545	0.040402272727273	0.594535227272727		1
000120:	0.666341477272727	0.034202840909091	0.155258522727273	0.032219886363636	0.111977272727273		1
000121:	0.263814772727273	0.080430113636364	0.102710227272727	0.185989772727273	0.367055113636364		1
000122:	0.187471022727273	0.016521022727273	0.070744886363636	0.024064204545455	0.701198863636364		1
000123:	0.365376704545455	0.522711931818182	0.016445454545455	0.018026704545455	0.077439204545455		1
000124:	0.200827272727273	0.138944318181818	0.036986931818182	0.119327272727273	0.503914204545455		1
000125:	0.562262500000000	0.201859659090909	0.092732386363636	0.042007954545455	0.101137500000000		1
000126:	0.088531250000000	0.776992613636364	0.041760795454545	0.033673295454545	0.059042045454545		1
000127:	0.465310227272727	0.038657386363636	0.164903409090909	0.071201704545455	0.259927272727273		1
000128:	0.651869886363636	0.035559659090909	0.076299431818182	0.053143750000000	0.183127272727273		1
000129:	0.125640909090909	0.039918750000000	0.023425568181818	0.092503409090909	0.718511363636364		1
000130:	0.675513068181818	0.056045454545455	0.090622727272727	0.103536931818182	0.074281818181818		1
000131:	0.254835227272727	0.045230113636364	0.094609659090909	0.045508522727273	0.559816477272727		1
000132:	0.220117613636364	0.020633522727273	0.639511363636364	0.023435227272727	0.096302272727273		1
000133:	0.207546022727273	0.227753409090909	0.074147159090909	0.216427272727273	0.274126136363636		1
000134:	0.350426136363636	0.047474431818182	0.079334659090909	0.313844886363636	0.208919886363636		1
000135:	0.106071590909091	0.031580681818182	0.021669886363636	0.231143181818182	0.609534659090909		1
000136:	0.584744318181818	0.070577272727273	0.077963068181818	0.065652840909091	0.201062500000000		1
000137:	0.120186931818182	0.039577840909091	0.067852272727273	0.244273863636364	0.528109090909091		1
000138:	0.455731250000000	0.148448863636364	0.057320454545455	0.102082386363636	0.236417045454545		1
000139:	0.385311363636364	0.093876704545455	0.077698295454545	0.068605681818182	0.374507954545455		1
000140:	0.068036931818182	0.020626704545455	0.052987500000000	0.691834090909091	0.166514772727273		1
000141:	0.227444318181818	0.096804545454545	0.581323863636364	0.032556250000000	0.061871022727273		1
000142:	0.181544886363636	0.018101704545455	0.075606818181818	0.137056250000000	0.587690340909091		1
000143:	0.490597159090909	0.036826704545455	0.045177272727273	0.050427272727273	0.376971590909091		1
000144:	0.338935795454545	0.032939772727273	0.202003977272727	0.027935795454545	0.398184659090909		1
000145:	0.114547727272727	0.028040340909091	0.771778977272727	0.031779545454545	0.053853409090909		1
000146:	0.303578977272727	0.039853409090909	0.126279545454545	0.116311363636364	0.413976704545455		1
000147:	0.707126704545455	0.036997159090909	0.076301136363636	0.030400568181818	0.149174431818182		1
000148:	0.810756818181818	0.032628409090909	0.039561931818182	0.032965909090909	0.084086931818182		1
000149:	0.366712500000000	0.046244318181818	0.094095454545455	0.050486931818182	0.442460795454545		1
000150:	0.089785795454545	0.028598295454545	0.056825000000000	0.122147727272727	0.702643181818182		1
000151:	0.499203977272727	0.066597159090909	0.201121022727273	0.047344318181818	0.185733522727273		1
000152:	0.346425568181818	0.097420454545455	0.137190909090909	0.133523863636364	0.285439204545455		1
000153:	0.122743750000000	0.027960227272727	0.115453409090909	0.036892045454545	0.696950568181818		1
000154:	0.505111363636364	0.024113636363636	0.374623295454545	0.034473295454545	0.061678409090909		1
000155:	0.208223295454545	0.038861931818182	0.367165340909091	0.091634090909091	0.294115340909091		1
000156:	0.132432386363636	0.022134090909091	0.352590909090909	0.025003977272727	0.467838636363636		1
000157:	0.438207954545455	0.037619886363636	0.500157386363636	0.007578409090909	0.016436363636364		1
000158:	0.439936931818182	0.245121590909091	0.109314772727273	0.028906818181818	0.176719886363636		1
000159:	0.108662500000000	0.190343750000000	0.561851136363636	0.050575000000000	0.088567613636364		1
000160:	0.138370454545455	0.791025568181818	0.040492613636364	0.015337500000000	0.014773863636364		1
000161:	0.523344886363636	0.315925000000000	0.097013068181818	0.023696022727273	0.040021022727273		1
000162:	0.187311363636364	0.286772727272727	0.024561363636364	0.197097159090909	0.304257386363636		1
000163:	0.900538068181818	0.035348295454545	0.028190909090909	0.008502272727273	0.027420454545455		1
000164:	0.437486931818182	0.051134090909091	0.473409090909091	0.019177840909091	0.018792045454545		1
000165:	0.878157386363636	0.049266477272727	0.038779545454545	0.010979545454545	0.022817045454545		1
000166:	0.893238068181818	0.020546022727273	0.067065340909091	0.003535795454545	0.015614772727273		1
000167:	0.745848295454545	0.077328977272727	0.059717613636364	0.033858522727273	0.083246590909091		1
000168:	0.261997159090909	0.037192045454545	0.369686363636364	0.062205681818182	0.268918750000000		1
000169:	0.333256250000000	0.041731818181818	0.040127272727273	0.045974431818182	0.538910227272727		1
000170:	0.875348295454545	0.020119318181818	0.021077272727273	0.032700000000000	0.050755113636364		1
000171:	0.251805113636364	0.020047727272727	0.627001704545455	0.025648863636364	0.075496590909091		1
000172:	0.553873295454545	0.070515340909091	0.065520454545455	0.090992045454545	0.219098863636364		1
000173:	0.529969886363636	0.032387500000000	0.046880681818182	0.016559090909091	0.374202840909091		1
000174:	0.214894318181818	0.019275000000000	0.064248295454545	0.075263068181818	0.626319318181818		1
000175:	0.059868181818182	0.009331250000000	0.876584659090909	0.023110227272727	0.031105681818182		1
000176:	0.231180113636364	0.062451136363636	0.148050000000000	0.035906250000000	0.522412500000000		1
000177:	0.254159090909091	0.018663636363636	0.101131250000000	0.077310227272727	0.548735795454545		1
000178:	0.455942045454545	0.018636931818182	0.156693181818182	0.042621590909091	0.326106250000000		1
000179:	0.081753409090909	0.016101136363636	0.803523863636364	0.013976704545455	0.084644886363636		1
000180:	0.084236931818182	0.015534659090909	0.833787500000000	0.015068181818182	0.051372727272727		1
000181:	0.072536363636364	0.018140340909091	0.847996022727273	0.016601704545455	0.044725568181818		1
000182:	0.242227840909091	0.051618750000000	0.194504545454545	0.146499431818182	0.365149431818182		1
000183:	0.055138636363636	0.008070454545455	0.893075568181818	0.009672727272727	0.034042613636364		1
000184:	0.344597159090909	0.031270454545455	0.205990340909091	0.099701136363636	0.318440909090909		1
000185:	0.166213636363636	0.050152272727273	0.121709090909091	0.274882386363636	0.387042613636364		1
000186:	0.119961363636364	0.040954545454545	0.687776704545455	0.047778977272727	0.103528409090909		1
000187:	0.033703977272727	0.045464772727273	0.873923295454546	0.019319318181818	0.027588636363636		1
000188:	0.316317613636364	0.141335227272727	0.351878409090909	0.048059090909091	0.142409659090909		1
000189:	0.719610227272727	0.024692045454545	0.049463636363636	0.023371022727273	0.182863068181818		1
000190:	0.711857954545455	0.034454545454545	0.033692045454545	0.052509659090909	0.167485795454545		1
000191:	0.428997159090909	0.030726704545455	0.056782954545455	0.025047159090909	0.458446022727273		1
000192:	0.104093750000000	0.061901136363636	0.088200000000000	0.040720454545455	0.705084659090909		1
000193:	0.351836363636364	0.020991477272727	0.159451704545455	0.033355113636364	0.434365340909091		1
000194:	0.587142613636364	0.029699431818182	0.092428977272727	0.153171590909091	0.137557386363636		1
000195:	0.146992613636364	0.018552840909091	0.046892045454545	0.026527272727273	0.761035227272727		1
000196:	0.372248295454545	0.057296022727273	0.156964772727273	0.406059090909091	0.007431818181818		1
000197:	0.602815340909091	0.072605681818182	0.083891477272727	0.016475568181818	0.224211931818182		1
000198:	0.296640909090909	0.139531818181818	0.065737500000000	0.057651704545455	0.440438068181818		1
000199:	0.844982386363636	0.059636931818182	0.048482954545455	0.020647159090909	0.026250568181818		1
000200:	0.742072727272727	0.131777272727273	0.048350000000000	0.019664204545455	0.058135795454545		1
000201:	0.215916477272727	0.043840909090909	0.710430113636364	0.011746022727273	0.018066477272727		1
000202:	0.259830681818182	0.038057386363636	0.262631250000000	0.067625000000000	0.371855681818182		1
000203:	0.705807954545455	0.021125568181818	0.121878409090909	0.050703409090909	0.100484659090909		1
000204:	0.593795454545455	0.051478977272727	0.247614204545455	0.039376704545455	0.067734659090909		1
000205:	0.351117045454545	0.071907954545455	0.385002840909091	0.059139772727273	0.132832386363636		1
000206:	0.431910227272727	0.038798295454545	0.134600568181818	0.291027840909091	0.103663068181818		1
000207:	0.203424431818182	0.107356250000000	0.027433522727273	0.044363068181818	0.617422727272727		1
000208:	0.461391477272727	0.035640340909091	0.261471022727273	0.033253409090909	0.208243750000000		1
000209:	0.383768750000000	0.051482386363636	0.443101136363636	0.031398863636364	0.090248863636364		1
000210:	0.576764204545455	0.041891477272727	0.224797727272727	0.027019318181818	0.129527272727273		1
000211:	0.761252272727273	0.046787500000000	0.071086363636364	0.037950000000000	0.082923863636364		1
000212:	0.548114204545455	0.195967613636364	0.172783522727273	0.023195454545455	0.059939204545455		1
000213:	0.655256250000000	0.061681818181818	0.229536931818182	0.017625568181818	0.035899431818182		1
000214:	0.736475000000000	0.098683522727273	0.063031818181818	0.017985795454545	0.083823863636364		1
000215:	0.366811363636364	0.207118181818182	0.109729545454545	0.059869318181818	0.256471590909091		1
000216:	0.521817045454545	0.153741477272727	0.229105113636364	0.022800000000000	0.072536363636364		1
000217:	0.676806818181818	0.160929545454545	0.097111363636364	0.039820454545455	0.025331818181818		1
000218:	0.769426136363636	0.097843181818182	0.088740340909091	0.020211931818182	0.023778409090909		1
000219:	0.798427272727273	0.113451136363636	0.045998295454545	0.017514772727273	0.024608522727273		1
000220:	0.753368750000000	0.090614772727273	0.121256250000000	0.011052272727273	0.023707954545455		1
000221:	0.848273863636364	0.047272159090909	0.072731818181818	0.011202272727273	0.020519886363636		1
000222:	0.404959659090909	0.002480681818182	0.001785227272727	0.590296590909091	0.000477840909091		1
000223:	0.490771590909091	0.101750568181818	0.212132386363636	0.089194886363636	0.106150568181818		1
000224:	0.063514772727273	0.076457386363636	0.084183522727273	0.391185795454545	0.384658522727273		1
000225:	0.081118181818182	0.059435795454545	0.073676704545455	0.297572159090909	0.488197159090909		1
000226:	0.107030681818182	0.219657954545455	0.209981250000000	0.152465909090909	0.310864204545455		1
000227:	0.002951136363636	0.012468181818182	0.481747159090909	0.498435227272727	0.004398295454545		1
000228:	0.042848295454545	0.192588068181818	0.018777840909091	0.715044318181818	0.030741477272727		1
000229:	0.231486931818182	0.089510795454545	0.051417613636364	0.475470454545455	0.152114204545455		1
000230:	0.058797159090909	0.774934659090909	0.066572159090909	0.073432954545455	0.026263068181818		1
000231:	0.113730681818182	0.164488636363636	0.048145454545455	0.163826704545455	0.509808522727273		1
000232:	0.277673295454545	0.214026704545455	0.292532386363636	0.146178977272727	0.069588636363636		1
000233:	0.048842613636364	0.125256250000000	0.033770454545455	0.241600568181818	0.550530113636364		1
000234:	0.030647727272727	0.061081818181818	0.034809090909091	0.680602840909091	0.192858522727273		1
000235:	0.033212500000000	0.039784090909091	0.052073295454545	0.803462500000000	0.071467613636364		1
000236:	0.041564772727273	0.200980681818182	0.353955681818182	0.327160227272727	0.076338636363636		1
000237:	0.056894886363636	0.067714772727273	0.033034090909091	0.514796022727273	0.327560227272727		1
000238:	0.079639204545455	0.080371022727273	0.725536931818182	0.062638636363636	0.051814204545455		1
000239:	0.115842045454545	0.132840909090909	0.117838636363636	0.463303977272727	0.170174431818182		1
000240:	0.031590909090909	0.763835795454545	0.041293750000000	0.075678977272727	0.087600568181818		1
000241:	0.057405113636364	0.123460795454545	0.375657954545455	0.131151136363636	0.312325000000000		1
000242:	0.033967045454545	0.048501136363636	0.036159659090909	0.182293181818182	0.699078977272727		1
000243:	0.045846590909091	0.436771590909091	0.041149431818182	0.401334659090909	0.074897727272727		1
000244:	0.200469886363636	0.342344886363636	0.093930681818182	0.196029545454545	0.167225000000000		1
000245:	0.095207386363636	0.346743750000000	0.038339772727273	0.270857954545455	0.248851136363636		1
000246:	0.056928977272727	0.091046590909091	0.044084659090909	0.619361931818182	0.188577840909091		1
000247:	0.099177840909091	0.185557954545455	0.075614204545455	0.356857386363636	0.282792613636364		1
000248:	0.153756818181818	0.488747159090909	0.054979545454545	0.223426704545455	0.079089772727273		1
000249:	0.034264204545455	0.216640909090909	0.030148295454545	0.639762500000000	0.079184090909091		1
000250:	0.045727272727273	0.066952840909091	0.041994886363636	0.552597159090909	0.292727840909091		1
000251:	0.048081250000000	0.194659090909091	0.060248863636364	0.478474431818182	0.218536363636364		1
000252:	0.078890909090909	0.424587500000000	0.209148295454545	0.212777840909091	0.074595454545455		1
000253:	0.038651136363636	0.121820454545455	0.057532954545455	0.735613636363636	0.046381818181818		1
000254:	0.089787500000000	0.220464204545455	0.084152272727273	0.556048295454545	0.049547727272727		1
000255:	0.084293750000000	0.112084090909091	0.073447727272727	0.685856818181818	0.044317613636364		1
000256:	0.386021022727273	0.122841477272727	0.052039772727273	0.269161363636364	0.169936363636364		1
000257:	0.307186363636364	0.134465340909091	0.472665340909091	0.063647727272727	0.022035227272727		1
000258:	0.495930681818182	0.102252272727273	0.062184090909091	0.075185227272727	0.264447727272727		1
000259:	0.030749431818182	0.023390909090909	0.869704545454545	0.042551136363636	0.033603977272727		1
000260:	0.080868181818182	0.558729545454545	0.031913636363636	0.258382954545455	0.070105681818182		1
000261:	0.072782954545455	0.276996022727273	0.081748863636364	0.467959090909091	0.100513068181818		1
000262:	0.051226704545455	0.261679545454545	0.284501136363636	0.355738636363636	0.046853977272727		1
000263:	0.394484659090909	0.167904545454545	0.132364204545455	0.062441477272727	0.242805113636364		1
000264:	0.045601704545455	0.049420454545455	0.828068750000000	0.053058522727273	0.023850568181818		1
000265:	0.698113636363636	0.077705113636364	0.074923295454545	0.111342613636364	0.037915340909091		1
000266:	0.108752840909091	0.060477840909091	0.112067045454545	0.600932386363636	0.117769886363636		1
000267:	0.054563636363636	0.110963636363636	0.028043750000000	0.738160227272727	0.068268750000000		1
000268:	0.512323863636364	0.140453977272727	0.140751136363636	0.135539772727273	0.070931250000000		1
000269:	0.084957386363636	0.040842045454545	0.041323863636364	0.603044886363636	0.229831818181818		1
000270:	0.043753409090909	0.032705681818182	0.886396022727273	0.021611363636364	0.015533522727273		1
000271:	0.047720454545455	0.147307386363636	0.086090909090909	0.686382386363636	0.032498863636364		1
000272:	0.063649431818182	0.341032954545455	0.186083522727273	0.332560795454545	0.076673295454545		1
000273:	0.059494886363636	0.055903977272727	0.459550568181818	0.344693181818182	0.080357386363636		1
000274:	0.057095454545455	0.168263068181818	0.078468750000000	0.634106818181818	0.062065909090909		1
000275:	0.137769886363636	0.102084659090909	0.101525000000000	0.353269886363636	0.305350568181818		1
000276:	0.038951136363636	0.060155681818182	0.814842045454545	0.058556818181818	0.027494318181818		1
000277:	0.035926704545455	0.041815340909091	0.046200568181818	0.835492613636364	0.040564772727273		1
000278:	0.185175568181818	0.148727840909091	0.191658522727273	0.178257386363636	0.296180681818182		1
000279:	0.782979545454545	0.008521022727273	0.001721022727273	0.205677840909091	0.001100568181818		1
000280:	0.087822159090909	0.395073295454545	0.223468181818182	0.158360795454545	0.135275568181818		1
000281:	0.061486931818182	0.060972159090909	0.307284090909091	0.540823863636364	0.029432954545455		1
000282:	0.077315909090909	0.160381818181818	0.162394886363636	0.177775568181818	0.422131818181818		1
000283:	0.041239772727273	0.054323863636364	0.873982386363636	0.016787500000000	0.013666477272727		1
000284:	0.069081818181818	0.199868181818182	0.064373295454545	0.615598863636364	0.051077840909091		1
000285:	0.110225568181818	0.115744318181818	0.035976136363636	0.435977272727273	0.302076704545455		1
000286:	0.045376704545455	0.038149431818182	0.221795454545455	0.662185795454545	0.032492613636364		1
000287:	0.054265909090909	0.045955681818182	0.125890909090909	0.707275568181818	0.066611931818182		1
000288:	0.099140340909091	0.164840909090909	0.216834659090909	0.456111931818182	0.063072159090909		1
000289:	0.693659090909091	0.079094318181818	0.126400000000000	0.026691477272727	0.074155113636364		1
000290:	0.200388636363636	0.529525568181818	0.204373863636364	0.029448295454545	0.036263636363636		1
000291:	0.798601136363636	0.035372159090909	0.044987500000000	0.028732954545455	0.092306250000000		1
000292:	0.720392613636364	0.125292613636364	0.056378977272727	0.044046590909091	0.053889204545455		1
000293:	0.879357386363636	0.032365909090909	0.037995454545455	0.014562500000000	0.035718750000000		1
000294:	0.674358522727273	0.036811363636364	0.121019318181818	0.020605113636364	0.147205681818182		1
000295:	0.425174431818182	0.045577272727273	0.044434090909091	0.013923295454545	0.470890909090909		1
000296:	0.487472727272727	0.043403409090909	0.368743750000000	0.018422727272727	0.081957386363636		1
000297:	0.439328409090909	0.130050568181818	0.227487500000000	0.042862500000000	0.160271022727273		1
000298:	0.111769318181818	0.041006250000000	0.094147727272727	0.320583522727273	0.432493181818182		1
000299:	0.507552840909091	0.090427272727273	0.140268750000000	0.103638636363636	0.158112500000000		1
000300:	0.421311931818182	0.112717045454545	0.231666477272727	0.165001136363636	0.069303409090909		1
000301:	0.784126704545455	0.058331250000000	0.035696590909091	0.037747727272727	0.084097727272727		1
000302:	0.080326136363636	0.076326136363636	0.798539204545455	0.018464204545455	0.026344318181818		1
000303:	0.048609659090909	0.037823295454545	0.875255113636364	0.017085795454545	0.021226136363636		1
000304:	0.802494318181818	0.094259659090909	0.029795454545455	0.027380113636364	0.046070454545455		1
000305:	0.130328977272727	0.644632386363636	0.156019318181818	0.027977840909091	0.041041477272727		1
000306:	0.075009659090909	0.064031250000000	0.780112500000000	0.039422727272727	0.041423863636364		1
000307:	0.218712500000000	0.639673863636364	0.081482954545455	0.022192613636364	0.037938068181818		1
000308:	0.868951704545455	0.055162500000000	0.027201704545455	0.027614772727273	0.021069318181818		1
000309:	0.731263068181818	0.051269886363636	0.068961363636364	0.106176136363636	0.042329545454545		1
000310:	0.052746022727273	0.026740909090909	0.861985795454545	0.022372727272727	0.036154545454545		1
000311:	0.368668181818182	0.176245454545455	0.211604545454545	0.163171022727273	0.080310795454545		1
000312:	0.163387500000000	0.074419318181818	0.071435227272727	0.525538068181818	0.165219886363636		1
000313:	0.124297159090909	0.065536931818182	0.062698863636364	0.580008522727273	0.167458522727273		1
000314:	0.080491477272727	0.119653409090909	0.065086363636364	0.153371590909091	0.581397159090909		1
000315:	0.243825568181818	0.085677840909091	0.038900000000000	0.349336931818182	0.282259659090909		1
000316:	0.650774431818182	0.065785795454545	0.067084659090909	0.079540340909091	0.136814772727273		1
000317:	0.109248863636364	0.139617613636364	0.041708522727273	0.047015340909091	0.662409659090909		1
000318:	0.623932954545454	0.176365340909091	0.142465909090909	0.019618181818182	0.037617613636364		1
000319:	0.102402272727273	0.051988068181818	0.814801136363636	0.015190909090909	0.015617613636364		1
000320:	0.448803409090909	0.099384659090909	0.286227272727273	0.072554545454545	0.093030113636364		1
000321:	0.840884659090909	0.059027272727273	0.042197159090909	0.023382954545455	0.034507954545455		1
000322:	0.233714204545455	0.518037500000000	0.188272727272727	0.030592045454545	0.029383522727273		1
000323:	0.220140340909091	0.124897159090909	0.110752840909091	0.398327840909091	0.145881818181818		1
000324:	0.496304545454545	0.319603409090909	0.107342613636364	0.028010227272727	0.048739204545455		1
000325:	0.087652272727273	0.098360227272727	0.753636931818182	0.037926704545455	0.022423863636364		1
000326:	0.357567045454545	0.329331250000000	0.076106818181818	0.175613636363636	0.061381250000000		1
000327:	0.541647727272727	0.190572727272727	0.198432954545455	0.023743181818182	0.045603409090909		1
000328:	0.128170454545455	0.787021590909091	0.041986363636364	0.024730113636364	0.018091477272727		1
000329:	0.548410227272727	0.204689204545455	0.092655681818182	0.078901136363636	0.075343750000000		1
000330:	0.124560795454545	0.658372159090909	0.153588068181818	0.039710795454545	0.023768181818182		1
000331:	0.115246022727273	0.752358522727273	0.056715909090909	0.060610795454545	0.015068750000000		1
000332:	0.048901136363636	0.040459090909091	0.887602272727273	0.008715340909091	0.014322159090909		1
000333:	0.093144886363636	0.033292613636364	0.827436931818182	0.033153977272727	0.012971590909091		1
000334:	0.069151136363636	0.024995454545455	0.877144886363636	0.012748863636364	0.015959659090909		1
000335:	0.742221590909091	0.103750568181818	0.042192045454545	0.040722727272727	0.071113068181818		1
000336:	0.090571022727273	0.078488068181818	0.802140340909091	0.014600000000000	0.014200568181818		1
000337:	0.408586363636364	0.299484659090909	0.126678409090909	0.131447727272727	0.033802840909091		1
000338:	0.809311931818182	0.057406250000000	0.073874431818182	0.017602272727273	0.041805113636364		1
000339:	0.631827272727273	0.230993750000000	0.084572727272727	0.024466477272727	0.028139772727273		1
000340:	0.283100000000000	0.098177840909091	0.579871590909091	0.016151136363636	0.022699431818182		1
000341:	0.858744886363636	0.052107386363636	0.040909659090909	0.017160795454545	0.031077272727273		1
000342:	0.691627272727273	0.193014204545455	0.066988636363636	0.021864772727273	0.026505113636364		1
000343:	0.764504545454545	0.096862500000000	0.085305681818182	0.030435227272727	0.022892045454545		1
000344:	0.104097159090909	0.803861363636364	0.027485227272727	0.040446022727273	0.024110227272727		1
000345:	0.114347159090909	0.814154545454545	0.044940340909091	0.011651136363636	0.014906818181818		1
000346:	0.767202272727273	0.098595454545455	0.065738636363636	0.020284659090909	0.048178977272727		1
000347:	0.711694886363636	0.191401136363636	0.046047727272727	0.026626136363636	0.024230113636364		1
000348:	0.391817045454545	0.356867613636364	0.176133522727273	0.021617613636364	0.053564204545455		1
000349:	0.273109090909091	0.414664772727273	0.168933522727273	0.031227272727273	0.112065340909091		1
000350:	0.485559090909091	0.377480113636364	0.064042613636364	0.017938636363636	0.054979545454545		1
000351:	0.309346590909091	0.600410795454545	0.028878409090909	0.019414204545455	0.041950000000000		1
000352:	0.790447727272727	0.051216477272727	0.090861363636364	0.025660795454545	0.041813636363636		1
000353:	0.277522727272727	0.042720454545455	0.647343181818182	0.009641477272727	0.022772159090909		1
000354:	0.352336931818182	0.061267045454545	0.540901136363636	0.015661931818182	0.029832954545455		1
000355:	0.549207954545455	0.263423295454545	0.129209659090909	0.026459090909091	0.031700000000000		1
000356:	0.152358522727273	0.081902272727273	0.291574431818182	0.365676136363636	0.108488636363636		1
000357:	0.085407954545455	0.118827840909091	0.042417045454545	0.402048295454545	0.351298863636364		1
000358:	0.108909659090909	0.139844318181818	0.084615340909091	0.086346590909091	0.580284090909091		1
000359:	0.135844886363636	0.200802272727273	0.097553977272727	0.443917613636364	0.121881250000000		1
000360:	0.605369886363636	0.091224431818182	0.088945454545455	0.064333522727273	0.150126704545455		1
000361:	0.060482386363636	0.094616477272727	0.093785227272727	0.336813636363636	0.414302272727273		1
000362:	0.159387500000000	0.503478977272727	0.207518181818182	0.072987500000000	0.056627840909091		1
000363:	0.247186363636364	0.065773863636364	0.069701704545455	0.046592045454545	0.570746022727273		1
000364:	0.142346590909091	0.189768181818182	0.034201704545455	0.462274431818182	0.171409090909091		1
000365:	0.179961931818182	0.175197727272727	0.088176704545455	0.045907954545455	0.510755681818182		1
000366:	0.126856818181818	0.046406250000000	0.047672159090909	0.577617613636364	0.201447159090909		1
000367:	0.184446022727273	0.071764204545455	0.041880113636364	0.372838068181818	0.329071590909091		1
000368:	0.118278977272727	0.047881250000000	0.055926704545455	0.447263068181818	0.330650000000000		1
000369:	0.289689204545455	0.114182386363636	0.139242045454545	0.199630113636364	0.257256250000000		1
000370:	0.280435227272727	0.092298295454545	0.480844886363636	0.093186363636364	0.053235227272727		1
000371:	0.722143181818182	0.132822159090909	0.030388068181818	0.033740909090909	0.080905681818182		1
000372:	0.331276136363636	0.057443750000000	0.030877272727273	0.074110227272727	0.506292613636364		1
000373:	0.204486931818182	0.184590909090909	0.095586931818182	0.267067045454545	0.248268181818182		1
000374:	0.291897727272727	0.050127272727273	0.078013068181818	0.035419318181818	0.544542613636364		1
000375:	0.093872727272727	0.125792045454545	0.736673295454545	0.024879545454545	0.018782386363636		1
000376:	0.206044886363636	0.059570454545455	0.234760227272727	0.191893181818182	0.307731250000000		1
000377:	0.080353977272727	0.114272727272727	0.756421022727273	0.025253409090909	0.023698863636364		1
000378:	0.057169886363636	0.034557386363636	0.051513636363636	0.500151704545455	0.356607386363636		1
000379:	0.058488068181818	0.022761931818182	0.021292613636364	0.420874431818182	0.476582954545455		1
000380:	0.147482386363636	0.063882954545455	0.103068750000000	0.198330681818182	0.487235227272727		1
000381:	0.058111931818182	0.028421022727273	0.029873295454545	0.761922159090909	0.121671590909091		1
000382:	0.198307386363636	0.063287500000000	0.130673863636364	0.122869886363636	0.484861363636364		1
000383:	0.259335795454545	0.119229545454545	0.110764204545455	0.239735795454545	0.270934659090909		1
000384:	0.315030113636364	0.072133522727273	0.062189204545455	0.299812500000000	0.250834659090909		1
000385:	0.165582386363636	0.331313068181818	0.047947727272727	0.119340909090909	0.335815909090909		1
000386:	0.048280681818182	0.032480681818182	0.028111931818182	0.863309090909091	0.027817613636364		1
000387:	0.236097159090909	0.068297727272727	0.129341477272727	0.133765340909091	0.432498295454545		1
000388:	0.176442045454545	0.163765340909091	0.070777272727273	0.477408522727273	0.111606818181818		1
000389:	0.253423863636364	0.134202272727273	0.028612500000000	0.085285795454545	0.498475568181818		1
000390:	0.202827840909091	0.005660227272727	0.780411931818182	0.010105113636364	0.000994886363636		1
