Estimated Clustering Probabilities for Samples
Sample	***Cluster  01***	***Cluster  02***	***Cluster  03***	***Cluster  04***	***Cluster  05***	***Cluster  06***	
000001:	0.299180681818182	0.152367045454545	0.280491477272727	0.162264772727273	0.055823295454545	0.049872727272727		1
000002:	0.046003409090909	0.102780681818182	0.118379545454545	0.693807954545455	0.024464772727273	0.014563636363636		1
000003:	0.056165340909091	0.080273863636364	0.076286363636364	0.676843750000000	0.016760227272727	0.093670454545455		1
000004:	0.024630681818182	0.511633522727273	0.029619886363636	0.394061363636364	0.022370454545455	0.017684090909091		1
000005:	0.089496590909091	0.041748295454545	0.042322727272727	0.795311931818182	0.017023863636364	0.014096590909091		1
000006:	0.050443181818182	0.542686363636364	0.043303977272727	0.248665909090909	0.062973295454545	0.051927272727273		1
000007:	0.047443181818182	0.041818181818182	0.180139772727273	0.679020454545455	0.022021590909091	0.029556818181818		1
000008:	0.029794318181818	0.069470454545455	0.062301136363636	0.793142613636364	0.022017045454545	0.023274431818182		1
000009:	0.043467045454545	0.132501704545455	0.032981250000000	0.750690909090909	0.029790340909091	0.010568750000000		1
000010:	0.176848295454545	0.086797159090909	0.064498295454545	0.596598295454545	0.055876704545455	0.019381250000000		1
000011:	0.200919886363636	0.179390340909091	0.348731250000000	0.185735795454545	0.022055681818182	0.063167045454545		1
000012:	0.570651136363636	0.114239772727273	0.024615340909091	0.137960795454545	0.089973863636364	0.062559090909091		1
000013:	0.167808522727273	0.300337500000000	0.034194318181818	0.068692045454545	0.336224431818182	0.092743181818182		1
000014:	0.022969318181818	0.899972727272727	0.020419318181818	0.029392045454545	0.012819318181818	0.014427272727273		1
000015:	0.099064204545455	0.158258522727273	0.021346022727273	0.663214204545455	0.038826704545455	0.019290340909091		1
000016:	0.024892613636364	0.877037500000000	0.019820454545455	0.049610227272727	0.013508522727273	0.015130681818182		1
000017:	0.725392045454545	0.086847159090909	0.040677272727273	0.110588068181818	0.020585795454545	0.015909659090909		1
000018:	0.114038068181818	0.086580681818182	0.020075568181818	0.059806250000000	0.620924431818182	0.098575000000000		1
000019:	0.344200568181818	0.054451704545455	0.036096022727273	0.389095454545455	0.041975000000000	0.134181250000000		1
000020:	0.334388636363636	0.325707386363636	0.067582954545455	0.188121022727273	0.067503977272727	0.016696022727273		1
000021:	0.718961363636364	0.031912500000000	0.153160795454545	0.037756818181818	0.031452840909091	0.026755681818182		1
000022:	0.508432386363636	0.083528409090909	0.025996022727273	0.274846022727273	0.078811363636364	0.028385795454545		1
000023:	0.370785795454545	0.083908522727273	0.107526704545455	0.080896022727273	0.061435227272727	0.295447727272727		1
000024:	0.028811363636364	0.722288636363636	0.017444318181818	0.127498863636364	0.087769318181818	0.016187500000000		1
000025:	0.094656250000000	0.211138636363636	0.014997727272727	0.032680681818182	0.579581250000000	0.066945454545455		1
000026:	0.654735227272727	0.035475000000000	0.036452272727273	0.127888068181818	0.096827272727273	0.048622159090909		1
000027:	0.394228977272727	0.062797727272727	0.025391477272727	0.098168750000000	0.342351136363636	0.077061931818182		1
000028:	0.289006818181818	0.078338636363636	0.335392045454545	0.196689204545455	0.039942045454545	0.060631250000000		1
000029:	0.429943181818182	0.171431250000000	0.073026136363636	0.194063636363636	0.085174431818182	0.046361363636364		1
000030:	0.277561931818182	0.114223863636364	0.073932386363636	0.332539204545455	0.035371022727273	0.166371590909091		1
000031:	0.163081250000000	0.044580113636364	0.020161931818182	0.133447159090909	0.580309090909091	0.058420454545455		1
000032:	0.745280681818182	0.067709090909091	0.043721022727273	0.048613068181818	0.069273863636364	0.025402272727273		1
000033:	0.620897159090909	0.056126136363636	0.097490340909091	0.142085795454545	0.041592045454545	0.041808522727273		1
000034:	0.029541477272727	0.883840909090909	0.023902840909091	0.033942613636364	0.016232954545455	0.012539204545455		1
000035:	0.358582954545455	0.037930681818182	0.252803409090909	0.084949431818182	0.146232954545455	0.119500568181818		1
000036:	0.334665909090909	0.148684659090909	0.142798863636364	0.286929545454545	0.070834090909091	0.016086931818182		1
000037:	0.557157954545455	0.116574431818182	0.031886363636364	0.154464772727273	0.109527840909091	0.030388636363636		1
000038:	0.107372727272727	0.125518750000000	0.405056250000000	0.118397159090909	0.042897159090909	0.200757954545455		1
000039:	0.477772727272727	0.121408522727273	0.040528409090909	0.126330113636364	0.132577272727273	0.101382954545455		1
000040:	0.032716477272727	0.832109659090909	0.031454545454545	0.064363068181818	0.014030113636364	0.025326136363636		1
000041:	0.539106818181818	0.231026136363636	0.040109659090909	0.080499431818182	0.082181250000000	0.027076704545455		1
000042:	0.517124431818182	0.087376136363636	0.035353409090909	0.048843181818182	0.086251704545455	0.225051136363636		1
000043:	0.285681250000000	0.134358522727273	0.061511931818182	0.465910795454545	0.025947159090909	0.026590340909091		1
000044:	0.434876136363636	0.070014772727273	0.049003409090909	0.338606250000000	0.077985795454545	0.029513636363636		1
000045:	0.441999431818182	0.027107386363636	0.025250568181818	0.066487500000000	0.375530681818182	0.063624431818182		1
000046:	0.236476704545455	0.094775000000000	0.155869318181818	0.084559659090909	0.342692045454545	0.085627272727273		1
000047:	0.232740909090909	0.187324431818182	0.139573295454545	0.150584659090909	0.165479545454545	0.124297159090909		1
000048:	0.089563068181818	0.059922727272727	0.050434090909091	0.732377840909091	0.022902272727273	0.044800000000000		1
000049:	0.006971590909091	0.004698863636364	0.012042613636364	0.009790909090909	0.305809090909091	0.660686931818182		1
000050:	0.279224431818182	0.379139204545455	0.067787500000000	0.080443181818182	0.085211931818182	0.108193750000000		1
000051:	0.017873863636364	0.875421590909091	0.020928977272727	0.053365340909091	0.011702840909091	0.020707386363636		1
000052:	0.021909090909091	0.863217613636364	0.023560227272727	0.064546590909091	0.011209090909091	0.015557386363636		1
000053:	0.466536931818182	0.189880113636364	0.049153977272727	0.118655681818182	0.084057386363636	0.091715909090909		1
000054:	0.258870454545455	0.098311363636364	0.077764204545455	0.110076136363636	0.186207386363636	0.268770454545455		1
000055:	0.141381250000000	0.285756250000000	0.037290340909091	0.482309659090909	0.038145454545455	0.015117045454545		1
000056:	0.372944886363636	0.117126704545455	0.023694886363636	0.400227840909091	0.052203409090909	0.033802272727273		1
000057:	0.474982954545455	0.155327840909091	0.057028409090909	0.171915340909091	0.116771590909091	0.023973863636364		1
000058:	0.558397727272727	0.035863636363636	0.026932954545455	0.193850568181818	0.028040909090909	0.156914204545455		1
000059:	0.802722159090909	0.027806250000000	0.024450000000000	0.053122727272727	0.044571022727273	0.047327840909091		1
000060:	0.598278977272727	0.087846022727273	0.027737500000000	0.243332386363636	0.025924431818182	0.016880681818182		1
000061:	0.603979545454545	0.046568750000000	0.023728977272727	0.275049431818182	0.022659090909091	0.028014204545455		1
000062:	0.029782954545455	0.826202840909091	0.026103977272727	0.088527840909091	0.015180113636364	0.014202272727273		1
000063:	0.015849431818182	0.874795454545455	0.027464204545455	0.054438068181818	0.012689204545455	0.014763636363636		1
000064:	0.015829545454545	0.878832954545455	0.038005681818182	0.048168750000000	0.007956818181818	0.011206250000000		1
000065:	0.098775000000000	0.067537500000000	0.037897727272727	0.723302840909091	0.049814772727273	0.022672159090909		1
000066:	0.615399431818182	0.083554545454545	0.029156818181818	0.173840340909091	0.081696590909091	0.016352272727273		1
000067:	0.019241477272727	0.831994886363636	0.034374431818182	0.086539204545455	0.011117045454545	0.016732954545455		1
000068:	0.104863636363636	0.868685795454545	0.010024431818182	0.012798295454545	0.001503977272727	0.002123863636364		1
000069:	0.657657386363636	0.093604545454545	0.039540340909091	0.111459659090909	0.081863068181818	0.015875000000000		1
000070:	0.287858522727273	0.317650000000000	0.090920454545455	0.158155681818182	0.083234659090909	0.062180681818182		1
000071:	0.848515909090909	0.017688068181818	0.029110795454545	0.050147727272727	0.034856250000000	0.019681250000000		1
000072:	0.235884659090909	0.133063636363636	0.067500000000000	0.526652272727273	0.019764204545455	0.017135227272727		1
000073:	0.172072159090909	0.063207954545455	0.032376136363636	0.665367613636364	0.040204545454545	0.026771590909091		1
000074:	0.117422159090909	0.190443181818182	0.026528409090909	0.102671022727273	0.474047159090909	0.088888068181818		1
000075:	0.440909090909091	0.063777272727273	0.042957954545455	0.231977840909091	0.074752272727273	0.145625568181818		1
000076:	0.175811363636364	0.015821590909091	0.547157954545455	0.088430681818182	0.098000000000000	0.074778409090909		1
000077:	0.219742613636364	0.143487500000000	0.316702840909091	0.116809090909091	0.081711363636364	0.121546590909091		1
000078:	0.519470454545455	0.069312500000000	0.074094318181818	0.294771022727273	0.020650000000000	0.021701704545455		1
000079:	0.709144318181818	0.059640340909091	0.045340340909091	0.070985227272727	0.027900568181818	0.086989204545455		1
000080:	0.556792045454545	0.023711363636364	0.052810227272727	0.073967613636364	0.054801704545455	0.237917045454545		1
000081:	0.257069886363636	0.034050568181818	0.022796590909091	0.640091477272727	0.035041477272727	0.010950000000000		1
000082:	0.376063068181818	0.089644886363636	0.058276704545455	0.440448295454545	0.022522727272727	0.013044318181818		1
000083:	0.461910795454545	0.028702840909091	0.033600568181818	0.403028977272727	0.042584659090909	0.030172159090909		1
000084:	0.017688068181818	0.014548863636364	0.418917045454545	0.007420454545455	0.012375568181818	0.529050000000000		1
000085:	0.315041477272727	0.136521022727273	0.099852840909091	0.283150000000000	0.131770454545455	0.033664204545455		1
000086:	0.187865909090909	0.430224431818182	0.069845454545455	0.166705681818182	0.056563636363636	0.088794886363636		1
000087:	0.752642613636364	0.048913636363636	0.027593750000000	0.130304545454545	0.025355681818182	0.015189772727273		1
000088:	0.693536363636364	0.026947159090909	0.037718750000000	0.076698863636364	0.144888068181818	0.020210795454545		1
000089:	0.635247727272727	0.055343750000000	0.057682386363636	0.104032954545455	0.123159090909091	0.024534090909091		1
000090:	0.252789204545455	0.127956818181818	0.042832954545455	0.114229545454545	0.375680113636364	0.086511363636364		1
000091:	0.260446022727273	0.033018750000000	0.166407954545455	0.052836363636364	0.124464772727273	0.362826136363636		1
000092:	0.434591477272727	0.053493750000000	0.041288636363636	0.342551136363636	0.088147727272727	0.039927272727273		1
000093:	0.155610795454545	0.070527840909091	0.034813068181818	0.423259090909091	0.281396022727273	0.034393181818182		1
000094:	0.597375000000000	0.056849431818182	0.045617613636364	0.151696022727273	0.069706250000000	0.078755681818182		1
000095:	0.170775568181818	0.128751136363636	0.041440340909091	0.610039204545455	0.032989772727273	0.016003977272727		1
000096:	0.027293750000000	0.891458522727273	0.018642613636364	0.039627272727273	0.011698295454545	0.011279545454545		1
000097:	0.810491477272727	0.025572159090909	0.025247159090909	0.063880681818182	0.051482386363636	0.023326136363636		1
000098:	0.804759659090909	0.015664204545455	0.025980681818182	0.104440340909091	0.029838068181818	0.019317045454545		1
000099:	0.328290340909091	0.344887500000000	0.077007954545455	0.152279545454545	0.051721590909091	0.045813068181818		1
000100:	0.059838068181818	0.631178409090909	0.023882386363636	0.244049431818182	0.022209659090909	0.018842045454545		1
000101:	0.767442045454545	0.055243181818182	0.031959090909091	0.073532386363636	0.058261931818182	0.013561363636364		1
000102:	0.428004545454545	0.256757386363636	0.069138636363636	0.137238068181818	0.078353409090909	0.030507954545455		1
000103:	0.343952272727273	0.053267045454545	0.117029545454545	0.218364772727273	0.041035227272727	0.226351136363636		1
000104:	0.090453977272727	0.657464204545455	0.029275000000000	0.179032386363636	0.023301704545455	0.020472727272727		1
000105:	0.442130113636364	0.178817045454545	0.027530113636364	0.082070454545455	0.224100568181818	0.045351704545455		1
000106:	0.608815340909091	0.030253977272727	0.032203409090909	0.105921022727273	0.184570454545455	0.038235795454545		1
000107:	0.340976704545455	0.424861363636364	0.048856818181818	0.116431818181818	0.044494886363636	0.024378409090909		1
000108:	0.048248863636364	0.824398863636364	0.024106818181818	0.032588636363636	0.041676704545455	0.028980113636364		1
000109:	0.576126136363636	0.064227840909091	0.074573295454545	0.127565340909091	0.118378409090909	0.039128977272727		1
000110:	0.041558522727273	0.143410227272727	0.115674431818182	0.048963636363636	0.104796590909091	0.545596590909091		1
000111:	0.172448295454545	0.495638636363636	0.117284659090909	0.135230681818182	0.047115909090909	0.032281818181818		1
000112:	0.475127272727273	0.136262500000000	0.065491477272727	0.056104545454545	0.210617045454545	0.056397159090909		1
000113:	0.430185795454545	0.142310795454545	0.063188068181818	0.310479545454545	0.033959090909091	0.019876704545455		1
000114:	0.481924431818182	0.040122159090909	0.269710227272727	0.066643181818182	0.049369886363636	0.092230113636364		1
000115:	0.506548295454545	0.097223863636364	0.055152840909091	0.198647159090909	0.079317045454545	0.063110795454545		1
000116:	0.091839772727273	0.415439204545455	0.027014772727273	0.366417613636364	0.050623863636364	0.048664772727273		1
000117:	0.501295454545455	0.107577840909091	0.078386363636364	0.128751136363636	0.161244318181818	0.022744886363636		1
000118:	0.074501704545455	0.289788636363636	0.055699431818182	0.543730113636364	0.024261363636364	0.012018750000000		1
000119:	0.764915909090909	0.086328977272727	0.021171590909091	0.050843181818182	0.050752272727273	0.025988068181818		1
000120:	0.096511363636364	0.133250000000000	0.047365340909091	0.653646590909091	0.048503977272727	0.020722727272727		1
000121:	0.370081250000000	0.114396022727273	0.075122727272727	0.224413636363636	0.136740909090909	0.079245454545455		1
000122:	0.616026704545454	0.054798863636364	0.020872159090909	0.172865340909091	0.121398295454545	0.014038636363636		1
000123:	0.295509659090909	0.053828977272727	0.052887500000000	0.464764204545455	0.030298295454545	0.102711363636364		1
000124:	0.553875000000000	0.036548295454545	0.166459090909091	0.080844318181818	0.063795454545455	0.098477840909091		1
000125:	0.129626704545455	0.136508522727273	0.357621022727273	0.323966477272727	0.020936931818182	0.031340340909091		1
000126:	0.043568181818182	0.026585795454545	0.857123863636364	0.037721590909091	0.012981250000000	0.022019318181818		1
000127:	0.327093750000000	0.175989204545455	0.053169318181818	0.349960795454545	0.045334659090909	0.048452272727273		1
000128:	0.279003977272727	0.066994886363636	0.047680681818182	0.539589204545455	0.033423863636364	0.033307386363636		1
000129:	0.441388636363636	0.028735227272727	0.028861363636364	0.084496590909091	0.309207386363636	0.107310795454545		1
000130:	0.142900568181818	0.080869318181818	0.039887500000000	0.523049431818182	0.020628409090909	0.192664772727273		1
000131:	0.667359659090909	0.050126704545455	0.036950000000000	0.171260795454545	0.045057386363636	0.029245454545455		1
000132:	0.086005113636364	0.748600000000000	0.018376136363636	0.103284090909091	0.026473863636364	0.017260795454545		1
000133:	0.167192045454545	0.058400000000000	0.228852840909091	0.080106250000000	0.057545454545455	0.407903409090909		1
000134:	0.300791477272727	0.085544318181818	0.075685227272727	0.193947159090909	0.073946022727273	0.270085795454545		1
000135:	0.393167613636364	0.019552840909091	0.030868181818182	0.080992045454545	0.322323295454545	0.153096022727273		1
000136:	0.342269886363636	0.113065340909091	0.054557954545455	0.374164204545455	0.027500568181818	0.088442045454545		1
000137:	0.608596590909091	0.051471590909091	0.053281818181818	0.045500000000000	0.154247159090909	0.086902840909091		1
000138:	0.420948863636364	0.065973295454545	0.149232954545455	0.231997159090909	0.034041477272727	0.097806250000000		1
000139:	0.607930113636364	0.070873863636364	0.078138636363636	0.156793750000000	0.024987500000000	0.061276136363636		1
000140:	0.061635227272727	0.062926136363636	0.025060795454545	0.050080681818182	0.126353977272727	0.673943181818182		1
000141:	0.067207954545455	0.551797159090909	0.206550000000000	0.121469886363636	0.026408522727273	0.026566477272727		1
000142:	0.502651704545454	0.096027840909091	0.024620454545455	0.130615340909091	0.208838068181818	0.037246590909091		1
000143:	0.736418181818182	0.046017613636364	0.044467045454545	0.112578977272727	0.025991477272727	0.034526704545455		1
000144:	0.504922727272727	0.182633522727273	0.038565909090909	0.199358522727273	0.056993181818182	0.017526136363636		1
000145:	0.032690340909091	0.803321022727273	0.045697727272727	0.060356250000000	0.018705681818182	0.039228977272727		1
000146:	0.220401704545455	0.220785795454545	0.035372727272727	0.187028409090909	0.291787500000000	0.044623863636364		1
000147:	0.208794318181818	0.081084090909091	0.041903409090909	0.581774431818182	0.052145454545455	0.034298295454545		1
000148:	0.134927272727273	0.041172727272727	0.037685795454545	0.685787500000000	0.021874431818182	0.078552272727273		1
000149:	0.331186931818182	0.087047159090909	0.059776136363636	0.372717045454545	0.117858522727273	0.031414204545455		1
000150:	0.676498295454545	0.069476136363636	0.025731250000000	0.061384659090909	0.085988636363636	0.080921022727273		1
000151:	0.260823295454545	0.329966477272727	0.101618181818182	0.249715340909091	0.026150000000000	0.031726704545455		1
000152:	0.318513636363636	0.132373863636364	0.128313068181818	0.263770454545455	0.035170454545455	0.121858522727273		1
000153:	0.001347159090909	0.000651704545455	0.690100568181818	0.000942613636364	0.306532386363636	0.000425568181818		1
000154:	0.039970454545455	0.493579545454545	0.024077272727273	0.409379545454545	0.018009090909091	0.014984090909091		1
000155:	0.223825568181818	0.441232954545455	0.037917613636364	0.144165909090909	0.082960795454545	0.069897159090909		1
000156:	0.477946590909091	0.323606818181818	0.032784659090909	0.077907386363636	0.072555681818182	0.015198863636364		1
000157:	0.042454545454545	0.828757954545455	0.021431250000000	0.063867045454545	0.026527272727273	0.016961931818182		1
000158:	0.197010795454545	0.120123863636364	0.426871590909091	0.112903977272727	0.057778409090909	0.085311363636364		1
000159:	0.071548295454545	0.568669886363636	0.095823295454545	0.059428409090909	0.160461363636364	0.044068750000000		1
000160:	0.017466477272727	0.041954545454545	0.862509090909091	0.052239204545455	0.014987500000000	0.010843181818182		1
000161:	0.059594886363636	0.121577840909091	0.367662500000000	0.344472727272727	0.069727272727273	0.036964772727273		1
000162:	0.056919886363636	0.027326136363636	0.256478409090909	0.052747727272727	0.561307386363636	0.045220454545455		1
000163:	0.099926136363636	0.051487500000000	0.021719886363636	0.790363068181818	0.027241477272727	0.009261931818182		1
000164:	0.017388068181818	0.788588068181818	0.038262500000000	0.133988636363636	0.013075000000000	0.008697727272727		1
000165:	0.022734659090909	0.055800568181818	0.032080113636364	0.846006250000000	0.019685227272727	0.023693181818182		1
000166:	0.042187500000000	0.045219318181818	0.021139204545455	0.859990909090909	0.018203977272727	0.013259090909091		1
000167:	0.235477840909091	0.108254545454545	0.099948295454545	0.463872727272727	0.052943181818182	0.039503409090909		1
000168:	0.304398295454545	0.412107386363636	0.041075568181818	0.150414772727273	0.062374431818182	0.029629545454545		1
000169:	0.643439772727273	0.029849431818182	0.030688636363636	0.207457386363636	0.060460795454545	0.028103977272727		1
000170:	0.028217045454545	0.014642613636364	0.018033522727273	0.904672159090909	0.013371590909091	0.021063068181818		1
000171:	0.058930113636364	0.764074431818182	0.040259090909091	0.091773863636364	0.020332386363636	0.024630113636364		1
000172:	0.128443181818182	0.066764772727273	0.082517045454545	0.577431818181818	0.101866477272727	0.042976704545455		1
000173:	0.275947159090909	0.001243181818182	0.003726136363636	0.029530113636364	0.002617045454545	0.686936363636364		1
000174:	0.447529545454545	0.039883522727273	0.023434659090909	0.213908522727273	0.213271022727273	0.061972727272727		1
000175:	0.031889772727273	0.897235795454545	0.014528977272727	0.030739204545455	0.010991477272727	0.014614772727273		1
000176:	0.629345454545455	0.112266477272727	0.123067613636364	0.079388636363636	0.031525568181818	0.024406250000000		1
000177:	0.673775568181818	0.094096022727273	0.026816477272727	0.115853977272727	0.046741477272727	0.042716477272727		1
000178:	0.242153409090909	0.227507954545455	0.025110227272727	0.398097727272727	0.069685227272727	0.037445454545455		1
000179:	0.041327272727273	0.866417045454545	0.023817613636364	0.036802272727273	0.018315909090909	0.013319886363636		1
000180:	0.015296022727273	0.881952840909091	0.017625000000000	0.047477272727273	0.019111931818182	0.018536931818182		1
000181:	0.018557386363636	0.860501136363636	0.040725000000000	0.049993750000000	0.018200568181818	0.012022159090909		1
000182:	0.276696022727273	0.189656250000000	0.104832954545455	0.146974431818182	0.208268750000000	0.073571590909091		1
000183:	0.033410227272727	0.804552272727273	0.027986931818182	0.101398295454545	0.016646590909091	0.016005681818182		1
000184:	0.294244318181818	0.136896590909091	0.090593750000000	0.271325568181818	0.049923863636364	0.157015909090909		1
000185:	0.193441477272727	0.108601704545455	0.095222159090909	0.131184659090909	0.235618750000000	0.235931250000000		1
000186:	0.067088636363636	0.744807386363636	0.053063636363636	0.044203977272727	0.024713068181818	0.066123295454545		1
000187:	0.024832954545455	0.895957954545455	0.017510795454545	0.024552840909091	0.017505681818182	0.019639772727273		1
000188:	0.134102840909091	0.269477840909091	0.230171590909091	0.284038068181818	0.021737500000000	0.060472159090909		1
000189:	0.601666477272727	0.024745454545455	0.017311931818182	0.336714204545455	0.008289772727273	0.011272159090909		1
000190:	0.182458522727273	0.045192045454545	0.053413636363636	0.631151136363636	0.034530681818182	0.053253977272727		1
000191:	0.495491477272727	0.063967045454545	0.032838636363636	0.336966477272727	0.057495454545455	0.013240909090909		1
000192:	0.608085227272727	0.096692045454545	0.081464772727273	0.057323863636364	0.106267045454545	0.050167045454545		1
000193:	0.542775000000000	0.145006250000000	0.055225000000000	0.129206818181818	0.089419886363636	0.038367045454545		1
000194:	0.187202272727273	0.098924431818182	0.044567045454545	0.389512500000000	0.057460795454545	0.222332954545455		1
000195:	0.837001704545455	0.032396022727273	0.019091477272727	0.071361363636364	0.029152272727273	0.010997159090909		1
000196:	0.087171022727273	0.281638068181818	0.368926704545455	0.221414772727273	0.024760795454545	0.016088636363636		1
000197:	0.322392045454545	0.141633522727273	0.067330681818182	0.380957954545455	0.069715340909091	0.017970454545455		1
000198:	0.160884659090909	0.104665340909091	0.093603409090909	0.112813068181818	0.492453409090909	0.035580113636364		1
000199:	0.059193750000000	0.090758522727273	0.095112500000000	0.697285227272727	0.034751704545455	0.022898295454545		1
000200:	0.084345454545455	0.064211931818182	0.148866477272727	0.639047727272727	0.041845454545455	0.021682954545455		1
000201:	0.030016477272727	0.827235795454546	0.025560795454545	0.083381818181818	0.018244318181818	0.015560795454545		1
000202:	0.301409090909091	0.206293181818182	0.073101704545455	0.195875000000000	0.070487500000000	0.152833522727273		1
000203:	0.054319886363636	0.113090340909091	0.034153977272727	0.734159090909091	0.019478977272727	0.044797727272727		1
000204:	0.045969886363636	0.204106250000000	0.085850000000000	0.605431250000000	0.021952840909091	0.036689772727273		1
000205:	0.087466477272727	0.518557386363636	0.074133522727273	0.223639772727273	0.036431250000000	0.059771590909091		1
000206:	0.080919886363636	0.114286363636364	0.072643181818182	0.317247159090909	0.030307386363636	0.384596022727273		1
000207:	0.688544886363636	0.029028409090909	0.125114772727273	0.083996022727273	0.040011363636364	0.033304545454545		1
000208:	0.150842045454545	0.221208522727273	0.066634659090909	0.470233522727273	0.041494318181818	0.049586931818182		1
000209:	0.142802272727273	0.630032954545454	0.046830113636364	0.123530681818182	0.031973863636364	0.024830113636364		1
000210:	0.138905113636364	0.357868750000000	0.032297159090909	0.368694886363636	0.068080113636364	0.034153977272727		1
000211:	0.107009090909091	0.122338636363636	0.051825000000000	0.630959090909091	0.055719318181818	0.032148863636364		1
000212:	0.063931818181818	0.373928409090909	0.188912500000000	0.298516477272727	0.038584090909091	0.036126704545455		1
000213:	0.036923295454545	0.467400000000000	0.057364204545455	0.391536931818182	0.025588068181818	0.021187500000000		1
000214:	0.101086363636364	0.066071590909091	0.270059659090909	0.499242045454545	0.034946590909091	0.028593750000000		1
000215:	0.583585227272727	0.087161363636364	0.095678409090909	0.092914204545455	0.030960795454545	0.109700000000000		1
000216:	0.055230681818182	0.553443750000000	0.071306818181818	0.251511931818182	0.039200568181818	0.029306250000000		1
000217:	0.067872159090909	0.180872159090909	0.219767613636364	0.432830681818182	0.057468750000000	0.041188636363636		1
000218:	0.105810795454545	0.226517045454545	0.085090909090909	0.538235795454545	0.029297727272727	0.015047727272727		1
000219:	0.033860795454545	0.094219318181818	0.277648863636364	0.552176704545455	0.020158522727273	0.021935795454545		1
000220:	0.065708522727273	0.408969318181818	0.064801704545455	0.432716477272727	0.015455113636364	0.012348863636364		1
000221:	0.047670454545455	0.189120454545455	0.035640340909091	0.696748863636364	0.013990340909091	0.016829545454545		1
000222:	0.028621022727273	0.767532954545455	0.034042045454545	0.143025568181818	0.014444318181818	0.012334090909091		1
000223:	0.186106818181818	0.354115340909091	0.070382954545455	0.142226704545455	0.202447159090909	0.044721022727273		1
000224:	0.775488068181818	0.060877840909091	0.021021022727273	0.027503977272727	0.045345454545455	0.069763636363636		1
000225:	0.775650568181818	0.037172727272727	0.019005681818182	0.037149431818182	0.090819886363636	0.040201704545455		1
000226:	0.696286363636364	0.085548295454545	0.105984659090909	0.070918181818182	0.017151704545455	0.024110795454545		1
000227:	0.718943181818182	0.039005113636364	0.049677272727273	0.041274431818182	0.088628977272727	0.062471022727273		1
000228:	0.000543750000000	0.000943750000000	0.129387500000000	0.867906250000000	0.000744318181818	0.000474431818182		1
000229:	0.376860227272727	0.037657386363636	0.048815909090909	0.233985227272727	0.036832386363636	0.265848863636364		1
000230:	0.032848863636364	0.071161931818182	0.818410227272727	0.036693181818182	0.020912500000000	0.019973295454545		1
000231:	0.723778409090909	0.036821590909091	0.078407954545455	0.051160795454545	0.081080113636364	0.028751136363636		1
000232:	0.103455681818182	0.340169318181818	0.257359090909091	0.154871590909091	0.041474431818182	0.102669886363636		1
000233:	0.856244886363636	0.020580113636364	0.036906250000000	0.034661931818182	0.024176704545455	0.027430113636364		1
000234:	0.452012500000000	0.025002840909091	0.045337500000000	0.048548295454545	0.131995454545455	0.297103409090909		1
000235:	0.142688068181818	0.077047159090909	0.019388636363636	0.058242613636364	0.416103977272727	0.286529545454545		1
000236:	0.098791477272727	0.316439772727273	0.392155113636364	0.055889772727273	0.070933522727273	0.065790340909091		1
000237:	0.533581250000000	0.031461363636364	0.029078977272727	0.066709659090909	0.041964772727273	0.297203977272727		1
000238:	0.063295454545455	0.613460795454545	0.029898863636364	0.235508522727273	0.030058522727273	0.027777840909091		1
000239:	0.522805681818182	0.095357954545455	0.118569318181818	0.121842045454545	0.033602840909091	0.107822159090909		1
000240:	0.111761363636364	0.028568181818182	0.752225000000000	0.045632954545455	0.029731250000000	0.032081250000000		1
000241:	0.434456818181818	0.249888068181818	0.105243750000000	0.060648863636364	0.123465909090909	0.026296590909091		1
000242:	0.723068750000000	0.033596590909091	0.040059659090909	0.043921022727273	0.112900000000000	0.046453977272727		1
000243:	0.080038068181818	0.041063636363636	0.580778409090909	0.033588636363636	0.151193181818182	0.113338068181818		1
000244:	0.379996022727273	0.073995454545455	0.254455113636364	0.185628409090909	0.037756818181818	0.068168181818182		1
000245:	0.657150568181818	0.030682954545455	0.192319886363636	0.064607954545455	0.021611363636364	0.033627272727273		1
000246:	0.442202272727273	0.032775000000000	0.064865909090909	0.114232386363636	0.199722159090909	0.146202272727273		1
000247:	0.489118750000000	0.066726704545455	0.078107954545455	0.109780681818182	0.040982954545455	0.215282954545455		1
000248:	0.410231250000000	0.035790909090909	0.269485227272727	0.160884659090909	0.016840340909091	0.106767613636364		1
000249:	0.718901704545455	0.001363636363636	0.276542045454545	0.001614772727273	0.000932386363636	0.000645454545455		1
000250:	0.820903977272727	0.031307386363636	0.017328977272727	0.027489204545455	0.027442045454545	0.075528409090909		1
000251:	0.486326136363636	0.065534659090909	0.142270454545455	0.069790340909091	0.133645454545455	0.102432954545455		1
000252:	0.128828409090909	0.155017613636364	0.368682386363636	0.129031250000000	0.044043181818182	0.174397159090909		1
000253:	0.064351136363636	0.041309659090909	0.072121022727273	0.040518181818182	0.034888068181818	0.746811931818182		1
000254:	0.071777840909091	0.056685795454545	0.144993750000000	0.101696022727273	0.038499431818182	0.586347159090909		1
000255:	0.068812500000000	0.051871590909091	0.041147159090909	0.064050000000000	0.021573295454545	0.752545454545455		1
000256:	0.698335795454545	0.034714204545455	0.046017613636364	0.159684659090909	0.021927840909091	0.039319886363636		1
000257:	0.033836363636364	0.621410227272727	0.176749431818182	0.109178977272727	0.021728977272727	0.037096022727273		1
000258:	0.502441477272727	0.027623863636364	0.027373863636364	0.407165340909091	0.019776704545455	0.015618750000000		1
000259:	0.013315340909091	0.914078409090909	0.014200000000000	0.022949431818182	0.021690340909091	0.013766477272727		1
000260:	0.155670454545455	0.038058522727273	0.552109659090909	0.042094886363636	0.090800000000000	0.121266477272727		1
000261:	0.087024431818182	0.172945454545455	0.115961931818182	0.071373863636364	0.071542613636364	0.481151704545455		1
000262:	0.068126136363636	0.456975568181818	0.258925000000000	0.043440909090909	0.060621022727273	0.111911363636364		1
000263:	0.371324431818182	0.099008522727273	0.119744886363636	0.331841477272727	0.056614204545455	0.021466477272727		1
000264:	0.044167045454545	0.839392613636364	0.031934090909091	0.043406818181818	0.013264772727273	0.027834659090909		1
000265:	0.033638068181818	0.083152840909091	0.036838068181818	0.768678409090909	0.015610227272727	0.062082386363636		1
000266:	0.410164772727273	0.089831818181818	0.038076704545455	0.115032386363636	0.039054545454545	0.307839772727273		1
000267:	0.197207954545455	0.025423863636364	0.085742045454545	0.039097727272727	0.041350000000000	0.611178409090909		1
000268:	0.210472727272727	0.152913636363636	0.110573295454545	0.372042613636364	0.025219886363636	0.128777840909091		1
000269:	0.208763068181818	0.056217045454545	0.029795454545455	0.072041477272727	0.450108522727273	0.183074431818182		1
000270:	0.030039204545455	0.824043181818182	0.043299431818182	0.075409659090909	0.013392045454545	0.013816477272727		1
000271:	0.062043181818182	0.101222727272727	0.060794318181818	0.040721022727273	0.041415340909091	0.693803409090909		1
000272:	0.104003409090909	0.145366477272727	0.151857386363636	0.070891477272727	0.044581818181818	0.483299431818182		1
000273:	0.114706818181818	0.348349431818182	0.044644318181818	0.098260795454545	0.258448863636364	0.135589772727273		1
000274:	0.139425000000000	0.081393750000000	0.087424431818182	0.051624431818182	0.037108522727273	0.603023863636364		1
000275:	0.676972159090909	0.052881250000000	0.032706250000000	0.113615340909091	0.069727272727273	0.054097727272727		1
000276:	0.031566477272727	0.837583522727273	0.043607954545455	0.034842045454545	0.021079545454545	0.031320454545455		1
000277:	0.088161363636364	0.086931250000000	0.028481250000000	0.073428977272727	0.196861363636364	0.526135795454545		1
000278:	0.635190340909091	0.049236363636364	0.058597159090909	0.144732386363636	0.037897727272727	0.074346022727273		1
000279:	0.235861931818182	0.016620454545455	0.021460227272727	0.069640340909091	0.169797727272727	0.486619318181818		1
000280:	0.342921590909091	0.229375568181818	0.266154545454545	0.048936931818182	0.042067613636364	0.070543750000000		1
000281:	0.060417613636364	0.395845454545455	0.028435227272727	0.035325568181818	0.111431250000000	0.368544886363636		1
000282:	0.470750000000000	0.164027840909091	0.105681818181818	0.104179545454545	0.072708522727273	0.082652272727273		1
000283:	0.016697727272727	0.862555681818182	0.062096590909091	0.026081250000000	0.015849431818182	0.016719318181818		1
000284:	0.073318750000000	0.067128977272727	0.091291477272727	0.043522159090909	0.025448863636364	0.699289772727273		1
000285:	0.467193750000000	0.030976136363636	0.063451704545455	0.086764204545455	0.125077272727273	0.226536931818182		1
000286:	0.378462500000000	0.248342045454545	0.034895454545455	0.043543181818182	0.118142045454545	0.176614772727273		1
000287:	0.374721590909091	0.225302272727273	0.034338636363636	0.045178977272727	0.178093181818182	0.142365340909091		1
000288:	0.315104545454545	0.265159659090909	0.110407954545455	0.135707386363636	0.093996022727273	0.079624431818182		1
000289:	0.153243181818182	0.234789772727273	0.090182386363636	0.348534090909091	0.018069886363636	0.155180681818182		1
000290:	0.060530681818182	0.145905681818182	0.615059659090909	0.057387500000000	0.019219886363636	0.101896590909091		1
000291:	0.140564772727273	0.097082386363636	0.028723295454545	0.618712500000000	0.087425568181818	0.027491477272727		1
000292:	0.069501136363636	0.074484090909091	0.266612500000000	0.500846022727273	0.032525568181818	0.056030681818182		1
000293:	0.037736931818182	0.048630681818182	0.028092613636364	0.847531818181818	0.022621022727273	0.015386931818182		1
000294:	0.344828977272727	0.114835227272727	0.027135227272727	0.459080113636364	0.032344318181818	0.021776136363636		1
000295:	0.738187500000000	0.051847727272727	0.042921590909091	0.123260227272727	0.030246590909091	0.013536363636364		1
000296:	0.139913068181818	0.434800000000000	0.046821022727273	0.307488636363636	0.044884090909091	0.026093181818182		1
000297:	0.398638068181818	0.319446022727273	0.072006250000000	0.165994886363636	0.018920454545455	0.024994318181818		1
000298:	0.174523863636364	0.050285227272727	0.017082954545455	0.042938636363636	0.643023863636364	0.072145454545455		1
000299:	0.453420454545455	0.099585795454545	0.056744318181818	0.297609659090909	0.021629545454545	0.071010227272727		1
000300:	0.072034659090909	0.266795454545455	0.044386931818182	0.369138068181818	0.143128409090909	0.104516477272727		1
000301:	0.230375000000000	0.045273863636364	0.026950000000000	0.626304545454546	0.042215340909091	0.028881250000000		1
000302:	0.017286363636364	0.891228977272727	0.025544318181818	0.042336931818182	0.012018181818182	0.011585227272727		1
000303:	0.017123863636364	0.902873863636364	0.023669886363636	0.021572727272727	0.020291477272727	0.014468181818182		1
000304:	0.160140909090909	0.040995454545455	0.121280113636364	0.626068181818182	0.020332386363636	0.031182954545455		1
000305:	0.051950000000000	0.138709090909091	0.706940909090909	0.048584659090909	0.027205681818182	0.026609659090909		1
000306:	0.601155113636364	0.166880681818182	0.214968750000000	0.014123863636364	0.001890909090909	0.000980681818182		1
000307:	0.030252840909091	0.102550568181818	0.740232954545455	0.080688068181818	0.012823863636364	0.033451704545455		1
000308:	0.025843750000000	0.045787500000000	0.039279545454545	0.853074431818182	0.014710227272727	0.021304545454545		1
000309:	0.106128409090909	0.090821590909091	0.032396022727273	0.610226704545455	0.042778977272727	0.117648295454545		1
000310:	0.041181818181818	0.858017045454545	0.019860227272727	0.056399431818182	0.014077840909091	0.010463636363636		1
000311:	0.457196022727273	0.002454545454545	0.534968750000000	0.003064204545455	0.001431250000000	0.000885227272727		1
000312:	0.204004545454545	0.045439772727273	0.034938636363636	0.059349431818182	0.041182954545455	0.615084659090909		1
000313:	0.146438068181818	0.062255113636364	0.059847159090909	0.068536363636364	0.115086931818182	0.547836363636364		1
000314:	0.497106818181818	0.097011931818182	0.115172727272727	0.047790909090909	0.143321590909091	0.099596022727273		1
000315:	0.248946590909091	0.036204545454545	0.026779545454545	0.082390340909091	0.042347159090909	0.563331818181818		1
000316:	0.503788068181818	0.043241477272727	0.060753977272727	0.310886363636364	0.019246022727273	0.062084090909091		1
000317:	0.740249431818182	0.029240909090909	0.112897727272727	0.035469886363636	0.049452272727273	0.032689772727273		1
000318:	0.146427272727273	0.225334090909091	0.269115909090909	0.306617613636364	0.022798863636364	0.029706250000000		1
000319:	0.022552840909091	0.827836363636364	0.073346590909091	0.052703977272727	0.012811931818182	0.010748295454545		1
000320:	0.102369318181818	0.513215909090909	0.089272727272727	0.142159659090909	0.051476704545455	0.101505681818182		1
000321:	0.026690909090909	0.046942045454545	0.048786931818182	0.838641477272727	0.014736363636364	0.024202272727273		1
000322:	0.033397727272727	0.239396590909091	0.575990909090909	0.096126704545455	0.022661931818182	0.032426136363636		1
000323:	0.124127840909091	0.136700000000000	0.124039204545455	0.151948295454545	0.275456250000000	0.187728409090909		1
000324:	0.061820454545455	0.193373295454545	0.510072159090909	0.177038636363636	0.018712500000000	0.038982954545455		1
000325:	0.029643181818182	0.823513068181818	0.048126136363636	0.040708522727273	0.029484090909091	0.028525000000000		1
000326:	0.375547159090909	0.080245454545455	0.190955113636364	0.219482386363636	0.023829545454545	0.109940340909091		1
000327:	0.144789204545455	0.088436931818182	0.106594318181818	0.599308522727273	0.038184090909091	0.022686931818182		1
000328:	0.587412500000000	0.002232386363636	0.401458522727273	0.002349431818182	0.001778977272727	0.004768181818182		1
000329:	0.164710795454545	0.102538068181818	0.131523863636364	0.456189772727273	0.080505681818182	0.064531818181818		1
000330:	0.038763068181818	0.178156818181818	0.610935227272727	0.075822159090909	0.018439772727273	0.077882954545455		1
000331:	0.019699431818182	0.054635795454545	0.724068181818182	0.077205113636364	0.014529545454545	0.109861931818182		1
