Estimated Clustering Probabilities for Samples
Sample	***Cluster  01***	***Cluster  02***	***Cluster  03***	***Cluster  04***	***Cluster  05***	
000001:	0.141299431818182	0.681558522727273	0.097602272727273	0.070218750000000	0.009321022727273		1
000002:	0.070604545454545	0.821325568181818	0.035686931818182	0.063897727272727	0.008485227272727		1
000003:	0.062125568181818	0.868554545454545	0.026221590909091	0.034591477272727	0.008506818181818		1
000004:	0.050957386363636	0.429484090909091	0.038563636363636	0.472773295454545	0.008221590909091		1
000005:	0.023814204545455	0.882523863636364	0.061133522727273	0.027460227272727	0.005068181818182		1
000006:	0.042943181818182	0.296834090909091	0.047332954545455	0.586328977272727	0.026560795454545		1
000007:	0.102613068181818	0.818314772727273	0.027439204545455	0.042943750000000	0.008689204545455		1
000008:	0.077557954545455	0.814311363636364	0.030915340909091	0.068998863636364	0.008216477272727		1
000009:	0.056457386363636	0.762447159090909	0.057660795454545	0.115897159090909	0.007537500000000		1
000010:	0.002208522727273	0.762040340909091	0.005281250000000	0.002572159090909	0.227897727272727		1
000011:	0.118480113636364	0.361468181818182	0.130076704545455	0.290203977272727	0.099771022727273		1
000012:	0.029256818181818	0.177200568181818	0.414734659090909	0.279032386363636	0.099775568181818		1
000013:	0.036903409090909	0.074144318181818	0.309311931818182	0.182827272727273	0.396813068181818		1
000014:	0.010482954545455	0.042194318181818	0.031781250000000	0.893393181818182	0.022148295454545		1
000015:	0.030121022727273	0.565302272727273	0.153273295454545	0.211711363636364	0.039592045454545		1
000016:	0.010648295454545	0.080778409090909	0.033031250000000	0.857494886363636	0.018047159090909		1
000017:	0.037960795454545	0.291985795454545	0.494406818181818	0.137419318181818	0.038227272727273		1
000018:	0.023182386363636	0.084788636363636	0.447057954545455	0.106865909090909	0.338105113636364		1
000019:	0.044868750000000	0.570269886363636	0.170388636363636	0.060255113636364	0.154217613636364		1
000020:	0.037978977272727	0.313693181818182	0.278653977272727	0.327186363636364	0.042487500000000		1
000021:	0.053037500000000	0.053188636363636	0.823577272727273	0.029814204545455	0.040382386363636		1
000022:	0.025656818181818	0.324507954545455	0.486772727272727	0.095989204545455	0.067073295454545		1
000023:	0.058532386363636	0.217697159090909	0.360472727272727	0.098665340909091	0.264632386363636		1
000024:	0.008742045454545	0.035792613636364	0.044733522727273	0.884315340909091	0.026416477272727		1
000025:	0.038960795454545	0.083651704545455	0.258225568181818	0.200721590909091	0.418440340909091		1
000026:	0.035656818181818	0.157432386363636	0.622727840909091	0.058890909090909	0.125292045454545		1
000027:	0.018325000000000	0.069489204545455	0.694452272727273	0.055676704545455	0.162056818181818		1
000028:	0.157952272727273	0.419927272727273	0.294780113636364	0.086213636363636	0.041126704545455		1
000029:	0.059390340909091	0.240650568181818	0.456712500000000	0.157165909090909	0.086080681818182		1
000030:	0.096639772727273	0.370748863636364	0.188760795454545	0.159118750000000	0.184731818181818		1
000031:	0.030510795454545	0.039374431818182	0.707118181818182	0.062986931818182	0.160009659090909		1
000032:	0.043805681818182	0.069918750000000	0.711103977272727	0.090868750000000	0.084302840909091		1
000033:	0.105021022727273	0.144825568181818	0.594528977272727	0.065514772727273	0.090109659090909		1
000034:	0.018732954545455	0.066941477272727	0.064642045454545	0.821849431818182	0.027834090909091		1
000035:	0.120777272727273	0.111146590909091	0.528395454545455	0.043898863636364	0.195781818181818		1
000036:	0.065967045454545	0.273876136363636	0.475978977272727	0.135342045454545	0.048835795454545		1
000037:	0.024744886363636	0.100755681818182	0.681889772727273	0.130666477272727	0.061943181818182		1
000038:	0.239915909090909	0.185356818181818	0.165814204545455	0.164739204545455	0.244173863636364		1
000039:	0.023898295454545	0.242765909090909	0.450272727272727	0.111471590909091	0.171591477272727		1
000040:	0.020206818181818	0.050956818181818	0.063433522727273	0.814216477272727	0.051186363636364		1
000041:	0.026100568181818	0.185971590909091	0.520685795454545	0.166548295454545	0.100693750000000		1
000042:	0.033021022727273	0.075999431818182	0.428589772727273	0.131813636363636	0.330576136363636		1
000043:	0.044281818181818	0.444343750000000	0.204047159090909	0.259965340909091	0.047361931818182		1
000044:	0.039565340909091	0.329976704545455	0.419941477272727	0.136616477272727	0.073900000000000		1
000045:	0.020971590909091	0.067228977272727	0.810036931818182	0.032733522727273	0.069028977272727		1
000046:	0.136354545454545	0.119628409090909	0.543764772727273	0.099551136363636	0.100701136363636		1
000047:	0.118495454545455	0.258755681818182	0.318764772727273	0.217871590909091	0.086112500000000		1
000048:	0.039018181818182	0.845018181818182	0.042772727272727	0.049990340909091	0.023200568181818		1
000049:	0.035712500000000	0.709563068181818	0.103603977272727	0.075888068181818	0.075232386363636		1
000050:	0.000031818181818	0.016330113636364	0.000059090909091	0.983559659090909	0.000019318181818		1
000051:	0.024744318181818	0.111533522727273	0.027481818181818	0.820490340909091	0.015750000000000		1
000052:	0.010955113636364	0.057039772727273	0.018392045454545	0.904983522727273	0.008629545454545		1
000053:	0.033064772727273	0.345638636363636	0.300492045454545	0.256537500000000	0.064267045454545		1
000054:	0.041650000000000	0.252578977272727	0.189398863636364	0.053206250000000	0.463165909090909		1
000055:	0.049012500000000	0.545207386363636	0.094119886363636	0.275733522727273	0.035926704545455		1
000056:	0.044058522727273	0.510794318181818	0.235379545454545	0.160109090909091	0.049658522727273		1
000057:	0.054298863636364	0.305634659090909	0.444492045454545	0.156219318181818	0.039355113636364		1
000058:	0.037350000000000	0.618403977272727	0.172455681818182	0.029353409090909	0.142436931818182		1
000059:	0.045449431818182	0.171739772727273	0.689079545454545	0.024239204545455	0.069492045454545		1
000060:	0.032559659090909	0.716300568181818	0.113439204545455	0.099855681818182	0.037844886363636		1
000061:	0.027159659090909	0.678581250000000	0.170894318181818	0.082606250000000	0.040758522727273		1
000062:	0.020282954545455	0.071346590909091	0.027745454545455	0.868351136363636	0.012273863636364		1
000063:	0.017216477272727	0.052485227272727	0.020094886363636	0.897965909090909	0.012237500000000		1
000064:	0.026743750000000	0.084760795454545	0.022214772727273	0.850792045454545	0.015488636363636		1
000065:	0.040585227272727	0.743508522727273	0.092334090909091	0.095113636363636	0.028458522727273		1
000066:	0.035983522727273	0.303137500000000	0.522116477272727	0.118634090909091	0.020128409090909		1
000067:	0.029528409090909	0.257782954545455	0.030336931818182	0.664942613636364	0.017409090909091		1
000068:	0.038975568181818	0.357109659090909	0.517834659090909	0.034985227272727	0.051094886363636		1
000069:	0.032585227272727	0.267735795454545	0.610550568181818	0.058382954545455	0.030745454545455		1
000070:	0.099351704545455	0.271801704545455	0.179361931818182	0.352764204545455	0.096720454545455		1
000071:	0.052616477272727	0.185343181818182	0.653045454545455	0.044741477272727	0.064253409090909		1
000072:	0.049133522727273	0.680318181818182	0.093984090909091	0.145370454545455	0.031193750000000		1
000073:	0.032014204545455	0.759540909090909	0.113052272727273	0.055765909090909	0.039626704545455		1
000074:	0.025771022727273	0.085749431818182	0.503056818181818	0.213114772727273	0.172307954545455		1
000075:	0.064207386363636	0.459761363636364	0.237289772727273	0.085099431818182	0.153642045454545		1
000076:	0.388931818181818	0.202354545454545	0.207907954545455	0.039886363636364	0.160919318181818		1
000077:	0.243839204545455	0.294649431818182	0.188464772727273	0.114474431818182	0.158572159090909		1
000078:	0.063284659090909	0.688177840909091	0.104013636363636	0.119390909090909	0.025132954545455		1
000079:	0.102231250000000	0.250379545454545	0.396557386363636	0.065789772727273	0.185042045454545		1
000080:	0.068626136363636	0.248627840909091	0.341796022727273	0.031680113636364	0.309269886363636		1
000081:	0.032280681818182	0.779985795454545	0.122583522727273	0.041809659090909	0.023340340909091		1
000082:	0.045846022727273	0.796578409090909	0.083681250000000	0.048246590909091	0.025647727272727		1
000083:	0.045634090909091	0.669918181818182	0.220297727272727	0.023607954545455	0.040542045454545		1
000084:	0.016654545454545	0.030288636363636	0.022484090909091	0.910402272727273	0.020170454545455		1
000085:	0.069880113636364	0.294631818181818	0.456467045454545	0.134169886363636	0.044851136363636		1
000086:	0.074190340909091	0.217580113636364	0.145833522727273	0.493875568181818	0.068520454545455		1
000087:	0.021975568181818	0.430316477272727	0.437384090909091	0.072089772727273	0.038234090909091		1
000088:	0.030461931818182	0.136604545454545	0.754460795454545	0.033358522727273	0.045114204545455		1
000089:	0.067701136363636	0.114611931818182	0.708930681818182	0.065851136363636	0.042905113636364		1
000090:	0.031895454545455	0.103566477272727	0.554542045454545	0.144203977272727	0.165792045454545		1
000091:	0.199011363636364	0.068611931818182	0.251977272727273	0.046539772727273	0.433859659090909		1
000092:	0.040658522727273	0.496098863636364	0.262710227272727	0.088697727272727	0.111834659090909		1
000093:	0.107823295454545	0.308101704545455	0.368903977272727	0.080188636363636	0.134982386363636		1
000094:	0.081488068181818	0.324159090909091	0.402923295454545	0.051728977272727	0.139700568181818		1
000095:	0.030950000000000	0.790248295454545	0.114075000000000	0.045282386363636	0.019444318181818		1
000096:	0.003925000000000	0.011236931818182	0.010129545454545	0.968859090909091	0.005849431818182		1
000097:	0.024132386363636	0.142512500000000	0.742415909090909	0.044184090909091	0.046755113636364		1
000098:	0.029853409090909	0.444972159090909	0.447857386363636	0.032763636363636	0.044553409090909		1
000099:	0.042244318181818	0.204423295454545	0.246278409090909	0.456677840909091	0.050376136363636		1
000100:	0.019269886363636	0.381729545454545	0.062532386363636	0.510373295454545	0.026094886363636		1
000101:	0.020575568181818	0.212622159090909	0.694454545454545	0.048211363636364	0.024136363636364		1
000102:	0.035907386363636	0.294265909090909	0.417397727272727	0.190997727272727	0.061431250000000		1
000103:	0.037381250000000	0.454715340909091	0.116501704545455	0.038328977272727	0.353072727272727		1
000104:	0.018285795454545	0.288419318181818	0.070000000000000	0.590137500000000	0.033157386363636		1
000105:	0.010022159090909	0.032590909090909	0.250877272727273	0.683790340909091	0.022719318181818		1
000106:	0.045155113636364	0.178543750000000	0.685350000000000	0.050780681818182	0.040170454545455		1
000107:	0.032604545454545	0.243224431818182	0.282696022727273	0.413021590909091	0.028453409090909		1
000108:	0.023351704545455	0.140636363636364	0.100800000000000	0.687170454545455	0.048041477272727		1
000109:	0.051070454545455	0.316855681818182	0.454406250000000	0.079166477272727	0.098501136363636		1
000110:	0.081956818181818	0.065155113636364	0.098503409090909	0.120288068181818	0.634096590909091		1
000111:	0.083917613636364	0.307000568181818	0.139939204545455	0.428008522727273	0.041134090909091		1
000112:	0.042382386363636	0.127548295454545	0.617146022727273	0.143689204545455	0.069234090909091		1
000113:	0.045322727272727	0.647497159090909	0.155950000000000	0.117936931818182	0.033293181818182		1
000114:	0.199606818181818	0.242102840909091	0.355988636363636	0.066577840909091	0.135723863636364		1
000115:	0.045457954545455	0.337844318181818	0.333316477272727	0.182922727272727	0.100458522727273		1
000116:	0.027729545454545	0.334296022727273	0.081446590909091	0.502745454545454	0.053782386363636		1
000117:	0.105386363636364	0.211391477272727	0.547791477272727	0.089282954545455	0.046147727272727		1
000118:	0.082707386363636	0.594568750000000	0.105944318181818	0.195977272727273	0.020802272727273		1
000119:	0.030478977272727	0.170144886363636	0.578674431818182	0.143085227272727	0.077616477272727		1
000120:	0.074365340909091	0.548628977272727	0.160446022727273	0.177462500000000	0.039097159090909		1
000121:	0.061641477272727	0.315818750000000	0.317519886363636	0.089192045454545	0.215827840909091		1
000122:	0.016931250000000	0.410147159090909	0.468646022727273	0.078081250000000	0.026194318181818		1
000123:	0.012255113636364	0.259943750000000	0.107874431818182	0.599794318181818	0.020132386363636		1
000124:	0.169459659090909	0.225719886363636	0.413648863636364	0.047794318181818	0.143377272727273		1
000125:	0.215412500000000	0.506819318181818	0.104334659090909	0.132653409090909	0.040780113636364		1
000126:	0.745301136363636	0.120644886363636	0.063278409090909	0.040186931818182	0.030588636363636		1
000127:	0.059401704545455	0.485477272727273	0.206636363636364	0.169774431818182	0.078710227272727		1
000128:	0.668889204545455	0.319888068181818	0.004511931818182	0.002751704545455	0.003959090909091		1
000129:	0.027421022727273	0.269264204545455	0.563649431818182	0.046326704545455	0.093338636363636		1
000130:	0.093164772727273	0.538513068181818	0.065399431818182	0.099223863636364	0.203698863636364		1
000131:	0.046398295454545	0.402244886363636	0.425302272727273	0.074150568181818	0.051903977272727		1
000132:	0.026352272727273	0.252989204545455	0.087582954545455	0.604883522727273	0.028192045454545		1
000133:	0.191022727272727	0.213148863636364	0.168730681818182	0.092288068181818	0.334809659090909		1
000134:	0.054917045454545	0.483205681818182	0.232310795454545	0.071742613636364	0.157823863636364		1
000135:	0.027259659090909	0.169250000000000	0.606860795454545	0.030405681818182	0.166223863636364		1
000136:	0.036018750000000	0.488723863636364	0.111402272727273	0.305891477272727	0.057963636363636		1
000137:	0.044718181818182	0.144650000000000	0.511276136363636	0.058938636363636	0.240417045454545		1
000138:	0.000748863636364	0.122019318181818	0.001568750000000	0.508616477272727	0.367046590909091		1
000139:	0.080588068181818	0.446480681818182	0.319598863636364	0.083159659090909	0.070172727272727		1
000140:	0.022276704545455	0.087529545454545	0.187435795454545	0.079318750000000	0.623439204545455		1
000141:	0.119330681818182	0.278800000000000	0.082138636363636	0.424904545454545	0.094826136363636		1
000142:	0.019788068181818	0.196218750000000	0.542144318181818	0.184249431818182	0.057599431818182		1
000143:	0.043698863636364	0.639216477272727	0.226635227272727	0.052573295454545	0.037876136363636		1
000144:	0.040210227272727	0.425028977272727	0.293942045454545	0.217115340909091	0.023703409090909		1
000145:	0.024282954545455	0.077666477272727	0.049055681818182	0.813433522727273	0.035561363636364		1
000146:	0.035117613636364	0.319943750000000	0.359800000000000	0.173259659090909	0.111878977272727		1
000147:	0.064916477272727	0.625499431818182	0.169476704545455	0.110519886363636	0.029587500000000		1
000148:	0.022988636363636	0.839950568181818	0.058823863636364	0.045264772727273	0.032972159090909		1
000149:	0.042553409090909	0.340478977272727	0.447557386363636	0.113342045454545	0.056068181818182		1
000150:	0.029949431818182	0.107193750000000	0.678474431818182	0.050928409090909	0.133453977272727		1
000151:	0.052453977272727	0.518127840909091	0.127346022727273	0.246116477272727	0.055955681818182		1
000152:	0.046934090909091	0.535957386363636	0.147092045454545	0.125602840909091	0.144413636363636		1
000153:	0.035755113636364	0.208056250000000	0.610942045454545	0.102347727272727	0.042898863636364		1
000154:	0.022559090909091	0.360335227272727	0.055723863636364	0.527095454545455	0.034286363636364		1
000155:	0.026195454545455	0.200882954545455	0.165233522727273	0.533385795454545	0.074302272727273		1
000156:	0.028872159090909	0.202466477272727	0.424527840909091	0.311772159090909	0.032361363636364		1
000157:	0.036732954545455	0.101733522727273	0.016626704545455	0.836444318181818	0.008462500000000		1
000158:	0.015089204545455	0.419401136363636	0.048013636363636	0.107320454545455	0.410175568181818		1
000159:	0.175484090909091	0.119467613636364	0.116409659090909	0.524986931818182	0.063651704545455		1
000160:	0.844332386363636	0.081218181818182	0.020473863636364	0.043761363636364	0.010214204545455		1
000161:	0.498487500000000	0.331423863636364	0.049373863636364	0.092805113636364	0.027909659090909		1
000162:	0.321609090909091	0.134321022727273	0.363408522727273	0.034240340909091	0.146421022727273		1
000163:	0.040406818181818	0.885490909090909	0.024459090909091	0.042913068181818	0.006730113636364		1
000164:	0.077722727272727	0.212129545454545	0.014399431818182	0.686036931818182	0.009711363636364		1
000165:	0.050100000000000	0.881439204545455	0.014041477272727	0.044578977272727	0.009840340909091		1
000166:	0.030246022727273	0.888986363636364	0.024085227272727	0.046627272727273	0.010055113636364		1
000167:	0.107738068181818	0.739386931818182	0.057813068181818	0.062813636363636	0.032248295454545		1
000168:	0.019376136363636	0.343378409090909	0.180389772727273	0.302286363636364	0.154569318181818		1
000169:	0.032228977272727	0.500014204545455	0.344296590909091	0.051228409090909	0.072231818181818		1
000170:	0.013701136363636	0.912369318181818	0.034110795454545	0.021567045454545	0.018251704545455		1
000171:	0.010213636363636	0.176422727272727	0.059135227272727	0.735898863636364	0.018329545454545		1
000172:	0.069448863636364	0.662925000000000	0.137659090909091	0.052301704545455	0.077665340909091		1
000173:	0.453881818181818	0.020348295454545	0.013382954545455	0.005784659090909	0.506602272727273		1
000174:	0.012881250000000	0.245421022727273	0.642794318181818	0.049680681818182	0.049222727272727		1
000175:	0.007621022727273	0.046982386363636	0.045973863636364	0.881723295454545	0.017699431818182		1
000176:	0.091967613636364	0.351298295454545	0.395357386363636	0.130710227272727	0.030666477272727		1
000177:	0.022642613636364	0.388073295454545	0.435461931818182	0.104998295454545	0.048823863636364		1
000178:	0.016013636363636	0.437892613636364	0.254925568181818	0.240118750000000	0.051049431818182		1
000179:	0.012180681818182	0.070346022727273	0.049145454545455	0.858911931818182	0.009415909090909		1
000180:	0.008504545454545	0.062522159090909	0.034294886363636	0.879825000000000	0.014853409090909		1
000181:	0.013296022727273	0.066253977272727	0.043102840909091	0.862470454545455	0.014876704545455		1
000182:	0.052057954545455	0.177317045454545	0.355864204545455	0.195326136363636	0.219434659090909		1
000183:	0.006619886363636	0.058694886363636	0.027360795454545	0.893197159090909	0.014127272727273		1
000184:	0.022432954545455	0.277141477272727	0.175111363636364	0.429049431818182	0.096264772727273		1
000185:	0.049405113636364	0.187707386363636	0.360060227272727	0.125921590909091	0.276905681818182		1
000186:	0.026972159090909	0.097201136363636	0.065169318181818	0.719177272727273	0.091480113636364		1
000187:	0.010332954545455	0.054942613636364	0.038521022727273	0.875500568181818	0.020702840909091		1
000188:	0.325234659090909	0.297527840909091	0.099975000000000	0.222006818181818	0.055255681818182		1
000189:	0.020248295454545	0.764104545454545	0.095223295454545	0.096527840909091	0.023896022727273		1
000190:	0.039685227272727	0.752216477272727	0.125572159090909	0.028851136363636	0.053675000000000		1
000191:	0.038005681818182	0.487991477272727	0.368772159090909	0.079865340909091	0.025365340909091		1
000192:	0.070121590909091	0.113811363636364	0.679294318181818	0.088464204545455	0.048308522727273		1
000193:	0.032443181818182	0.210910227272727	0.433591477272727	0.267183522727273	0.055871590909091		1
000194:	0.037975568181818	0.496000000000000	0.190794886363636	0.094610795454545	0.180618750000000		1
000195:	0.017472159090909	0.186306818181818	0.720188636363636	0.052606818181818	0.023425568181818		1
000196:	0.287290909090909	0.363338068181818	0.046456250000000	0.286387500000000	0.016527272727273		1
000197:	0.070122159090909	0.693984090909091	0.119327840909091	0.098069886363636	0.018496022727273		1
000198:	0.164861931818182	0.215951136363636	0.452775000000000	0.116768750000000	0.049643181818182		1
000199:	0.103998295454545	0.654865909090909	0.033076704545455	0.190803977272727	0.017255113636364		1
000200:	0.214306250000000	0.651705113636364	0.055567613636364	0.053782386363636	0.024638636363636		1
000201:	0.051436363636364	0.110828409090909	0.027355113636364	0.800219318181818	0.010160795454545		1
000202:	0.045581250000000	0.287390909090909	0.355784090909091	0.243514204545455	0.067729545454545		1
000203:	0.024681250000000	0.781616477272727	0.083714772727273	0.074940340909091	0.035047159090909		1
000204:	0.064993750000000	0.589098295454546	0.069533522727273	0.233610795454545	0.042763636363636		1
000205:	0.028106818181818	0.273086931818182	0.084270454545455	0.578484659090909	0.036051136363636		1
000206:	0.048481818181818	0.456582954545455	0.075551136363636	0.112740340909091	0.306643750000000		1
000207:	0.070207386363636	0.319521590909091	0.508899431818182	0.042271022727273	0.059100568181818		1
000208:	0.027430681818182	0.583628977272727	0.121690340909091	0.233804545454545	0.033445454545455		1
000209:	0.089129545454545	0.303458522727273	0.086500000000000	0.497006818181818	0.023905113636364		1
000210:	0.048360227272727	0.486963636363636	0.133738636363636	0.286004545454545	0.044932954545455		1
000211:	0.049936931818182	0.770906250000000	0.061544886363636	0.072744318181818	0.044867613636364		1
000212:	0.388899431818182	0.298024431818182	0.095116477272727	0.190533522727273	0.027426136363636		1
000213:	0.083288636363636	0.642025000000000	0.030167613636364	0.226466477272727	0.018052272727273		1
000214:	0.137915909090909	0.699965909090909	0.060555113636364	0.068309659090909	0.033253409090909		1
000215:	0.185953977272727	0.491215340909091	0.152249431818182	0.073622727272727	0.096958522727273		1
000216:	0.140051136363636	0.433409090909091	0.038125000000000	0.359970454545455	0.028444318181818		1
000217:	0.272098295454545	0.458907386363636	0.031653977272727	0.197609659090909	0.039730681818182		1
000218:	0.130110227272727	0.653357386363636	0.025805681818182	0.173173295454545	0.017553409090909		1
000219:	0.224963636363636	0.647116477272727	0.019788068181818	0.091776704545455	0.016355113636364		1
000220:	0.090922727272727	0.592504545454545	0.029440340909091	0.270331818181818	0.016800568181818		1
000221:	0.087573295454545	0.689291477272727	0.018888068181818	0.189751704545455	0.014495454545455		1
000222:	0.074093181818182	0.294262500000000	0.015001704545455	0.605993750000000	0.010648863636364		1
000223:	0.104536363636364	0.306789772727273	0.103284659090909	0.397555113636364	0.087834090909091		1
000224:	0.062079545454545	0.079519318181818	0.448742613636364	0.136388068181818	0.273270454545455		1
000225:	0.062148863636364	0.076920454545455	0.617009659090909	0.046357386363636	0.197563636363636		1
000226:	0.228385795454545	0.103961363636364	0.337822727272727	0.218290909090909	0.111539204545455		1
000227:	0.134122727272727	0.063657954545455	0.534418750000000	0.034072727272727	0.233727840909091		1
000228:	0.224980681818182	0.033211363636364	0.072819886363636	0.019984090909091	0.649003977272727		1
000229:	0.116614772727273	0.372185227272727	0.150394318181818	0.036217045454545	0.324588636363636		1
000230:	0.795778409090909	0.049066477272727	0.027212500000000	0.066887500000000	0.061055113636364		1
000231:	0.183230681818182	0.135612500000000	0.513491477272727	0.030186363636364	0.137478977272727		1
000232:	0.301784659090909	0.208305113636364	0.043278977272727	0.260238068181818	0.186393181818182		1
000233:	0.195386931818182	0.062646590909091	0.533560795454545	0.032847159090909	0.175558522727273		1
000234:	0.021340340909091	0.003444318181818	0.304807386363636	0.009593181818182	0.660814772727273		1
000235:	0.041201136363636	0.035797159090909	0.142765340909091	0.084550000000000	0.695686363636364		1
000236:	0.419175000000000	0.051669886363636	0.057560795454545	0.155936363636364	0.315657954545455		1
000237:	0.060559090909091	0.083335795454545	0.249546022727273	0.029984090909091	0.576575000000000		1
000238:	0.028340909090909	0.037256250000000	0.028839772727273	0.844828977272727	0.060734090909091		1
000239:	0.174347159090909	0.210594318181818	0.193226704545455	0.086982386363636	0.334849431818182		1
000240:	0.760576704545455	0.033772159090909	0.083426704545455	0.035496022727273	0.086728409090909		1
000241:	0.118498863636364	0.070182954545455	0.399460795454545	0.304392613636364	0.107464772727273		1
000242:	0.074863636363636	0.043019886363636	0.671623295454545	0.035787500000000	0.174705681818182		1
000243:	0.452948295454545	0.023435227272727	0.068684659090909	0.034438068181818	0.420493750000000		1
000244:	0.461492613636364	0.104427840909091	0.187796590909091	0.072347159090909	0.173935795454545		1
000245:	0.367745454545455	0.169443750000000	0.202308522727273	0.034121590909091	0.226380681818182		1
000246:	0.100149431818182	0.075364772727273	0.377562500000000	0.059584659090909	0.387338636363636		1
000247:	0.157625568181818	0.126385795454545	0.257417613636364	0.077627272727273	0.380943750000000		1
000248:	0.510086363636364	0.156235795454545	0.087802840909091	0.053254545454545	0.192620454545455		1
000249:	0.177810227272727	0.040651136363636	0.104840340909091	0.031330113636364	0.645368181818182		1
000250:	0.066901136363636	0.052989204545455	0.460740340909091	0.051728409090909	0.367640909090909		1
000251:	0.205931250000000	0.037457386363636	0.417459090909091	0.060540340909091	0.278611931818182		1
000252:	0.467142045454545	0.082769318181818	0.066772159090909	0.170169886363636	0.213146590909091		1
000253:	0.050750000000000	0.018436363636364	0.033601704545455	0.029052840909091	0.868159090909091		1
000254:	0.294372727272727	0.063339204545455	0.044926704545455	0.061548863636364	0.535812500000000		1
000255:	0.147411931818182	0.084784659090909	0.052131250000000	0.101500568181818	0.614171590909091		1
000256:	0.169375000000000	0.414082386363636	0.232939772727273	0.038990909090909	0.144611931818182		1
000257:	0.228606250000000	0.114446022727273	0.034264772727273	0.530846022727273	0.091836931818182		1
000258:	0.101634090909091	0.636993750000000	0.166118181818182	0.047098295454545	0.048155681818182		1
000259:	0.019335795454545	0.022492613636364	0.018012500000000	0.922544318181818	0.017614772727273		1
000260:	0.373984090909091	0.060069318181818	0.320602840909091	0.041866477272727	0.203477272727273		1
000261:	0.244292045454545	0.091450568181818	0.074217045454545	0.144371022727273	0.445669318181818		1
000262:	0.211134090909091	0.093728977272727	0.077025000000000	0.440291477272727	0.177820454545455		1
000263:	0.109462500000000	0.580915909090909	0.134192045454545	0.095106818181818	0.080322727272727		1
000264:	0.040531818181818	0.036719886363636	0.023968750000000	0.861107386363636	0.037672159090909		1
000265:	0.115402272727273	0.544706818181818	0.040264772727273	0.174031250000000	0.125594886363636		1
000266:	0.084584659090909	0.129656250000000	0.135891477272727	0.147572159090909	0.502295454545455		1
000267:	0.119096590909091	0.064763636363636	0.088246590909091	0.029094886363636	0.698798295454545		1
000268:	0.202882954545455	0.386553977272727	0.073981250000000	0.218296590909091	0.118285227272727		1
000269:	0.052994886363636	0.090123295454545	0.328799431818182	0.063929545454545	0.464152840909091		1
000270:	0.031459090909091	0.033597159090909	0.013386931818182	0.908068750000000	0.013488068181818		1
000271:	0.105013068181818	0.032432386363636	0.062263068181818	0.117701136363636	0.682590340909091		1
000272:	0.226712500000000	0.057777840909091	0.112721022727273	0.234853977272727	0.367934659090909		1
000273:	0.116739204545455	0.063120454545455	0.105827840909091	0.424157386363636	0.290155113636364		1
000274:	0.180118750000000	0.058932386363636	0.078952840909091	0.072811363636364	0.609184659090909		1
000275:	0.097527840909091	0.180298295454545	0.361820454545455	0.103020454545455	0.257332954545455		1
000276:	0.059385795454545	0.020742045454545	0.019214772727273	0.817677840909091	0.082979545454545		1
000277:	0.063366477272727	0.052833522727273	0.036957386363636	0.076725568181818	0.770117045454545		1
000278:	0.161540340909091	0.316669318181818	0.273730113636364	0.085253977272727	0.162806250000000		1
000279:	0.042399431818182	0.081528409090909	0.163030113636364	0.023690909090909	0.689351136363636		1
000280:	0.377479545454545	0.097653977272727	0.162630113636364	0.195859659090909	0.166376704545455		1
000281:	0.040470454545455	0.028540909090909	0.044134090909091	0.407575000000000	0.479279545454545		1
000282:	0.190881818181818	0.072110795454545	0.360442045454545	0.182869318181818	0.193696022727273		1
000283:	0.081076704545455	0.020332386363636	0.009573863636364	0.864390909090909	0.024626136363636		1
000284:	0.217180681818182	0.034538636363636	0.038134090909091	0.037904545454545	0.672242045454545		1
000285:	0.092423295454545	0.084959659090909	0.331345454545455	0.028509090909091	0.462762500000000		1
000286:	0.066315909090909	0.046914772727273	0.136311363636364	0.264505681818182	0.485952272727273		1
000287:	0.093018181818182	0.047193750000000	0.132400000000000	0.103715909090909	0.623672159090909		1
000288:	0.155996590909091	0.154842045454545	0.124276704545455	0.247516477272727	0.317368181818182		1
000289:	0.098647727272727	0.500080681818182	0.068169886363636	0.289869318181818	0.043232386363636		1
000290:	0.006471590909091	0.017797727272727	0.575749431818182	0.398726136363636	0.001255113636364		1
000291:	0.032640909090909	0.811363636363636	0.077107954545455	0.058810227272727	0.020077272727273		1
000292:	0.167957386363636	0.670971022727273	0.056316477272727	0.065811363636364	0.038943750000000		1
000293:	0.029330113636364	0.880379545454545	0.042272727272727	0.037359090909091	0.010658522727273		1
000294:	0.035561931818182	0.724059090909091	0.066335795454545	0.155307386363636	0.018735795454545		1
000295:	0.048380113636364	0.618682386363636	0.261347159090909	0.051143750000000	0.020446590909091		1
000296:	0.049734659090909	0.375901136363636	0.069313636363636	0.483397159090909	0.021653409090909		1
000297:	0.136039772727273	0.470150568181818	0.122423295454545	0.242484090909091	0.028902272727273		1
000298:	0.043572159090909	0.093511931818182	0.486638636363636	0.140044318181818	0.236232954545455		1
000299:	0.091443181818182	0.657522727272727	0.105862500000000	0.066367045454545	0.078804545454545		1
000300:	0.124293181818182	0.417193750000000	0.093981818181818	0.227465340909091	0.137065909090909		1
000301:	0.067601704545455	0.781360795454546	0.067300000000000	0.049477272727273	0.034260227272727		1
000302:	0.041101704545455	0.050716477272727	0.015159090909091	0.873589204545455	0.019433522727273		1
000303:	0.026125000000000	0.016800568181818	0.007796590909091	0.940779545454545	0.008498295454545		1
000304:	0.139977840909091	0.772489772727273	0.038792045454545	0.025676704545455	0.023063636363636		1
000305:	0.596638636363636	0.170227840909091	0.058188068181818	0.139521022727273	0.035424431818182		1
000306:	0.066201136363636	0.073710227272727	0.033875000000000	0.786788636363636	0.039425000000000		1
000307:	0.589763636363636	0.139068750000000	0.032771022727273	0.216993181818182	0.021403409090909		1
000308:	0.039855681818182	0.864528409090909	0.013372727272727	0.053563068181818	0.028680113636364		1
000309:	0.073578409090909	0.661222727272727	0.044550568181818	0.081929545454545	0.138718750000000		1
000310:	0.017043750000000	0.056248863636364	0.022740909090909	0.887266477272727	0.016700000000000		1
000311:	0.188773295454545	0.291799431818182	0.095935227272727	0.269524431818182	0.153967613636364		1
000312:	0.065728977272727	0.182695454545455	0.174076704545455	0.071377272727273	0.506121590909091		1
000313:	0.104450000000000	0.138034659090909	0.199687500000000	0.061680113636364	0.496147727272727		1
000314:	0.102676136363636	0.079921590909091	0.490185227272727	0.113479545454545	0.213737500000000		1
000315:	0.050315909090909	0.262017613636364	0.184309090909091	0.039326704545455	0.464030681818182		1
000316:	0.063663068181818	0.736985795454545	0.077310227272727	0.060704545454545	0.061336363636364		1
000317:	0.141407954545455	0.124214772727273	0.624824431818182	0.046811931818182	0.062740909090909		1
000318:	0.200360795454545	0.573688636363636	0.046261363636364	0.161935795454545	0.017753409090909		1
000319:	0.017802840909091	0.050314204545455	0.013837500000000	0.910138636363636	0.007906818181818		1
000320:	0.132478977272727	0.322331818181818	0.112139772727273	0.366143181818182	0.066906250000000		1
000321:	0.122122727272727	0.767721022727273	0.022494318181818	0.064227272727273	0.023434659090909		1
000322:	0.572825000000000	0.169890340909091	0.027925568181818	0.205531250000000	0.023827840909091		1
000323:	0.117861931818182	0.230047159090909	0.105789204545455	0.107167613636364	0.439134090909091		1
000324:	0.350750000000000	0.415261931818182	0.038059090909091	0.156140909090909	0.039788068181818		1
000325:	0.118538636363636	0.073248295454545	0.023631818181818	0.728793181818182	0.055788068181818		1
000326:	0.473553977272727	0.253081250000000	0.041663636363636	0.113778977272727	0.117922159090909		1
000327:	0.337780113636364	0.491087500000000	0.043819886363636	0.104617613636364	0.022694886363636		1
000328:	0.826412500000000	0.098442045454545	0.012124431818182	0.030546590909091	0.032474431818182		1
000329:	0.272940340909091	0.407043181818182	0.063903977272727	0.185706250000000	0.070406250000000		1
000330:	0.676187500000000	0.113656818181818	0.025980681818182	0.147481250000000	0.036693750000000		1
000331:	0.693893750000000	0.167888068181818	0.012899431818182	0.054113636363636	0.071205113636364		1
000332:	0.036010227272727	0.068325568181818	0.008288636363636	0.881835227272727	0.005540340909091		1
000333:	0.034504545454545	0.047782386363636	0.013335227272727	0.890481818181818	0.013896022727273		1
000334:	0.037136363636364	0.068151704545455	0.012577272727273	0.868498295454545	0.013636363636364		1
000335:	0.134372727272727	0.664841477272727	0.063356250000000	0.085478977272727	0.051950568181818		1
000336:	0.076665909090909	0.049340909090909	0.012573295454545	0.851536363636364	0.009883522727273		1
000337:	0.331610227272727	0.294245454545455	0.036129545454545	0.203206818181818	0.134807954545455		1
000338:	0.082950000000000	0.665850000000000	0.037251704545455	0.202000000000000	0.011948295454545		1
000339:	0.381593750000000	0.430561931818182	0.037977272727273	0.130925568181818	0.018941477272727		1
000340:	0.067703977272727	0.132556250000000	0.025248295454545	0.762635227272727	0.011856250000000		1
000341:	0.067234659090909	0.844266477272727	0.024104545454545	0.049343181818182	0.015051136363636		1
000342:	0.209593181818182	0.634160795454545	0.033523863636364	0.103575568181818	0.019146590909091		1
000343:	0.086576136363636	0.669163636363636	0.024446022727273	0.185549431818182	0.034264772727273		1
000344:	0.798797727272727	0.108898295454545	0.034102840909091	0.028050000000000	0.030151136363636		1
000345:	0.829012500000000	0.084712500000000	0.017797727272727	0.053940909090909	0.014536363636364		1
000346:	0.206714204545455	0.676519318181818	0.039408522727273	0.057615340909091	0.019742613636364		1
000347:	0.183775000000000	0.734786363636364	0.020664772727273	0.037908522727273	0.022865340909091		1
000348:	0.418661931818182	0.355238068181818	0.052611931818182	0.159107386363636	0.014380681818182		1
000349:	0.347257954545455	0.247562500000000	0.085210227272727	0.254536363636364	0.065432954545455		1
000350:	0.400534090909091	0.480363068181818	0.044742613636364	0.059980681818182	0.014379545454545		1
000351:	0.552981818181818	0.360732954545455	0.033746590909091	0.029859090909091	0.022679545454545		1
000352:	0.102693181818182	0.672114204545455	0.058085795454545	0.144807954545455	0.022298863636364		1
000353:	0.038153977272727	0.227687500000000	0.016426136363636	0.709333522727273	0.008398863636364		1
000354:	0.018502840909091	0.065257386363636	0.013846590909091	0.897892045454545	0.004501136363636		1
000355:	0.264401136363636	0.540485227272727	0.031663068181818	0.119828409090909	0.043622159090909		1
000356:	0.110881250000000	0.149148863636364	0.097605681818182	0.259618181818182	0.382746022727273		1
000357:	0.120058522727273	0.086528977272727	0.499851136363636	0.040024431818182	0.253536931818182		1
000358:	0.160722159090909	0.111763636363636	0.430577840909091	0.110876704545455	0.186059659090909		1
000359:	0.264876704545455	0.135255681818182	0.095167045454545	0.067121590909091	0.437578977272727		1
000360:	0.080753409090909	0.710977840909091	0.090922159090909	0.079434659090909	0.037911931818182		1
000361:	0.080900568181818	0.035847159090909	0.525217045454546	0.085316477272727	0.272718750000000		1
000362:	0.504588636363636	0.108372727272727	0.052995454545455	0.262098295454545	0.071944886363636		1
000363:	0.047299431818182	0.489067045454545	0.343667613636364	0.062032954545455	0.057932954545455		1
000364:	0.171206250000000	0.222924431818182	0.148422727272727	0.049338636363636	0.408107954545455		1
000365:	0.216996590909091	0.373115909090909	0.214559090909091	0.133873863636364	0.061454545454545		1
000366:	0.054434090909091	0.114667045454545	0.330835227272727	0.071812500000000	0.428251136363636		1
000367:	0.080582954545455	0.256553409090909	0.368596590909091	0.039659090909091	0.254607954545455		1
000368:	0.051505113636364	0.104273863636364	0.657238068181818	0.058046022727273	0.128936931818182		1
000369:	0.166785227272727	0.295877840909091	0.235311363636364	0.171707386363636	0.130318181818182		1
000370:	0.158219886363636	0.313559659090909	0.049421022727273	0.345921022727273	0.132878409090909		1
000371:	0.186204545454545	0.654570454545455	0.074486363636364	0.044841477272727	0.039897159090909		1
000372:	0.057546022727273	0.453805681818182	0.398222159090909	0.040984090909091	0.049442045454545		1
000373:	0.205850568181818	0.228503977272727	0.262405113636364	0.095714204545455	0.207526136363636		1
000374:	0.057824431818182	0.459870454545455	0.356160227272727	0.077664772727273	0.048480113636364		1
000375:	0.204869886363636	0.110750000000000	0.024726136363636	0.629950568181818	0.029703409090909		1
000376:	0.064592045454545	0.332180113636364	0.315462500000000	0.172882954545455	0.114882386363636		1
000377:	0.039341477272727	0.036744318181818	0.018209659090909	0.886450000000000	0.019254545454545		1
000378:	0.040681818181818	0.065731818181818	0.593803409090909	0.058039772727273	0.241743181818182		1
000379:	0.039193750000000	0.057252840909091	0.509415340909091	0.021605681818182	0.372532386363636		1
000380:	0.068518181818182	0.151346590909091	0.492926136363636	0.129909090909091	0.157300000000000		1
000381:	0.038574431818182	0.058513068181818	0.342818750000000	0.028796022727273	0.531297727272727		1
000382:	0.083086931818182	0.213736363636364	0.524309090909091	0.107419318181818	0.071448295454545		1
000383:	0.097903977272727	0.395428409090909	0.222331250000000	0.104271590909091	0.180064772727273		1
000384:	0.078675568181818	0.301353977272727	0.248943181818182	0.079860227272727	0.291167045454545		1
000385:	0.358363636363636	0.190259090909091	0.256528409090909	0.040814772727273	0.154034090909091		1
000386:	0.055005113636364	0.065726136363636	0.098267045454545	0.043790340909091	0.737211363636364		1
000387:	0.057176136363636	0.313818181818182	0.367315340909091	0.121749431818182	0.139940909090909		1
000388:	0.195716477272727	0.160827840909091	0.087761931818182	0.087976704545455	0.467717045454545		1
000389:	0.157202272727273	0.402085795454545	0.315533522727273	0.024679545454545	0.100498863636364		1
000390:	0.481465909090909	0.240242045454545	0.033669318181818	0.168438636363636	0.076184090909091		1
