Estimated Clustering Probabilities for Samples
Sample	***Cluster  01***	***Cluster  02***	***Cluster  03***	***Cluster  04***	***Cluster  05***	***Cluster  06***	***Cluster  07***	***Cluster  08***	
000001:	0.084984090909091	0.186343181818182	0.184211363636364	0.141802272727273	0.201932386363636	0.064451704545455	0.023660227272727	0.112614772727273		1
000002:	0.025386363636364	0.063582386363636	0.057994886363636	0.252534090909091	0.040071590909091	0.476899431818182	0.013971590909091	0.069559659090909		1
000003:	0.025712500000000	0.047366477272727	0.069890909090909	0.205122727272727	0.061707386363636	0.316682386363636	0.088973863636364	0.184543750000000		1
000004:	0.011007954545455	0.005814772727273	0.736508522727273	0.007346022727273	0.008765909090909	0.226285227272727	0.001976704545455	0.002294886363636		1
000005:	0.019111363636364	0.033749431818182	0.055384090909091	0.506147159090909	0.067495454545455	0.208066477272727	0.035003977272727	0.075042045454545		1
000006:	0.116344886363636	0.080163068181818	0.581498863636364	0.047904545454545	0.026386363636364	0.087013636363636	0.037182954545455	0.023505681818182		1
000007:	0.013851704545455	0.092359659090909	0.046765909090909	0.027103409090909	0.019911931818182	0.737486363636364	0.018500568181818	0.044020454545455		1
000008:	0.019524431818182	0.074866477272727	0.058144318181818	0.593130113636364	0.021992613636364	0.137818181818182	0.024452272727273	0.070071590909091		1
000009:	0.031039772727273	0.035419318181818	0.129351136363636	0.663923295454545	0.040570454545455	0.050384659090909	0.017332954545455	0.031978409090909		1
000010:	0.014768181818182	0.026945454545455	0.036814204545455	0.527180113636364	0.051495454545455	0.306781818181818	0.008909090909091	0.027105681818182		1
000011:	0.013154545454545	0.061393750000000	0.124152840909091	0.054574431818182	0.163407386363636	0.125699431818182	0.038154545454545	0.419463068181818		1
000012:	0.129627272727273	0.036695454545455	0.169839772727273	0.226072727272727	0.212681818181818	0.097450568181818	0.083707954545455	0.043924431818182		1
000013:	0.632885795454545	0.026300000000000	0.098684090909091	0.046351136363636	0.066609090909091	0.034827272727273	0.059329545454545	0.035013068181818		1
000014:	0.009353977272727	0.020626704545455	0.875004545454545	0.022994318181818	0.014156250000000	0.026463068181818	0.015321590909091	0.016079545454545		1
000015:	0.013601704545455	0.007347159090909	0.046845454545455	0.032952840909091	0.013205113636364	0.870254545454546	0.005509659090909	0.010283522727273		1
000016:	0.011943181818182	0.035312500000000	0.837805681818182	0.017443750000000	0.019750568181818	0.025680681818182	0.038619886363636	0.013443750000000		1
000017:	0.061361931818182	0.053558522727273	0.074652840909091	0.066988068181818	0.206692613636364	0.395106818181818	0.017036931818182	0.124602272727273		1
000018:	0.004296590909091	0.001428977272727	0.330625000000000	0.001118181818182	0.017130113636364	0.636339772727273	0.006902272727273	0.002159090909091		1
000019:	0.038197159090909	0.031650568181818	0.051834090909091	0.032303409090909	0.043297727272727	0.682456250000000	0.045259659090909	0.075001136363636		1
000020:	0.023860795454545	0.025872727272727	0.362850568181818	0.063076704545455	0.125885227272727	0.322284090909091	0.013368750000000	0.062801136363636		1
000021:	0.046277840909091	0.051396022727273	0.045378409090909	0.020072159090909	0.510250568181818	0.051443750000000	0.036835795454545	0.238345454545455		1
000022:	0.044638068181818	0.052755113636364	0.033026136363636	0.033386363636364	0.083347727272727	0.703442045454545	0.017998863636364	0.031405681818182		1
000023:	0.052998863636364	0.074207954545455	0.105860227272727	0.095215909090909	0.127016477272727	0.292930113636364	0.121535795454545	0.130234659090909		1
000024:	0.016378977272727	0.012453977272727	0.865732386363636	0.011676704545455	0.020904545454545	0.049478977272727	0.010585227272727	0.012789204545455		1
000025:	0.167757954545455	0.019157386363636	0.147102272727273	0.023678409090909	0.072543181818182	0.185428977272727	0.361230681818182	0.023101136363636		1
000026:	0.082194318181818	0.024741477272727	0.077785795454545	0.059935795454545	0.478315340909091	0.120219886363636	0.097521590909091	0.059285795454545		1
000027:	0.081938636363636	0.019366477272727	0.089590909090909	0.032540340909091	0.622353409090909	0.090470454545455	0.042605681818182	0.021134090909091		1
000028:	0.050066477272727	0.063999431818182	0.046711931818182	0.021875000000000	0.082986931818182	0.056490909090909	0.014470454545455	0.663398863636364		1
000029:	0.069627272727273	0.053811931818182	0.161828977272727	0.075129545454545	0.201253977272727	0.309333522727273	0.032542045454545	0.096472727272727		1
000030:	0.041623295454545	0.050776704545455	0.129584659090909	0.086635795454545	0.086528977272727	0.263765909090909	0.085228409090909	0.255856250000000		1
000031:	0.421143181818182	0.025371590909091	0.047496022727273	0.030613636363636	0.383072159090909	0.040572159090909	0.021736931818182	0.029994318181818		1
000032:	0.170769886363636	0.010247727272727	0.592611363636364	0.005968750000000	0.191269318181818	0.010900568181818	0.004711363636364	0.013521022727273		1
000033:	0.027442045454545	0.040544318181818	0.062771022727273	0.066980113636364	0.480290909090909	0.119209659090909	0.038810795454545	0.163951136363636		1
000034:	0.013698863636364	0.030848295454545	0.848390340909091	0.022666477272727	0.025428409090909	0.026923863636364	0.013147727272727	0.018896022727273		1
000035:	0.075909659090909	0.150503409090909	0.044185795454545	0.047805681818182	0.143603977272727	0.181320454545455	0.223065340909091	0.133605681818182		1
000036:	0.043343181818182	0.071421022727273	0.112268750000000	0.060677272727273	0.194994318181818	0.363423863636364	0.021703977272727	0.132167613636364		1
000037:	0.113805681818182	0.021901704545455	0.118968750000000	0.077233522727273	0.427735795454545	0.162314204545455	0.025830113636364	0.052210227272727		1
000038:	0.031127272727273	0.073293181818182	0.120534659090909	0.092036363636364	0.100394318181818	0.165886363636364	0.117936363636364	0.298791477272727		1
000039:	0.223990340909091	0.031338068181818	0.175812500000000	0.099985795454545	0.185709090909091	0.187747727272727	0.048897159090909	0.046519318181818		1
000040:	0.017263636363636	0.019217613636364	0.797030681818182	0.046421590909091	0.024948295454545	0.040914204545455	0.026094886363636	0.028109090909091		1
000041:	0.044528409090909	0.025716477272727	0.314264772727273	0.051865909090909	0.394689772727273	0.114515340909091	0.025815340909091	0.028603977272727		1
000042:	0.062742045454545	0.046852840909091	0.118697727272727	0.059203977272727	0.278855681818182	0.107130681818182	0.294342613636364	0.032174431818182		1
000043:	0.329313068181818	0.005021022727273	0.006306250000000	0.003976136363636	0.642525000000000	0.004400000000000	0.001152272727273	0.007306250000000		1
000044:	0.090123295454545	0.079141477272727	0.177034659090909	0.059094886363636	0.138442613636364	0.211160227272727	0.021005113636364	0.223997727272727		1
000045:	0.178583522727273	0.021560227272727	0.020632386363636	0.028055681818182	0.660792045454546	0.039849431818182	0.037706250000000	0.012820454545455		1
000046:	0.113897727272727	0.144918181818182	0.075541477272727	0.022248295454545	0.369457954545455	0.104811931818182	0.137898863636364	0.031225568181818		1
000047:	0.070876136363636	0.153459090909091	0.155132954545455	0.164801704545455	0.155136931818182	0.073798863636364	0.117128977272727	0.109665340909091		1
000048:	0.023215340909091	0.022893181818182	0.060146590909091	0.316407954545455	0.042907386363636	0.171550568181818	0.040953977272727	0.321925000000000		1
000049:	0.024555113636364	0.023414772727273	0.084644318181818	0.088930113636364	0.074138636363636	0.432779545454545	0.071018181818182	0.200519318181818		1
000050:	0.042915340909091	0.041892613636364	0.235134090909091	0.053280113636364	0.122217045454545	0.109168750000000	0.364696022727273	0.030696022727273		1
000051:	0.015171022727273	0.018615909090909	0.823767045454545	0.026547159090909	0.014927840909091	0.065049431818182	0.013353977272727	0.022567613636364		1
000052:	0.009875568181818	0.014831250000000	0.860759090909091	0.033791477272727	0.017894318181818	0.038452272727273	0.011071590909091	0.013324431818182		1
000053:	0.064134090909091	0.041639204545455	0.171653409090909	0.160797159090909	0.256663068181818	0.112997159090909	0.161030681818182	0.031085227272727		1
000054:	0.195251136363636	0.052673863636364	0.062210795454545	0.044246022727273	0.166867045454545	0.145985795454545	0.258736363636364	0.074028977272727		1
000055:	0.021103977272727	0.020125568181818	0.224290340909091	0.556119886363636	0.051408522727273	0.095211363636364	0.010819318181818	0.020921022727273		1
000056:	0.054793750000000	0.095094318181818	0.103442613636364	0.130936931818182	0.128819318181818	0.415214772727273	0.032742045454545	0.038956250000000		1
000057:	0.076618181818182	0.032676136363636	0.326897727272727	0.161896590909091	0.262823863636364	0.087946022727273	0.025817613636364	0.025323863636364		1
000058:	0.035961931818182	0.014711931818182	0.028809659090909	0.026548863636364	0.201470454545455	0.414444318181818	0.165757954545455	0.112294886363636		1
000059:	0.333817613636364	0.035175568181818	0.024321590909091	0.071229545454545	0.357535227272727	0.056236363636364	0.038555113636364	0.083128977272727		1
000060:	0.048906250000000	0.025118181818182	0.156360795454545	0.171860227272727	0.109751704545455	0.286479545454545	0.018969318181818	0.182553977272727		1
000061:	0.022618750000000	0.020313068181818	0.024205113636364	0.102660227272727	0.032807386363636	0.762047159090909	0.024923863636364	0.010424431818182		1
000062:	0.016050568181818	0.010964772727273	0.793315340909091	0.014152272727273	0.020165340909091	0.095148295454545	0.031608522727273	0.018594886363636		1
000063:	0.011306250000000	0.016914204545455	0.876719886363636	0.020198295454545	0.011601704545455	0.024998295454545	0.021665340909091	0.016596022727273		1
000064:	0.009475000000000	0.222100568181818	0.673627840909091	0.026511363636364	0.015429545454545	0.024068181818182	0.009286931818182	0.019500568181818		1
000065:	0.032033522727273	0.027359659090909	0.057365340909091	0.218650000000000	0.062886931818182	0.353039204545455	0.024346590909091	0.224318750000000		1
000066:	0.086737500000000	0.028403409090909	0.120329545454545	0.267476136363636	0.307898295454545	0.131325568181818	0.040727840909091	0.017101704545455		1
000067:	0.015000568181818	0.040758522727273	0.648685795454545	0.187604545454545	0.016969886363636	0.056312500000000	0.013979545454545	0.020688636363636		1
000068:	0.008039772727273	0.007740909090909	0.004636363636364	0.002198863636364	0.961373863636364	0.009152272727273	0.004071022727273	0.002786931818182		1
000069:	0.065935795454545	0.030247727272727	0.094927272727273	0.074611931818182	0.459500000000000	0.176764772727273	0.031453409090909	0.066559090909091		1
000070:	0.088310227272727	0.046649431818182	0.459669886363636	0.067871022727273	0.101552272727273	0.156994318181818	0.026499431818182	0.052453409090909		1
000071:	0.101586363636364	0.041560795454545	0.039261363636364	0.088391477272727	0.479854545454545	0.131881250000000	0.028195454545455	0.089268750000000		1
000072:	0.026715340909091	0.026443750000000	0.185609090909091	0.310238636363636	0.070700568181818	0.259772159090909	0.017429545454545	0.103090909090909		1
000073:	0.028202840909091	0.024853409090909	0.071059659090909	0.287530113636364	0.099951704545455	0.422205681818182	0.018550000000000	0.047646590909091		1
000074:	0.379721590909091	0.028823863636364	0.216519886363636	0.052126136363636	0.109468750000000	0.110948863636364	0.057093181818182	0.045297727272727		1
000075:	0.059375568181818	0.038123295454545	0.062352272727273	0.054409659090909	0.112523863636364	0.564968181818182	0.064743750000000	0.043503409090909		1
000076:	0.089542613636364	0.237962500000000	0.042048295454545	0.047648295454545	0.067534090909091	0.174434090909091	0.095363068181818	0.245467045454545		1
000077:	0.168162500000000	0.101393750000000	0.064635227272727	0.159139204545455	0.093428977272727	0.042655113636364	0.054137500000000	0.316447727272727		1
000078:	0.015685227272727	0.027423863636364	0.189724431818182	0.044297159090909	0.193697727272727	0.149911363636364	0.058463068181818	0.320797159090909		1
000079:	0.046843181818182	0.045996022727273	0.070717613636364	0.047400568181818	0.350444318181818	0.161361363636364	0.145827272727273	0.131409659090909		1
000080:	0.037322159090909	0.021006250000000	0.029426136363636	0.032485227272727	0.208444318181818	0.206470454545455	0.395664204545455	0.069181250000000		1
000081:	0.024809090909091	0.023783522727273	0.049773863636364	0.244486931818182	0.090005681818182	0.504860227272727	0.013163636363636	0.049117045454545		1
000082:	0.020496590909091	0.025209659090909	0.061294318181818	0.231103409090909	0.084768181818182	0.524459090909091	0.010783522727273	0.041885227272727		1
000083:	0.055270454545455	0.022465340909091	0.033053977272727	0.400113068181818	0.141346590909091	0.268015909090909	0.039172159090909	0.040562500000000		1
000084:	0.014189772727273	0.020776704545455	0.872359090909091	0.016963636363636	0.010759659090909	0.025821022727273	0.024618181818182	0.014511931818182		1
000085:	0.077934659090909	0.072364772727273	0.087861363636364	0.048003409090909	0.112261363636364	0.538711363636364	0.018239204545455	0.044623863636364		1
000086:	0.042793750000000	0.051118750000000	0.417961363636364	0.068655113636364	0.120683522727273	0.119152272727273	0.107665909090909	0.071969318181818		1
000087:	0.021617613636364	0.019919886363636	0.046352272727273	0.365528977272727	0.308052272727273	0.100948295454545	0.018892613636364	0.118688068181818		1
000088:	0.076188068181818	0.022593181818182	0.030112500000000	0.045764772727273	0.711988636363636	0.048581818181818	0.027445454545455	0.037325568181818		1
000089:	0.049995454545455	0.031911363636364	0.109559090909091	0.038757954545455	0.655971022727273	0.057509090909091	0.025142045454545	0.031153977272727		1
000090:	0.453385227272727	0.044572159090909	0.107255681818182	0.061860795454545	0.093845454545455	0.117626136363636	0.081671022727273	0.039783522727273		1
000091:	0.081852272727273	0.080744886363636	0.059323863636364	0.035185227272727	0.151383522727273	0.072690340909091	0.412130113636364	0.106689772727273		1
000092:	0.037586363636364	0.033085227272727	0.024656250000000	0.056037500000000	0.128698295454545	0.585076704545455	0.092226136363636	0.042633522727273		1
000093:	0.089834090909091	0.015960795454545	0.066439204545455	0.653823295454545	0.098694318181818	0.025074431818182	0.032307954545455	0.017865909090909		1
000094:	0.036580681818182	0.026894886363636	0.071835227272727	0.145017613636364	0.418594886363636	0.145380113636364	0.114914772727273	0.040781818181818		1
000095:	0.025148863636364	0.027909090909091	0.144446590909091	0.465240909090909	0.039253409090909	0.244010227272727	0.018457386363636	0.035533522727273		1
000096:	0.015696590909091	0.021402840909091	0.746810795454545	0.050642613636364	0.013873295454545	0.122366477272727	0.012393181818182	0.016814204545455		1
000097:	0.053076704545455	0.039404545454545	0.034690909090909	0.068958522727273	0.605441477272727	0.109317045454545	0.051345454545455	0.037765340909091		1
000098:	0.038697727272727	0.016923295454545	0.021428977272727	0.053978977272727	0.241531818181818	0.569228409090909	0.019323863636364	0.038886931818182		1
000099:	0.071439204545455	0.060573295454545	0.319153977272727	0.042157386363636	0.176571590909091	0.210356250000000	0.037267045454545	0.082481250000000		1
000100:	0.022428409090909	0.028771590909091	0.654499431818182	0.102440909090909	0.044323863636364	0.083910795454545	0.032125000000000	0.031500000000000		1
000101:	0.019177272727273	0.015273863636364	0.026985795454545	0.125886363636364	0.142627840909091	0.648186363636364	0.009634090909091	0.012228409090909		1
000102:	0.169481818181818	0.170673863636364	0.246396590909091	0.023930681818182	0.261040340909091	0.068012500000000	0.018885227272727	0.041578977272727		1
000103:	0.042188068181818	0.053384090909091	0.063938068181818	0.061616477272727	0.100189772727273	0.334243750000000	0.113793181818182	0.230646590909091		1
000104:	0.012135795454545	0.015768181818182	0.694985795454545	0.063909090909091	0.026392045454545	0.133601704545455	0.037193750000000	0.016013636363636		1
000105:	0.095778977272727	0.021982386363636	0.193386931818182	0.055830113636364	0.397474431818182	0.158868750000000	0.053472159090909	0.023206250000000		1
000106:	0.105662500000000	0.026917045454545	0.051639772727273	0.068933522727273	0.408810227272727	0.146525000000000	0.033721022727273	0.157790909090909		1
000107:	0.033528409090909	0.023692045454545	0.329435227272727	0.051582386363636	0.086843181818182	0.397075000000000	0.022573295454545	0.055270454545455		1
000108:	0.073371022727273	0.024447159090909	0.595291477272727	0.088618750000000	0.057345454545455	0.079880681818182	0.038394318181818	0.042651136363636		1
000109:	0.062241477272727	0.051915909090909	0.078726136363636	0.101636931818182	0.315050000000000	0.222975000000000	0.046577272727273	0.120877272727273		1
000110:	0.237805113636364	0.154392045454545	0.123999431818182	0.036480681818182	0.035548863636364	0.043865909090909	0.328587500000000	0.039320454545455		1
000111:	0.022779545454545	0.024268750000000	0.466684659090909	0.093792613636364	0.042121022727273	0.282218181818182	0.044636363636364	0.023498863636364		1
000112:	0.196956818181818	0.044585227272727	0.130233522727273	0.058583522727273	0.378668181818182	0.062979545454545	0.040755113636364	0.087238068181818		1
000113:	0.037056250000000	0.028879545454545	0.075467613636364	0.252314204545455	0.079586931818182	0.371672727272727	0.035109659090909	0.119913068181818		1
000114:	0.014735795454545	0.002791477272727	0.099567613636364	0.864632386363636	0.009090909090909	0.003450000000000	0.003175568181818	0.002556250000000		1
000115:	0.106316477272727	0.035553409090909	0.072741477272727	0.086144318181818	0.199590340909091	0.361235227272727	0.063657954545455	0.074760795454545		1
000116:	0.038569886363636	0.031731250000000	0.357900568181818	0.268711363636364	0.079542613636364	0.147756818181818	0.037466477272727	0.038321022727273		1
000117:	0.122503977272727	0.068564204545455	0.086355681818182	0.109177840909091	0.476640909090909	0.068476704545455	0.025989772727273	0.042290909090909		1
000118:	0.024004545454545	0.053729545454545	0.248339772727273	0.124138636363636	0.048471022727273	0.434689204545455	0.021153409090909	0.045473863636364		1
000119:	0.081954545454545	0.018228977272727	0.084342045454545	0.040779545454545	0.580114204545455	0.117130681818182	0.036190909090909	0.041259090909091		1
000120:	0.042842045454545	0.026115909090909	0.216765340909091	0.372442045454545	0.068932954545455	0.154506818181818	0.025442613636364	0.092952272727273		1
000121:	0.156360795454545	0.043601704545455	0.089792045454545	0.044340340909091	0.088946022727273	0.425683522727273	0.065701704545455	0.085573863636364		1
000122:	0.181390340909091	0.029175000000000	0.060440340909091	0.280200568181818	0.130164204545455	0.225171022727273	0.023328977272727	0.070129545454545		1
000123:	0.016925000000000	0.020247727272727	0.024183522727273	0.082513636363636	0.022510227272727	0.751603409090909	0.052984659090909	0.029031818181818		1
000124:	0.072776136363636	0.126330681818182	0.043078409090909	0.024344318181818	0.230325568181818	0.331046022727273	0.072539772727273	0.099559090909091		1
000125:	0.007763636363636	0.272732954545455	0.049761363636364	0.123935795454545	0.009610795454545	0.512025000000000	0.006427840909091	0.017742613636364		1
000126:	0.014662500000000	0.599532386363636	0.043271590909091	0.017578409090909	0.030689772727273	0.023503977272727	0.038585227272727	0.232176136363636		1
000127:	0.015039772727273	0.020635227272727	0.106400568181818	0.312851704545455	0.123310795454545	0.352063068181818	0.024696022727273	0.045002840909091		1
000128:	0.028253409090909	0.041219886363636	0.129530681818182	0.158375000000000	0.063678977272727	0.363782386363636	0.072865909090909	0.142293750000000		1
000129:	0.449779545454545	0.025094318181818	0.034112500000000	0.051879545454545	0.220681818181818	0.091592045454545	0.086814204545455	0.040046022727273		1
000130:	0.010621590909091	0.012801136363636	0.042348295454545	0.415271022727273	0.017469886363636	0.397953977272727	0.092014772727273	0.011519318181818		1
000131:	0.746244318181818	0.015537500000000	0.000834659090909	0.001098863636364	0.234702840909091	0.000512500000000	0.000673863636364	0.000395454545455		1
000132:	0.020256818181818	0.045980681818182	0.677175000000000	0.090580113636364	0.054372727272727	0.041142045454545	0.025360795454545	0.045131818181818		1
000133:	0.066277840909091	0.090727840909091	0.071477272727273	0.038307386363636	0.113572159090909	0.107747159090909	0.246221022727273	0.265669318181818		1
000134:	0.037773295454545	0.092244886363636	0.069232386363636	0.067533522727273	0.117440340909091	0.304168750000000	0.237760795454545	0.073846022727273		1
000135:	0.234499431818182	0.041326704545455	0.028884090909091	0.103605113636364	0.318519886363636	0.102074431818182	0.143952840909091	0.027137500000000		1
000136:	0.035035227272727	0.039728409090909	0.087571590909091	0.158178977272727	0.081552272727273	0.411805681818182	0.083071590909091	0.103056250000000		1
000137:	0.721713068181818	0.023039772727273	0.019032954545455	0.048130113636364	0.052228409090909	0.096899431818182	0.015468750000000	0.023487500000000		1
000138:	0.048842045454545	0.101057954545455	0.068254545454545	0.083273295454545	0.116495454545455	0.205739772727273	0.080401704545455	0.295935227272727		1
000139:	0.028890340909091	0.056409659090909	0.103662500000000	0.166537500000000	0.293205113636364	0.157667045454545	0.096848863636364	0.096778977272727		1
000140:	0.050740340909091	0.003671590909091	0.631134659090909	0.003696022727273	0.015319318181818	0.011115340909091	0.281625568181818	0.002697159090909		1
000141:	0.032678409090909	0.040067613636364	0.507905681818182	0.061849431818182	0.025877840909091	0.132361363636364	0.032310227272727	0.166949431818182		1
000142:	0.219098295454545	0.026225568181818	0.132493750000000	0.166350000000000	0.123906250000000	0.273644886363636	0.030126704545455	0.028154545454545		1
000143:	0.031338636363636	0.023665340909091	0.060265340909091	0.052322727272727	0.505985795454545	0.103145454545455	0.033424431818182	0.189852272727273		1
000144:	0.054289204545455	0.048186363636364	0.193385795454545	0.091847727272727	0.208487500000000	0.310627272727273	0.020650000000000	0.072526136363636		1
000145:	0.022615340909091	0.033819318181818	0.696578409090909	0.047010227272727	0.027137500000000	0.070606250000000	0.031760227272727	0.070472727272727		1
000146:	0.157975000000000	0.035506250000000	0.260063068181818	0.203970454545455	0.135225000000000	0.078490340909091	0.108447727272727	0.020322159090909		1
000147:	0.040214204545455	0.035823863636364	0.116076704545455	0.248691477272727	0.091688068181818	0.378860795454545	0.030494886363636	0.058150000000000		1
000148:	0.016438636363636	0.022281818181818	0.033464772727273	0.199677840909091	0.038614204545455	0.559808522727273	0.045114772727273	0.084599431818182		1
000149:	0.189297159090909	0.085322159090909	0.134684090909091	0.179400568181818	0.085915909090909	0.257010227272727	0.029600000000000	0.038769886363636		1
000150:	0.078651704545455	0.039897727272727	0.064876136363636	0.033197727272727	0.623969886363636	0.043944886363636	0.085340340909091	0.030121590909091		1
000151:	0.043619318181818	0.045859659090909	0.195136931818182	0.133141477272727	0.067648863636364	0.125340909090909	0.046235795454545	0.343017045454545		1
000152:	0.022471022727273	0.031774431818182	0.046508522727273	0.028526704545455	0.072701704545455	0.482543181818182	0.204685795454545	0.110788636363636		1
000153:	0.024217613636364	0.005760227272727	0.006818181818182	0.003132954545455	0.046945454545455	0.035616477272727	0.871466477272727	0.006042613636364		1
000154:	0.020989204545455	0.033421590909091	0.526223863636364	0.180152840909091	0.032071022727273	0.154544886363636	0.025952840909091	0.026643750000000		1
000155:	0.105209090909091	0.022186363636364	0.392980113636364	0.097785227272727	0.080138068181818	0.177581250000000	0.071911363636364	0.052208522727273		1
000156:	0.028412500000000	0.036738068181818	0.269243750000000	0.066323295454545	0.303187500000000	0.089773295454545	0.022372727272727	0.183948863636364		1
000157:	0.017158522727273	0.020128977272727	0.858823863636364	0.023137500000000	0.023659659090909	0.023834090909091	0.016085227272727	0.017172159090909		1
000158:	0.000078977272727	0.000543750000000	0.000160795454545	0.000112500000000	0.000902840909091	0.000656818181818	0.000056250000000	0.997488068181818		1
000159:	0.115477840909091	0.103821590909091	0.501982386363636	0.033040340909091	0.136310227272727	0.037506250000000	0.031217045454545	0.040644318181818		1
000160:	0.011755681818182	0.855752272727273	0.058826136363636	0.014527840909091	0.024646022727273	0.011154545454545	0.009021022727273	0.014316477272727		1
000161:	0.064244318181818	0.461596022727273	0.086371590909091	0.087289772727273	0.042510795454545	0.201932954545455	0.028022159090909	0.028032386363636		1
000162:	0.510015909090909	0.201922727272727	0.033159090909091	0.062753409090909	0.071252840909091	0.031351704545455	0.037265340909091	0.052278977272727		1
000163:	0.020506818181818	0.025222159090909	0.044869318181818	0.680330681818182	0.080239204545455	0.108456250000000	0.013513068181818	0.026862500000000		1
000164:	0.010931818181818	0.016860795454545	0.824944886363636	0.082677272727273	0.007551136363636	0.028841477272727	0.007405681818182	0.020786931818182		1
000165:	0.020832386363636	0.029621590909091	0.099756818181818	0.687631250000000	0.026113068181818	0.079689204545455	0.020581818181818	0.035773863636364		1
000166:	0.022227272727273	0.017563636363636	0.082117613636364	0.651007954545455	0.019747159090909	0.157493181818182	0.012271590909091	0.037571590909091		1
000167:	0.035303409090909	0.061486363636364	0.055235227272727	0.364274431818182	0.044705113636364	0.248596022727273	0.023703409090909	0.166696022727273		1
000168:	0.059405113636364	0.046178409090909	0.524265340909091	0.037040909090909	0.114682954545455	0.095169318181818	0.037975568181818	0.085282386363636		1
000169:	0.029925568181818	0.015678977272727	0.023881818181818	0.218285795454545	0.145776704545455	0.508086363636364	0.032138068181818	0.026226704545455		1
000170:	0.012838636363636	0.032911363636364	0.020284090909091	0.148497159090909	0.025075568181818	0.719738636363636	0.020211931818182	0.020442613636364		1
000171:	0.104035795454545	0.011696022727273	0.710672159090909	0.028329545454545	0.025785795454545	0.094860795454545	0.014147159090909	0.010472727272727		1
000172:	0.051197159090909	0.068305113636364	0.055735795454545	0.378973863636364	0.139517613636364	0.178268181818182	0.032577272727273	0.095425000000000		1
000173:	0.025582954545455	0.027500000000000	0.052180113636364	0.124046590909091	0.359547727272727	0.325346022727273	0.012224431818182	0.073572159090909		1
000174:	0.107917613636364	0.025164772727273	0.053636931818182	0.336793181818182	0.119011363636364	0.202571022727273	0.132458522727273	0.022446590909091		1
000175:	0.021611363636364	0.017912500000000	0.842144886363636	0.015398295454545	0.014107386363636	0.044123863636364	0.025324431818182	0.019377272727273		1
000176:	0.035618181818182	0.056628409090909	0.100039204545455	0.039896022727273	0.272679545454545	0.196878409090909	0.031910795454545	0.266349431818182		1
000177:	0.026950568181818	0.595035227272727	0.068664204545455	0.032801704545455	0.138763636363636	0.085442045454545	0.031194886363636	0.021147727272727		1
000178:	0.098688068181818	0.029134090909091	0.147264204545455	0.241707386363636	0.104012500000000	0.305263068181818	0.045297159090909	0.028633522727273		1
000179:	0.011025568181818	0.019669886363636	0.777587500000000	0.029780681818182	0.045701136363636	0.087647727272727	0.014956818181818	0.013630681818182		1
000180:	0.016759090909091	0.012657954545455	0.879075568181818	0.016130681818182	0.012861931818182	0.041839204545455	0.009710795454545	0.010964772727273		1
000181:	0.016185227272727	0.036155113636364	0.829103409090909	0.023382386363636	0.016899431818182	0.021015340909091	0.023764204545455	0.033494886363636		1
000182:	0.363624431818182	0.072301136363636	0.169071590909091	0.029519318181818	0.109472727272727	0.153983522727273	0.040896590909091	0.061130681818182		1
000183:	0.012491477272727	0.023676704545455	0.727793181818182	0.034093181818182	0.022040909090909	0.134035795454545	0.017772159090909	0.028096590909091		1
000184:	0.039506818181818	0.053550568181818	0.077742613636364	0.054738636363636	0.067497159090909	0.571064204545455	0.075784659090909	0.060115340909091		1
000185:	0.266703409090909	0.101126136363636	0.094743181818182	0.045459090909091	0.139673863636364	0.115967613636364	0.173856250000000	0.062470454545455		1
000186:	0.038069318181818	0.092501136363636	0.457466477272727	0.033505113636364	0.045760227272727	0.188640340909091	0.100399431818182	0.043657954545455		1
000187:	0.018822159090909	0.035275568181818	0.837531250000000	0.024121590909091	0.020300568181818	0.026273863636364	0.020747727272727	0.016927272727273		1
000188:	0.022741477272727	0.145817613636364	0.258006818181818	0.037010227272727	0.041041477272727	0.305262500000000	0.042971022727273	0.147148863636364		1
000189:	0.090710227272727	0.019588068181818	0.034530681818182	0.341046022727273	0.099161363636364	0.362581250000000	0.013190909090909	0.039191477272727		1
000190:	0.044696022727273	0.026471022727273	0.031089204545455	0.189788068181818	0.093464204545455	0.229650000000000	0.055790340909091	0.329051136363636		1
000191:	0.076475000000000	0.025473863636364	0.062431818181818	0.415451136363636	0.184922727272727	0.169478409090909	0.017464204545455	0.048302840909091		1
000192:	0.070250000000000	0.094111363636364	0.073797159090909	0.067098863636364	0.534263636363636	0.090702840909091	0.021779545454545	0.047996590909091		1
000193:	0.088368750000000	0.101532954545455	0.108367613636364	0.085219318181818	0.275681818181818	0.129607386363636	0.045777840909091	0.165444318181818		1
000194:	0.073392613636364	0.022911363636364	0.101569886363636	0.238973295454545	0.047573295454545	0.329663068181818	0.132778977272727	0.053137500000000		1
000195:	0.037231818181818	0.013378409090909	0.027276136363636	0.045915909090909	0.533409090909091	0.300194886363636	0.012355681818182	0.030238068181818		1
000196:	0.027172727272727	0.173838636363636	0.384473863636364	0.049343750000000	0.071861931818182	0.168389204545455	0.015594318181818	0.109325568181818		1
000197:	0.045931818181818	0.063365340909091	0.127528409090909	0.296321590909091	0.201761931818182	0.152703977272727	0.021280113636364	0.091106818181818		1
000198:	0.363772159090909	0.136289772727273	0.100920454545455	0.106266477272727	0.109402840909091	0.089232954545455	0.063729545454545	0.030385795454545		1
000199:	0.029041477272727	0.097311931818182	0.062418750000000	0.588964204545455	0.050111363636364	0.104220454545455	0.022211931818182	0.045719886363636		1
000200:	0.039521022727273	0.157591477272727	0.114791477272727	0.114776704545455	0.064787500000000	0.420933522727273	0.029487500000000	0.058110795454545		1
000201:	0.014831250000000	0.035157954545455	0.806848295454546	0.030968750000000	0.028120454545455	0.042520454545455	0.017417045454545	0.024135795454545		1
000202:	0.069251136363636	0.086028409090909	0.190146022727273	0.080231818181818	0.159904545454545	0.231071590909091	0.148392613636364	0.034973863636364		1
000203:	0.020459090909091	0.042042045454545	0.145202840909091	0.174073295454545	0.062500568181818	0.459060227272727	0.061064772727273	0.035597159090909		1
000204:	0.015547727272727	0.076031250000000	0.146088068181818	0.123530681818182	0.023784659090909	0.503313636363636	0.027378977272727	0.084325000000000		1
000205:	0.032665340909091	0.034342045454545	0.395419886363636	0.189094318181818	0.042051136363636	0.208025000000000	0.049425568181818	0.048976704545455		1
000206:	0.034781818181818	0.026427840909091	0.106882386363636	0.046060227272727	0.026956818181818	0.561055681818182	0.140296590909091	0.057538636363636		1
000207:	0.691482954545454	0.024536363636364	0.010266477272727	0.010869886363636	0.151438068181818	0.033432386363636	0.011420454545455	0.066553409090909		1
000208:	0.032072727272727	0.000543750000000	0.963269318181818	0.001326704545455	0.000563068181818	0.000806818181818	0.000267613636364	0.001150000000000		1
000209:	0.022604545454545	0.044603409090909	0.446517613636364	0.134614204545455	0.076479545454545	0.145111363636364	0.042250000000000	0.087819318181818		1
000210:	0.037415909090909	0.042039772727273	0.234734659090909	0.158405681818182	0.115360227272727	0.327792613636364	0.050871022727273	0.033380113636364		1
000211:	0.602724431818182	0.009741477272727	0.036171022727273	0.176836931818182	0.028160795454545	0.110785227272727	0.006231818181818	0.029348295454545		1
000212:	0.027052272727273	0.214388636363636	0.153320454545455	0.312802272727273	0.084858522727273	0.117340909090909	0.020682386363636	0.069554545454545		1
000213:	0.018865909090909	0.055367045454545	0.439603977272727	0.245270454545455	0.030580113636364	0.128156250000000	0.022399431818182	0.059756818181818		1
000214:	0.041121590909091	0.090444318181818	0.084466477272727	0.031895454545455	0.076587500000000	0.507925000000000	0.021632954545455	0.145926704545455		1
000215:	0.046269886363636	0.060970454545455	0.070175000000000	0.046628409090909	0.224709090909091	0.265580681818182	0.123180113636364	0.162486363636364		1
000216:	0.020722159090909	0.053228977272727	0.677131250000000	0.058822727272727	0.073244318181818	0.078550000000000	0.014827272727273	0.023473295454545		1
000217:	0.040885227272727	0.150294318181818	0.178917613636364	0.246356250000000	0.040573295454545	0.155454545454545	0.043787500000000	0.143731250000000		1
000218:	0.020097159090909	0.052993750000000	0.323273863636364	0.076931818181818	0.077710227272727	0.349073295454545	0.015611931818182	0.084307954545455		1
000219:	0.017546022727273	0.054446590909091	0.100603409090909	0.681826136363636	0.021596022727273	0.032703977272727	0.012310227272727	0.078967613636364		1
000220:	0.013682954545455	0.035432386363636	0.692110795454545	0.097655681818182	0.023080113636364	0.063438636363636	0.008732954545455	0.065866477272727		1
000221:	0.014235227272727	0.041835227272727	0.393159659090909	0.212051136363636	0.030430681818182	0.115689772727273	0.041150568181818	0.151447727272727		1
000222:	0.000171590909091	0.003869318181818	0.000213636363636	0.980740909090909	0.000053977272727	0.014649431818182	0.000247727272727	0.000053409090909		1
000223:	0.145627272727273	0.079242045454545	0.378939772727273	0.070265340909091	0.173035795454545	0.051507954545455	0.041895454545455	0.059486363636364		1
000224:	0.056823295454545	0.021082386363636	0.072628409090909	0.076682386363636	0.440757954545455	0.076077272727273	0.219968750000000	0.035979545454545		1
000225:	0.003076136363636	0.003306818181818	0.024586363636364	0.021187500000000	0.755970454545455	0.007267613636364	0.176633522727273	0.007971590909091		1
000226:	0.317725568181818	0.026232954545455	0.045455681818182	0.048815340909091	0.398780113636364	0.034219886363636	0.038870454545455	0.089900000000000		1
000227:	0.023808522727273	0.025184659090909	0.034734090909091	0.022314204545455	0.663101704545455	0.113547159090909	0.069591477272727	0.047718181818182		1
000228:	0.148477840909091	0.241520454545455	0.038168750000000	0.041065909090909	0.036746022727273	0.050414772727273	0.387533522727273	0.056072727272727		1
000229:	0.045017045454545	0.029475568181818	0.070956818181818	0.185346022727273	0.133771590909091	0.118292045454545	0.292198863636364	0.124942045454545		1
000230:	0.026038636363636	0.404792613636364	0.067256250000000	0.043601136363636	0.035337500000000	0.099954545454545	0.027003977272727	0.296015340909091		1
000231:	0.039607954545455	0.062449431818182	0.049900568181818	0.110448295454545	0.574558522727273	0.075567613636364	0.037701704545455	0.049765909090909		1
000232:	0.070386931818182	0.070446590909091	0.341098295454545	0.075503977272727	0.032990340909091	0.117231818181818	0.103446022727273	0.188896022727273		1
000233:	0.000223863636364	0.000973295454545	0.000792045454545	0.000455113636364	0.994601136363636	0.000351136363636	0.001607386363636	0.000996022727273		1
000234:	0.050964204545455	0.032565909090909	0.032110795454545	0.032360795454545	0.359029545454545	0.037186931818182	0.406969318181818	0.048812500000000		1
000235:	0.626409659090909	0.014411931818182	0.029583522727273	0.022887500000000	0.028306250000000	0.108669318181818	0.153050000000000	0.016681818181818		1
000236:	0.060123863636364	0.118134659090909	0.246122727272727	0.039570454545455	0.076662500000000	0.040905113636364	0.109988636363636	0.308492045454545		1
000237:	0.007247159090909	0.005480113636364	0.016176704545455	0.021320454545455	0.544236931818182	0.032024431818182	0.330063636363636	0.043450568181818		1
000238:	0.031233522727273	0.018281818181818	0.655688068181818	0.085872159090909	0.041184659090909	0.113858522727273	0.020617045454545	0.033264204545455		1
000239:	0.000275000000000	0.000452272727273	0.005035227272727	0.059913636363636	0.003838636363636	0.200493750000000	0.729309090909091	0.000682386363636		1
000240:	0.019259659090909	0.053238068181818	0.021543181818182	0.034820454545455	0.036933522727273	0.027892613636364	0.033121022727273	0.773191477272727		1
000241:	0.128425000000000	0.054121022727273	0.227236931818182	0.047371022727273	0.360562500000000	0.080889204545455	0.028136931818182	0.073257386363636		1
000242:	0.097855113636364	0.024981818181818	0.044480681818182	0.022710227272727	0.725809090909091	0.041279545454545	0.019872159090909	0.023011363636364		1
000243:	0.118805681818182	0.418372727272727	0.047157386363636	0.031595454545455	0.063303977272727	0.041937500000000	0.175482386363636	0.103344886363636		1
000244:	0.000497159090909	0.004472159090909	0.925439204545455	0.057610227272727	0.010055681818182	0.000753409090909	0.000519318181818	0.000652840909091		1
000245:	0.017203977272727	0.077397727272727	0.027790340909091	0.039344318181818	0.306492045454545	0.072560795454545	0.044056818181818	0.415153977272727		1
000246:	0.176914772727273	0.059963068181818	0.054093750000000	0.090034659090909	0.224433522727273	0.122075000000000	0.189604545454545	0.082880681818182		1
000247:	0.052676704545455	0.058031818181818	0.065609090909091	0.050800000000000	0.266194318181818	0.081773863636364	0.168624431818182	0.256289772727273		1
000248:	0.015409090909091	0.055031818181818	0.044311931818182	0.028821022727273	0.037894886363636	0.533894318181818	0.061520454545455	0.223116477272727		1
000249:	0.079565909090909	0.061196590909091	0.030372727272727	0.029263636363636	0.146317613636364	0.052265909090909	0.334050568181818	0.266967045454545		1
000250:	0.035539204545455	0.018107386363636	0.021439204545455	0.020525568181818	0.796554545454545	0.036802272727273	0.051933522727273	0.019098295454545		1
000251:	0.092823863636364	0.075423295454545	0.072171022727273	0.045084659090909	0.419169318181818	0.073633522727273	0.119182386363636	0.102511931818182		1
000252:	0.044788636363636	0.263675568181818	0.147627840909091	0.054678977272727	0.050251136363636	0.142136363636364	0.051972727272727	0.244868750000000		1
000253:	0.028682386363636	0.054944886363636	0.090746022727273	0.029374431818182	0.045411931818182	0.046715340909091	0.664643750000000	0.039481250000000		1
000254:	0.029516477272727	0.097214204545455	0.051582954545455	0.030538068181818	0.027451136363636	0.081725568181818	0.653843750000000	0.028127840909091		1
000255:	0.048277840909091	0.022057954545455	0.040321022727273	0.037285795454545	0.029969318181818	0.051539204545455	0.734798863636364	0.035750000000000		1
