Estimated Clustering Probabilities for Samples
Sample	***Cluster  01***	***Cluster  02***	***Cluster  03***	***Cluster  04***	***Cluster  05***	***Cluster  06***	***Cluster  07***	
000001:	0.052130681818182	0.001618181818182	0.002693750000000	0.505806250000000	0.405335795454545	0.027428409090909	0.004986931818182		1
000002:	0.748110227272727	0.044597727272727	0.036026136363636	0.102382954545455	0.004984659090909	0.034014204545455	0.029884090909091		1
000003:	0.688651704545455	0.039067045454545	0.025046022727273	0.045223863636364	0.005293181818182	0.161182386363636	0.035535795454545		1
000004:	0.564844318181818	0.193072159090909	0.067733522727273	0.107752272727273	0.004640340909091	0.043578977272727	0.018378409090909		1
000005:	0.819746590909091	0.059566477272727	0.036509659090909	0.034192045454545	0.004106818181818	0.031077840909091	0.014800568181818		1
000006:	0.304307386363636	0.360807386363636	0.072064772727273	0.177915909090909	0.034867613636364	0.031054545454545	0.018982386363636		1
000007:	0.466864772727273	0.040634659090909	0.018134090909091	0.410263636363636	0.008365340909091	0.020981250000000	0.034756250000000		1
000008:	0.854936931818182	0.036743181818182	0.018775568181818	0.052894318181818	0.003703977272727	0.014603977272727	0.018342045454545		1
000009:	0.610648295454545	0.034486931818182	0.024283522727273	0.294550568181818	0.004617045454545	0.017723863636364	0.013689772727273		1
000010:	0.845897727272727	0.040290909090909	0.051273295454545	0.021934090909091	0.002795454545455	0.025906818181818	0.011901704545455		1
000011:	0.004773295454545	0.555977272727273	0.024578409090909	0.003071590909091	0.006583522727273	0.014835227272727	0.390180681818182		1
000012:	0.089650568181818	0.123392045454545	0.176859090909091	0.021090340909091	0.093764204545455	0.470025568181818	0.025218181818182		1
000013:	0.052674431818182	0.254074431818182	0.225352840909091	0.027442045454545	0.266138068181818	0.135222727272727	0.039095454545455		1
000014:	0.020085795454545	0.888889204545455	0.026616477272727	0.009911931818182	0.016936363636364	0.026735795454545	0.010824431818182		1
000015:	0.350561363636364	0.158816477272727	0.123880681818182	0.033743750000000	0.030604545454545	0.268913068181818	0.033480113636364		1
000016:	0.032822159090909	0.869609659090909	0.032896022727273	0.008784659090909	0.012874431818182	0.034205113636364	0.008807954545455		1
000017:	0.172927840909091	0.187602272727273	0.302218750000000	0.034657954545455	0.028928409090909	0.223542613636364	0.050122159090909		1
000018:	0.041623863636364	0.091426136363636	0.391576136363636	0.022619886363636	0.190368181818182	0.234967613636364	0.027418181818182		1
000019:	0.048008522727273	0.024680681818182	0.042936931818182	0.009810795454545	0.040173863636364	0.823801704545455	0.010587500000000		1
000020:	0.173639204545455	0.304196022727273	0.353723863636364	0.021367613636364	0.032631250000000	0.084167045454545	0.030275000000000		1
000021:	0.052566477272727	0.040955681818182	0.569871590909091	0.019020454545455	0.044782386363636	0.107455113636364	0.165348295454545		1
000022:	0.073911363636364	0.075638636363636	0.148051136363636	0.013639772727273	0.050780113636364	0.619175568181818	0.018803409090909		1
000023:	0.111672159090909	0.057651704545455	0.328871590909091	0.032497727272727	0.091686363636364	0.291281250000000	0.086339204545455		1
000024:	0.026842613636364	0.872550000000000	0.039410227272727	0.004487500000000	0.032609659090909	0.012969318181818	0.011130681818182		1
000025:	0.035888636363636	0.097015909090909	0.192718181818182	0.019334659090909	0.100507386363636	0.535928409090909	0.018606818181818		1
000026:	0.021347727272727	0.052877840909091	0.172002272727273	0.012011363636364	0.050165909090909	0.672625000000000	0.018969886363636		1
000027:	0.021877840909091	0.037303977272727	0.329739772727273	0.004088068181818	0.035847727272727	0.026083522727273	0.545059090909091		1
000028:	0.130173295454545	0.060988068181818	0.274355681818182	0.022354545454545	0.031676704545455	0.066370454545455	0.414081250000000		1
000029:	0.145155113636364	0.161931250000000	0.346452840909091	0.027503977272727	0.081778977272727	0.172634659090909	0.064543181818182		1
000030:	0.055335227272727	0.097028977272727	0.074617613636364	0.016867045454545	0.047148863636364	0.592085795454545	0.116916477272727		1
000031:	0.034857386363636	0.046767045454545	0.606868750000000	0.022828409090909	0.129761363636364	0.142934659090909	0.015982386363636		1
000032:	0.116257954545455	0.089619318181818	0.589225568181818	0.016475568181818	0.051690340909091	0.083454545454545	0.053276704545455		1
000033:	0.056045454545455	0.047973295454545	0.156154545454545	0.020523863636364	0.035073863636364	0.638760227272727	0.045468750000000		1
000034:	0.030671022727273	0.829183522727273	0.053926704545455	0.012326704545455	0.028901136363636	0.034117045454545	0.010873863636364		1
000035:	0.061842613636364	0.041177272727273	0.496565340909091	0.063892613636364	0.152955113636364	0.131873295454545	0.051693750000000		1
000036:	0.251328977272727	0.173225000000000	0.343900568181818	0.023001704545455	0.051578977272727	0.055506818181818	0.101457954545455		1
000037:	0.072139204545455	0.128539772727273	0.613487500000000	0.024661363636364	0.072361931818182	0.066561931818182	0.022248295454545		1
000038:	0.002923295454545	0.007835227272727	0.025513636363636	0.005992045454545	0.010321590909091	0.929981250000000	0.017432954545455		1
000039:	0.052432386363636	0.089484090909091	0.280958522727273	0.019915340909091	0.335903409090909	0.203339204545455	0.017967045454545		1
000040:	0.131502272727273	0.622730681818182	0.079118750000000	0.021296590909091	0.085014204545455	0.038309090909091	0.022028409090909		1
000041:	0.021069886363636	0.450157954545455	0.387339204545455	0.013261931818182	0.037226704545455	0.063066477272727	0.027877840909091		1
000042:	0.050388636363636	0.140027272727273	0.361186363636364	0.039988636363636	0.163884090909091	0.213543750000000	0.030981250000000		1
000043:	0.295638636363636	0.066055113636364	0.272880113636364	0.028167613636364	0.037649431818182	0.196696590909091	0.102912500000000		1
000044:	0.247140340909091	0.120577272727273	0.116432386363636	0.022501704545455	0.043902840909091	0.425153409090909	0.024292045454545		1
000045:	0.039920454545455	0.035865340909091	0.736901136363636	0.013434659090909	0.079203977272727	0.075870454545455	0.018803977272727		1
000046:	0.065152272727273	0.078525000000000	0.314472159090909	0.047751704545455	0.061202840909091	0.255599431818182	0.177296590909091		1
000047:	0.183657386363636	0.167530681818182	0.356410795454545	0.086722159090909	0.073057954545455	0.086010795454545	0.046610227272727		1
000048:	0.660356818181818	0.065827840909091	0.038025568181818	0.028731818181818	0.015347159090909	0.091538068181818	0.100172727272727		1
000049:	0.113975000000000	0.013821590909091	0.051212500000000	0.012021590909091	0.005355681818182	0.796173295454545	0.007440340909091		1
000050:	0.103114772727273	0.372875568181818	0.128687500000000	0.101947159090909	0.045992613636364	0.228928409090909	0.018453977272727		1
000051:	0.065760795454545	0.856293181818182	0.016462500000000	0.017364204545455	0.006769886363636	0.025053977272727	0.012295454545455		1
000052:	0.089302840909091	0.784557954545455	0.037145454545455	0.026786363636364	0.012764204545455	0.036428977272727	0.013014204545455		1
000053:	0.141917045454545	0.180876136363636	0.181925000000000	0.062134659090909	0.047445454545455	0.370291477272727	0.015410227272727		1
000054:	0.079529545454545	0.079389204545455	0.218752840909091	0.231380681818182	0.194632954545455	0.161703977272727	0.034610795454545		1
000055:	0.077985795454545	0.174881818181818	0.069742613636364	0.346823295454545	0.013101704545455	0.290692045454545	0.026772727272727		1
000056:	0.054639204545455	0.083089772727273	0.048510227272727	0.010267045454545	0.047009090909091	0.725616477272727	0.030868181818182		1
000057:	0.128698863636364	0.139052840909091	0.315910227272727	0.050323295454545	0.040871590909091	0.301043750000000	0.024099431818182		1
000058:	0.032685227272727	0.019989204545455	0.021892045454545	0.011540909090909	0.022778977272727	0.879863068181818	0.011250568181818		1
000059:	0.067624431818182	0.031275000000000	0.210319318181818	0.020234090909091	0.032775000000000	0.616902840909091	0.020869318181818		1
000060:	0.003859659090909	0.001983522727273	0.002027272727273	0.000476704545455	0.000490340909091	0.990617045454545	0.000545454545455		1
000061:	0.221140340909091	0.094454545454545	0.083006250000000	0.023698863636364	0.020578977272727	0.536488068181818	0.020632954545455		1
000062:	0.070475568181818	0.809142045454545	0.028169886363636	0.026725568181818	0.012682954545455	0.028948295454545	0.023855681818182		1
000063:	0.065793181818182	0.802640340909091	0.025814772727273	0.012853409090909	0.019689772727273	0.031119318181818	0.042089204545455		1
000064:	0.033235795454545	0.459011363636364	0.012038636363636	0.013404545454545	0.012317045454545	0.160941477272727	0.309051136363636		1
000065:	0.238161931818182	0.017319886363636	0.048382386363636	0.009576136363636	0.006292045454545	0.665136931818182	0.015130681818182		1
000066:	0.175626136363636	0.123479545454545	0.318577272727273	0.042471022727273	0.026344886363636	0.290420454545455	0.023080681818182		1
000067:	0.122285795454545	0.778630113636364	0.017953977272727	0.020735795454545	0.024885227272727	0.017640909090909	0.017868181818182		1
000068:	0.026207954545455	0.011949431818182	0.038397727272727	0.009090909090909	0.007856818181818	0.899690909090909	0.006806250000000		1
000069:	0.084871590909091	0.081557954545455	0.342705113636364	0.029662500000000	0.023917613636364	0.406143181818182	0.031142045454545		1
000070:	0.155617613636364	0.136494318181818	0.160083522727273	0.030962500000000	0.045087500000000	0.359251704545455	0.112502840909091		1
000071:	0.033476704545455	0.070854545454545	0.064650000000000	0.008051704545455	0.016303977272727	0.791006250000000	0.015656818181818		1
000072:	0.249994318181818	0.048415909090909	0.045032954545455	0.035700568181818	0.019633522727273	0.573350000000000	0.027872727272727		1
000073:	0.412811931818182	0.098259659090909	0.118356818181818	0.050560227272727	0.042467045454545	0.237426704545455	0.040117613636364		1
000074:	0.055140340909091	0.132601704545455	0.204697727272727	0.025685795454545	0.076352272727273	0.479632386363636	0.025889772727273		1
000075:	0.213715909090909	0.084920454545455	0.281550568181818	0.036230681818182	0.107680681818182	0.220660795454545	0.055240909090909		1
000076:	0.107140909090909	0.040996590909091	0.140508522727273	0.055235227272727	0.093306818181818	0.199011931818182	0.363800000000000		1
000077:	0.090471590909091	0.078660795454545	0.106355113636364	0.063996590909091	0.042942045454545	0.289173295454545	0.328400568181818		1
000078:	0.321205681818182	0.118015340909091	0.094710795454545	0.049341477272727	0.026411931818182	0.296760795454545	0.093553977272727		1
000079:	0.050124431818182	0.065803977272727	0.127796022727273	0.030207386363636	0.035419318181818	0.655185795454545	0.035463068181818		1
000080:	0.038612500000000	0.028521590909091	0.106842045454545	0.018356818181818	0.191818750000000	0.582864204545455	0.032984090909091		1
000081:	0.249885227272727	0.038103409090909	0.125964772727273	0.018802272727273	0.024905681818182	0.519191477272727	0.023147159090909		1
000082:	0.090773295454545	0.063072727272727	0.065404545454545	0.060934659090909	0.016240909090909	0.682504545454545	0.021069318181818		1
000083:	0.365087500000000	0.029005113636364	0.225235795454545	0.021338068181818	0.024262500000000	0.268877840909091	0.066193181818182		1
000084:	0.032445454545455	0.842082386363636	0.030035227272727	0.022596022727273	0.025903977272727	0.025466477272727	0.021470454545455		1
000085:	0.116925568181818	0.121501136363636	0.427305113636364	0.023344886363636	0.035423863636364	0.132666477272727	0.142832954545455		1
000086:	0.083792613636364	0.306233522727273	0.231529545454545	0.027701136363636	0.036028409090909	0.105230681818182	0.209484090909091		1
000087:	0.176347727272727	0.047696590909091	0.185465340909091	0.013316477272727	0.019493181818182	0.544992045454545	0.012688636363636		1
000088:	0.062761363636364	0.025540340909091	0.774781818181818	0.021625568181818	0.026854545454545	0.067020454545455	0.021415909090909		1
000089:	0.035104545454545	0.056057386363636	0.671853977272727	0.044366477272727	0.021266477272727	0.141932954545455	0.029418181818182		1
000090:	0.048385227272727	0.162477840909091	0.195867613636364	0.023275000000000	0.135115340909091	0.410198863636364	0.024680113636364		1
000091:	0.040522727272727	0.063633522727273	0.148541477272727	0.063893181818182	0.089801704545455	0.440365340909091	0.153242045454545		1
000092:	0.111295454545455	0.065958522727273	0.117651704545455	0.024190909090909	0.040067613636364	0.617523863636364	0.023311931818182		1
000093:	0.142071590909091	0.111369886363636	0.229206818181818	0.077360227272727	0.144027840909091	0.257807386363636	0.038156250000000		1
000094:	0.071423863636364	0.043269886363636	0.075853977272727	0.023743750000000	0.036632386363636	0.720577840909091	0.028498295454545		1
000095:	0.019234659090909	0.014994886363636	0.833953409090909	0.013132954545455	0.004186363636364	0.058568181818182	0.055929545454545		1
000096:	0.041000568181818	0.855675000000000	0.033983522727273	0.013923295454545	0.008926136363636	0.032238636363636	0.014252840909091		1
000097:	0.035543750000000	0.027424431818182	0.260695454545455	0.018178409090909	0.028093181818182	0.615807954545455	0.014256818181818		1
000098:	0.032986363636364	0.036328977272727	0.074656818181818	0.010697159090909	0.017638636363636	0.816372159090909	0.011319886363636		1
000099:	0.096130113636364	0.255456250000000	0.212597159090909	0.049356250000000	0.035142613636364	0.313354545454545	0.037963068181818		1
000100:	0.097823295454545	0.733184659090909	0.041861931818182	0.017270454545455	0.018155681818182	0.071006818181818	0.020697159090909		1
000101:	0.605397727272727	0.025162500000000	0.346064204545455	0.004822727272727	0.007249431818182	0.006686931818182	0.004616477272727		1
000102:	0.180409090909091	0.121480113636364	0.276390340909091	0.053378409090909	0.046886931818182	0.285771022727273	0.035684090909091		1
000103:	0.116672727272727	0.036398863636364	0.075902840909091	0.014094886363636	0.067877840909091	0.653355113636364	0.035697727272727		1
000104:	0.074732386363636	0.522773863636364	0.085289204545455	0.022209090909091	0.018936363636364	0.262653977272727	0.013405113636364		1
000105:	0.077231818181818	0.177563636363636	0.404655113636364	0.028868181818182	0.047796590909091	0.242775000000000	0.021109659090909		1
000106:	0.135702840909091	0.095948295454545	0.576302840909091	0.029556250000000	0.037799431818182	0.068978977272727	0.055711363636364		1
000107:	0.016694886363636	0.004346022727273	0.722636363636364	0.220660227272727	0.032121590909091	0.002305681818182	0.001235227272727		1
000108:	0.112990909090909	0.605513068181818	0.106222159090909	0.021507386363636	0.046510227272727	0.082572159090909	0.024684090909091		1
000109:	0.153372159090909	0.062330113636364	0.288427272727273	0.027490340909091	0.041868750000000	0.387068750000000	0.039442613636364		1
000110:	0.044533522727273	0.136985227272727	0.103277840909091	0.063867045454545	0.476836931818182	0.099526136363636	0.074973295454545		1
000111:	0.147896022727273	0.335809090909091	0.102523863636364	0.077295454545455	0.023009090909091	0.193468181818182	0.119998295454545		1
000112:	0.079942045454545	0.194117613636364	0.551369318181818	0.031253409090909	0.057780113636364	0.050834659090909	0.034702840909091		1
000113:	0.226963636363636	0.104260227272727	0.131025568181818	0.045389772727273	0.023577840909091	0.446139204545455	0.022643750000000		1
000114:	0.058705681818182	0.053082954545455	0.064716477272727	0.076696022727273	0.025500000000000	0.637365909090909	0.083932954545455		1
000115:	0.095684659090909	0.091621022727273	0.187037500000000	0.045506250000000	0.051591477272727	0.498164204545455	0.030394886363636		1
000116:	0.158468750000000	0.256426136363636	0.076561931818182	0.046881818181818	0.027506250000000	0.404315340909091	0.029839772727273		1
000117:	0.115759659090909	0.080501704545455	0.458502272727273	0.140702840909091	0.038664204545455	0.128863068181818	0.037006250000000		1
000118:	0.263176704545455	0.210621022727273	0.081692045454545	0.060205681818182	0.125191477272727	0.189385795454545	0.069727272727273		1
000119:	0.072090909090909	0.113386931818182	0.327942613636364	0.024392045454545	0.043164204545455	0.399057386363636	0.019965909090909		1
000120:	0.284457386363636	0.507934659090909	0.042719886363636	0.011487500000000	0.105779545454545	0.035263636363636	0.012357386363636		1
000121:	0.055934659090909	0.037718181818182	0.148057386363636	0.017881818181818	0.057323295454545	0.664992045454545	0.018092613636364		1
000122:	0.082815909090909	0.040260227272727	0.204359659090909	0.015372727272727	0.013827840909091	0.576644886363636	0.066718750000000		1
000123:	0.099139204545455	0.043005113636364	0.056527840909091	0.028644318181818	0.030160227272727	0.705792045454545	0.036731250000000		1
000124:	0.165749431818182	0.049381250000000	0.392643750000000	0.071264204545455	0.079959659090909	0.158906818181818	0.082094886363636		1
000125:	0.355648863636364	0.154582954545455	0.098489204545455	0.127616477272727	0.039742045454545	0.135236363636364	0.088684090909091		1
000126:	0.033578409090909	0.031873863636364	0.038246590909091	0.019237500000000	0.013822727272727	0.033851136363636	0.829389772727273		1
000127:	0.249641477272727	0.187142045454545	0.198856250000000	0.035102840909091	0.054401704545455	0.226786363636364	0.048069318181818		1
000128:	0.427571022727273	0.057640340909091	0.066878977272727	0.092888636363636	0.024705681818182	0.310090340909091	0.020225000000000		1
000129:	0.058295454545455	0.025852840909091	0.359475568181818	0.024565909090909	0.052340909090909	0.454145454545455	0.025323863636364		1
000130:	0.013586931818182	0.012335227272727	0.010628977272727	0.007240909090909	0.007577840909091	0.942058522727273	0.006571590909091		1
000131:	0.093997159090909	0.094649431818182	0.229997159090909	0.023236363636364	0.028128977272727	0.490821022727273	0.039169886363636		1
000132:	0.401071022727273	0.393375568181818	0.049765340909091	0.018627840909091	0.023383522727273	0.080747727272727	0.033028977272727		1
000133:	0.081476136363636	0.076161931818182	0.163923863636364	0.041759659090909	0.089732386363636	0.177650000000000	0.369296022727273		1
000134:	0.109688068181818	0.074630113636364	0.089194318181818	0.051049431818182	0.047896022727273	0.601290909090909	0.026251136363636		1
000135:	0.022784659090909	0.008725568181818	0.625094318181818	0.245602840909091	0.021663068181818	0.062650568181818	0.013478977272727		1
000136:	0.314990909090909	0.064697159090909	0.122128409090909	0.065263068181818	0.040487500000000	0.377278409090909	0.015154545454545		1
000137:	0.002947727272727	0.002160227272727	0.002323863636364	0.000820454545455	0.085030113636364	0.905546022727273	0.001171590909091		1
000138:	0.330435227272727	0.057768181818182	0.170259659090909	0.063189772727273	0.105108522727273	0.195352272727273	0.077886363636364		1
000139:	0.255832954545455	0.097221590909091	0.326928409090909	0.069156250000000	0.044377272727273	0.163398863636364	0.043084659090909		1
000140:	0.031067613636364	0.073626136363636	0.096724431818182	0.015615909090909	0.293376704545455	0.469613636363636	0.019975568181818		1
000141:	0.149602840909091	0.571500568181818	0.063821590909091	0.048193181818182	0.045960227272727	0.040822159090909	0.080099431818182		1
000142:	0.087459659090909	0.078678409090909	0.207209659090909	0.029608522727273	0.043519318181818	0.537354545454545	0.016169886363636		1
000143:	0.360792613636364	0.058206818181818	0.188582386363636	0.045237500000000	0.028318750000000	0.290017613636364	0.028844318181818		1
000144:	0.342289772727273	0.203019886363636	0.256602840909091	0.025652272727273	0.020442613636364	0.116465909090909	0.035526704545455		1
000145:	0.089722727272727	0.695006818181818	0.065403409090909	0.042722159090909	0.031214204545455	0.038875568181818	0.037055113636364		1
000146:	0.165039772727273	0.154659659090909	0.230675568181818	0.044846022727273	0.156037500000000	0.228703409090909	0.020038068181818		1
000147:	0.344324431818182	0.089332954545455	0.094419318181818	0.064950568181818	0.018558522727273	0.363018181818182	0.025396022727273		1
000148:	0.333279545454545	0.047552272727273	0.035684659090909	0.018034090909091	0.021765909090909	0.505762500000000	0.037921022727273		1
000149:	0.156668181818182	0.133959659090909	0.271277840909091	0.126532954545455	0.040960795454545	0.249446590909091	0.021153977272727		1
000150:	0.064867613636364	0.064775000000000	0.544782954545455	0.023072159090909	0.099151136363636	0.166230113636364	0.037121022727273		1
000151:	0.154406818181818	0.096032386363636	0.100605113636364	0.275071022727273	0.035707386363636	0.102532954545455	0.235644318181818		1
000152:	0.017550000000000	0.009187500000000	0.025319886363636	0.010379545454545	0.006371590909091	0.884120454545455	0.047071022727273		1
000153:	0.114338068181818	0.089062500000000	0.676782386363636	0.015544886363636	0.033739772727273	0.059102272727273	0.011430113636364		1
000154:	0.359963636363636	0.362726136363636	0.052564772727273	0.030317045454545	0.029122159090909	0.142918750000000	0.022387500000000		1
000155:	0.089002272727273	0.447505113636364	0.181582954545455	0.022852272727273	0.033980681818182	0.204948863636364	0.020127840909091		1
000156:	0.209560227272727	0.375091477272727	0.329629545454545	0.015597159090909	0.020671022727273	0.032855681818182	0.016594886363636		1
000157:	0.123597159090909	0.736495454545455	0.031414772727273	0.050384659090909	0.009336363636364	0.019571590909091	0.029200000000000		1
000158:	0.145632954545455	0.162609659090909	0.223314772727273	0.274335227272727	0.022268181818182	0.063331250000000	0.108507954545455		1
000159:	0.069646590909091	0.430519886363636	0.157285795454545	0.221995454545455	0.034917045454545	0.024234659090909	0.061400568181818		1
000160:	0.057165340909091	0.066576136363636	0.017245454545455	0.732785795454545	0.011986363636364	0.017328977272727	0.096911931818182		1
000161:	0.073306250000000	0.063669318181818	0.017665340909091	0.788876136363636	0.010453977272727	0.018816477272727	0.027212500000000		1
000162:	0.083421022727273	0.043144886363636	0.291659659090909	0.319550000000000	0.059288068181818	0.094810795454545	0.108125568181818		1
000163:	0.827036363636364	0.034113636363636	0.015162500000000	0.079156250000000	0.006572159090909	0.020373295454545	0.017585795454545		1
000164:	0.169859090909091	0.652746022727273	0.011592613636364	0.097591477272727	0.010028409090909	0.019908522727273	0.038273863636364		1
000165:	0.648328977272727	0.091630113636364	0.026921022727273	0.157472159090909	0.010777840909091	0.034894886363636	0.029975000000000		1
000166:	0.751209090909091	0.039405681818182	0.010633522727273	0.113107386363636	0.004209659090909	0.069422159090909	0.012012500000000		1
000167:	0.624446022727273	0.039168181818182	0.028417613636364	0.078786363636364	0.039584090909091	0.133630681818182	0.055967045454545		1
000168:	0.138161363636364	0.435376136363636	0.196022159090909	0.029738068181818	0.024802272727273	0.162908522727273	0.012991477272727		1
000169:	0.284259659090909	0.071086931818182	0.315188068181818	0.030806818181818	0.027307386363636	0.248313068181818	0.023038068181818		1
000170:	0.190261931818182	0.035790340909091	0.026340340909091	0.007881250000000	0.006840909090909	0.725762500000000	0.007122727272727		1
000171:	0.159027840909091	0.582282386363636	0.073047159090909	0.018881250000000	0.029431818181818	0.117273295454545	0.020056250000000		1
000172:	0.313455113636364	0.082511363636364	0.156613636363636	0.039728409090909	0.057049431818182	0.294781818181818	0.055860227272727		1
000173:	0.439719886363636	0.094781250000000	0.257534090909091	0.025711931818182	0.013892045454545	0.147351704545455	0.021009090909091		1
000174:	0.080626704545455	0.070004545454545	0.099685795454545	0.042815340909091	0.028947159090909	0.664631250000000	0.013289204545455		1
000175:	0.041021590909091	0.862410227272727	0.025781250000000	0.004907386363636	0.022177272727273	0.038442613636364	0.005259659090909		1
000176:	0.194357386363636	0.118557386363636	0.212748295454545	0.035099431818182	0.017489204545455	0.371454545454545	0.050293750000000		1
000177:	0.050227840909091	0.107448295454545	0.247802272727273	0.020750000000000	0.014201136363636	0.552699431818182	0.006871022727273		1
000178:	0.114694318181818	0.138051704545455	0.133115909090909	0.017146590909091	0.020384659090909	0.564523863636364	0.012082954545455		1
000179:	0.035490340909091	0.896428977272727	0.030942613636364	0.007906818181818	0.007533522727273	0.014538068181818	0.007159659090909		1
000180:	0.018434090909091	0.927257954545455	0.024404545454545	0.005288068181818	0.010568181818182	0.010380681818182	0.003666477272727		1
000181:	0.036349431818182	0.906360795454546	0.025231250000000	0.001735227272727	0.003965340909091	0.003809090909091	0.022548863636364		1
000182:	0.143624431818182	0.232337500000000	0.279593750000000	0.032245454545455	0.070046590909091	0.194278977272727	0.047873295454545		1
000183:	0.047136363636364	0.741481250000000	0.060196022727273	0.019996022727273	0.012498863636364	0.111761363636364	0.006930113636364		1
000184:	0.169873295454545	0.086410795454545	0.100528977272727	0.017493750000000	0.047015909090909	0.565903977272727	0.012773295454545		1
000185:	0.077716477272727	0.073265909090909	0.407874431818182	0.050564204545455	0.250037500000000	0.114222159090909	0.026319318181818		1
000186:	0.063568181818182	0.653023863636364	0.089331250000000	0.034640909090909	0.052394886363636	0.073418750000000	0.033622159090909		1
000187:	0.027249431818182	0.872584659090909	0.029425000000000	0.020419886363636	0.016994886363636	0.025797727272727	0.007528409090909		1
000188:	0.435247727272727	0.229482954545455	0.080541477272727	0.028384659090909	0.044049431818182	0.051385795454545	0.130907954545455		1
000189:	0.248698295454545	0.053550000000000	0.089451704545455	0.026277840909091	0.015421022727273	0.550367045454545	0.016234090909091		1
000190:	0.483966477272727	0.050018181818182	0.139200568181818	0.035001136363636	0.037527840909091	0.192977272727273	0.061308522727273		1
000191:	0.290654545454545	0.048622159090909	0.441744318181818	0.031880681818182	0.020044318181818	0.144438068181818	0.022615909090909		1
000192:	0.067618181818182	0.074139204545455	0.565336363636364	0.070418181818182	0.025335227272727	0.153908522727273	0.043244318181818		1
000193:	0.101828977272727	0.094243750000000	0.334919318181818	0.033399431818182	0.029735795454545	0.384008522727273	0.021864204545455		1
000194:	0.058348863636364	0.055978409090909	0.068262500000000	0.029344318181818	0.033113636363636	0.730110795454545	0.024841477272727		1
000195:	0.151554545454545	0.048681250000000	0.691259090909091	0.015969318181818	0.020781818181818	0.053968181818182	0.017785795454545		1
000196:	0.184933522727273	0.260406818181818	0.032034659090909	0.168537500000000	0.051640909090909	0.032014204545455	0.270432386363636		1
000197:	0.084153409090909	0.036638636363636	0.288102272727273	0.076849431818182	0.015765909090909	0.053267045454545	0.445223295454545		1
000198:	0.014044318181818	0.018048863636364	0.048439772727273	0.019046590909091	0.406175000000000	0.473488636363636	0.020756818181818		1
000199:	0.468665340909091	0.117307386363636	0.040546022727273	0.256766477272727	0.019456250000000	0.035885227272727	0.061373295454545		1
000200:	0.641317045454545	0.064969318181818	0.052750000000000	0.115211363636364	0.016209659090909	0.057940909090909	0.051601704545455		1
000201:	0.072912500000000	0.839230681818182	0.015376704545455	0.032278977272727	0.005109659090909	0.009275568181818	0.025815909090909		1
000202:	0.119125568181818	0.122805681818182	0.106643181818182	0.038768750000000	0.067508522727273	0.516889204545455	0.028259090909091		1
000203:	0.308025000000000	0.118681818181818	0.108377840909091	0.024048863636364	0.039446590909091	0.303990340909091	0.097429545454545		1
000204:	0.363091477272727	0.247880113636364	0.072547727272727	0.067739204545455	0.049855681818182	0.141852840909091	0.057032954545455		1
000205:	0.053090340909091	0.306127840909091	0.057652840909091	0.056209659090909	0.022514204545455	0.482902840909091	0.021502272727273		1
000206:	0.043052272727273	0.088672159090909	0.056124431818182	0.014044318181818	0.044492045454545	0.743418750000000	0.010196022727273		1
000207:	0.148502272727273	0.046047159090909	0.518265340909091	0.035966477272727	0.053311931818182	0.080598295454545	0.117308522727273		1
000208:	0.478610227272727	0.206935227272727	0.154476136363636	0.033497727272727	0.024422727272727	0.076798295454545	0.025259659090909		1
000209:	0.298761931818182	0.530590909090909	0.066325568181818	0.024763068181818	0.027260795454545	0.024795454545455	0.027502272727273		1
000210:	0.366969886363636	0.234161931818182	0.165098295454545	0.086592613636364	0.028784090909091	0.093063636363636	0.025329545454545		1
000211:	0.529198295454545	0.062050568181818	0.036940909090909	0.033477840909091	0.031368181818182	0.082692613636364	0.224271590909091		1
000212:	0.360810795454545	0.127682954545455	0.045749431818182	0.283423863636364	0.021356250000000	0.036562500000000	0.124414204545455		1
000213:	0.430710227272727	0.356331818181818	0.040437500000000	0.061831250000000	0.016920454545455	0.043559090909091	0.050209659090909		1
000214:	0.546152272727273	0.058183522727273	0.083537500000000	0.177509090909091	0.024686931818182	0.048077272727273	0.061853409090909		1
000215:	0.275247727272727	0.119529545454545	0.099055113636364	0.079878409090909	0.057045454545455	0.214721022727273	0.154522727272727		1
000216:	0.220353409090909	0.394486363636364	0.043347727272727	0.266258522727273	0.018203977272727	0.024611931818182	0.032738068181818		1
000217:	0.259645454545455	0.179124431818182	0.028319318181818	0.299082954545455	0.085142613636364	0.058578409090909	0.090106818181818		1
000218:	0.001584659090909	0.001305681818182	0.000111931818182	0.000715909090909	0.000052840909091	0.000133522727273	0.996095454545455		1
000219:	0.272394318181818	0.092014772727273	0.017515340909091	0.466734090909091	0.011405681818182	0.109297727272727	0.030638068181818		1
000220:	0.448400568181818	0.173635227272727	0.024263636363636	0.094628409090909	0.012970454545455	0.185945454545455	0.060156250000000		1
000221:	0.459377272727273	0.128227272727273	0.026191477272727	0.281859659090909	0.012696590909091	0.051037500000000	0.040610227272727		1
000222:	0.216372727272727	0.426614204545455	0.014488068181818	0.184402272727273	0.014090340909091	0.058944318181818	0.085088068181818		1
000223:	0.181465909090909	0.240285227272727	0.162797727272727	0.182340909090909	0.046011363636364	0.135089772727273	0.052009090909091		1
000224:	0.025540340909091	0.051960795454545	0.064706250000000	0.022026136363636	0.079796590909091	0.723108522727273	0.032861363636364		1
000225:	0.013539772727273	0.070107386363636	0.028117613636364	0.035634090909091	0.032153409090909	0.750019886363636	0.070427840909091		1
000226:	0.045659090909091	0.133138068181818	0.063117613636364	0.026828409090909	0.035787500000000	0.614696590909091	0.080772727272727		1
000227:	0.041919886363636	0.057185227272727	0.267414204545455	0.044531250000000	0.072900568181818	0.426000000000000	0.090048863636364		1
000228:	0.016696022727273	0.025062500000000	0.035722727272727	0.127022159090909	0.691702840909091	0.025884090909091	0.077909659090909		1
000229:	0.049982386363636	0.033170454545455	0.059707386363636	0.031819886363636	0.048101704545455	0.694396022727273	0.082822159090909		1
000230:	0.065826704545455	0.109652272727273	0.040180681818182	0.232081818181818	0.051247727272727	0.088716477272727	0.412294318181818		1
000231:	0.040702272727273	0.043629545454545	0.156026704545455	0.062269886363636	0.061788636363636	0.578790340909091	0.056792613636364		1
000232:	0.094455113636364	0.225565909090909	0.035540909090909	0.119730113636364	0.172973295454545	0.092587500000000	0.259147159090909		1
000233:	0.018117045454545	0.036842045454545	0.186640340909091	0.037496022727273	0.086725568181818	0.573201704545454	0.060977272727273		1
000234:	0.011543181818182	0.027293750000000	0.061451704545455	0.012517045454545	0.161350568181818	0.613415340909091	0.112428409090909		1
000235:	0.346028977272727	0.003174431818182	0.411559090909091	0.003026136363636	0.014896022727273	0.034405681818182	0.186909659090909		1
000236:	0.034494318181818	0.322959659090909	0.069226704545455	0.068358522727273	0.187679545454545	0.077802840909091	0.239478409090909		1
000237:	0.021569886363636	0.037056250000000	0.096123863636364	0.027169318181818	0.255985227272727	0.491068750000000	0.071026704545455		1
000238:	0.169984659090909	0.589169886363636	0.030305113636364	0.054300568181818	0.062815340909091	0.044447159090909	0.048977272727273		1
000239:	0.038213636363636	0.067590909090909	0.089722159090909	0.039850568181818	0.201875000000000	0.437059659090909	0.125688068181818		1
000240:	0.010270454545455	0.029482954545455	0.047070454545455	0.021244318181818	0.043744318181818	0.024439204545455	0.823748295454545		1
000241:	0.021319318181818	0.148894318181818	0.137272727272727	0.046272159090909	0.112865340909091	0.429272159090909	0.104103977272727		1
000242:	0.017983522727273	0.041686931818182	0.753060227272727	0.028946590909091	0.080739772727273	0.043904545454545	0.033678409090909		1
000243:	0.018753977272727	0.052331818181818	0.066697159090909	0.056109090909091	0.247605681818182	0.095259659090909	0.463242613636364		1
000244:	0.036552272727273	0.101892045454545	0.068039204545455	0.071960795454545	0.069163068181818	0.249262500000000	0.403130113636364		1
000245:	0.021573295454545	0.024560795454545	0.029896022727273	0.089587500000000	0.035580113636364	0.669406250000000	0.129396022727273		1
000246:	0.004093750000000	0.178117045454545	0.010979545454545	0.006984659090909	0.395519318181818	0.347711363636364	0.056594318181818		1
000247:	0.026550000000000	0.048829545454545	0.389310795454545	0.227821022727273	0.115893750000000	0.076595454545455	0.114999431818182		1
000248:	0.017431818181818	0.030511363636364	0.016278409090909	0.045251704545455	0.038338636363636	0.742233522727273	0.109954545454545		1
000249:	0.018501704545455	0.063764772727273	0.058792045454545	0.022688636363636	0.337161363636364	0.118939204545455	0.380152272727273		1
000250:	0.011536931818182	0.020868181818182	0.032808522727273	0.012293181818182	0.030793750000000	0.871012500000000	0.020686931818182		1
000251:	0.033995454545455	0.076455113636364	0.118173863636364	0.035200000000000	0.089678977272727	0.454307954545455	0.192188636363636		1
000252:	0.038188068181818	0.144786363636364	0.050802840909091	0.140777272727273	0.210382954545455	0.066381818181818	0.348680681818182		1
000253:	0.033260795454545	0.054049431818182	0.053950000000000	0.064260795454545	0.595112500000000	0.066803977272727	0.132562500000000		1
000254:	0.032635227272727	0.077900000000000	0.032753977272727	0.083925000000000	0.173662500000000	0.476971590909091	0.122151704545455		1
000255:	0.018098295454545	0.023422727272727	0.015598295454545	0.019306250000000	0.038196022727273	0.851085795454545	0.034292613636364		1
000256:	0.033550000000000	0.024309659090909	0.035678409090909	0.025479545454545	0.030201136363636	0.807578409090909	0.043202840909091		1
000257:	0.046810227272727	0.464310227272727	0.018114772727273	0.317844886363636	0.051288068181818	0.032410795454545	0.069221022727273		1
000258:	0.038742613636364	0.041654545454545	0.046700000000000	0.024389204545455	0.023350000000000	0.769852272727273	0.055311363636364		1
000259:	0.019801136363636	0.836295454545455	0.037546022727273	0.021386931818182	0.035200568181818	0.021126136363636	0.028643750000000		1
000260:	0.022567613636364	0.023698295454545	0.052305681818182	0.022696022727273	0.034219886363636	0.038142045454545	0.806370454545455		1
000261:	0.042777840909091	0.107623863636364	0.033488636363636	0.043161363636364	0.587451704545455	0.074842613636364	0.110653977272727		1
000262:	0.053700568181818	0.335085795454545	0.052636363636364	0.102569318181818	0.177927272727273	0.046299431818182	0.231781250000000		1
000263:	0.143696022727273	0.123743750000000	0.114887500000000	0.063676704545455	0.047374431818182	0.437170454545455	0.069451136363636		1
000264:	0.029106250000000	0.763036931818182	0.022592045454545	0.024681250000000	0.037719318181818	0.093921590909091	0.028942613636364		1
000265:	0.361884090909091	0.095569886363636	0.034528409090909	0.114884659090909	0.080118750000000	0.252311363636364	0.060702840909091		1
000266:	0.000851704545455	0.001279545454545	0.001098863636364	0.001697159090909	0.015078409090909	0.978752840909091	0.001241477272727		1
000267:	0.027281818181818	0.026215909090909	0.051994318181818	0.020344318181818	0.070034090909091	0.629871022727273	0.174258522727273		1
000268:	0.209815340909091	0.144826704545455	0.064555681818182	0.190551704545455	0.066828409090909	0.202215909090909	0.121206250000000		1
000269:	0.014685227272727	0.033476704545455	0.086903977272727	0.014952272727273	0.760443750000000	0.074446022727273	0.015092045454545		1
000270:	0.029539772727273	0.796458522727273	0.036209090909091	0.038669886363636	0.032241477272727	0.019615909090909	0.047265340909091		1
000271:	0.036032386363636	0.111749431818182	0.046451704545455	0.087094318181818	0.462880113636364	0.070997159090909	0.184794886363636		1
000272:	0.028223295454545	0.197540909090909	0.102026704545455	0.052914772727273	0.240724431818182	0.128855681818182	0.249714204545455		1
000273:	0.041776704545455	0.408238636363636	0.046073863636364	0.029504545454545	0.280602272727273	0.151965340909091	0.041838636363636		1
000274:	0.036293750000000	0.073014204545455	0.033798863636364	0.080007954545455	0.234798295454545	0.477781818181818	0.064305113636364		1
000275:	0.009713636363636	0.013505113636364	0.012768181818182	0.011544886363636	0.028654545454545	0.911013068181818	0.012800568181818		1
000276:	0.007559090909091	0.783191477272727	0.012839772727273	0.112548295454545	0.039145454545455	0.014195454545455	0.030520454545455		1
000277:	0.041040909090909	0.055328409090909	0.030043181818182	0.036254545454545	0.719278409090909	0.082114204545455	0.035940340909091		1
000278:	0.004776704545455	0.008959659090909	0.176256818181818	0.009723863636364	0.018757954545455	0.721724431818182	0.059800568181818		1
000279:	0.022842045454545	0.021701704545455	0.060590340909091	0.021812500000000	0.621427840909091	0.210203977272727	0.041421590909091		1
000280:	0.068064772727273	0.180015909090909	0.071608522727273	0.052925568181818	0.066955113636364	0.172221590909091	0.388208522727273		1
000281:	0.038393750000000	0.392131818181818	0.031094318181818	0.023525568181818	0.436656818181818	0.030451136363636	0.047746590909091		1
000282:	0.043578409090909	0.115421022727273	0.152384659090909	0.062453409090909	0.160719318181818	0.302250000000000	0.163193181818182		1
000283:	0.125913636363636	0.700196590909091	0.015240909090909	0.043881818181818	0.034249431818182	0.019148863636364	0.061368750000000		1
000284:	0.042552840909091	0.086765340909091	0.037531250000000	0.040404545454545	0.308547727272727	0.193997727272727	0.290200568181818		1
000285:	0.071089204545455	0.037639772727273	0.250489204545455	0.034336931818182	0.315278977272727	0.138751704545455	0.152414204545455		1
000286:	0.029620454545455	0.258118750000000	0.060682386363636	0.041996022727273	0.348745454545455	0.218878977272727	0.041957954545455		1
000287:	0.018161363636364	0.257487500000000	0.082225568181818	0.045852840909091	0.137432386363636	0.419487500000000	0.039352840909091		1
000288:	0.054864772727273	0.182934659090909	0.041138636363636	0.066690909090909	0.120677840909091	0.463242613636364	0.070450568181818		1
