Estimated Clustering Probabilities for Samples
Sample	***Cluster  01***	***Cluster  02***	***Cluster  03***	***Cluster  04***	***Cluster  05***	***Cluster  06***	
000001:	0.472110227272727	0.070012500000000	0.191348295454545	0.162262500000000	0.095295454545455	0.008971022727273		1
000002:	0.190580681818182	0.030467613636364	0.299790909090909	0.452889204545455	0.016739772727273	0.009531818181818		1
000003:	0.517344318181818	0.055559090909091	0.320968181818182	0.062901704545455	0.032260795454545	0.010965909090909		1
000004:	0.007115340909091	0.408964204545455	0.236198863636364	0.014572159090909	0.018198863636364	0.314950568181818		1
000005:	0.142309659090909	0.029884090909091	0.731839204545455	0.034218181818182	0.054063636363636	0.007685227272727		1
000006:	0.106077840909091	0.364778977272727	0.333281818181818	0.102154545454545	0.064830681818182	0.028876136363636		1
000007:	0.309071590909091	0.057568750000000	0.379564204545455	0.207863636363636	0.034817045454545	0.011114772727273		1
000008:	0.052174431818182	0.039637500000000	0.810653977272727	0.057605681818182	0.035392045454545	0.004536363636364		1
000009:	0.037768750000000	0.057540340909091	0.852973863636364	0.023510795454545	0.022667613636364	0.005538636363636		1
000010:	0.080804545454545	0.104981250000000	0.649319318181818	0.074285227272727	0.082480681818182	0.008128977272727		1
000011:	0.521150000000000	0.134053409090909	0.077370454545455	0.111466477272727	0.100496022727273	0.055463636363636		1
000012:	0.054582386363636	0.177317613636364	0.187447159090909	0.034255113636364	0.435913636363636	0.110484090909091		1
000013:	0.086702840909091	0.239676704545455	0.046025000000000	0.031755681818182	0.376740340909091	0.219099431818182		1
000014:	0.022276136363636	0.878899431818182	0.020096022727273	0.016097727272727	0.039034659090909	0.023596022727273		1
000015:	0.101877840909091	0.134635227272727	0.469147159090909	0.032113636363636	0.207047727272727	0.055178409090909		1
000016:	0.036961931818182	0.829223295454545	0.058417045454545	0.016695454545455	0.033517613636364	0.025184659090909		1
000017:	0.595174431818182	0.094719886363636	0.069178409090909	0.033694318181818	0.171786363636364	0.035446590909091		1
000018:	0.043723295454545	0.057932954545455	0.042997159090909	0.012847727272727	0.698578409090909	0.143920454545455		1
000019:	0.579340340909091	0.057117045454545	0.090303977272727	0.026225000000000	0.118669886363636	0.128343750000000		1
000020:	0.192560227272727	0.317523295454545	0.127219886363636	0.048752272727273	0.279168750000000	0.034775568181818		1
000021:	0.482125000000000	0.030825000000000	0.019184659090909	0.047384659090909	0.380778409090909	0.039702272727273		1
000022:	0.187911363636364	0.120700568181818	0.195463636363636	0.024572159090909	0.400589772727273	0.070762500000000		1
000023:	0.468451704545455	0.059013636363636	0.057689204545455	0.083351704545455	0.205990340909091	0.125503409090909		1
000024:	0.019421590909091	0.902112500000000	0.014613068181818	0.007285795454545	0.031937500000000	0.024629545454545		1
000025:	0.084001704545455	0.206601136363636	0.051451704545455	0.024668750000000	0.355547727272727	0.277728977272727		1
000026:	0.196143181818182	0.044125000000000	0.117056250000000	0.029249431818182	0.498439772727273	0.114986363636364		1
000027:	0.049896022727273	0.037877840909091	0.052789204545455	0.042880681818182	0.642644886363636	0.173911363636364		1
000028:	0.645215340909091	0.052479545454545	0.036202840909091	0.075725000000000	0.154389204545455	0.035988068181818		1
000029:	0.192072159090909	0.193992045454545	0.104394318181818	0.043297727272727	0.382781250000000	0.083462500000000		1
000030:	0.301890909090909	0.157509090909091	0.116219318181818	0.072685795454545	0.165123295454545	0.186571590909091		1
000031:	0.038344318181818	0.039069886363636	0.039031818181818	0.024367613636364	0.707754545454545	0.151431818181818		1
000032:	0.060973295454545	0.146852840909091	0.057135227272727	0.041204545454545	0.627214772727273	0.066619318181818		1
000033:	0.170794886363636	0.070580681818182	0.104285795454545	0.159808522727273	0.398968750000000	0.095561363636364		1
000034:	0.315182954545455	0.030223295454545	0.004785795454545	0.582198295454545	0.038261363636364	0.029348295454545		1
000035:	0.210935795454545	0.043708522727273	0.047986931818182	0.071788068181818	0.488540340909091	0.137040340909091		1
000036:	0.213906250000000	0.123123295454545	0.102089772727273	0.068185795454545	0.444759659090909	0.047935227272727		1
000037:	0.056577840909091	0.115449431818182	0.052022727272727	0.017138636363636	0.699663068181818	0.059148295454545		1
000038:	0.371350000000000	0.073172727272727	0.089280681818182	0.103820454545455	0.122638068181818	0.239738068181818		1
000039:	0.084637500000000	0.126111363636364	0.051346590909091	0.024291477272727	0.528443750000000	0.185169318181818		1
000040:	0.034702272727273	0.780742613636364	0.026894886363636	0.020022727272727	0.080660795454545	0.056976704545455		1
000041:	0.075984659090909	0.123529545454545	0.120711363636364	0.041419886363636	0.586801704545455	0.051552840909091		1
000042:	0.165050568181818	0.102868181818182	0.047394886363636	0.038242613636364	0.420951136363636	0.225492613636364		1
000043:	0.564448295454545	0.110298863636364	0.068232954545455	0.029311363636364	0.188194886363636	0.039513636363636		1
000044:	0.131605113636364	0.105428409090909	0.170344318181818	0.038538068181818	0.502337500000000	0.051746590909091		1
000045:	0.029393750000000	0.028911363636364	0.043690340909091	0.019332954545455	0.800953409090909	0.077718181818182		1
000046:	0.081956818181818	0.076512500000000	0.112990909090909	0.093568750000000	0.382460227272727	0.252510795454545		1
000047:	0.174101704545455	0.157040909090909	0.230063068181818	0.071702272727273	0.275791477272727	0.091300568181818		1
000048:	0.472177272727273	0.059657386363636	0.305931818181818	0.036306818181818	0.057573863636364	0.068352840909091		1
000049:	0.613546590909091	0.080690340909091	0.098668750000000	0.027357386363636	0.064163636363636	0.115573295454545		1
000050:	0.107456250000000	0.368606818181818	0.156632386363636	0.132703409090909	0.161418750000000	0.073182386363636		1
000051:	0.031076704545455	0.770444886363636	0.124772727272727	0.027901136363636	0.029941477272727	0.015863068181818		1
000052:	0.021587500000000	0.832752840909091	0.091009090909091	0.008726704545455	0.039530681818182	0.006393181818182		1
000053:	0.107178977272727	0.310664204545455	0.192918181818182	0.037409090909091	0.296655113636364	0.055174431818182		1
000054:	0.147822727272727	0.065205681818182	0.101922159090909	0.077330113636364	0.303571590909091	0.304147727272727		1
000055:	0.081762500000000	0.116793750000000	0.675489204545455	0.033308522727273	0.060452272727273	0.032193750000000		1
000056:	0.092287500000000	0.082841477272727	0.343246022727273	0.034072727272727	0.393336363636364	0.054215909090909		1
000057:	0.071494886363636	0.110659659090909	0.334451136363636	0.054901136363636	0.381818750000000	0.046674431818182		1
000058:	0.698697159090909	0.021681250000000	0.067097727272727	0.031042613636364	0.073353409090909	0.108127840909091		1
000059:	0.179755681818182	0.031864204545455	0.125376704545455	0.035108522727273	0.507450000000000	0.120444886363636		1
000060:	0.443203977272727	0.081667045454545	0.301902840909091	0.039082954545455	0.101293181818182	0.032850000000000		1
000061:	0.500365340909091	0.046297727272727	0.232523295454545	0.036978409090909	0.154543750000000	0.029291477272727		1
000062:	0.044147159090909	0.812280113636364	0.065864204545455	0.016472159090909	0.045014772727273	0.016221590909091		1
000063:	0.025351704545455	0.791456818181818	0.123046022727273	0.019928409090909	0.028345454545455	0.011871590909091		1
000064:	0.016457954545455	0.833949431818182	0.102912500000000	0.022784090909091	0.015389204545455	0.008506818181818		1
000065:	0.153955113636364	0.080143181818182	0.573344318181818	0.052797727272727	0.112882386363636	0.026877272727273		1
000066:	0.071617045454545	0.047594318181818	0.409136931818182	0.023941477272727	0.400547159090909	0.047163068181818		1
000067:	0.046608522727273	0.439807386363636	0.419192613636364	0.031664204545455	0.046431250000000	0.016296022727273		1
000068:	0.309392613636364	0.025531250000000	0.100318750000000	0.022249431818182	0.498363636363636	0.044144318181818		1
000069:	0.246856250000000	0.073780681818182	0.131177272727273	0.037162500000000	0.480237500000000	0.030785795454545		1
000070:	0.270494886363636	0.228561931818182	0.151939204545455	0.111578409090909	0.151033522727273	0.086392045454545		1
000071:	0.476986363636364	0.028651704545455	0.081074431818182	0.049820454545455	0.303206250000000	0.060260795454545		1
000072:	0.156623295454545	0.115633522727273	0.525418750000000	0.056569318181818	0.108903977272727	0.036851136363636		1
000073:	0.033598863636364	0.036219318181818	0.813852840909091	0.028577840909091	0.062954545454545	0.024796590909091		1
000074:	0.044015909090909	0.166304545454545	0.085282954545455	0.037053409090909	0.422333522727273	0.245009659090909		1
000075:	0.264981250000000	0.073390340909091	0.162002840909091	0.058598295454545	0.234565909090909	0.206461363636364		1
000076:	0.244564204545455	0.037528977272727	0.083503409090909	0.336444318181818	0.144063068181818	0.153896022727273		1
000077:	0.209782386363636	0.078678409090909	0.126611363636364	0.214694886363636	0.195534659090909	0.174698295454545		1
000078:	0.741704545454545	0.050687500000000	0.056682386363636	0.064599431818182	0.066227272727273	0.020098863636364		1
000079:	0.471532386363636	0.099972159090909	0.062773295454545	0.069871022727273	0.204579545454545	0.091271590909091		1
000080:	0.282227272727273	0.027925000000000	0.096631818181818	0.069202272727273	0.262967613636364	0.261046022727273		1
000081:	0.089281818181818	0.035979545454545	0.638047727272727	0.049203977272727	0.167971590909091	0.019515340909091		1
000082:	0.209556250000000	0.070169886363636	0.566901136363636	0.046698295454545	0.083789204545455	0.022885227272727		1
000083:	0.107815340909091	0.029332954545455	0.523711931818182	0.041888068181818	0.242248295454545	0.055003409090909		1
000084:	0.021275000000000	0.864233522727273	0.017235795454545	0.024527840909091	0.043620454545455	0.029107386363636		1
000085:	0.155956250000000	0.098196022727273	0.241142613636364	0.057902272727273	0.390314204545455	0.056488636363636		1
000086:	0.023417045454545	0.736281250000000	0.021346590909091	0.005159090909091	0.036452840909091	0.177343181818182		1
000087:	0.288310227272727	0.055477840909091	0.186615340909091	0.023656818181818	0.413379545454545	0.032560227272727		1
000088:	0.075085227272727	0.043890340909091	0.075139204545455	0.034443750000000	0.721318750000000	0.050122727272727		1
000089:	0.057736931818182	0.054271022727273	0.103199431818182	0.080040340909091	0.656300568181818	0.048451704545455		1
000090:	0.084787500000000	0.101797159090909	0.111248863636364	0.033778977272727	0.523489772727273	0.144897727272727		1
000091:	0.204069318181818	0.055231250000000	0.048563068181818	0.169125000000000	0.216540340909091	0.306471022727273		1
000092:	0.199782386363636	0.060449431818182	0.376508522727273	0.057172727272727	0.238411931818182	0.067675000000000		1
000093:	0.022865909090909	0.034702840909091	0.718286363636364	0.025655681818182	0.125667613636364	0.072821590909091		1
000094:	0.230451136363636	0.042157954545455	0.225088636363636	0.052692613636364	0.279217613636364	0.170392045454545		1
000095:	0.090828977272727	0.084475568181818	0.687956250000000	0.045178977272727	0.051340909090909	0.040219318181818		1
000096:	0.000601704545455	0.896330113636364	0.101068181818182	0.000264772727273	0.001043181818182	0.000692045454545		1
000097:	0.247484659090909	0.038122727272727	0.093985795454545	0.027771022727273	0.541960795454545	0.050675000000000		1
000098:	0.589856818181818	0.024063068181818	0.073518181818182	0.015360795454545	0.196814204545455	0.100386931818182		1
000099:	0.181605113636364	0.425304545454545	0.123203977272727	0.035947159090909	0.186281250000000	0.047657954545455		1
000100:	0.076617045454545	0.482898295454545	0.281066477272727	0.020635227272727	0.098130681818182	0.040652272727273		1
000101:	0.074115909090909	0.033237500000000	0.058953977272727	0.022007954545455	0.799021022727273	0.012663636363636		1
000102:	0.292328977272727	0.228314204545455	0.147175000000000	0.030351136363636	0.256559090909091	0.045271590909091		1
000103:	0.469065340909091	0.048346590909091	0.112372159090909	0.057276136363636	0.111920454545455	0.201019318181818		1
000104:	0.102462500000000	0.567015909090909	0.198921022727273	0.018705681818182	0.087900568181818	0.024994318181818		1
000105:	0.066118750000000	0.203421022727273	0.089854545454545	0.028128977272727	0.552168750000000	0.060307954545455		1
000106:	0.125068181818182	0.047708522727273	0.128185227272727	0.052635795454545	0.612805681818182	0.033596590909091		1
000107:	0.305201704545455	0.291733522727273	0.139696022727273	0.025967613636364	0.205241477272727	0.032159659090909		1
000108:	0.020028409090909	0.843450568181818	0.027820454545455	0.014497727272727	0.057889772727273	0.036313068181818		1
000109:	0.005168181818182	0.005251704545455	0.013230113636364	0.686067045454545	0.287152840909091	0.003130113636364		1
000110:	0.030236363636364	0.075660795454545	0.028736931818182	0.040893181818182	0.058328409090909	0.766144318181818		1
000111:	0.247237500000000	0.461028409090909	0.073809090909091	0.067332954545455	0.107188068181818	0.043403977272727		1
000112:	0.083414772727273	0.136673295454545	0.059590909090909	0.043731818181818	0.618249431818182	0.058339772727273		1
000113:	0.522202272727273	0.161987500000000	0.155121590909091	0.035731818181818	0.079060795454545	0.045896022727273		1
000114:	0.472312500000000	0.032637500000000	0.095308522727273	0.113544318181818	0.187268181818182	0.098928977272727		1
000115:	0.173098295454545	0.084157954545455	0.295725000000000	0.063272727272727	0.306612500000000	0.077133522727273		1
000116:	0.073117613636364	0.325214204545455	0.418086931818182	0.029440340909091	0.110725568181818	0.043415340909091		1
000117:	0.059978409090909	0.059049431818182	0.202916477272727	0.089064772727273	0.556350000000000	0.032640909090909		1
000118:	0.222618750000000	0.156743750000000	0.372163636363636	0.107815340909091	0.105825000000000	0.034833522727273		1
000119:	0.172743181818182	0.130619318181818	0.115313068181818	0.026502840909091	0.493895454545455	0.060926136363636		1
000120:	0.073935795454545	0.089944886363636	0.668914204545455	0.035867613636364	0.107132386363636	0.024205113636364		1
000121:	0.450819886363636	0.061118181818182	0.112851136363636	0.078997727272727	0.168237500000000	0.127975568181818		1
000122:	0.165194318181818	0.059317613636364	0.233305113636364	0.016490340909091	0.498884659090909	0.026807954545455		1
000123:	0.408751704545455	0.054405113636364	0.349596590909091	0.037165340909091	0.084900568181818	0.065180681818182		1
000124:	0.540356250000000	0.027703977272727	0.061601136363636	0.050453977272727	0.252623863636364	0.067260795454545		1
000125:	0.582981250000000	0.065871022727273	0.090772159090909	0.140423863636364	0.094415340909091	0.025536363636364		1
000126:	0.097748295454545	0.029689204545455	0.072534090909091	0.723182954545455	0.043521590909091	0.033323863636364		1
000127:	0.147711931818182	0.143247159090909	0.323690909090909	0.069718181818182	0.260440909090909	0.055190909090909		1
000128:	0.395750568181818	0.065106818181818	0.341391477272727	0.046009659090909	0.123041477272727	0.028700000000000		1
000129:	0.071107386363636	0.025316477272727	0.108767613636364	0.034592045454545	0.664662500000000	0.095553977272727		1
000130:	0.557252272727273	0.089629545454545	0.111635795454545	0.057536931818182	0.075555113636364	0.108390340909091		1
000131:	0.252956250000000	0.106003409090909	0.099839772727273	0.046859659090909	0.452957386363636	0.041383522727273		1
000132:	0.080103977272727	0.543805113636364	0.181811363636364	0.038914204545455	0.121398295454545	0.033967045454545		1
000133:	0.413234090909091	0.088385227272727	0.068110227272727	0.117660795454545	0.167885227272727	0.144724431818182		1
000134:	0.264148295454545	0.088048863636364	0.207094886363636	0.067195454545455	0.194951704545455	0.178560795454545		1
000135:	0.071197159090909	0.023198863636364	0.082669318181818	0.036915909090909	0.557061363636364	0.228957386363636		1
000136:	0.141451704545455	0.081272727272727	0.582001136363636	0.055342613636364	0.105349431818182	0.034582386363636		1
000137:	0.270395454545455	0.051825000000000	0.074018750000000	0.040294886363636	0.379171022727273	0.184294886363636		1
000138:	0.147672159090909	0.055085227272727	0.332153409090909	0.215867613636364	0.182648863636364	0.066572727272727		1
000139:	0.174427840909091	0.072055113636364	0.356368750000000	0.074285795454545	0.245402272727273	0.077460227272727		1
000140:	0.033526136363636	0.036802840909091	0.036794886363636	0.027984659090909	0.347302272727273	0.517589204545455		1
000141:	0.231421590909091	0.389318750000000	0.098141477272727	0.164326704545455	0.061397727272727	0.055393750000000		1
000142:	0.064068750000000	0.141712500000000	0.124744318181818	0.023286931818182	0.590501136363636	0.055686363636364		1
000143:	0.703480681818182	0.102082954545455	0.071194886363636	0.014460227272727	0.086824431818182	0.021956818181818		1
000144:	0.184901704545455	0.183269318181818	0.235044886363636	0.042985795454545	0.333504545454545	0.020293750000000		1
000145:	0.020630113636364	0.824134090909091	0.059283522727273	0.040963068181818	0.039395454545455	0.015593750000000		1
000146:	0.087104545454545	0.073217613636364	0.333389204545455	0.037039204545455	0.348426136363636	0.120823295454545		1
000147:	0.101890340909091	0.072803409090909	0.589995454545455	0.031686363636364	0.176144318181818	0.027480113636364		1
000148:	0.619488068181818	0.023313068181818	0.236149431818182	0.029796590909091	0.065496590909091	0.025756250000000		1
000149:	0.074447727272727	0.597048863636364	0.009306818181818	0.008018750000000	0.221862500000000	0.089315340909091		1
000150:	0.218267613636364	0.053771022727273	0.059110227272727	0.023448295454545	0.511967613636364	0.133435227272727		1
000151:	0.316436363636364	0.225568750000000	0.250971590909091	0.029344886363636	0.129280681818182	0.048397727272727		1
000152:	0.515017045454545	0.081958522727273	0.130354545454545	0.044590909090909	0.155965909090909	0.072113068181818		1
000153:	0.072376704545455	0.126793750000000	0.164796590909091	0.032754545454545	0.551168181818182	0.052110227272727		1
000154:	0.035503977272727	0.104835227272727	0.782254545454545	0.012975568181818	0.043822727272727	0.020607954545455		1
000155:	0.034173863636364	0.577081818181818	0.017253409090909	0.009262500000000	0.322513068181818	0.039715340909091		1
000156:	0.076958522727273	0.443853409090909	0.035562500000000	0.021150568181818	0.406802840909091	0.015672159090909		1
000157:	0.034896022727273	0.838323295454545	0.071628977272727	0.036893750000000	0.012088068181818	0.006169886363636		1
000158:	0.119067613636364	0.065289204545455	0.239155113636364	0.508528977272727	0.055713068181818	0.012246022727273		1
000159:	0.038492613636364	0.652380113636364	0.065438636363636	0.147201704545455	0.072894318181818	0.023592613636364		1
000160:	0.032850568181818	0.028646590909091	0.082297159090909	0.837337500000000	0.011192613636364	0.007675568181818		1
000161:	0.062955681818182	0.097867045454545	0.358061363636364	0.418789204545455	0.035756250000000	0.026570454545455		1
000162:	0.077454545454545	0.028933522727273	0.129671022727273	0.311728977272727	0.354388636363636	0.097823295454545		1
000163:	0.068480113636364	0.042637500000000	0.792248863636364	0.048485227272727	0.040029545454545	0.008118750000000		1
000164:	0.026830113636364	0.648531250000000	0.247363636363636	0.050864772727273	0.015006818181818	0.011403409090909		1
000165:	0.072619886363636	0.038497159090909	0.810386363636364	0.053762500000000	0.012224431818182	0.012509659090909		1
000166:	0.011448863636364	0.005190909090909	0.922297159090909	0.051731250000000	0.007042045454545	0.002289772727273		1
000167:	0.171462500000000	0.048236931818182	0.527421590909091	0.141393181818182	0.074812500000000	0.036673295454545		1
000168:	0.177805113636364	0.180425568181818	0.428357386363636	0.025361363636364	0.152636931818182	0.035413636363636		1
000169:	0.446593750000000	0.036580681818182	0.265117613636364	0.024487500000000	0.201181250000000	0.026039204545455		1
000170:	0.163507954545455	0.022897727272727	0.727794886363636	0.022398863636364	0.036102272727273	0.027298295454545		1
000171:	0.087890909090909	0.497773295454545	0.334422159090909	0.013160227272727	0.057205113636364	0.009548295454545		1
000172:	0.057615909090909	0.032337500000000	0.662371590909091	0.046833522727273	0.124368181818182	0.076473295454545		1
000173:	0.176234659090909	0.028589772727273	0.510817613636364	0.019252840909091	0.254265340909091	0.010839772727273		1
000174:	0.086337500000000	0.055455681818182	0.365441477272727	0.018913068181818	0.365457386363636	0.108394886363636		1
000175:	0.022752272727273	0.898442613636364	0.029893181818182	0.007348863636364	0.033055681818182	0.008507386363636		1
000176:	0.563467613636364	0.077816477272727	0.152479545454545	0.013514772727273	0.183188636363636	0.009532954545455		1
000177:	0.208002272727273	0.124560227272727	0.141413636363636	0.088411363636364	0.392646022727273	0.044966477272727		1
000178:	0.069264772727273	0.224987500000000	0.229668181818182	0.010188068181818	0.433998295454545	0.031893181818182		1
000179:	0.012906250000000	0.922527840909091	0.023736931818182	0.004775568181818	0.029768181818182	0.006285227272727		1
000180:	0.018944886363636	0.891801136363636	0.044445454545455	0.006607386363636	0.031955113636364	0.006246022727273		1
000181:	0.054682954545455	0.752944886363636	0.059918181818182	0.008015340909091	0.034820454545455	0.089618181818182		1
000182:	0.177662500000000	0.185293181818182	0.114775568181818	0.038585227272727	0.388700000000000	0.094983522727273		1
000183:	0.028395454545455	0.873627272727273	0.033868181818182	0.009338636363636	0.035174431818182	0.019596022727273		1
000184:	0.588902272727273	0.095161931818182	0.096113068181818	0.020650568181818	0.156471022727273	0.042701136363636		1
000185:	0.235619886363636	0.101277272727273	0.189934659090909	0.049582954545455	0.292932386363636	0.130652840909091		1
000186:	0.184484090909091	0.006698295454545	0.003297727272727	0.001960227272727	0.014772159090909	0.788787500000000		1
000187:	0.043867613636364	0.837252840909091	0.023924431818182	0.019293181818182	0.060052840909091	0.015609090909091		1
000188:	0.434915909090909	0.174309659090909	0.137569886363636	0.123059090909091	0.088725000000000	0.041420454545455		1
000189:	0.153134659090909	0.040592045454545	0.676274431818182	0.027101704545455	0.088057954545455	0.014839204545455		1
000190:	0.113982386363636	0.034688636363636	0.623244886363636	0.040683522727273	0.122835795454545	0.064564772727273		1
000191:	0.158418750000000	0.041352272727273	0.423307386363636	0.021607386363636	0.326168750000000	0.029145454545455		1
000192:	0.232268750000000	0.104884090909091	0.071329545454545	0.062651136363636	0.485260795454545	0.043605681818182		1
000193:	0.998790340909091	0.000161363636364	0.000275000000000	0.000075000000000	0.000548863636364	0.000149431818182		1
000194:	0.231796590909091	0.090436363636364	0.284997159090909	0.053060795454545	0.141095454545455	0.198613636363636		1
000195:	0.154903977272727	0.066236931818182	0.105001136363636	0.022576704545455	0.628058522727273	0.023222727272727		1
000196:	0.279921590909091	0.180901704545455	0.140280681818182	0.346898863636364	0.038580681818182	0.013416477272727		1
000197:	0.173373295454545	0.088839772727273	0.475636363636364	0.079360227272727	0.164510227272727	0.018280113636364		1
000198:	0.106798295454545	0.107568750000000	0.235075000000000	0.172095454545455	0.333868181818182	0.044594318181818		1
000199:	0.026293181818182	0.075391477272727	0.784965340909091	0.098367045454545	0.010239772727273	0.004743181818182		1
000200:	0.210526704545455	0.056040340909091	0.357049431818182	0.305760795454545	0.044949431818182	0.025673295454545		1
000201:	0.023384659090909	0.756167045454545	0.154280681818182	0.039083522727273	0.018322159090909	0.008761931818182		1
000202:	0.195611363636364	0.302115909090909	0.058211931818182	0.015854545454545	0.404394886363636	0.023811363636364		1
000203:	0.185915340909091	0.090490909090909	0.561028977272727	0.028875000000000	0.087920454545455	0.045769318181818		1
000204:	0.160394886363636	0.492119886363636	0.227853409090909	0.028647727272727	0.056656250000000	0.034327840909091		1
000205:	0.110713636363636	0.504747727272727	0.192598295454545	0.035909090909091	0.105920454545455	0.050110795454545		1
000206:	0.398042045454545	0.135132386363636	0.132603409090909	0.036757954545455	0.081225568181818	0.216238636363636		1
000207:	0.423643750000000	0.032199431818182	0.059242045454545	0.059497159090909	0.387126136363636	0.038291477272727		1
000208:	0.205605681818182	0.283943181818182	0.303237500000000	0.033299431818182	0.145669886363636	0.028244318181818		1
000209:	0.134613636363636	0.572192045454545	0.156518181818182	0.065342613636364	0.046180681818182	0.025152840909091		1
000210:	0.124911931818182	0.232209090909091	0.356363636363636	0.050592045454545	0.192985227272727	0.042938068181818		1
000211:	0.076772159090909	0.067359659090909	0.774446022727273	0.038459090909091	0.027002272727273	0.015960795454545		1
000212:	0.141911931818182	0.237661363636364	0.245765340909091	0.307389772727273	0.041563068181818	0.025708522727273		1
000213:	0.101096590909091	0.126314772727273	0.595447727272727	0.109275568181818	0.047529545454545	0.020335795454545		1
000214:	0.754957954545455	0.034964204545455	0.079318750000000	0.070568750000000	0.047506818181818	0.012683522727273		1
000215:	0.359012500000000	0.065075568181818	0.252114772727273	0.144099431818182	0.079590909090909	0.100106818181818		1
000216:	0.088645454545455	0.219214772727273	0.355461931818182	0.255174431818182	0.049335795454545	0.032167613636364		1
000217:	0.055180681818182	0.131914204545455	0.369461931818182	0.385972159090909	0.030045454545455	0.027425568181818		1
000218:	0.084989204545455	0.135364772727273	0.592140340909091	0.142923295454545	0.027657386363636	0.016925000000000		1
000219:	0.030069318181818	0.018694886363636	0.828394318181818	0.105068181818182	0.010581818181818	0.007191477272727		1
000220:	0.046940909090909	0.108853977272727	0.683249431818182	0.121736363636364	0.022159659090909	0.017059659090909		1
000221:	0.083193181818182	0.093157954545455	0.696377272727273	0.086779545454545	0.016707954545455	0.023784090909091		1
000222:	0.036722727272727	0.373427272727273	0.519325000000000	0.053784090909091	0.010171590909091	0.006569318181818		1
000223:	0.599642613636364	0.012678977272727	0.014332386363636	0.012197727272727	0.001624431818182	0.359523863636364		1
000224:	0.053575568181818	0.060051704545455	0.059352840909091	0.035800000000000	0.333873863636364	0.457346022727273		1
000225:	0.084310227272727	0.056231818181818	0.132527840909091	0.054965340909091	0.408891477272727	0.263073295454545		1
000226:	0.396432954545455	0.110359090909091	0.057518181818182	0.189281818181818	0.161300000000000	0.085107954545455		1
000227:	0.092318181818182	0.039900568181818	0.070158522727273	0.127213068181818	0.360353977272727	0.310055681818182		1
000228:	0.020906818181818	0.025548863636364	0.050037500000000	0.183577272727273	0.045050000000000	0.674879545454545		1
000229:	0.259987500000000	0.028901136363636	0.130880113636364	0.068977272727273	0.070590340909091	0.440663636363636		1
000230:	0.071127272727273	0.084639204545455	0.042698295454545	0.697322159090909	0.026147727272727	0.078065340909091		1
000231:	0.130363636363636	0.036410795454545	0.151582386363636	0.124576704545455	0.329973863636364	0.227092613636364		1
000232:	0.167341477272727	0.206529545454545	0.210973295454545	0.194553977272727	0.059093750000000	0.161507954545455		1
000233:	0.185951136363636	0.031682386363636	0.049345454545455	0.107115909090909	0.369605681818182	0.256299431818182		1
000234:	0.036463068181818	0.026475568181818	0.030011931818182	0.064321590909091	0.165473863636364	0.677253977272727		1
000235:	0.015557954545455	0.032669318181818	0.026642045454545	0.033940909090909	0.078322159090909	0.812867613636364		1
000236:	0.076496590909091	0.209532386363636	0.031436931818182	0.261800000000000	0.070831250000000	0.349902840909091		1
000237:	0.115246022727273	0.030242613636364	0.042783522727273	0.050847159090909	0.214692613636364	0.546188068181818		1
000238:	0.027348295454545	0.561997159090909	0.185253409090909	0.059276136363636	0.067865340909091	0.098259659090909		1
000239:	0.369064772727273	0.047396590909091	0.038274431818182	0.168425568181818	0.124054545454545	0.252784090909091		1
000240:	0.216281250000000	0.032568750000000	0.016611363636364	0.568265340909091	0.075786931818182	0.090486363636364		1
000241:	0.053499431818182	0.300232386363636	0.039463068181818	0.110173863636364	0.404710227272727	0.091921022727273		1
000242:	0.168581250000000	0.033727272727273	0.026517613636364	0.049543181818182	0.584110227272727	0.137520454545455		1
000243:	0.052152840909091	0.031880681818182	0.017092613636364	0.417234090909091	0.093580113636364	0.388059659090909		1
000244:	0.699785795454545	0.049944886363636	0.026875000000000	0.125213636363636	0.032482386363636	0.065698295454545		1
000245:	0.627882954545455	0.020467045454545	0.035205681818182	0.112962500000000	0.067788636363636	0.135693181818182		1
000246:	0.486549431818182	0.014803409090909	0.023477840909091	0.050435795454545	0.074840340909091	0.349893181818182		1
000247:	0.231511363636364	0.057976704545455	0.049159659090909	0.138066477272727	0.185074431818182	0.338211363636364		1
000248:	0.765561931818182	0.028272159090909	0.029886363636364	0.089459090909091	0.018876704545455	0.067943750000000		1
000249:	0.113884090909091	0.023762500000000	0.019314772727273	0.178101704545455	0.061073295454545	0.603863636363636		1
000250:	0.009775568181818	0.011187500000000	0.011747727272727	0.065131250000000	0.033298863636364	0.868859090909091		1
000251:	0.126022727272727	0.038276704545455	0.030480681818182	0.159148863636364	0.335092045454545	0.310978977272727		1
000252:	0.096932954545455	0.136471590909091	0.074890340909091	0.424710795454545	0.047288636363636	0.219705681818182		1
000253:	0.066932386363636	0.129360227272727	0.024786931818182	0.140823863636364	0.033317045454545	0.604779545454545		1
000254:	0.061581818181818	0.049119886363636	0.039182386363636	0.190407386363636	0.049488068181818	0.610220454545455		1
000255:	0.107025568181818	0.067788636363636	0.063860227272727	0.090227272727273	0.042252272727273	0.628846022727273		1
000256:	0.627782954545455	0.045767045454545	0.070924431818182	0.072716477272727	0.079556250000000	0.103252840909091		1
000257:	0.035928409090909	0.601648295454545	0.101347727272727	0.149707954545455	0.029800000000000	0.081567613636364		1
000258:	0.531595454545455	0.049732386363636	0.161520454545455	0.068779545454545	0.117276704545455	0.071095454545455		1
000259:	0.015107954545455	0.910572159090909	0.010846590909091	0.026343181818182	0.015726704545455	0.021403409090909		1
000260:	0.172642045454545	0.058271590909091	0.042214772727273	0.374310795454545	0.113042045454545	0.239518750000000		1
000261:	0.069977272727273	0.151484090909091	0.066332386363636	0.143865340909091	0.100522159090909	0.467818750000000		1
000262:	0.065488068181818	0.263078977272727	0.055728977272727	0.277689204545455	0.080287500000000	0.257727272727273		1
000263:	0.313796022727273	0.122034090909091	0.190691477272727	0.163767045454545	0.145553977272727	0.064157386363636		1
000264:	0.023723863636364	0.861768750000000	0.032797727272727	0.035936363636364	0.019061931818182	0.026711363636364		1
000265:	0.091735795454545	0.100554545454545	0.504600568181818	0.128701704545455	0.038793750000000	0.135613636363636		1
000266:	0.237370454545455	0.067680681818182	0.088120454545455	0.066521590909091	0.053874431818182	0.486432386363636		1
000267:	0.161669318181818	0.035588636363636	0.036725000000000	0.063369318181818	0.041184659090909	0.661463068181818		1
000268:	0.585851136363636	0.089878977272727	0.072500000000000	0.063380113636364	0.050072727272727	0.138317045454545		1
000269:	0.036131250000000	0.035497159090909	0.044407954545455	0.033114772727273	0.304684090909091	0.546164772727273		1
000270:	0.019523863636364	0.828910227272727	0.071844886363636	0.027500000000000	0.024252272727273	0.027968750000000		1
000271:	0.043226704545455	0.209336931818182	0.019026136363636	0.079628977272727	0.036613068181818	0.612168181818182		1
000272:	0.068048863636364	0.120467045454545	0.038484090909091	0.278457386363636	0.042968750000000	0.451573863636364		1
000273:	0.062220454545455	0.371525568181818	0.061660227272727	0.106148863636364	0.111892613636364	0.286552272727273		1
000274:	0.208359659090909	0.061127272727273	0.038940340909091	0.165321022727273	0.063693750000000	0.462557954545455		1
000275:	0.142678977272727	0.080050568181818	0.219223863636364	0.100542045454545	0.295904545454545	0.161600000000000		1
000276:	0.033505681818182	0.750748295454545	0.021276136363636	0.084572159090909	0.032568181818182	0.077329545454545		1
000277:	0.019519318181818	0.050266477272727	0.033492045454545	0.057091477272727	0.051602272727273	0.788028409090909		1
000278:	0.274556250000000	0.062174431818182	0.261679545454545	0.148884659090909	0.106136363636364	0.146568750000000		1
000279:	0.034600000000000	0.016922159090909	0.077744318181818	0.043078409090909	0.100725000000000	0.726930113636364		1
000280:	0.211737500000000	0.269836931818182	0.038899431818182	0.192142613636364	0.171441477272727	0.115942045454545		1
000281:	0.027674431818182	0.498532954545455	0.034051136363636	0.050753977272727	0.041897159090909	0.347090340909091		1
000282:	0.085612500000000	0.159056818181818	0.090756818181818	0.140887500000000	0.277487500000000	0.246198863636364		1
000283:	0.014481818181818	0.871799431818182	0.034784090909091	0.046450000000000	0.010400000000000	0.022084659090909		1
000284:	0.004411363636364	0.012520454545455	0.003454545454545	0.012819886363636	0.003381818181818	0.963411931818182		1
000285:	0.118951704545455	0.035932954545455	0.048500568181818	0.091954545454545	0.271635227272727	0.433025000000000		1
000286:	0.028155113636364	0.235744318181818	0.040202840909091	0.051125568181818	0.085780113636364	0.558992045454546		1
000287:	0.036744886363636	0.159986363636364	0.040510227272727	0.058109090909091	0.097898295454545	0.606751136363636		1
000288:	0.200289204545455	0.073553409090909	0.058024431818182	0.462359090909091	0.036551136363636	0.169222727272727		1
000289:	0.656758522727273	0.106499431818182	0.091875000000000	0.086403977272727	0.036914772727273	0.021548295454545		1
000290:	0.449553409090909	0.209386363636364	0.065537500000000	0.213759090909091	0.034802840909091	0.026960795454545		1
000291:	0.060868181818182	0.062774431818182	0.755285227272727	0.032288068181818	0.074809090909091	0.013975000000000		1
000292:	0.248147727272727	0.064067045454545	0.366861363636364	0.229557386363636	0.045578409090909	0.045788068181818		1
000293:	0.038665340909091	0.036688068181818	0.843535795454545	0.030878409090909	0.041670454545455	0.008561931818182		1
000294:	0.490361931818182	0.118137500000000	0.221610227272727	0.066720454545455	0.077944886363636	0.025225000000000		1
000295:	0.647575568181818	0.055438636363636	0.102139772727273	0.039282386363636	0.141797727272727	0.013765909090909		1
000296:	0.018037500000000	0.032614204545455	0.915411931818182	0.011923295454545	0.018226704545455	0.003786363636364		1
000297:	0.426205681818182	0.203517045454545	0.146969886363636	0.122033522727273	0.069712500000000	0.031561363636364		1
000298:	0.050886363636364	0.080980113636364	0.108593750000000	0.050598863636364	0.450076136363636	0.258864772727273		1
000299:	0.478059659090909	0.067809659090909	0.171560227272727	0.095643181818182	0.040811931818182	0.146115340909091		1
000300:	0.042333522727273	0.098950568181818	0.578098863636364	0.116569886363636	0.054434090909091	0.109613068181818		1
000301:	0.025379545454545	0.018885227272727	0.856734090909091	0.034218750000000	0.042730681818182	0.022051704545455		1
000302:	0.000134090909091	0.997969886363636	0.000220454545455	0.001403409090909	0.000094886363636	0.000177272727273		1
000303:	0.012339204545455	0.888769318181818	0.030971022727273	0.037350568181818	0.011647159090909	0.018922727272727		1
000304:	0.795948295454545	0.038190340909091	0.059042613636364	0.074527840909091	0.019036363636364	0.013254545454545		1
000305:	0.134772727272727	0.150396022727273	0.093620454545455	0.557217613636364	0.036402840909091	0.027590340909091		1
000306:	0.017119886363636	0.843978409090909	0.039196022727273	0.037793750000000	0.040221022727273	0.021690909090909		1
000307:	0.069497159090909	0.047164204545455	0.061097727272727	0.772720454545455	0.015428409090909	0.034092045454545		1
000308:	0.148708522727273	0.033786931818182	0.699573863636364	0.084005113636364	0.015586931818182	0.018338636363636		1
000309:	0.288497159090909	0.074443181818182	0.372768750000000	0.073753409090909	0.051823863636364	0.138713636363636		1
000310:	0.019581250000000	0.909479545454545	0.032210227272727	0.014671590909091	0.012962500000000	0.011094886363636		1
000311:	0.613562500000000	0.163610795454545	0.037889772727273	0.095240909090909	0.053626136363636	0.036069886363636		1
000312:	0.134174431818182	0.045458522727273	0.038227272727273	0.046811931818182	0.103888636363636	0.631439204545455		1
000313:	0.146864204545455	0.044121022727273	0.094660795454545	0.059853977272727	0.225710795454545	0.428789204545455		1
000314:	0.115888068181818	0.092172727272727	0.076123295454545	0.115023295454545	0.421086363636364	0.179706250000000		1
000315:	0.219081818181818	0.029893750000000	0.103460227272727	0.133552840909091	0.257192613636364	0.256818750000000		1
000316:	0.759348295454545	0.040507386363636	0.084439204545455	0.026315909090909	0.061035227272727	0.028353977272727		1
000317:	0.237297159090909	0.033846590909091	0.057944886363636	0.127243750000000	0.500247727272727	0.043419886363636		1
000318:	0.410748863636364	0.097444886363636	0.228824431818182	0.172023295454545	0.069546022727273	0.021412500000000		1
000319:	0.026264772727273	0.819185227272727	0.068524431818182	0.032340909090909	0.014032954545455	0.039651704545455		1
000320:	0.040153409090909	0.335022727272727	0.387075000000000	0.117898863636364	0.067331818181818	0.052518181818182		1
000321:	0.076911931818182	0.055530113636364	0.693862500000000	0.113840909090909	0.031057386363636	0.028797159090909		1
000322:	0.047011931818182	0.109531818181818	0.205278409090909	0.585905113636364	0.027494318181818	0.024778409090909		1
000323:	0.092038636363636	0.128794886363636	0.163521590909091	0.133597159090909	0.135147727272727	0.346900000000000		1
000324:	0.292880113636364	0.154096022727273	0.180226704545455	0.305707386363636	0.029760227272727	0.037329545454545		1
000325:	0.070412500000000	0.769802272727273	0.040693750000000	0.068572727272727	0.017885795454545	0.032632954545455		1
000326:	0.478854545454545	0.055247159090909	0.132967613636364	0.178819318181818	0.028748295454545	0.125363068181818		1
000327:	0.299149431818182	0.096288068181818	0.281438636363636	0.230454545454545	0.065671022727273	0.026998295454545		1
000328:	0.063104545454545	0.026255113636364	0.071375568181818	0.795080113636364	0.017590340909091	0.026594318181818		1
000329:	0.009282954545455	0.076494318181818	0.221795454545455	0.241096022727273	0.428561931818182	0.022769318181818		1
000330:	0.045156250000000	0.145596590909091	0.059535227272727	0.695684090909091	0.020880681818182	0.033147159090909		1
000331:	0.061292045454545	0.043627272727273	0.084585227272727	0.724439204545455	0.015190909090909	0.070865340909091		1
