Estimated Clustering Probabilities for Samples
Sample	***Cluster  01***	***Cluster  02***	***Cluster  03***	***Cluster  04***	***Cluster  05***	***Cluster  06***	***Cluster  07***	
000001:	0.394027840909091	0.146686931818182	0.037172727272727	0.090428409090909	0.100209659090909	0.102528409090909	0.128946022727273		1
000002:	0.052167613636364	0.049386931818182	0.019429545454545	0.130988068181818	0.043232386363636	0.145347727272727	0.559447727272727		1
000003:	0.319249431818182	0.121431818181818	0.035641477272727	0.068601136363636	0.033488068181818	0.071868750000000	0.349719318181818		1
000004:	0.066209090909091	0.017866477272727	0.028682386363636	0.587972727272727	0.027264204545455	0.143207386363636	0.128797727272727		1
000005:	0.178290909090909	0.041438636363636	0.036957954545455	0.066463068181818	0.068822159090909	0.084256818181818	0.523770454545455		1
000006:	0.048256250000000	0.027176704545455	0.051900000000000	0.620681250000000	0.054230113636364	0.099108522727273	0.098647159090909		1
000007:	0.168413636363636	0.112313636363636	0.027213636363636	0.035926704545455	0.020909090909091	0.304474431818182	0.330748863636364		1
000008:	0.048456250000000	0.031376136363636	0.028723295454545	0.098824431818182	0.025574431818182	0.166781250000000	0.600264204545455		1
000009:	0.025347159090909	0.026102272727273	0.030871590909091	0.142293750000000	0.029875000000000	0.053302272727273	0.692207954545455		1
000010:	0.027650000000000	0.022775000000000	0.048127840909091	0.110393181818182	0.029497727272727	0.050326136363636	0.711230113636364		1
000011:	0.238598863636364	0.116984659090909	0.029415340909091	0.267818181818182	0.051541477272727	0.124348863636364	0.171292613636364		1
000012:	0.183302272727273	0.020922727272727	0.112471590909091	0.162985227272727	0.316156250000000	0.028022159090909	0.176139772727273		1
000013:	0.180082386363636	0.035510795454545	0.213512500000000	0.302085795454545	0.175644886363636	0.037413636363636	0.055750000000000		1
000014:	0.012109659090909	0.010180113636364	0.034882954545455	0.906343750000000	0.009984090909091	0.009572159090909	0.016927272727273		1
000015:	0.295359659090909	0.010035227272727	0.009355113636364	0.014410795454545	0.564400000000000	0.007578409090909	0.098860795454545		1
000016:	0.021301704545455	0.006041477272727	0.007346022727273	0.790329545454545	0.010329545454545	0.009276136363636	0.155375568181818		1
000017:	0.144686931818182	0.135847727272727	0.024334659090909	0.129169318181818	0.264167613636364	0.069082954545455	0.232710795454545		1
000018:	0.057488068181818	0.020414772727273	0.519380113636364	0.069285227272727	0.194488636363636	0.033878409090909	0.105064772727273		1
000019:	0.440775568181818	0.018040340909091	0.052734090909091	0.033032386363636	0.096587500000000	0.018555681818182	0.340274431818182		1
000020:	0.072114204545455	0.036442045454545	0.023956818181818	0.330822159090909	0.126090340909091	0.046707386363636	0.363867045454545		1
000021:	0.270823295454545	0.244760227272727	0.027393750000000	0.029094318181818	0.351630113636364	0.035097727272727	0.041200568181818		1
000022:	0.452960795454545	0.018748863636364	0.037482954545455	0.061309659090909	0.204146022727273	0.072281818181818	0.153069886363636		1
000023:	0.614618181818182	0.079914204545455	0.030218750000000	0.057068181818182	0.093377272727273	0.056340909090909	0.068462500000000		1
000024:	0.007630681818182	0.005448295454545	0.007694886363636	0.942593750000000	0.009627272727273	0.017476136363636	0.009528977272727		1
000025:	0.468033522727273	0.024857954545455	0.176869886363636	0.125010795454545	0.081293750000000	0.070622159090909	0.053311931818182		1
000026:	0.533763068181818	0.011526704545455	0.028893750000000	0.024809659090909	0.338549431818182	0.042742613636364	0.019714772727273		1
000027:	0.031248863636364	0.029767613636364	0.299593181818182	0.059585227272727	0.470866477272727	0.055677272727273	0.053261363636364		1
000028:	0.244389772727273	0.286509090909091	0.018855681818182	0.063263636363636	0.115247159090909	0.073745454545455	0.197989204545455		1
000029:	0.184399431818182	0.046843181818182	0.029385227272727	0.158440340909091	0.283703409090909	0.063813636363636	0.233414772727273		1
000030:	0.664277840909091	0.040752272727273	0.024159090909091	0.097582954545455	0.042392045454545	0.069741477272727	0.061094318181818		1
000031:	0.159939204545455	0.019264772727273	0.148336931818182	0.062807954545455	0.525903409090909	0.034085227272727	0.049662500000000		1
000032:	0.099622727272727	0.054306250000000	0.045394318181818	0.064160795454545	0.623632954545455	0.049519318181818	0.063363636363636		1
000033:	0.710627272727273	0.056578977272727	0.017139772727273	0.042684659090909	0.074969886363636	0.026978977272727	0.071020454545455		1
000034:	0.017339204545455	0.013525568181818	0.011486363636364	0.893238068181818	0.019313068181818	0.020894886363636	0.024202840909091		1
000035:	0.318033522727273	0.093592613636364	0.077646590909091	0.058356818181818	0.176998295454545	0.199700000000000	0.075672159090909		1
000036:	0.014730113636364	0.037092045454545	0.005119318181818	0.685925568181818	0.056948863636364	0.020331250000000	0.179852840909091		1
000037:	0.060143750000000	0.023723295454545	0.036348863636364	0.068468750000000	0.568422727272727	0.040885795454545	0.202006818181818		1
000038:	0.402587500000000	0.145005681818182	0.047346022727273	0.103393181818182	0.035414772727273	0.209994318181818	0.056258522727273		1
000039:	0.256018181818182	0.025627272727273	0.116171022727273	0.113056818181818	0.323031818181818	0.060832386363636	0.105262500000000		1
000040:	0.063767613636364	0.013975000000000	0.021616477272727	0.776758522727273	0.016182954545455	0.049280113636364	0.058419318181818		1
000041:	0.087464204545455	0.039315909090909	0.069821022727273	0.245988636363636	0.405278977272727	0.035982386363636	0.116148863636364		1
000042:	0.309530113636364	0.049718181818182	0.148558522727273	0.141471590909091	0.214460227272727	0.087215909090909	0.049045454545455		1
000043:	0.188497727272727	0.031471022727273	0.016751704545455	0.146658522727273	0.061400568181818	0.095992613636364	0.459227840909091		1
000044:	0.254557954545455	0.045244886363636	0.043203977272727	0.089786931818182	0.193727272727273	0.075964772727273	0.297514204545455		1
000045:	0.152782386363636	0.021793181818182	0.071673295454545	0.022363068181818	0.631360795454545	0.019897727272727	0.080129545454545		1
000046:	0.619155113636364	0.343552272727273	0.002703977272727	0.006122727272727	0.009556250000000	0.006825568181818	0.012084090909091		1
000047:	0.116468181818182	0.063192613636364	0.110271590909091	0.242977272727273	0.218570454545455	0.149077272727273	0.099442613636364		1
000048:	0.135780681818182	0.055347159090909	0.038273863636364	0.081885795454545	0.032501704545455	0.030247727272727	0.625963068181818		1
000049:	0.172939772727273	0.034346022727273	0.089761363636364	0.018713068181818	0.031946022727273	0.047703977272727	0.604589772727273		1
000050:	0.272586363636364	0.044386931818182	0.098111931818182	0.391402840909091	0.069157954545455	0.061017613636364	0.063336363636364		1
000051:	0.040628977272727	0.024237500000000	0.020189204545455	0.752869318181818	0.022466477272727	0.096290909090909	0.043317613636364		1
000052:	0.023480113636364	0.009517045454545	0.010893181818182	0.899571590909091	0.014625000000000	0.019708522727273	0.022204545454545		1
000053:	0.251243181818182	0.016776136363636	0.259608522727273	0.131507386363636	0.150269318181818	0.042059090909091	0.148536363636364		1
000054:	0.410201136363636	0.028260795454545	0.234505681818182	0.071771022727273	0.122351704545455	0.085993750000000	0.046915909090909		1
000055:	0.182811931818182	0.023314204545455	0.024573295454545	0.247514772727273	0.062392045454545	0.051451704545455	0.407942045454545		1
000056:	0.406273295454545	0.037316477272727	0.044660227272727	0.104652272727273	0.130393750000000	0.075783522727273	0.200920454545455		1
000057:	0.194082954545455	0.025685795454545	0.022890340909091	0.251791477272727	0.245618181818182	0.168252272727273	0.091678977272727		1
000058:	0.824668750000000	0.016967613636364	0.030158522727273	0.020123295454545	0.034126704545455	0.014064204545455	0.059890909090909		1
000059:	0.541463636363636	0.022274431818182	0.047494886363636	0.028844886363636	0.256403409090909	0.036631250000000	0.066887500000000		1
000060:	0.452037500000000	0.021076704545455	0.023026136363636	0.060130681818182	0.045350568181818	0.021766477272727	0.376611931818182		1
000061:	0.528197727272727	0.027089204545455	0.021994318181818	0.063400568181818	0.074943181818182	0.030925568181818	0.253449431818182		1
000062:	0.033286931818182	0.015529545454545	0.010300000000000	0.869152272727273	0.015580681818182	0.029912500000000	0.026238068181818		1
000063:	0.024074431818182	0.011161363636364	0.011646022727273	0.880929545454545	0.018558522727273	0.024794886363636	0.028835227272727		1
000064:	0.181921022727273	0.014456250000000	0.007625568181818	0.670568750000000	0.007452272727273	0.100288068181818	0.017688068181818		1
000065:	0.474346590909091	0.022087500000000	0.012019318181818	0.127439772727273	0.022642045454545	0.037728409090909	0.303736363636364		1
000066:	0.244596022727273	0.024144318181818	0.023660795454545	0.094560795454545	0.380709090909091	0.052867045454545	0.179461931818182		1
000067:	0.031100000000000	0.031395454545455	0.009844318181818	0.759815340909091	0.018518181818182	0.029244318181818	0.120082386363636		1
000068:	0.793470454545455	0.018009659090909	0.031353977272727	0.019005681818182	0.051286363636364	0.018592045454545	0.068281818181818		1
000069:	0.364140909090909	0.039544318181818	0.038009090909091	0.082415909090909	0.329533522727273	0.035810795454545	0.110545454545455		1
000070:	0.268642045454545	0.069438636363636	0.088967045454545	0.299301704545455	0.082084659090909	0.073790909090909	0.117775000000000		1
000071:	0.800819886363636	0.019018750000000	0.014289204545455	0.018586931818182	0.094925000000000	0.020927272727273	0.031432954545455		1
000072:	0.311343181818182	0.038370454545455	0.016727272727273	0.138365340909091	0.079355113636364	0.086607954545455	0.329230681818182		1
000073:	0.260427272727273	0.024762500000000	0.023784659090909	0.062046022727273	0.058990340909091	0.035048863636364	0.534940340909091		1
000074:	0.209115340909091	0.033256250000000	0.326850568181818	0.172610795454545	0.167327272727273	0.028346590909091	0.062493181818182		1
000075:	0.004661363636364	0.004341477272727	0.329839204545455	0.653611363636364	0.001343750000000	0.004164772727273	0.002038068181818		1
000076:	0.106656818181818	0.369731250000000	0.158375568181818	0.028838636363636	0.097160795454545	0.046821022727273	0.192415909090909		1
000077:	0.449828977272727	0.120122727272727	0.048313068181818	0.064483522727273	0.122759659090909	0.140257386363636	0.054234659090909		1
000078:	0.499093181818182	0.021088636363636	0.011176136363636	0.165138068181818	0.048699431818182	0.134900568181818	0.119903977272727		1
000079:	0.794731818181818	0.018705113636364	0.022972727272727	0.040549431818182	0.065218181818182	0.031079545454545	0.026743181818182		1
000080:	0.607230113636364	0.042813068181818	0.090038068181818	0.020092045454545	0.165240909090909	0.024608522727273	0.049977272727273		1
000081:	0.104765340909091	0.023952272727273	0.010969318181818	0.038872159090909	0.058976136363636	0.024177840909091	0.738286931818182		1
000082:	0.633521022727273	0.019924431818182	0.015446590909091	0.070587500000000	0.039436363636364	0.077326136363636	0.143757954545455		1
000083:	0.247077840909091	0.022881250000000	0.049514772727273	0.024925000000000	0.087772159090909	0.025272159090909	0.542556818181818		1
000084:	0.019836931818182	0.012430113636364	0.011440340909091	0.911176136363636	0.014621022727273	0.014192613636364	0.016302840909091		1
000085:	0.154218750000000	0.327914204545455	0.002937500000000	0.003456818181818	0.002485795454545	0.001580113636364	0.507406818181818		1
000086:	0.134303977272727	0.065967045454545	0.068324431818182	0.444094318181818	0.088653977272727	0.063540909090909	0.135115340909091		1
000087:	0.437481818181818	0.022955681818182	0.020397159090909	0.053335795454545	0.154639204545455	0.038574431818182	0.272615909090909		1
000088:	0.166918750000000	0.048578977272727	0.040800568181818	0.034224431818182	0.588831250000000	0.030080681818182	0.090565340909091		1
000089:	0.377615340909091	0.031442045454545	0.024812500000000	0.043283522727273	0.391365909090909	0.054584659090909	0.076896022727273		1
000090:	0.275714772727273	0.045762500000000	0.245509090909091	0.111349431818182	0.207141477272727	0.052536931818182	0.061985795454545		1
000091:	0.564054545454545	0.078313068181818	0.136034090909091	0.044540340909091	0.074182954545455	0.069953409090909	0.032921590909091		1
000092:	0.653382386363636	0.017250568181818	0.034862500000000	0.037760795454545	0.076636363636364	0.024596022727273	0.155511363636364		1
000093:	0.136693181818182	0.045068750000000	0.113059090909091	0.083502272727273	0.326255113636364	0.058243750000000	0.237177840909091		1
000094:	0.558167045454545	0.035805113636364	0.072303977272727	0.048811363636364	0.177817045454545	0.028389772727273	0.078705681818182		1
000095:	0.321377272727273	0.023614204545455	0.018837500000000	0.089669318181818	0.042959659090909	0.067117613636364	0.436424431818182		1
000096:	0.031284659090909	0.014884659090909	0.018457954545455	0.651252272727273	0.018049431818182	0.230261363636364	0.035809659090909		1
000097:	0.739742613636364	0.017048295454545	0.025509659090909	0.027399431818182	0.130576704545455	0.016467613636364	0.043255681818182		1
000098:	0.811905113636364	0.011314772727273	0.015317045454545	0.015718750000000	0.072216477272727	0.020768750000000	0.052759090909091		1
000099:	0.167530113636364	0.032027272727273	0.045460227272727	0.485182386363636	0.124678977272727	0.036894318181818	0.108226704545455		1
000100:	0.127363068181818	0.016070454545455	0.016719886363636	0.530398863636364	0.035374431818182	0.040593750000000	0.233479545454545		1
000101:	0.063857386363636	0.021580113636364	0.018961363636364	0.069618750000000	0.684997727272727	0.048681818181818	0.092302840909091		1
000102:	0.253043750000000	0.039198295454545	0.038724431818182	0.336905681818182	0.189772159090909	0.056368181818182	0.085987500000000		1
000103:	0.448897159090909	0.133701136363636	0.092426704545455	0.037247159090909	0.041463636363636	0.054640340909091	0.191623863636364		1
000104:	0.102549431818182	0.018264204545455	0.022168181818182	0.602251136363636	0.039028977272727	0.045939204545455	0.169798863636364		1
000105:	0.174173863636364	0.036240909090909	0.067829545454545	0.163817613636364	0.414973295454545	0.036939772727273	0.106025000000000		1
000106:	0.148278977272727	0.111658522727273	0.254905113636364	0.034763068181818	0.335189204545455	0.021269318181818	0.093935795454545		1
000107:	0.194078409090909	0.049057954545455	0.032496590909091	0.328872159090909	0.170328977272727	0.045470454545455	0.179695454545455		1
000108:	0.065964204545455	0.017446022727273	0.036952272727273	0.742183522727273	0.053459090909091	0.031288068181818	0.052706818181818		1
000109:	0.241031818181818	0.096610227272727	0.063553977272727	0.069160227272727	0.272402272727273	0.033362500000000	0.223878977272727		1
000110:	0.170992045454545	0.155247727272727	0.326113068181818	0.204823295454545	0.054334659090909	0.053011363636364	0.035477840909091		1
000111:	0.239868181818182	0.055066477272727	0.023462500000000	0.419631250000000	0.071299431818182	0.092673863636364	0.097998295454545		1
000112:	0.119326704545455	0.068082386363636	0.065262500000000	0.124090909090909	0.540123295454545	0.038893750000000	0.044220454545455		1
000113:	0.509218181818182	0.030780681818182	0.014662500000000	0.180880681818182	0.042072159090909	0.067418750000000	0.154967045454545		1
000114:	0.751430681818182	0.057913068181818	0.025056818181818	0.024937500000000	0.038985227272727	0.070577272727273	0.031099431818182		1
000115:	0.601103977272727	0.038825000000000	0.040643181818182	0.062480681818182	0.090730681818182	0.041186363636364	0.125030113636364		1
000116:	0.148071590909091	0.021731250000000	0.028492045454545	0.447365909090909	0.073228977272727	0.044097159090909	0.237013068181818		1
000117:	0.126325000000000	0.035594886363636	0.038732954545455	0.084589204545455	0.491928409090909	0.094589204545455	0.128240340909091		1
000118:	0.080169886363636	0.041961363636364	0.012858522727273	0.098893750000000	0.064790340909091	0.045336931818182	0.655989204545455		1
000119:	0.331065340909091	0.023957386363636	0.031552840909091	0.149702840909091	0.388580681818182	0.024513068181818	0.050627840909091		1
000120:	0.037056818181818	0.033190909090909	0.025784090909091	0.144627272727273	0.047493181818182	0.063812500000000	0.648035227272727		1
000121:	0.547564772727273	0.039239772727273	0.108100000000000	0.062593750000000	0.102688636363636	0.040661931818182	0.099151136363636		1
000122:	0.624360795454545	0.004525568181818	0.002621022727273	0.011694886363636	0.347698295454545	0.003022727272727	0.006076704545455		1
000123:	0.574637500000000	0.031726704545455	0.025515340909091	0.039943181818182	0.027863636363636	0.039616477272727	0.260697159090909		1
000124:	0.382557954545455	0.047240909090909	0.151834090909091	0.030821022727273	0.155081818181818	0.192667613636364	0.039796590909091		1
000125:	0.349467045454545	0.119235227272727	0.035363636363636	0.105740909090909	0.046073863636364	0.194191477272727	0.149927840909091		1
000126:	0.053501704545455	0.796852840909091	0.014550000000000	0.042703977272727	0.018408522727273	0.036421590909091	0.037561363636364		1
000127:	0.295719886363636	0.034055681818182	0.033573295454545	0.158164772727273	0.085435795454545	0.037757954545455	0.355292613636364		1
000128:	0.410666477272727	0.020604545454545	0.020836931818182	0.064248295454545	0.072769886363636	0.051680681818182	0.359193181818182		1
000129:	0.706505113636364	0.026128409090909	0.047171590909091	0.022581250000000	0.142307386363636	0.020563068181818	0.034743181818182		1
000130:	0.631246590909091	0.025790340909091	0.034532954545455	0.067911363636364	0.026625568181818	0.045321022727273	0.168572159090909		1
000131:	0.595380113636364	0.020022727272727	0.023421022727273	0.055833522727273	0.172068181818182	0.025922159090909	0.107352272727273		1
000132:	0.048344318181818	0.017428977272727	0.023422727272727	0.678268181818182	0.065746022727273	0.022781250000000	0.144008522727273		1
000133:	0.529469318181818	0.168056250000000	0.067202272727273	0.056088636363636	0.068678977272727	0.067002272727273	0.043502272727273		1
000134:	0.592608522727273	0.036669886363636	0.080535227272727	0.058911931818182	0.078896022727273	0.083427272727273	0.068951136363636		1
000135:	0.238344318181818	0.024855113636364	0.209633522727273	0.019019318181818	0.334250568181818	0.073273863636364	0.100623295454545		1
000136:	0.683253409090909	0.021658522727273	0.021127272727273	0.069611931818182	0.026110227272727	0.085022159090909	0.093216477272727		1
000137:	0.699709659090909	0.019967045454545	0.046220454545455	0.017675568181818	0.165432954545455	0.022944318181818	0.028050000000000		1
000138:	0.499553409090909	0.122424431818182	0.034162500000000	0.060036363636364	0.106167045454545	0.068122159090909	0.109534090909091		1
000139:	0.257915340909091	0.079081818181818	0.064058522727273	0.072396590909091	0.216851136363636	0.080014772727273	0.229681818181818		1
000140:	0.242439204545455	0.028834090909091	0.531535227272727	0.053168181818182	0.065326704545455	0.030457386363636	0.048239204545455		1
000141:	0.065439772727273	0.103168750000000	0.031564204545455	0.582248295454545	0.032010227272727	0.115873863636364	0.069694886363636		1
000142:	0.345158522727273	0.028332954545455	0.061440909090909	0.130684090909091	0.303757386363636	0.031462500000000	0.099163636363636		1
000143:	0.340138068181818	0.047240340909091	0.035098295454545	0.045279545454545	0.244011931818182	0.040698863636364	0.247532954545455		1
000144:	0.068021022727273	0.023576136363636	0.028888068181818	0.186564204545455	0.189518181818182	0.043110227272727	0.460322159090909		1
000145:	0.036071022727273	0.015478409090909	0.021736931818182	0.807826704545455	0.018640340909091	0.042847727272727	0.057398863636364		1
000146:	0.085480113636364	0.026283522727273	0.123605113636364	0.172376704545455	0.215154545454545	0.042118750000000	0.334981250000000		1
000147:	0.287705113636364	0.023610795454545	0.033389204545455	0.082721590909091	0.073202840909091	0.106131250000000	0.393239204545455		1
000148:	0.176446022727273	0.026553977272727	0.036789772727273	0.033711363636364	0.028799431818182	0.043889204545455	0.653810227272727		1
000149:	0.269158522727273	0.026794886363636	0.047295454545455	0.095067045454545	0.175787500000000	0.280859659090909	0.105036931818182		1
000150:	0.340003409090909	0.035942613636364	0.082539772727273	0.062478977272727	0.381134090909091	0.040593750000000	0.057307386363636		1
000151:	0.067856250000000	0.093591477272727	0.011725000000000	0.482136931818182	0.073344886363636	0.200434090909091	0.070911363636364		1
000152:	0.637109659090909	0.054725568181818	0.019695454545455	0.083102840909091	0.061653409090909	0.023080113636364	0.120632954545455		1
000153:	0.073144318181818	0.031382954545455	0.040163636363636	0.092861931818182	0.598555681818182	0.060095454545455	0.103796022727273		1
000154:	0.042208522727273	0.023468750000000	0.017798295454545	0.549210795454545	0.036798863636364	0.036450000000000	0.294064772727273		1
000155:	0.285865909090909	0.032308522727273	0.054144318181818	0.330113068181818	0.081156818181818	0.089921590909091	0.126489772727273		1
000156:	0.061901704545455	0.034885795454545	0.014539204545455	0.293589772727273	0.411170454545455	0.095819886363636	0.088093181818182		1
000157:	0.026510795454545	0.015436931818182	0.007394886363636	0.631414772727273	0.289274431818182	0.009210227272727	0.020757954545455		1
000158:	0.063606250000000	0.110430113636364	0.038140909090909	0.128272159090909	0.249541477272727	0.193071022727273	0.216938068181818		1
000159:	0.051257954545455	0.092364204545455	0.109338068181818	0.418498295454545	0.155806818181818	0.126264772727273	0.046469886363636		1
000160:	0.013473295454545	0.089619886363636	0.012160795454545	0.028956250000000	0.013871022727273	0.819215909090909	0.022702840909091		1
000161:	0.020433522727273	0.017694886363636	0.025939204545455	0.056380113636364	0.027644318181818	0.808053977272727	0.043853977272727		1
000162:	0.000463636363636	0.000650568181818	0.756521590909091	0.240447159090909	0.000687500000000	0.000730113636364	0.000499431818182		1
000163:	0.044246590909091	0.014902272727273	0.012577272727273	0.037285227272727	0.033821022727273	0.021824431818182	0.835343181818182		1
000164:	0.013784090909091	0.015394318181818	0.007701704545455	0.829555681818182	0.012282954545455	0.033089772727273	0.088191477272727		1
000165:	0.042696022727273	0.031725568181818	0.025208522727273	0.054925000000000	0.025432386363636	0.076255681818182	0.743756818181818		1
000166:	0.029340340909091	0.010340340909091	0.010750000000000	0.055288636363636	0.013023863636364	0.024318181818182	0.856938636363636		1
000167:	0.109198863636364	0.051517613636364	0.043255113636364	0.066380681818182	0.074471590909091	0.078700568181818	0.576475568181818		1
000168:	0.368755681818182	0.029625000000000	0.029788068181818	0.322285795454545	0.084359659090909	0.035780681818182	0.129405113636364		1
000169:	0.300446590909091	0.033573295454545	0.027094886363636	0.029173295454545	0.161789772727273	0.029351136363636	0.418571022727273		1
000170:	0.144828409090909	0.020657954545455	0.023927840909091	0.033542613636364	0.017050568181818	0.030700568181818	0.729292045454545		1
000171:	0.085117613636364	0.033043750000000	0.024491477272727	0.697425000000000	0.024039772727273	0.062942613636364	0.072939772727273		1
000172:	0.065133522727273	0.058238068181818	0.050771022727273	0.051296022727273	0.082609659090909	0.065688636363636	0.626263068181818		1
000173:	0.051453977272727	0.020696590909091	0.015511363636364	0.048523863636364	0.137296590909091	0.032072159090909	0.694445454545455		1
000174:	0.746506818181818	0.012455113636364	0.044930113636364	0.048047159090909	0.046488636363636	0.021597159090909	0.079975000000000		1
000175:	0.027167613636364	0.010509659090909	0.014982386363636	0.880366477272727	0.021222159090909	0.013713068181818	0.032038636363636		1
000176:	0.942081250000000	0.013124431818182	0.016947159090909	0.006913068181818	0.017122159090909	0.002062500000000	0.001749431818182		1
000177:	0.523082954545455	0.028911931818182	0.030076136363636	0.124146022727273	0.193598295454545	0.031573863636364	0.068610795454545		1
000178:	0.345468181818182	0.022530681818182	0.040697159090909	0.144259659090909	0.102477272727273	0.030527840909091	0.314039204545455		1
000179:	0.026548295454545	0.013302272727273	0.013240909090909	0.868076136363636	0.020509090909091	0.012761931818182	0.045561363636364		1
000180:	0.012601136363636	0.013302272727273	0.015955113636364	0.899490340909091	0.024095454545455	0.014607954545455	0.019947727272727		1
000181:	0.053973295454545	0.084390909090909	0.009972159090909	0.761474431818182	0.020383522727273	0.030842045454545	0.038963636363636		1
000182:	0.189289772727273	0.062116477272727	0.126600000000000	0.203258522727273	0.210514204545455	0.055633522727273	0.152587500000000		1
000183:	0.039434659090909	0.021415909090909	0.012328409090909	0.776276136363636	0.017807386363636	0.071822727272727	0.060914772727273		1
000184:	0.691573863636364	0.026865340909091	0.031422159090909	0.081357386363636	0.034426704545455	0.060342613636364	0.074011931818182		1
000185:	0.173885227272727	0.049276136363636	0.242083522727273	0.076511363636364	0.239824431818182	0.095448863636364	0.122970454545455		1
000186:	0.077142045454545	0.039435227272727	0.017869886363636	0.760256818181818	0.041661363636364	0.027362500000000	0.036272159090909		1
000187:	0.031523295454545	0.015846022727273	0.015643750000000	0.869961931818182	0.016184659090909	0.030082954545455	0.020757386363636		1
000188:	0.110530681818182	0.217289204545455	0.024468750000000	0.376492613636364	0.052200568181818	0.066001704545455	0.153016477272727		1
000189:	0.077169318181818	0.016819886363636	0.015019318181818	0.035774431818182	0.036134659090909	0.024785795454545	0.794296590909091		1
000190:	0.071984090909091	0.055546590909091	0.028256818181818	0.029370454545455	0.086218181818182	0.086832954545455	0.641790909090909		1
000191:	0.049569886363636	0.022228977272727	0.016285227272727	0.039885795454545	0.265833522727273	0.034784090909091	0.571412500000000		1
000192:	0.483392045454545	0.051101704545455	0.028139204545455	0.080677840909091	0.242124431818182	0.077082954545455	0.037481818181818		1
000193:	0.327610227272727	0.036275000000000	0.052050000000000	0.107917045454545	0.319112500000000	0.067575000000000	0.089460227272727		1
000194:	0.629679545454545	0.023912500000000	0.060764772727273	0.072001136363636	0.044864204545455	0.083560795454545	0.085217045454545		1
000195:	0.164417045454545	0.019506818181818	0.020267613636364	0.065411931818182	0.506569318181818	0.023611931818182	0.200215340909091		1
000196:	0.073038068181818	0.140161363636364	0.017644318181818	0.327171022727273	0.055256250000000	0.257124431818182	0.129604545454545		1
000197:	0.072599431818182	0.032935795454545	0.017494886363636	0.091576136363636	0.151773295454545	0.135367045454545	0.498253409090909		1
000198:	0.178656818181818	0.030980681818182	0.137720454545455	0.050139204545455	0.193814204545455	0.317058522727273	0.091630113636364		1
000199:	0.005097159090909	0.003245454545455	0.637151136363636	0.069528409090909	0.003317613636364	0.265808522727273	0.015851704545455		1
000200:	0.110842613636364	0.063584659090909	0.043727840909091	0.060202272727273	0.055596590909091	0.462760227272727	0.203285795454545		1
000201:	0.029738636363636	0.022285795454545	0.017015909090909	0.843475568181818	0.019405113636364	0.030675568181818	0.037403409090909		1
000202:	0.604788636363636	0.052209090909091	0.044164204545455	0.127254545454545	0.071908522727273	0.046738068181818	0.052936931818182		1
000203:	0.202075000000000	0.021597159090909	0.037893181818182	0.153126136363636	0.042467045454545	0.083821022727273	0.459020454545455		1
000204:	0.099671022727273	0.102005113636364	0.027401136363636	0.293038068181818	0.025850568181818	0.098719886363636	0.353314204545455		1
000205:	0.145102840909091	0.035376704545455	0.045411931818182	0.470452840909091	0.045255681818182	0.099021022727273	0.159378977272727		1
000206:	0.429965909090909	0.038089204545455	0.127830681818182	0.126623295454545	0.030386931818182	0.104293750000000	0.142810227272727		1
000207:	0.506384659090909	0.125636931818182	0.017376704545455	0.028049431818182	0.206267613636364	0.040782954545455	0.075501704545455		1
000208:	0.091730681818182	0.042876136363636	0.028991477272727	0.258596590909091	0.059253977272727	0.090217045454545	0.428334090909091		1
000209:	0.062542045454545	0.030108522727273	0.134990340909091	0.526519318181818	0.061257954545455	0.048109659090909	0.136472159090909		1
000210:	0.048681250000000	0.013065340909091	0.041920454545455	0.253219318181818	0.332290340909091	0.025357386363636	0.285465909090909		1
000211:	0.045014204545455	0.023673863636364	0.023532954545455	0.080543750000000	0.069092045454545	0.024796022727273	0.733347159090909		1
000212:	0.074972727272727	0.141951136363636	0.028227840909091	0.386792613636364	0.049590340909091	0.152530681818182	0.165934659090909		1
000213:	0.030822159090909	0.056431250000000	0.024622159090909	0.353511931818182	0.027873863636364	0.097023863636364	0.409714772727273		1
000214:	0.097756818181818	0.106688636363636	0.038352840909091	0.067035795454545	0.045834090909091	0.279616477272727	0.364715340909091		1
000215:	0.352744318181818	0.110535227272727	0.060907386363636	0.064867045454545	0.218194318181818	0.041499431818182	0.151252272727273		1
000216:	0.051232954545455	0.033600568181818	0.042173863636364	0.414675568181818	0.086115909090909	0.213880681818182	0.158320454545455		1
000217:	0.044159659090909	0.059399431818182	0.056664204545455	0.134586931818182	0.043640909090909	0.316714204545455	0.344834659090909		1
000218:	0.043872159090909	0.039410795454545	0.026470454545455	0.252755681818182	0.060350568181818	0.088221590909091	0.488918750000000		1
000219:	0.043434090909091	0.144132954545455	0.016677272727273	0.104615909090909	0.025334659090909	0.390610227272727	0.275194886363636		1
000220:	0.017667613636364	0.016318750000000	0.018167045454545	0.367409090909091	0.020293750000000	0.267794886363636	0.292348863636364		1
000221:	0.032546022727273	0.017225000000000	0.012929545454545	0.112898295454545	0.018748295454545	0.061810227272727	0.743842613636364		1
000222:	0.034091477272727	0.020452840909091	0.016128409090909	0.788646022727273	0.018597159090909	0.020859090909091	0.101225000000000		1
000223:	0.117360227272727	0.037457386363636	0.096867045454545	0.398341477272727	0.153415909090909	0.092929545454545	0.103628409090909		1
000224:	0.833163636363636	0.014143181818182	0.028453977272727	0.031000568181818	0.057818181818182	0.012671590909091	0.022748863636364		1
000225:	0.696987500000000	0.014579545454545	0.037002272727273	0.032513636363636	0.161656818181818	0.021636363636364	0.035623863636364		1
000226:	0.734132954545455	0.045721022727273	0.021351704545455	0.077915340909091	0.056082954545455	0.023530113636364	0.041265909090909		1
000227:	0.597588636363636	0.046706818181818	0.039096590909091	0.075073295454545	0.184351136363636	0.023374431818182	0.033809090909091		1
000228:	0.026850000000000	0.074314772727273	0.735400000000000	0.031744886363636	0.028633522727273	0.081262500000000	0.021794318181818		1
000229:	0.729910227272727	0.021451136363636	0.034627272727273	0.031559659090909	0.043786363636364	0.022938636363636	0.115726704545455		1
000230:	0.104136931818182	0.290871022727273	0.024090909090909	0.074527272727273	0.025665909090909	0.432451704545455	0.048256250000000		1
000231:	0.533348863636364	0.029357954545455	0.037635227272727	0.059313068181818	0.258300568181818	0.039653409090909	0.042390909090909		1
000232:	0.223047159090909	0.141138068181818	0.061265909090909	0.267003977272727	0.055278977272727	0.095623863636364	0.156642045454545		1
000233:	0.635327272727273	0.018841477272727	0.019079545454545	0.040907386363636	0.228068181818182	0.026216477272727	0.031559659090909		1
000234:	0.468287500000000	0.038883522727273	0.119035227272727	0.024493181818182	0.249366477272727	0.066534090909091	0.033400000000000		1
000235:	0.135612500000000	0.019569318181818	0.611603409090909	0.075684090909091	0.088943750000000	0.024608522727273	0.043978409090909		1
000236:	0.123884090909091	0.103460795454545	0.095007386363636	0.391552840909091	0.069184659090909	0.146753977272727	0.070156250000000		1
000237:	0.579528977272727	0.031162500000000	0.173622727272727	0.033535795454545	0.106093750000000	0.021947727272727	0.054108522727273		1
000238:	0.023822727272727	0.015457954545455	0.012322159090909	0.473923295454545	0.051776704545455	0.033269318181818	0.389427840909091		1
000239:	0.687096590909091	0.051235795454545	0.040315909090909	0.073201704545455	0.063063068181818	0.040092613636364	0.044994318181818		1
000240:	0.149607386363636	0.684252272727273	0.025938636363636	0.039213636363636	0.041727840909091	0.026720454545455	0.032539772727273		1
000241:	0.113407386363636	0.057627840909091	0.032958522727273	0.243778977272727	0.427627272727273	0.065236931818182	0.059363068181818		1
000242:	0.222302272727273	0.015915340909091	0.028656818181818	0.032830113636364	0.616627840909091	0.052135795454545	0.031531818181818		1
000243:	0.075393750000000	0.484964204545455	0.175662500000000	0.050478409090909	0.096538068181818	0.084335795454545	0.032627272727273		1
000244:	0.529730681818182	0.124872727272727	0.018939772727273	0.095489772727273	0.047476704545455	0.040224431818182	0.143265909090909		1
000245:	0.788011931818182	0.052434659090909	0.015265909090909	0.021000568181818	0.038478409090909	0.041192045454545	0.043616477272727		1
000246:	0.367227272727273	0.057418181818182	0.135189204545455	0.039252840909091	0.271477272727273	0.054189772727273	0.075245454545455		1
000247:	0.513948863636364	0.067826136363636	0.067792613636364	0.045979545454545	0.182078409090909	0.039022159090909	0.083352272727273		1
000248:	0.871724431818182	0.032680113636364	0.010678409090909	0.016409659090909	0.012365340909091	0.031030113636364	0.025111931818182		1
000249:	0.625889772727273	0.128592045454545	0.098640340909091	0.028709090909091	0.055268750000000	0.039651704545455	0.023248295454545		1
000250:	0.854678409090909	0.011976704545455	0.022048863636364	0.019640340909091	0.040633522727273	0.026631818181818	0.024390340909091		1
000251:	0.551725000000000	0.131571590909091	0.039824431818182	0.033701704545455	0.152322159090909	0.037136363636364	0.053718750000000		1
000252:	0.183457386363636	0.226451704545455	0.064625000000000	0.157555113636364	0.063978977272727	0.196901136363636	0.107030681818182		1
000253:	0.213460227272727	0.082328977272727	0.392848863636364	0.079351136363636	0.062242613636364	0.117173295454545	0.052594886363636		1
000254:	0.698878409090909	0.041577272727273	0.036477840909091	0.045288636363636	0.021217045454545	0.133452840909091	0.023107954545455		1
000255:	0.729510795454545	0.034196590909091	0.109579545454545	0.024446022727273	0.031493181818182	0.018636363636364	0.052137500000000		1
000256:	0.814178977272727	0.015026704545455	0.019764204545455	0.041394886363636	0.029053977272727	0.019818181818182	0.060763068181818		1
000257:	0.048215340909091	0.039009090909091	0.041814204545455	0.636896022727273	0.016776704545455	0.142471022727273	0.074817613636364		1
000258:	0.917884659090909	0.015203409090909	0.007278409090909	0.013682386363636	0.015772727272727	0.006633522727273	0.023544886363636		1
000259:	0.015511363636364	0.010681818181818	0.024669318181818	0.880100000000000	0.026613636363636	0.023752272727273	0.018671590909091		1
000260:	0.247552840909091	0.481425000000000	0.054217045454545	0.047393181818182	0.085698863636364	0.044651704545455	0.039061363636364		1
000261:	0.367739772727273	0.082029545454545	0.357738636363636	0.067772159090909	0.025061931818182	0.047080681818182	0.052577272727273		1
000262:	0.051267613636364	0.204331818181818	0.039555681818182	0.592795454545455	0.031142613636364	0.040896590909091	0.040010227272727		1
000263:	0.441195454545455	0.026157386363636	0.027439204545455	0.077824431818182	0.049169318181818	0.081538068181818	0.296676136363636		1
000264:	0.069592613636364	0.024083522727273	0.009702272727273	0.799114204545455	0.016973863636364	0.037785227272727	0.042748295454545		1
000265:	0.180459659090909	0.033494318181818	0.029762500000000	0.080875000000000	0.022546022727273	0.099916477272727	0.552946022727273		1
000266:	0.788538636363636	0.018472159090909	0.044485795454545	0.068894886363636	0.031404545454545	0.019022159090909	0.029181818181818		1
000267:	0.862630113636364	0.031727272727273	0.025844318181818	0.020732386363636	0.034432954545455	0.012797159090909	0.011835795454545		1
000268:	0.284178409090909	0.050827840909091	0.029684659090909	0.103144318181818	0.064330681818182	0.086786363636364	0.381047727272727		1
000269:	0.187985227272727	0.024623863636364	0.443205681818182	0.047801704545455	0.224491477272727	0.036110795454545	0.035781250000000		1
000270:	0.010081250000000	0.008667613636364	0.005296022727273	0.931368181818182	0.010565340909091	0.015178977272727	0.018842613636364		1
000271:	0.004658522727273	0.008252840909091	0.403700000000000	0.006352272727273	0.005402840909091	0.002445454545455	0.569188068181818		1
000272:	0.413805681818182	0.106339204545455	0.075757386363636	0.179073863636364	0.115110795454545	0.074500000000000	0.035413068181818		1
000273:	0.417723863636364	0.034351704545455	0.131741477272727	0.286765909090909	0.051936363636364	0.031456818181818	0.046023863636364		1
000274:	0.757867613636364	0.023225000000000	0.043029545454545	0.048764772727273	0.038797727272727	0.063261931818182	0.025053409090909		1
000275:	0.762382386363636	0.029986931818182	0.018203977272727	0.055868181818182	0.044900568181818	0.028527840909091	0.060130113636364		1
000276:	0.024468750000000	0.026491477272727	0.018164204545455	0.847696022727273	0.014123295454545	0.049739204545455	0.019317045454545		1
000277:	0.251467045454545	0.034829545454545	0.421078977272727	0.092519886363636	0.123257954545455	0.023148295454545	0.053698295454545		1
000278:	0.755223295454545	0.045131250000000	0.024663636363636	0.048873863636364	0.035469886363636	0.036778977272727	0.053859090909091		1
000279:	0.369544318181818	0.019610227272727	0.516710227272727	0.014338636363636	0.033352272727273	0.016007386363636	0.030436931818182		1
000280:	0.470247159090909	0.170352840909091	0.020544886363636	0.152233522727273	0.106191477272727	0.031182386363636	0.049247727272727		1
000281:	0.138692045454545	0.032610227272727	0.257057386363636	0.429335795454545	0.071058522727273	0.041240340909091	0.030005681818182		1
000282:	0.364426704545455	0.052391477272727	0.127713068181818	0.208679545454545	0.157726704545455	0.036751704545455	0.052310795454545		1
000283:	0.019251136363636	0.031710795454545	0.013321022727273	0.880502272727273	0.016034659090909	0.018594318181818	0.020585795454545		1
000284:	0.660572727272727	0.086125568181818	0.093260795454545	0.045877840909091	0.042201136363636	0.037512500000000	0.034449431818182		1
000285:	0.299730681818182	0.061457954545455	0.098015340909091	0.030832386363636	0.388848295454545	0.034363068181818	0.086752272727273		1
000286:	0.275447727272727	0.034505681818182	0.187739772727273	0.233244318181818	0.177892613636364	0.047673863636364	0.043496022727273		1
000287:	0.367753409090909	0.028143750000000	0.099750000000000	0.252080113636364	0.168210795454545	0.035411363636364	0.048650568181818		1
000288:	0.001807386363636	0.002094886363636	0.008952272727273	0.027383522727273	0.757477272727273	0.002165909090909	0.200118750000000		1
