Estimated Clustering Probabilities for Samples
Sample	***Cluster  01***	***Cluster  02***	***Cluster  03***	***Cluster  04***	***Cluster  05***	***Cluster  06***	
000001:	0.353027272727273	0.202467613636364	0.211938636363636	0.138198863636364	0.046398295454545	0.047969318181818		1
000002:	0.327685227272727	0.037638636363636	0.510474431818182	0.078595454545455	0.031438636363636	0.014167613636364		1
000003:	0.094436931818182	0.068360795454545	0.646159659090909	0.063753409090909	0.019828977272727	0.107460227272727		1
000004:	0.056410795454545	0.022075568181818	0.184438636363636	0.692688636363636	0.021314772727273	0.023071590909091		1
000005:	0.066338636363636	0.105500000000000	0.730530681818182	0.061785795454545	0.020391477272727	0.015453409090909		1
000006:	0.001832954545455	0.001504545454545	0.001601704545455	0.717602272727273	0.001698863636364	0.275759659090909		1
000007:	0.273423295454545	0.025704545454545	0.565244318181818	0.069290340909091	0.023638636363636	0.042698863636364		1
000008:	0.074921022727273	0.020579545454545	0.781828977272727	0.074129545454545	0.026514772727273	0.022026136363636		1
000009:	0.047158522727273	0.035376704545455	0.712932954545455	0.157007386363636	0.034500000000000	0.013024431818182		1
000010:	0.045779545454545	0.086875000000000	0.696033522727273	0.106847727272727	0.050328409090909	0.014135795454545		1
000011:	0.207749431818182	0.211915909090909	0.274069886363636	0.212210227272727	0.022473863636364	0.071580681818182		1
000012:	0.043312500000000	0.206994318181818	0.375630113636364	0.149621022727273	0.135571590909091	0.088870454545455		1
000013:	0.037233522727273	0.139668750000000	0.107305681818182	0.270259090909091	0.351597727272727	0.093935227272727		1
000014:	0.024009090909091	0.019730113636364	0.029789204545455	0.888242613636364	0.024183522727273	0.014045454545455		1
000015:	0.031461931818182	0.049515909090909	0.735232954545455	0.137746022727273	0.026381818181818	0.019661363636364		1
000016:	0.025230681818182	0.016657386363636	0.160028977272727	0.764901136363636	0.016042045454545	0.017139772727273		1
000017:	0.049259090909091	0.390503977272727	0.422086363636364	0.100590340909091	0.019972727272727	0.017587500000000		1
000018:	0.021996590909091	0.058405681818182	0.088310795454545	0.055702840909091	0.706471022727273	0.069113068181818		1
000019:	0.064109090909091	0.062153977272727	0.679435795454545	0.045728409090909	0.050640909090909	0.097931818181818		1
000020:	0.087685227272727	0.285036363636364	0.289769886363636	0.279628977272727	0.035350000000000	0.022529545454545		1
000021:	0.078124431818182	0.787986363636364	0.051965909090909	0.027397159090909	0.025669886363636	0.028856250000000		1
000022:	0.328192045454545	0.004115909090909	0.001560795454545	0.001242613636364	0.664405681818182	0.000482954545455		1
000023:	0.115485795454545	0.284268750000000	0.192098863636364	0.079406818181818	0.037651704545455	0.291088068181818		1
000024:	0.019836363636364	0.025565340909091	0.031080681818182	0.884604545454545	0.020042613636364	0.018870454545455		1
000025:	0.056792045454545	0.104848295454545	0.140825000000000	0.194735227272727	0.167953977272727	0.334845454545455		1
000026:	0.038997159090909	0.132710227272727	0.480412500000000	0.038347727272727	0.236160227272727	0.073372159090909		1
000027:	0.028857954545455	0.431871022727273	0.124691477272727	0.069891477272727	0.297597159090909	0.047090909090909		1
000028:	0.248809090909091	0.164303409090909	0.499565909090909	0.045875000000000	0.020314204545455	0.021132386363636		1
000029:	0.072843750000000	0.318237500000000	0.343059659090909	0.157293750000000	0.071509659090909	0.037055681818182		1
000030:	0.062809090909091	0.068135227272727	0.624511363636364	0.113739772727273	0.032797159090909	0.098007386363636		1
000031:	0.034080113636364	0.185771590909091	0.086686931818182	0.045339204545455	0.581278409090909	0.066843750000000		1
000032:	0.045172727272727	0.708062500000000	0.083974431818182	0.092933522727273	0.048211931818182	0.021644886363636		1
000033:	0.119944886363636	0.447024431818182	0.278227272727273	0.072655681818182	0.046324431818182	0.035823295454545		1
000034:	0.017719318181818	0.024942045454545	0.056340909090909	0.866705113636364	0.017223295454545	0.017069318181818		1
000035:	0.202805681818182	0.429028409090909	0.111941477272727	0.043848863636364	0.076400000000000	0.135975568181818		1
000036:	0.129322159090909	0.281008522727273	0.432155113636364	0.088272727272727	0.043081250000000	0.026160227272727		1
000037:	0.040585795454545	0.448828977272727	0.273243181818182	0.122887500000000	0.082985795454545	0.031468750000000		1
000038:	0.372065909090909	0.096106250000000	0.132509659090909	0.104426704545455	0.032621022727273	0.262270454545455		1
000039:	0.057752840909091	0.131493181818182	0.314071590909091	0.158032954545455	0.256363068181818	0.082286363636364		1
000040:	0.045098295454545	0.032232954545455	0.166377272727273	0.694618181818182	0.022455681818182	0.039217613636364		1
000041:	0.055963636363636	0.426175568181818	0.187584090909091	0.193808522727273	0.108995454545455	0.027472727272727		1
000042:	0.064343750000000	0.398933522727273	0.093896022727273	0.124050000000000	0.072727272727273	0.246049431818182		1
000043:	0.044757386363636	0.284733522727273	0.513415909090909	0.117627272727273	0.016754545454545	0.022711363636364		1
000044:	0.048585795454545	0.227960795454545	0.558344318181818	0.085414772727273	0.051014204545455	0.028680113636364		1
000045:	0.026330681818182	0.175061363636364	0.184285227272727	0.031967045454545	0.542735795454545	0.039619886363636		1
000046:	0.182693181818182	0.123942613636364	0.099938068181818	0.069038636363636	0.427589772727273	0.096797727272727		1
000047:	0.138309090909091	0.298519318181818	0.165911363636364	0.179225568181818	0.103545454545455	0.114489204545455		1
000048:	0.047169318181818	0.055797727272727	0.773146590909091	0.065515909090909	0.015875568181818	0.042494886363636		1
000049:	0.044098863636364	0.136785227272727	0.680056818181818	0.058411363636364	0.021443181818182	0.059204545454545		1
000050:	0.061074431818182	0.236105681818182	0.074127272727273	0.399980113636364	0.075115909090909	0.153596590909091		1
000051:	0.022051136363636	0.013281250000000	0.042484659090909	0.897206818181818	0.013223295454545	0.011752840909091		1
000052:	0.017543750000000	0.013309090909091	0.047891477272727	0.896447159090909	0.013855113636364	0.010953409090909		1
000053:	0.055402840909091	0.222232386363636	0.195506818181818	0.241356250000000	0.139514204545455	0.145987500000000		1
000054:	0.083747727272727	0.310207386363636	0.103430113636364	0.083209090909091	0.188430113636364	0.230975568181818		1
000055:	0.024677272727273	0.038675568181818	0.562102840909091	0.326967613636364	0.030947159090909	0.016629545454545		1
000056:	0.039342613636364	0.079010227272727	0.678399431818182	0.091363636363636	0.077523863636364	0.034360227272727		1
000057:	0.051163636363636	0.173589204545455	0.372462500000000	0.193239772727273	0.178649431818182	0.030895454545455		1
000058:	0.026878409090909	0.101401136363636	0.698344886363636	0.020063068181818	0.024703409090909	0.128609090909091		1
000059:	0.023473295454545	0.472609090909091	0.334141477272727	0.021523295454545	0.097768181818182	0.050484659090909		1
000060:	0.029857954545455	0.097468750000000	0.782211931818182	0.049655113636364	0.024442045454545	0.016364204545455		1
000061:	0.026163636363636	0.117674431818182	0.751336931818182	0.061071022727273	0.026133522727273	0.017620454545455		1
000062:	0.023189204545455	0.018125568181818	0.044457954545455	0.887218181818182	0.011217613636364	0.015791477272727		1
000063:	0.025848295454545	0.012642613636364	0.058046590909091	0.876094318181818	0.014771590909091	0.012596590909091		1
000064:	0.038074431818182	0.016767613636364	0.039764204545455	0.884168750000000	0.010398863636364	0.010826136363636		1
000065:	0.045219318181818	0.027286363636364	0.832818750000000	0.050848863636364	0.022182954545455	0.021643750000000		1
000066:	0.026540909090909	0.297026704545455	0.460282386363636	0.103156250000000	0.093711931818182	0.019281818181818		1
000067:	0.040099431818182	0.010052272727273	0.053601136363636	0.870835227272727	0.010937500000000	0.014474431818182		1
000068:	0.025217045454545	0.303494318181818	0.520191477272727	0.029832386363636	0.065657954545455	0.055606818181818		1
000069:	0.033231818181818	0.315731250000000	0.473482386363636	0.054660795454545	0.104594886363636	0.018298863636364		1
000070:	0.067859659090909	0.131566477272727	0.429325000000000	0.245373863636364	0.070930113636364	0.054944886363636		1
000071:	0.000534090909091	0.828362500000000	0.000298295454545	0.000319318181818	0.170396590909091	0.000089204545455		1
000072:	0.041455681818182	0.038264772727273	0.837806250000000	0.052121590909091	0.018631250000000	0.011720454545455		1
000073:	0.017692613636364	0.037605681818182	0.856252840909091	0.045247727272727	0.029205113636364	0.013996022727273		1
000074:	0.177951136363636	0.002818181818182	0.003770454545455	0.001531818181818	0.003766477272727	0.810161931818182		1
000075:	0.049082386363636	0.320578409090909	0.371852272727273	0.079119886363636	0.053813636363636	0.125553409090909		1
000076:	0.487880681818182	0.127316477272727	0.155971022727273	0.029076136363636	0.072684659090909	0.127071022727273		1
000077:	0.310434090909091	0.106754545454545	0.290845454545455	0.094564772727273	0.083148863636364	0.114252272727273		1
000078:	0.059965340909091	0.131141477272727	0.689217045454545	0.079463068181818	0.019978409090909	0.020234659090909		1
000079:	0.063792045454545	0.452837500000000	0.197101704545455	0.068350568181818	0.055015340909091	0.162902840909091		1
000080:	0.036464772727273	0.370132386363636	0.211312500000000	0.021965340909091	0.054750000000000	0.305375000000000		1
000081:	0.018846590909091	0.052756250000000	0.877717045454545	0.026125568181818	0.014674431818182	0.009880113636364		1
000082:	0.026812500000000	0.027735795454545	0.856299431818182	0.053531250000000	0.018623863636364	0.016997159090909		1
000083:	0.019470454545455	0.160331250000000	0.758290909090909	0.018359090909091	0.025595454545455	0.017952840909091		1
000084:	0.022062500000000	0.014956818181818	0.019253977272727	0.911230113636364	0.012283522727273	0.020213068181818		1
000085:	0.126301704545455	0.310037500000000	0.288713068181818	0.123078409090909	0.124450000000000	0.027419318181818		1
000086:	0.102768750000000	0.116922727272727	0.295675000000000	0.342372727272727	0.053905113636364	0.088355681818182		1
000087:	0.023671022727273	0.117555113636364	0.773067613636364	0.033760227272727	0.035964204545455	0.015981818181818		1
000088:	0.028309090909091	0.737165909090909	0.118085795454545	0.037185795454545	0.051572159090909	0.027681250000000		1
000089:	0.082023863636364	0.600496590909091	0.145803409090909	0.065736363636364	0.074289204545455	0.031650568181818		1
000090:	0.033102272727273	0.070169886363636	0.121769318181818	0.121446022727273	0.533105113636364	0.120407386363636		1
000091:	0.153446022727273	0.250603977272727	0.086676136363636	0.044981818181818	0.091868181818182	0.372423863636364		1
000092:	0.036215909090909	0.114860227272727	0.689405113636364	0.032253409090909	0.082191477272727	0.045073863636364		1
000093:	0.062303977272727	0.063615909090909	0.387613068181818	0.101989204545455	0.325128977272727	0.059348863636364		1
000094:	0.053142613636364	0.217457954545455	0.549483522727273	0.049623295454545	0.058086363636364	0.072206250000000		1
000095:	0.036992045454545	0.046334659090909	0.803292613636364	0.080139204545455	0.020894886363636	0.012346590909091		1
000096:	0.017734090909091	0.018448863636364	0.045953977272727	0.886317613636364	0.019997727272727	0.011547727272727		1
000097:	0.039426136363636	0.497281250000000	0.262490340909091	0.060635227272727	0.094361931818182	0.045805113636364		1
000098:	0.025762500000000	0.142052840909091	0.740233522727273	0.014822727272727	0.057242045454545	0.019886363636364		1
000099:	0.060236931818182	0.205268181818182	0.312038068181818	0.319274431818182	0.054782386363636	0.048400000000000		1
000100:	0.032575568181818	0.017885227272727	0.323776136363636	0.574052840909091	0.025544886363636	0.026165340909091		1
000101:	0.030203409090909	0.762376704545455	0.098942613636364	0.054771590909091	0.042576136363636	0.011129545454545		1
000102:	0.068439204545455	0.281105113636364	0.244777840909091	0.264940340909091	0.085065340909091	0.055672159090909		1
000103:	0.092501704545455	0.139036931818182	0.484051136363636	0.052650568181818	0.055622159090909	0.176137500000000		1
000104:	0.025311931818182	0.024327272727273	0.341546022727273	0.560227272727273	0.022327840909091	0.026259659090909		1
000105:	0.039917613636364	0.383655681818182	0.126430681818182	0.144651136363636	0.260364772727273	0.044980113636364		1
000106:	0.060928977272727	0.363036931818182	0.301060795454545	0.048005681818182	0.184341477272727	0.042626136363636		1
000107:	0.062751704545455	0.140398295454545	0.509759090909091	0.244116477272727	0.023896022727273	0.019078409090909		1
000108:	0.048529545454545	0.054712500000000	0.084310795454545	0.734284659090909	0.041576136363636	0.036586363636364		1
000109:	0.076603409090909	0.424409090909091	0.305246022727273	0.051918181818182	0.113691477272727	0.028131818181818		1
000110:	0.101863068181818	0.047550000000000	0.049591477272727	0.168710227272727	0.146384090909091	0.485901136363636		1
000111:	0.140369886363636	0.107221022727273	0.307201136363636	0.373558522727273	0.042891477272727	0.028757954545455		1
000112:	0.045388068181818	0.666101136363636	0.049308522727273	0.108029545454545	0.069892613636364	0.061280113636364		1
000113:	0.047922727272727	0.060149431818182	0.732722159090909	0.105867613636364	0.029639204545455	0.023698863636364		1
000114:	0.302115909090909	0.248828409090909	0.196185795454545	0.042280113636364	0.068707386363636	0.141882386363636		1
000115:	0.051155113636364	0.157331818181818	0.552006818181818	0.077792045454545	0.081237500000000	0.080476704545455		1
000116:	0.023614204545455	0.032838636363636	0.458356818181818	0.423867613636364	0.035312500000000	0.026010227272727		1
000117:	0.107394318181818	0.355574431818182	0.236329545454545	0.080943750000000	0.198265909090909	0.021492045454545		1
000118:	0.088794318181818	0.035796590909091	0.640077840909091	0.182961931818182	0.028278977272727	0.024090340909091		1
000119:	0.031127840909091	0.519888068181818	0.173734659090909	0.129771590909091	0.094440340909091	0.051037500000000		1
000120:	0.043293181818182	0.086298295454545	0.651244886363636	0.170384659090909	0.032686363636364	0.016092613636364		1
000121:	0.087860795454545	0.166806818181818	0.435652272727273	0.073689204545455	0.162709090909091	0.073281818181818		1
000122:	0.017396590909091	0.120749431818182	0.698782954545455	0.042700000000000	0.105972727272727	0.014398295454545		1
000123:	0.028201704545455	0.023494318181818	0.836952272727273	0.028018750000000	0.027638636363636	0.055694318181818		1
000124:	0.128056818181818	0.468407954545455	0.163552840909091	0.040859659090909	0.045641477272727	0.153481250000000		1
000125:	0.496643750000000	0.091252272727273	0.238745454545455	0.116159090909091	0.023214204545455	0.033985227272727		1
000126:	0.821009090909091	0.048777272727273	0.046572727272727	0.036521590909091	0.017803977272727	0.029315340909091		1
000127:	0.057364204545455	0.125421590909091	0.500753977272727	0.199592045454545	0.074051136363636	0.042817045454545		1
000128:	0.048535795454545	0.116165909090909	0.673506250000000	0.082344886363636	0.033263636363636	0.046183522727273		1
000129:	0.036368750000000	0.100485227272727	0.150862500000000	0.028475568181818	0.617874431818182	0.065933522727273		1
000130:	0.064844318181818	0.037743750000000	0.663218750000000	0.058227840909091	0.017501704545455	0.158463636363636		1
000131:	0.047781818181818	0.332877272727273	0.475841477272727	0.045801704545455	0.066850568181818	0.030847159090909		1
000132:	0.024928977272727	0.049580113636364	0.095425000000000	0.770691477272727	0.041017045454545	0.018357386363636		1
000133:	0.193505113636364	0.127861363636364	0.088079545454545	0.078932954545455	0.042453409090909	0.469167613636364		1
000134:	0.092298295454545	0.122106818181818	0.328777272727273	0.090992045454545	0.078139772727273	0.287685795454545		1
000135:	0.043230113636364	0.135738068181818	0.195650568181818	0.020030113636364	0.508050568181818	0.097300568181818		1
000136:	0.059136363636364	0.086251704545455	0.631939772727273	0.093530113636364	0.027261363636364	0.101880681818182		1
000137:	0.050978409090909	0.351680681818182	0.180930113636364	0.059576136363636	0.244218750000000	0.112615909090909		1
000138:	0.136243181818182	0.150781818181818	0.474901136363636	0.058907386363636	0.051065909090909	0.128100568181818		1
000139:	0.080449431818182	0.346709659090909	0.380474431818182	0.078655113636364	0.030923863636364	0.082787500000000		1
000140:	0.030242045454545	0.080850568181818	0.060123295454545	0.046582386363636	0.210139204545455	0.572062500000000		1
000141:	0.297463068181818	0.061736931818182	0.114718750000000	0.450302840909091	0.026041477272727	0.049736931818182		1
000142:	0.029581250000000	0.087323863636364	0.401372159090909	0.090982954545455	0.358819318181818	0.031920454545455		1
000143:	0.033636363636364	0.294431818181818	0.571853977272727	0.043738636363636	0.022684090909091	0.033655113636364		1
000144:	0.074425568181818	0.244675568181818	0.439614204545455	0.157319886363636	0.061793750000000	0.022171022727273		1
000145:	0.038822727272727	0.017347159090909	0.049096590909091	0.844368181818182	0.016451704545455	0.033913636363636		1
000146:	0.049495454545455	0.061378977272727	0.343448863636364	0.150935795454545	0.312277272727273	0.082463636363636		1
000147:	0.063472159090909	0.063451704545455	0.805741477272727	0.033346022727273	0.024204545454545	0.009784090909091		1
000148:	0.030166477272727	0.031000568181818	0.834930681818182	0.024371022727273	0.019197727272727	0.060333522727273		1
000149:	0.090643750000000	0.243997159090909	0.390306818181818	0.113778409090909	0.131082954545455	0.030190909090909		1
000150:	0.028690909090909	0.656388068181818	0.071022159090909	0.063441477272727	0.053815909090909	0.126641477272727		1
000151:	0.012013068181818	0.582568750000000	0.399643181818182	0.003296590909091	0.001618181818182	0.000860227272727		1
000152:	0.074002272727273	0.099323295454545	0.574266477272727	0.091410795454545	0.026568181818182	0.134428977272727		1
000153:	0.033402272727273	0.436876704545455	0.252804545454545	0.100686363636364	0.146615340909091	0.029614772727273		1
000154:	0.024816477272727	0.019345454545455	0.230121022727273	0.696186931818182	0.014303409090909	0.015226704545455		1
000155:	0.044862500000000	0.084797159090909	0.390556250000000	0.300539772727273	0.110144318181818	0.069100000000000		1
000156:	0.047444886363636	0.433727272727273	0.124340909090909	0.342140909090909	0.037380113636364	0.014965909090909		1
000157:	0.022326704545455	0.021826704545455	0.043730113636364	0.884060227272727	0.013915340909091	0.014140909090909		1
000158:	0.349501704545455	0.327630681818182	0.132358522727273	0.106634659090909	0.049436931818182	0.034437500000000		1
000159:	0.092487500000000	0.098061363636364	0.030009090909091	0.597793750000000	0.124946022727273	0.056702272727273		1
000160:	0.873790340909091	0.020589772727273	0.029226136363636	0.047709090909091	0.016297727272727	0.012386931818182		1
000161:	0.626006818181818	0.077142045454545	0.110727272727273	0.105380681818182	0.054785795454545	0.025957386363636		1
000162:	0.309191477272727	0.130761931818182	0.053478409090909	0.024800000000000	0.448580681818182	0.033187500000000		1
000163:	0.019260795454545	0.037134659090909	0.871378409090909	0.043390909090909	0.018856818181818	0.009978409090909		1
000164:	0.036347727272727	0.014929545454545	0.076790909090909	0.848850568181818	0.013132386363636	0.009948863636364		1
000165:	0.042352840909091	0.016926704545455	0.827009659090909	0.073225000000000	0.018715909090909	0.021769886363636		1
000166:	0.022708522727273	0.023651704545455	0.864347727272727	0.056446022727273	0.019894318181818	0.012951704545455		1
000167:	0.125092613636364	0.067021590909091	0.690769886363636	0.047659090909091	0.038586363636364	0.030870454545455		1
000168:	0.075702840909091	0.136264772727273	0.416444886363636	0.262167045454545	0.039603409090909	0.069817045454545		1
000169:	0.032590909090909	0.319999431818182	0.570089772727273	0.025901136363636	0.028603409090909	0.022815340909091		1
000170:	0.020527272727273	0.014823295454545	0.899748295454545	0.021005113636364	0.013839772727273	0.030056250000000		1
000171:	0.097173295454545	0.023738636363636	0.165309090909091	0.662203409090909	0.023571022727273	0.028004545454545		1
000172:	0.126203977272727	0.060503977272727	0.634430681818182	0.069451704545455	0.078900000000000	0.030509659090909		1
000173:	0.038552272727273	0.101032954545455	0.669794318181818	0.048811931818182	0.026127272727273	0.115681250000000		1
000174:	0.024380681818182	0.045471022727273	0.416803977272727	0.052818750000000	0.416881250000000	0.043644318181818		1
000175:	0.016097727272727	0.017444886363636	0.028398295454545	0.893821022727273	0.015386363636364	0.028851704545455		1
000176:	0.122142045454545	0.479257954545455	0.249402840909091	0.083786931818182	0.031662500000000	0.033747727272727		1
000177:	0.025241477272727	0.201134659090909	0.549448863636364	0.099373295454545	0.076223863636364	0.048577840909091		1
000178:	0.036919318181818	0.124919886363636	0.466502840909091	0.198829545454545	0.128483522727273	0.044344886363636		1
000179:	0.020852272727273	0.032059090909091	0.035883522727273	0.880531250000000	0.021388068181818	0.009285795454545		1
000180:	0.017380113636364	0.019225000000000	0.034927840909091	0.891288068181818	0.016933522727273	0.020245454545455		1
000181:	0.025517045454545	0.018892613636364	0.017064772727273	0.915469318181818	0.010322727272727	0.012733522727273		1
000182:	0.091635227272727	0.189110795454545	0.163126704545455	0.205288068181818	0.281084659090909	0.069754545454545		1
000183:	0.025552840909091	0.012602272727273	0.110147727272727	0.819469318181818	0.013763636363636	0.018464204545455		1
000184:	0.057240909090909	0.076250568181818	0.375632386363636	0.127936931818182	0.041737500000000	0.321201704545455		1
000185:	0.144715340909091	0.180574431818182	0.112711363636364	0.103778409090909	0.222740340909091	0.235480113636364		1
000186:	0.059976136363636	0.065356818181818	0.068955113636364	0.747443181818182	0.025425000000000	0.032843750000000		1
000187:	0.017302272727273	0.015492613636364	0.031778977272727	0.900321022727273	0.015735795454545	0.019369318181818		1
000188:	0.239873295454545	0.077445454545455	0.305225000000000	0.308155681818182	0.022086363636364	0.047214204545455		1
000189:	0.015335795454545	0.030407386363636	0.901125000000000	0.027401704545455	0.015753977272727	0.009976136363636		1
000190:	0.043195454545455	0.067417613636364	0.793662500000000	0.022576704545455	0.027184090909091	0.045963636363636		1
000191:	0.024703977272727	0.134098863636364	0.732572159090909	0.041723295454545	0.054250000000000	0.012651704545455		1
000192:	0.071634659090909	0.622694886363636	0.107016477272727	0.116170454545455	0.053496022727273	0.028987500000000		1
000193:	0.059423863636364	0.363557386363636	0.254856250000000	0.206341477272727	0.073948295454545	0.041872727272727		1
000194:	0.062175568181818	0.065189772727273	0.527457386363636	0.093922727272727	0.061664204545455	0.189590340909091		1
000195:	0.033768750000000	0.741725000000000	0.142005113636364	0.047336931818182	0.022025000000000	0.013139204545455		1
000196:	0.441781250000000	0.117728977272727	0.160495454545455	0.239889204545455	0.022485227272727	0.017619886363636		1
000197:	0.055507386363636	0.194496590909091	0.601861363636364	0.085359090909091	0.045934659090909	0.016840909090909		1
000198:	0.100251136363636	0.103508522727273	0.115282954545455	0.115730113636364	0.541888068181818	0.023339204545455		1
000199:	0.011661363636364	0.003306818181818	0.591784090909091	0.003186363636364	0.005382386363636	0.384678977272727		1
000200:	0.339092045454545	0.060326704545455	0.438823863636364	0.071707386363636	0.055630113636364	0.034419886363636		1
000201:	0.031339204545455	0.006307954545455	0.013866477272727	0.057865340909091	0.522485227272727	0.368135795454545		1
000202:	0.098642613636364	0.083424431818182	0.381259090909091	0.229332386363636	0.127065340909091	0.080276136363636		1
000203:	0.030818750000000	0.029557386363636	0.754819886363636	0.104526704545455	0.026394886363636	0.053882386363636		1
000204:	0.007280113636364	0.000951136363636	0.149648863636364	0.002600568181818	0.838730113636364	0.000789204545455		1
000205:	0.049742045454545	0.046388068181818	0.401859659090909	0.397581250000000	0.040378977272727	0.064050000000000		1
000206:	0.073282386363636	0.036407386363636	0.388879545454545	0.120707954545455	0.031148863636364	0.349573863636364		1
000207:	0.132905681818182	0.676350000000000	0.093997159090909	0.025542613636364	0.032332386363636	0.038872159090909		1
000208:	0.135798863636364	0.099339772727273	0.434796590909091	0.263122159090909	0.036947727272727	0.029994886363636		1
000209:	0.048572159090909	0.101343181818182	0.206263068181818	0.581276136363636	0.026921590909091	0.035623863636364		1
000210:	0.053216477272727	0.228542613636364	0.375194318181818	0.271273863636364	0.041203409090909	0.030569318181818		1
000211:	0.025732386363636	0.031797727272727	0.484010795454545	0.314352272727273	0.132456818181818	0.011650000000000		1
000212:	0.264976136363636	0.072190909090909	0.160292045454545	0.442381250000000	0.032068750000000	0.028090909090909		1
000213:	0.116579545454545	0.038698295454545	0.375703409090909	0.421903409090909	0.019000000000000	0.028115340909091		1
000214:	0.288234659090909	0.094112500000000	0.481991477272727	0.075244318181818	0.040229545454545	0.020187500000000		1
000215:	0.102605113636364	0.411147159090909	0.198463068181818	0.080599431818182	0.027440909090909	0.179744318181818		1
000216:	0.128936363636364	0.068815340909091	0.133717613636364	0.613885795454545	0.033759090909091	0.020885795454545		1
000217:	0.354710795454545	0.053483522727273	0.213426704545455	0.268215340909091	0.061839772727273	0.048323863636364		1
000218:	0.096813636363636	0.121563068181818	0.537019318181818	0.204686363636364	0.023179545454545	0.016738068181818		1
000219:	0.271314204545455	0.031157386363636	0.495943181818182	0.162919318181818	0.022524431818182	0.016141477272727		1
000220:	0.090706818181818	0.028627840909091	0.377377272727273	0.474578977272727	0.013585795454545	0.015123295454545		1
000221:	0.060738068181818	0.037326704545455	0.669731818181818	0.196061363636364	0.019239204545455	0.016902840909091		1
000222:	0.031066477272727	0.020230681818182	0.086714772727273	0.836517613636364	0.013228409090909	0.012242045454545		1
000223:	0.114796022727273	0.205285795454545	0.190559659090909	0.285397159090909	0.147239772727273	0.056721590909091		1
000224:	0.036578409090909	0.355128977272727	0.154500568181818	0.075050000000000	0.214414772727273	0.164327272727273		1
000225:	0.026339204545455	0.195938068181818	0.228014204545455	0.041228977272727	0.411815340909091	0.096664204545455		1
000226:	0.116450000000000	0.518610227272727	0.156163636363636	0.134409659090909	0.032455113636364	0.041911363636364		1
000227:	0.059839204545455	0.639521590909091	0.100779545454545	0.042722159090909	0.086156818181818	0.070980681818182		1
000228:	0.277176136363636	0.033168181818182	0.032632386363636	0.029340909090909	0.296257954545455	0.331424431818182		1
000229:	0.036626136363636	0.062785227272727	0.514002840909091	0.029259659090909	0.052141477272727	0.305184659090909		1
000230:	0.785639772727273	0.031918750000000	0.054125568181818	0.073609659090909	0.022305681818182	0.032400568181818		1
000231:	0.061557954545455	0.445667613636364	0.338388636363636	0.033839204545455	0.076527840909091	0.044018750000000		1
000232:	0.272668181818182	0.042292045454545	0.238300568181818	0.265274431818182	0.042393750000000	0.139071022727273		1
000233:	0.043486931818182	0.763282954545455	0.090154545454545	0.024464772727273	0.034397159090909	0.044213636363636		1
000234:	0.061634090909091	0.185448863636364	0.151179545454545	0.036450000000000	0.230190909090909	0.335096590909091		1
000235:	0.039814772727273	0.031983522727273	0.068556250000000	0.043894886363636	0.653010795454545	0.162739772727273		1
000236:	0.343145454545455	0.107748863636364	0.061435795454545	0.336367045454545	0.081819318181818	0.069483522727273		1
000237:	0.048326704545455	0.350046590909091	0.139857954545455	0.036166477272727	0.046209090909091	0.379393181818182		1
000238:	0.025488636363636	0.030194318181818	0.215553977272727	0.683240340909091	0.025777840909091	0.019744886363636		1
000239:	0.104245454545455	0.278056250000000	0.330811931818182	0.076555681818182	0.029192045454545	0.181138636363636		1
000240:	0.738056250000000	0.125231818181818	0.055240909090909	0.029314204545455	0.022035227272727	0.030121590909091		1
000241:	0.089222727272727	0.356118750000000	0.103720454545455	0.308414204545455	0.104801704545455	0.037722159090909		1
000242:	0.038400000000000	0.798477272727273	0.040803409090909	0.036541477272727	0.056463636363636	0.029314204545455		1
000243:	0.480102840909091	0.064121022727273	0.041064772727273	0.041985227272727	0.145039204545455	0.227686931818182		1
000244:	0.265273295454545	0.166106250000000	0.391185227272727	0.060764772727273	0.024681818181818	0.091988636363636		1
000245:	0.002500568181818	0.843580113636364	0.001671590909091	0.129969318181818	0.021106250000000	0.001172159090909		1
000246:	0.073963636363636	0.179590340909091	0.243377272727273	0.041747159090909	0.222843181818182	0.238478409090909		1
000247:	0.097100000000000	0.497677840909091	0.132927840909091	0.049586363636364	0.034777840909091	0.187930113636364		1
000248:	0.145946022727273	0.059182954545455	0.591346022727273	0.038992613636364	0.017300568181818	0.147231818181818		1
000249:	0.111754545454545	0.228483522727273	0.062713636363636	0.029337500000000	0.059176704545455	0.508534090909091		1
000250:	0.005686931818182	0.002458522727273	0.584398863636364	0.404372727272727	0.002474431818182	0.000608522727273		1
000251:	0.115710795454545	0.203409090909091	0.124950568181818	0.059402272727273	0.214936931818182	0.281590340909091		1
000252:	0.376355681818182	0.146313068181818	0.134273863636364	0.165035795454545	0.038692045454545	0.139329545454545		1
000253:	0.065944886363636	0.058022159090909	0.067305113636364	0.040918750000000	0.025081250000000	0.742727840909091		1
000254:	0.086004545454545	0.035996590909091	0.086259090909091	0.073336363636364	0.034671022727273	0.683732386363636		1
000255:	0.036446590909091	0.028236931818182	0.124096022727273	0.034618181818182	0.025138636363636	0.751463636363636		1
000256:	0.033476136363636	0.090481250000000	0.765251136363636	0.025529545454545	0.030103409090909	0.055158522727273		1
000257:	0.187548295454545	0.024022727272727	0.124388068181818	0.581683522727273	0.035245454545455	0.047111931818182		1
000258:	0.052272727272727	0.128878409090909	0.738985795454545	0.037314772727273	0.020390340909091	0.022157954545455		1
000259:	0.020543750000000	0.029434659090909	0.029119318181818	0.871357954545455	0.033075000000000	0.016469318181818		1
000260:	0.384420454545455	0.313089772727273	0.045002272727273	0.046741477272727	0.056400568181818	0.154345454545455		1
000261:	0.137765909090909	0.091709659090909	0.086500568181818	0.170525000000000	0.072790340909091	0.440708522727273		1
000262:	0.333985795454545	0.049457386363636	0.052005681818182	0.411087500000000	0.058344886363636	0.095118750000000		1
000263:	0.175003409090909	0.220581250000000	0.455579545454545	0.087351704545455	0.038277840909091	0.023206250000000		1
000264:	0.034198295454545	0.020958522727273	0.110813636363636	0.789926704545455	0.009644886363636	0.034457954545455		1
000265:	0.038128977272727	0.023736931818182	0.767280113636364	0.088397159090909	0.017490340909091	0.064966477272727		1
000266:	0.038548295454545	0.059048295454545	0.308018750000000	0.085934090909091	0.058852840909091	0.449597727272727		1
000267:	0.031310227272727	0.039571022727273	0.071929545454545	0.027621590909091	0.037125568181818	0.792442045454545		1
000268:	0.093775000000000	0.059542045454545	0.435727272727273	0.263308522727273	0.020215340909091	0.127431818181818		1
000269:	0.025272727272727	0.087626704545455	0.105242613636364	0.059395454545455	0.521764772727273	0.200697727272727		1
000270:	0.027526136363636	0.018102272727273	0.031106250000000	0.900315909090909	0.014714204545455	0.008235227272727		1
000271:	0.054283522727273	0.069822159090909	0.030589204545455	0.090027272727273	0.040540909090909	0.714736931818182		1
000272:	0.092510227272727	0.140642613636364	0.060889772727273	0.165485227272727	0.042051136363636	0.498421022727273		1
000273:	0.038368750000000	0.071709090909091	0.127267045454545	0.394227272727273	0.246790340909091	0.121637500000000		1
000274:	0.083801136363636	0.096584090909091	0.101651136363636	0.049655113636364	0.036209090909091	0.632099431818182		1
000275:	0.028438636363636	0.256670454545455	0.503642613636364	0.067063068181818	0.092727840909091	0.051457386363636		1
000276:	0.037276704545455	0.025577840909091	0.037410795454545	0.835646022727273	0.021819318181818	0.042269318181818		1
000277:	0.046388068181818	0.054350000000000	0.075859090909091	0.063255681818182	0.424988636363636	0.335158522727273		1
000278:	0.051481818181818	0.186139772727273	0.598730681818182	0.051510227272727	0.066788636363636	0.045348863636364		1
000279:	0.025598863636364	0.114411931818182	0.108313068181818	0.019961931818182	0.241857386363636	0.489856818181818		1
000280:	0.150217045454545	0.487283522727273	0.102206818181818	0.170456250000000	0.021625568181818	0.068210795454545		1
000281:	0.027746022727273	0.098120454545455	0.041401136363636	0.577738068181818	0.072887500000000	0.182106818181818		1
000282:	0.082303977272727	0.454047727272727	0.137577272727273	0.155782954545455	0.098597727272727	0.071690340909091		1
000283:	0.047013068181818	0.040603977272727	0.030441477272727	0.853678409090909	0.013861931818182	0.014401136363636		1
000284:	0.061489772727273	0.043911363636364	0.077971022727273	0.069502272727273	0.032250000000000	0.714875568181818		1
000285:	0.058081250000000	0.581080113636364	0.103630681818182	0.029578409090909	0.090893181818182	0.136736363636364		1
000286:	0.031693750000000	0.249308522727273	0.076914772727273	0.285737500000000	0.218734659090909	0.137610795454545		1
000287:	0.034334090909091	0.088486363636364	0.152403409090909	0.232689772727273	0.316550568181818	0.175535795454545		1
000288:	0.119297159090909	0.098492613636364	0.307231818181818	0.252411363636364	0.120655681818182	0.101911363636364		1
000289:	0.015401136363636	0.476167045454545	0.488496022727273	0.008854545454545	0.005176704545455	0.005904545454545		1
000290:	0.507185795454545	0.052911931818182	0.065375000000000	0.235519886363636	0.015204545454545	0.123802840909091		1
000291:	0.049159090909091	0.050842045454545	0.712006818181818	0.081144318181818	0.081724431818182	0.025123295454545		1
000292:	0.416185795454545	0.056239204545455	0.369545454545455	0.074452272727273	0.036769886363636	0.046807386363636		1
000293:	0.038303977272727	0.029415340909091	0.858628977272727	0.043277840909091	0.017992613636364	0.012381250000000		1
000294:	0.068780113636364	0.167660227272727	0.530865340909091	0.157702272727273	0.050609659090909	0.024382386363636		1
000295:	0.054817045454545	0.641036363636364	0.224264772727273	0.041861931818182	0.023228409090909	0.014791477272727		1
000296:	0.063942613636364	0.066002272727273	0.181415340909091	0.629189204545455	0.030405681818182	0.029044886363636		1
000297:	0.071876136363636	0.106100568181818	0.578938636363636	0.186610795454545	0.021864772727273	0.034609090909091		1
000298:	0.020459090909091	0.070069318181818	0.090080113636364	0.051459659090909	0.676151136363636	0.091780681818182		1
000299:	0.051783522727273	0.127979545454545	0.620141477272727	0.076204545454545	0.027305113636364	0.096585795454545		1
000300:	0.059882386363636	0.028798295454545	0.411549431818182	0.267376136363636	0.150455113636364	0.081938636363636		1
000301:	0.023470454545455	0.031651136363636	0.857622727272727	0.041927272727273	0.028467045454545	0.016861363636364		1
000302:	0.024427840909091	0.020918750000000	0.020335227272727	0.910434090909091	0.010670454545455	0.013213636363636		1
000303:	0.028073295454545	0.017167045454545	0.021835227272727	0.905979545454546	0.014036363636364	0.012908522727273		1
000304:	0.138226704545455	0.127856250000000	0.640373863636364	0.050370454545455	0.015659659090909	0.027513068181818		1
000305:	0.705177840909091	0.042810795454545	0.030036363636364	0.179684659090909	0.023389204545455	0.018901136363636		1
000306:	0.232204545454545	0.039001136363636	0.086050000000000	0.582702272727273	0.024276704545455	0.035765340909091		1
000307:	0.762964772727273	0.024543750000000	0.061740909090909	0.095121590909091	0.013209090909091	0.042419886363636		1
000308:	0.049304545454545	0.021263068181818	0.834681250000000	0.050211931818182	0.015411931818182	0.029127272727273		1
000309:	0.036305681818182	0.062870454545455	0.637865340909091	0.079154545454545	0.040897727272727	0.142906250000000		1
000310:	0.001607954545455	0.833077272727273	0.003854545454545	0.004209659090909	0.000785227272727	0.156465340909091		1
000311:	0.218829545454545	0.112798295454545	0.286095454545455	0.153025568181818	0.044322727272727	0.184928409090909		1
000312:	0.035536363636364	0.101742613636364	0.129384090909091	0.042428977272727	0.042554545454545	0.648353409090909		1
000313:	0.064785227272727	0.113390340909091	0.075783522727273	0.060779545454545	0.154704545454545	0.530556818181818		1
000314:	0.092615909090909	0.563872727272727	0.049477272727273	0.081517045454545	0.084737500000000	0.127779545454545		1
000315:	0.035682954545455	0.270042613636364	0.108177272727273	0.037515340909091	0.035371022727273	0.513210795454546		1
000316:	0.046251704545455	0.135436931818182	0.683715909090909	0.060347727272727	0.018593750000000	0.055653977272727		1
000317:	0.092076136363636	0.778151136363636	0.041276704545455	0.025857386363636	0.041022727272727	0.021615909090909		1
000318:	0.277717613636364	0.093597727272727	0.359446022727273	0.217999431818182	0.016826704545455	0.034412500000000		1
000319:	0.019047159090909	0.019431818181818	0.049376136363636	0.885667613636364	0.012630113636364	0.013847159090909		1
000320:	0.099649431818182	0.110825000000000	0.128425568181818	0.521293181818182	0.051686931818182	0.088119886363636		1
000321:	0.155369886363636	0.031314772727273	0.675899431818182	0.088852840909091	0.016671022727273	0.031892045454545		1
000322:	0.578202840909091	0.038100000000000	0.062340340909091	0.269360227272727	0.022421590909091	0.029575000000000		1
000323:	0.136514204545455	0.071153409090909	0.107934090909091	0.169943750000000	0.321963636363636	0.192490909090909		1
000324:	0.496071022727273	0.027606818181818	0.229873295454545	0.171534659090909	0.013894886363636	0.061019318181818		1
000325:	0.071607954545455	0.028848295454545	0.039939772727273	0.800588068181818	0.031512500000000	0.027503409090909		1
000326:	0.179692045454545	0.069577840909091	0.516288068181818	0.061012500000000	0.025990340909091	0.147439204545455		1
000327:	0.116319886363636	0.125170454545455	0.608994886363636	0.102978409090909	0.029987500000000	0.016548863636364		1
000328:	0.701867045454545	0.005123863636364	0.273468181818182	0.012213068181818	0.003290340909091	0.004037500000000		1
000329:	0.165447159090909	0.070152840909091	0.509837500000000	0.151198295454545	0.040211363636364	0.063152840909091		1
000330:	0.611710227272727	0.041135795454545	0.068351704545455	0.190714772727273	0.015700568181818	0.072386931818182		1
000331:	0.742326136363636	0.021866477272727	0.049261363636364	0.034368181818182	0.009476136363636	0.142701704545455		1
