Estimated Clustering Probabilities for Samples
Sample	***Cluster  01***	***Cluster  02***	***Cluster  03***	***Cluster  04***	
000001:	0.421618181818182	0.094685227272727	0.041745454545455	0.441951136363636		1
000002:	0.204484090909091	0.097107386363636	0.015909090909091	0.682499431818182		1
000003:	0.348874431818182	0.065057386363636	0.026361363636364	0.559706818181818		1
000004:	0.053409090909091	0.865853977272727	0.015102272727273	0.065634659090909		1
000005:	0.682957386363636	0.066755113636364	0.011781818181818	0.238505681818182		1
000006:	0.125331250000000	0.693014204545455	0.062232386363636	0.119422159090909		1
000007:	0.189895454545455	0.050535227272727	0.021305113636364	0.738264204545454		1
000008:	0.248223863636364	0.102338636363636	0.029522727272727	0.619914772727273		1
000009:	0.382794318181818	0.315997159090909	0.024882386363636	0.276326136363636		1
000010:	0.711554545454545	0.073498295454545	0.025935227272727	0.189011931818182		1
000011:	0.335343181818182	0.125024431818182	0.024988636363636	0.514643750000000		1
000012:	0.791158522727273	0.119842613636364	0.063456818181818	0.025542045454545		1
000013:	0.372509090909091	0.198701136363636	0.384579545454545	0.044210227272727		1
000014:	0.026151136363636	0.936918181818182	0.019393750000000	0.017536931818182		1
000015:	0.713253409090909	0.186560795454545	0.023790340909091	0.076395454545455		1
000016:	0.040180681818182	0.901516477272727	0.011610227272727	0.046692613636364		1
000017:	0.878083522727273	0.057223863636364	0.015430681818182	0.049261931818182		1
000018:	0.375607386363636	0.039840340909091	0.562012500000000	0.022539772727273		1
000019:	0.862276136363636	0.033565909090909	0.035101704545455	0.069056250000000		1
000020:	0.006385227272727	0.002729545454545	0.529203977272727	0.461681250000000		1
000021:	0.660253409090909	0.017835795454545	0.077871022727273	0.244039772727273		1
000022:	0.885980681818182	0.057089772727273	0.022503409090909	0.034426136363636		1
000023:	0.513721590909091	0.053685795454545	0.106612500000000	0.325980113636364		1
000024:	0.033138636363636	0.925579545454545	0.019297727272727	0.021984090909091		1
000025:	0.571390909090909	0.142382386363636	0.212859659090909	0.073367045454545		1
000026:	0.895832386363636	0.023802272727273	0.056429545454545	0.023935795454545		1
000027:	0.820030681818182	0.037859090909091	0.118011931818182	0.024098295454545		1
000028:	0.461724431818182	0.036836363636364	0.028349431818182	0.473089772727273		1
000029:	0.725500000000000	0.120049431818182	0.063012500000000	0.091438068181818		1
000030:	0.733360795454545	0.099236931818182	0.037922159090909	0.129480113636364		1
000031:	0.536690909090909	0.028399431818182	0.406175568181818	0.028734090909091		1
000032:	0.862925000000000	0.047533522727273	0.032467613636364	0.057073863636364		1
000033:	0.815673295454545	0.037999431818182	0.019052272727273	0.127275000000000		1
000034:	0.054457386363636	0.889582386363636	0.011885795454545	0.044074431818182		1
000035:	0.416977840909091	0.025043750000000	0.214923863636364	0.343054545454545		1
000036:	0.678009659090909	0.113573863636364	0.031848295454545	0.176568181818182		1
000037:	0.877386931818182	0.061343750000000	0.032738068181818	0.028531250000000		1
000038:	0.114424431818182	0.084590340909091	0.114144886363636	0.686840340909091		1
000039:	0.761928977272727	0.093282954545455	0.101006250000000	0.043781818181818		1
000040:	0.053782954545455	0.848461363636364	0.015232386363636	0.082523295454545		1
000041:	0.781943181818182	0.110543750000000	0.052522727272727	0.054990340909091		1
000042:	0.464959659090909	0.107325000000000	0.360335795454545	0.067379545454545		1
000043:	0.722071590909091	0.124745454545455	0.020427272727273	0.132755681818182		1
000044:	0.859853409090909	0.052253409090909	0.025245454545455	0.062647727272727		1
000045:	0.854873295454545	0.016689204545455	0.105344318181818	0.023093181818182		1
000046:	0.321033522727273	0.069080681818182	0.415728409090909	0.194157386363636		1
000047:	0.391092045454545	0.180798863636364	0.197396590909091	0.230712500000000		1
000048:	0.630642045454545	0.057533522727273	0.021499431818182	0.290325000000000		1
000049:	0.837205113636364	0.045822159090909	0.036068181818182	0.080904545454545		1
000050:	0.543381250000000	0.271179545454545	0.090169886363636	0.095269318181818		1
000051:	0.030057386363636	0.933469318181818	0.010330113636364	0.026143181818182		1
000052:	0.023198863636364	0.946499431818182	0.009263068181818	0.021038636363636		1
000053:	0.689319318181818	0.143127840909091	0.097890909090909	0.069661931818182		1
000054:	0.433013636363636	0.051555113636364	0.440703409090909	0.074727840909091		1
000055:	0.562698295454545	0.352918181818182	0.019340909090909	0.065042613636364		1
000056:	0.858947727272727	0.075021590909091	0.021976136363636	0.044054545454545		1
000057:	0.818703409090909	0.096828409090909	0.038901136363636	0.045567045454545		1
000058:	0.899293181818182	0.019429545454545	0.035208522727273	0.046068750000000		1
000059:	0.422059659090909	0.538889204545455	0.000829545454545	0.038221590909091		1
000060:	0.849790909090909	0.073156818181818	0.010161931818182	0.066890340909091		1
000061:	0.901555113636364	0.039936363636364	0.014943750000000	0.043564772727273		1
000062:	0.035076136363636	0.916810227272727	0.012456250000000	0.035657386363636		1
000063:	0.024867613636364	0.938758522727273	0.012425000000000	0.023948863636364		1
000064:	0.020439772727273	0.894951704545455	0.007443181818182	0.077165340909091		1
000065:	0.587610227272727	0.085389772727273	0.020105113636364	0.306894886363636		1
000066:	0.889834659090909	0.063482954545455	0.025521590909091	0.021160795454545		1
000067:	0.045193750000000	0.902464204545455	0.008774431818182	0.043567613636364		1
000068:	0.924973295454545	0.018079545454545	0.023825568181818	0.033121590909091		1
000069:	0.905231818181818	0.041490909090909	0.024659090909091	0.028618181818182		1
000070:	0.446153409090909	0.304989772727273	0.104852272727273	0.144004545454545		1
000071:	0.901443181818182	0.020095454545455	0.030801704545455	0.047659659090909		1
000072:	0.718061363636364	0.160055113636364	0.014918750000000	0.106964772727273		1
000073:	0.855052840909091	0.082217045454545	0.013015909090909	0.049714204545455		1
000074:	0.230019318181818	0.170652840909091	0.548838636363636	0.050489204545455		1
000075:	0.830003977272727	0.044277272727273	0.054146590909091	0.071572159090909		1
000076:	0.237603409090909	0.021404545454545	0.148749431818182	0.592242613636364		1
000077:	0.368548863636364	0.061514772727273	0.091346590909091	0.478589772727273		1
000078:	0.745512500000000	0.070321590909091	0.014384659090909	0.169781250000000		1
000079:	0.854268181818182	0.041477840909091	0.044833522727273	0.059420454545455		1
000080:	0.822034659090909	0.012269886363636	0.094479545454545	0.071215909090909		1
000081:	0.912170454545455	0.032566477272727	0.007559090909091	0.047703977272727		1
000082:	0.813110795454545	0.070266477272727	0.010543181818182	0.106079545454545		1
000083:	0.919923295454545	0.016372159090909	0.013930113636364	0.049774431818182		1
000084:	0.022844318181818	0.944811363636364	0.012425000000000	0.019919318181818		1
000085:	0.683366477272727	0.079366477272727	0.064623295454545	0.172643750000000		1
000086:	0.380565340909091	0.405754545454545	0.078411931818182	0.135268181818182		1
000087:	0.931217045454545	0.027802840909091	0.011469886363636	0.029510227272727		1
000088:	0.919499431818182	0.017628977272727	0.038410795454545	0.024460795454545		1
000089:	0.849261363636364	0.035502840909091	0.045877272727273	0.069358522727273		1
000090:	0.264363068181818	0.115777272727273	0.568072727272727	0.051786931818182		1
000091:	0.275873295454545	0.031229545454545	0.444660227272727	0.248236931818182		1
000092:	0.888500568181818	0.030057386363636	0.044018181818182	0.037423863636364		1
000093:	0.794178977272727	0.065969318181818	0.079812500000000	0.060039204545455		1
000094:	0.870260227272727	0.028574431818182	0.049516477272727	0.051648863636364		1
000095:	0.754356818181818	0.164202840909091	0.012181250000000	0.069259090909091		1
000096:	0.033145454545455	0.934041477272727	0.010046590909091	0.022766477272727		1
000097:	0.928209659090909	0.021235795454545	0.032394318181818	0.018160227272727		1
000098:	0.950538068181818	0.008911931818182	0.013864204545455	0.026685795454545		1
000099:	0.537486363636364	0.290667045454545	0.057755113636364	0.114091477272727		1
000100:	0.115414772727273	0.828055113636364	0.015507386363636	0.041022727272727		1
000101:	0.916411363636364	0.035720454545455	0.019462500000000	0.028405681818182		1
000102:	0.690282954545455	0.193296022727273	0.051409090909091	0.065011931818182		1
000103:	0.556612500000000	0.042077272727273	0.112642613636364	0.288667613636364		1
000104:	0.192460227272727	0.750798295454545	0.016823295454545	0.039918181818182		1
000105:	0.820394886363636	0.093474431818182	0.048393181818182	0.037737500000000		1
000106:	0.876435795454545	0.025771590909091	0.033719886363636	0.064072727272727		1
000107:	0.621094318181818	0.290546590909091	0.026544886363636	0.061814204545455		1
000108:	0.169066477272727	0.756959090909091	0.041201136363636	0.032773295454545		1
000109:	0.814832386363636	0.037088068181818	0.065314772727273	0.082764772727273		1
000110:	0.071916477272727	0.112511363636364	0.702907954545455	0.112664204545455		1
000111:	0.417105113636364	0.392359090909091	0.035557386363636	0.154978409090909		1
000112:	0.676593750000000	0.114217045454545	0.139456250000000	0.069732954545455		1
000113:	0.794535795454545	0.080065909090909	0.016977840909091	0.108420454545455		1
000114:	0.587614772727273	0.031723295454545	0.094817613636364	0.285844318181818		1
000115:	0.837387500000000	0.067836363636364	0.041472159090909	0.053303977272727		1
000116:	0.306105113636364	0.604000000000000	0.025586931818182	0.064307954545455		1
000117:	0.837686931818182	0.049982954545455	0.048642613636364	0.063687500000000		1
000118:	0.470279545454545	0.276740340909091	0.017815340909091	0.235164772727273		1
000119:	0.855538068181818	0.058757386363636	0.060309659090909	0.025394886363636		1
000120:	0.550691477272727	0.224698295454545	0.023247727272727	0.201362500000000		1
000121:	0.646111931818182	0.072046590909091	0.158517613636364	0.123323863636364		1
000122:	0.931048295454545	0.036364204545455	0.012897159090909	0.019690340909091		1
000123:	0.807904545454545	0.029097159090909	0.032953409090909	0.130044886363636		1
000124:	0.698869318181818	0.018899431818182	0.075011931818182	0.207219318181818		1
000125:	0.186172159090909	0.087904545454545	0.021017045454545	0.704906250000000		1
000126:	0.046248295454545	0.024001704545455	0.015837500000000	0.913912500000000		1
000127:	0.694922727272727	0.122556818181818	0.053838636363636	0.128681818181818		1
000128:	0.772990340909091	0.076247159090909	0.024989204545455	0.125773295454545		1
000129:	0.715211363636364	0.015500000000000	0.228754545454545	0.040534090909091		1
000130:	0.496825000000000	0.092529545454545	0.036730113636364	0.373915340909091		1
000131:	0.868218750000000	0.037729545454545	0.033553409090909	0.060498295454545		1
000132:	0.186952272727273	0.765507386363636	0.017343750000000	0.030196590909091		1
000133:	0.292630681818182	0.044652840909091	0.157040340909091	0.505676136363636		1
000134:	0.626989772727273	0.078400000000000	0.163650568181818	0.130959659090909		1
000135:	0.728185227272727	0.012365340909091	0.225277272727273	0.034172159090909		1
000136:	0.836743750000000	0.069039204545455	0.015239772727273	0.078977272727273		1
000137:	0.598059090909091	0.044147727272727	0.307535227272727	0.050257954545455		1
000138:	0.678972159090909	0.034093181818182	0.049989772727273	0.236944886363636		1
000139:	0.796197159090909	0.060341477272727	0.046235227272727	0.097226136363636		1
000140:	0.141507386363636	0.038613068181818	0.787111931818182	0.032767613636364		1
000141:	0.096407386363636	0.532405681818182	0.034828409090909	0.336358522727273		1
000142:	0.863820454545455	0.040123295454545	0.069897727272727	0.026158522727273		1
000143:	0.910006818181818	0.031466477272727	0.018385227272727	0.040141477272727		1
000144:	0.731130113636364	0.157447727272727	0.025397727272727	0.086024431818182		1
000145:	0.028851136363636	0.905111931818182	0.022793750000000	0.043243181818182		1
000146:	0.778727272727273	0.092892613636364	0.087272727272727	0.041107386363636		1
000147:	0.687390909090909	0.296077272727273	0.001487500000000	0.015044318181818		1
000148:	0.805455681818182	0.041464204545455	0.025703409090909	0.127376704545455		1
000149:	0.702874431818182	0.071731250000000	0.081623863636364	0.143770454545455		1
000150:	0.775707386363636	0.044070454545455	0.139936363636364	0.040285795454545		1
000151:	0.004088068181818	0.842117045454545	0.018984659090909	0.134810227272727		1
000152:	0.630614204545455	0.098238636363636	0.057096022727273	0.214051136363636		1
000153:	0.880836931818182	0.054668181818182	0.032806250000000	0.031688636363636		1
000154:	0.182596590909091	0.736604545454545	0.013617045454545	0.067181818181818		1
000155:	0.481616477272727	0.407201704545455	0.046248295454545	0.064933522727273		1
000156:	0.688229545454545	0.240015909090909	0.024427272727273	0.047327272727273		1
000157:	0.026163068181818	0.932699431818182	0.012888636363636	0.028248863636364		1
000158:	0.282800568181818	0.103393181818182	0.047669886363636	0.566136363636364		1
000159:	0.096249431818182	0.544650568181818	0.244351704545455	0.114748295454545		1
000160:	0.019422727272727	0.033313068181818	0.012806250000000	0.934457954545455		1
000161:	0.080048863636364	0.085556818181818	0.044974431818182	0.789419886363636		1
000162:	0.076004545454545	0.020160227272727	0.554872159090909	0.348963068181818		1
000163:	0.853001136363636	0.045986931818182	0.013959090909091	0.087052840909091		1
000164:	0.046584090909091	0.839382386363636	0.009311363636364	0.104722159090909		1
000165:	0.467811931818182	0.136425000000000	0.032671022727273	0.363092045454545		1
000166:	0.813478409090909	0.092692045454545	0.017190909090909	0.076638636363636		1
000167:	0.654197727272727	0.066100000000000	0.029909090909091	0.249793181818182		1
000168:	0.624806818181818	0.223306250000000	0.042550000000000	0.109336931818182		1
000169:	0.914153977272727	0.019274431818182	0.022310795454545	0.044260795454545		1
000170:	0.655286363636364	0.026414204545455	0.025221590909091	0.293077840909091		1
000171:	0.094969318181818	0.808897159090909	0.028888636363636	0.067244886363636		1
000172:	0.624796022727273	0.062006818181818	0.057961931818182	0.255235227272727		1
000173:	0.888241477272727	0.042265340909091	0.013363636363636	0.056129545454545		1
000174:	0.901456818181818	0.025355113636364	0.051676704545455	0.021511363636364		1
000175:	0.024905113636364	0.939877840909091	0.014344886363636	0.020872159090909		1
000176:	0.699279545454545	0.083785795454545	0.032247159090909	0.184687500000000		1
000177:	0.882060227272727	0.061501704545455	0.022750568181818	0.033687500000000		1
000178:	0.771486363636364	0.134394318181818	0.036732954545455	0.057386363636364		1
000179:	0.043698295454545	0.920926136363636	0.010943181818182	0.024432386363636		1
000180:	0.028604545454545	0.927185227272727	0.019980681818182	0.024229545454545		1
000181:	0.029605681818182	0.926447159090909	0.008409090909091	0.035538068181818		1
000182:	0.477336931818182	0.121703409090909	0.226501704545455	0.174457954545455		1
000183:	0.044396590909091	0.916925000000000	0.012250568181818	0.026427840909091		1
000184:	0.653055113636364	0.114157386363636	0.085559090909091	0.147228409090909		1
000185:	0.377772727272727	0.088952840909091	0.367627840909091	0.165646590909091		1
000186:	0.071307954545455	0.818248295454545	0.034025568181818	0.076418181818182		1
000187:	0.033958522727273	0.929703409090909	0.016622727272727	0.019715340909091		1
000188:	0.172017613636364	0.365209659090909	0.035673863636364	0.427098863636364		1
000189:	0.900781818181818	0.047764204545455	0.010474431818182	0.040979545454545		1
000190:	0.791986931818182	0.034173295454545	0.024643750000000	0.149196022727273		1
000191:	0.915254545454545	0.030613068181818	0.016159090909091	0.037973295454545		1
000192:	0.756155113636364	0.059576136363636	0.067029545454545	0.117239204545455		1
000193:	0.830821590909091	0.071896022727273	0.047563636363636	0.049718750000000		1
000194:	0.764551136363636	0.069345454545455	0.084458522727273	0.081644886363636		1
000195:	0.941964204545455	0.024464772727273	0.015357954545455	0.018213068181818		1
000196:	0.115867613636364	0.228120454545455	0.012367613636364	0.643644318181818		1
000197:	0.821745454545455	0.069596022727273	0.013305681818182	0.095352840909091		1
000198:	0.534682954545455	0.091823295454545	0.261084659090909	0.112409090909091		1
000199:	0.318454545454545	0.177885795454545	0.020448863636364	0.483210795454545		1
000200:	0.175948863636364	0.052361363636364	0.036235795454545	0.735453977272727		1
000201:	0.028447727272727	0.924481818181818	0.011912500000000	0.035157954545455		1
000202:	0.623063068181818	0.158574431818182	0.100292613636364	0.118069886363636		1
000203:	0.614391477272727	0.227314772727273	0.020176136363636	0.138117613636364		1
000204:	0.122597727272727	0.544728409090909	0.018106818181818	0.314567045454545		1
000205:	0.349859090909091	0.480099431818182	0.044207386363636	0.125834090909091		1
000206:	0.500943181818182	0.126368181818182	0.164624431818182	0.208064204545455		1
000207:	0.760544318181818	0.025097727272727	0.031875000000000	0.182482954545455		1
000208:	0.497870454545455	0.323693181818182	0.030500568181818	0.147935795454545		1
000209:	0.187055681818182	0.696546022727273	0.021584090909091	0.094814204545455		1
000210:	0.602940340909091	0.286181250000000	0.035993750000000	0.074884659090909		1
000211:	0.737704545454545	0.173529545454545	0.018719886363636	0.070046022727273		1
000212:	0.114200000000000	0.327809659090909	0.026050568181818	0.531939772727273		1
000213:	0.145030681818182	0.681997727272727	0.014053977272727	0.158917613636364		1
000214:	0.290083522727273	0.056211931818182	0.018400568181818	0.635303977272727		1
000215:	0.551625000000000	0.074944318181818	0.090673863636364	0.282756818181818		1
000216:	0.111760795454545	0.694607954545455	0.014064772727273	0.179566477272727		1
000217:	0.225979545454545	0.169197159090909	0.044305681818182	0.560517613636364		1
000218:	0.416982386363636	0.232027272727273	0.017982386363636	0.333007954545455		1
000219:	0.137940909090909	0.181730113636364	0.013374431818182	0.666954545454545		1
000220:	0.157261363636364	0.382052272727273	0.011985227272727	0.448701136363636		1
000221:	0.386903409090909	0.355462500000000	0.015523295454545	0.242110795454545		1
000222:	0.032235795454545	0.907003409090909	0.009430113636364	0.051330681818182		1
000223:	0.426136363636364	0.274331250000000	0.148794886363636	0.150737500000000		1
000224:	0.869123295454545	0.039838636363636	0.063902272727273	0.027135795454545		1
000225:	0.925471022727273	0.023511931818182	0.033056250000000	0.017960795454545		1
000226:	0.735981818181818	0.102342613636364	0.021858522727273	0.139817045454545		1
000227:	0.860656250000000	0.029390340909091	0.059073295454545	0.050880113636364		1
000228:	0.028657954545455	0.017484090909091	0.815471590909091	0.138386363636364		1
000229:	0.861381250000000	0.016028977272727	0.043634659090909	0.078955113636364		1
000230:	0.033102840909091	0.041002272727273	0.024667613636364	0.901227272727273		1
000231:	0.849916477272727	0.033423863636364	0.045885795454545	0.070773863636364		1
000232:	0.184539204545455	0.237681818181818	0.068436931818182	0.509342045454545		1
000233:	0.889632386363636	0.015515909090909	0.027480113636364	0.067371590909091		1
000234:	0.652590909090909	0.018531250000000	0.267545454545455	0.061332386363636		1
000235:	0.142445454545455	0.052058522727273	0.780232386363636	0.025263636363636		1
000236:	0.231933522727273	0.289644318181818	0.098157954545455	0.380264204545455		1
000237:	0.638813636363636	0.023280681818182	0.283152272727273	0.054753409090909		1
000238:	0.571719318181818	0.000888068181818	0.426459659090909	0.000932954545455		1
000239:	0.748608522727273	0.062794886363636	0.044881818181818	0.143714772727273		1
000240:	0.095278977272727	0.021448295454545	0.033676704545455	0.849596022727273		1
000241:	0.659127840909091	0.167993181818182	0.056862500000000	0.116016477272727		1
000242:	0.801069886363636	0.021707386363636	0.129943750000000	0.047278977272727		1
000243:	0.099328409090909	0.026921590909091	0.336489772727273	0.537260227272727		1
000244:	0.493623295454545	0.057351704545455	0.030973295454545	0.418051704545455		1
000245:	0.647794318181818	0.017880113636364	0.023551704545455	0.310773863636364		1
000246:	0.741165340909091	0.018173863636364	0.183353409090909	0.057307386363636		1
000247:	0.668135795454545	0.035936363636364	0.069256818181818	0.226671022727273		1
000248:	0.635042613636364	0.031232954545455	0.024106250000000	0.309618181818182		1
000249:	0.161589772727273	0.022276136363636	0.569478977272727	0.246655113636364		1
000250:	0.825972159090909	0.019543181818182	0.129772727272727	0.024711931818182		1
000251:	0.742093750000000	0.026053977272727	0.092681250000000	0.139171022727273		1
000252:	0.216080113636364	0.154652272727273	0.069260795454545	0.560006818181818		1
000253:	0.101466477272727	0.049515340909091	0.569708522727273	0.279309659090909		1
000254:	0.181081818181818	0.065634659090909	0.199212500000000	0.554071022727273		1
000255:	0.727321022727273	0.043917613636364	0.092878977272727	0.135882386363636		1
000256:	0.919938068181818	0.022753977272727	0.013100568181818	0.044207386363636		1
000257:	0.046458522727273	0.582225568181818	0.030911931818182	0.340403977272727		1
000258:	0.864160227272727	0.029713636363636	0.018185795454545	0.087940340909091		1
000259:	0.047943181818182	0.917648863636364	0.016872727272727	0.017535227272727		1
000260:	0.132561363636364	0.037126136363636	0.309625000000000	0.520687500000000		1
000261:	0.230024431818182	0.147998863636364	0.312718750000000	0.309257954545455		1
000262:	0.078251704545455	0.496753977272727	0.102502272727273	0.322492045454545		1
000263:	0.752984090909091	0.090727272727273	0.015664204545455	0.140624431818182		1
000264:	0.117305113636364	0.793773295454545	0.013664772727273	0.075256818181818		1
000265:	0.514005113636364	0.160198295454545	0.038557386363636	0.287239204545455		1
000266:	0.847025568181818	0.051927840909091	0.064594318181818	0.036452272727273		1
000267:	0.532298295454545	0.019773295454545	0.235255113636364	0.212673295454545		1
000268:	0.460332386363636	0.125528409090909	0.030051704545455	0.384087500000000		1
000269:	0.522825568181818	0.044344886363636	0.403261931818182	0.029567613636364		1
000270:	0.038202840909091	0.928985795454545	0.009196590909091	0.023614772727273		1
000271:	0.069692045454545	0.100160795454545	0.680216477272727	0.149930681818182		1
000272:	0.200771590909091	0.144489772727273	0.228584659090909	0.426153977272727		1
000273:	0.505263636363636	0.278058522727273	0.166373295454545	0.050304545454545		1
000274:	0.424893750000000	0.083067045454545	0.238692045454545	0.253347159090909		1
000275:	0.891867045454545	0.045398295454545	0.033150000000000	0.029584659090909		1
000276:	0.037460795454545	0.856746590909091	0.027522159090909	0.078270454545455		1
000277:	0.358961363636364	0.070330113636364	0.514806250000000	0.055902272727273		1
000278:	0.866973863636364	0.024422727272727	0.024835795454545	0.083767613636364		1
000279:	0.241586931818182	0.013048295454545	0.717471022727273	0.027893750000000		1
000280:	0.457484659090909	0.136460795454545	0.040139204545455	0.365915340909091		1
000281:	0.077160227272727	0.468482386363636	0.414947727272727	0.039409659090909		1
000282:	0.624400000000000	0.137096022727273	0.132668181818182	0.105835795454545		1
000283:	0.032348863636364	0.903622159090909	0.011121590909091	0.052907386363636		1
000284:	0.288664204545455	0.083276704545455	0.369356250000000	0.258702840909091		1
000285:	0.681429545454545	0.022555681818182	0.242500000000000	0.053514772727273		1
000286:	0.533990909090909	0.250690340909091	0.174702272727273	0.040616477272727		1
000287:	0.567746022727273	0.183042045454545	0.210796590909091	0.038415340909091		1
000288:	0.438075000000000	0.232381250000000	0.140453409090909	0.189090340909091		1
000289:	0.484989204545455	0.180156250000000	0.032790909090909	0.302063636363636		1
000290:	0.058688068181818	0.149717045454545	0.018550568181818	0.773044318181818		1
000291:	0.842295454545455	0.089068750000000	0.024168181818182	0.044467613636364		1
000292:	0.191801704545455	0.052948863636364	0.035743750000000	0.719505681818182		1
000293:	0.753840340909091	0.061528409090909	0.013168181818182	0.171463068181818		1
000294:	0.822559659090909	0.083725568181818	0.019397159090909	0.074317613636364		1
000295:	0.903048863636364	0.025367613636364	0.012116477272727	0.059467045454545		1
000296:	0.227880681818182	0.618198863636364	0.018646022727273	0.135274431818182		1
000297:	0.632338068181818	0.221338636363636	0.021388636363636	0.124934659090909		1
000298:	0.379690909090909	0.057215340909091	0.543762500000000	0.019331250000000		1
000299:	0.837761931818182	0.049839772727273	0.034467613636364	0.077930681818182		1
000300:	0.468725568181818	0.320666477272727	0.118731250000000	0.091876704545455		1
000301:	0.891625568181818	0.038357386363636	0.011240909090909	0.058776136363636		1
000302:	0.028659090909091	0.925718181818182	0.010813068181818	0.034809659090909		1
000303:	0.022890340909091	0.928566477272727	0.015889204545455	0.032653977272727		1
000304:	0.349630113636364	0.019473295454545	0.016403409090909	0.614493181818182		1
000305:	0.048012500000000	0.102082386363636	0.018582386363636	0.831322727272727		1
000306:	0.081572159090909	0.800584659090909	0.043781818181818	0.074061363636364		1
000307:	0.044130113636364	0.085739772727273	0.014664772727273	0.855465340909091		1
000308:	0.376872159090909	0.101872159090909	0.017736931818182	0.503518750000000		1
000309:	0.711029545454545	0.091243181818182	0.084395454545455	0.113331818181818		1
000310:	0.053540909090909	0.917098863636364	0.010032954545455	0.019327272727273		1
000311:	0.338370454545455	0.148852272727273	0.055095454545455	0.457681818181818		1
000312:	0.690827272727273	0.043858522727273	0.195448863636364	0.069865340909091		1
000313:	0.396182386363636	0.049933522727273	0.453603409090909	0.100280681818182		1
000314:	0.417952272727273	0.066949431818182	0.397968181818182	0.117130113636364		1
000315:	0.626868181818182	0.027219318181818	0.239622159090909	0.106290340909091		1
000316:	0.865538636363636	0.030705681818182	0.023807386363636	0.079948295454545		1
000317:	0.680639204545455	0.016715340909091	0.110180113636364	0.192465340909091		1
000318:	0.189896590909091	0.171720454545455	0.012635227272727	0.625747727272727		1
000319:	0.053098863636364	0.907332386363636	0.009723863636364	0.029844886363636		1
000320:	0.200111931818182	0.536686363636364	0.065841477272727	0.197360227272727		1
000321:	0.229134090909091	0.105194886363636	0.014977840909091	0.650693181818182		1
000322:	0.036776704545455	0.258790909090909	0.015676136363636	0.688756250000000		1
000323:	0.331548295454545	0.120465909090909	0.381990340909091	0.165995454545455		1
000324:	0.090886363636364	0.153965909090909	0.017580681818182	0.737567045454545		1
000325:	0.032865340909091	0.857805113636364	0.030871022727273	0.078458522727273		1
000326:	0.557672159090909	0.064196590909091	0.032022727272727	0.346108522727273		1
000327:	0.389125568181818	0.066994886363636	0.018076136363636	0.525803409090909		1
000328:	0.027725568181818	0.024597727272727	0.013093750000000	0.934582954545455		1
000329:	0.505681818181818	0.102825000000000	0.057796022727273	0.333697159090909		1
000330:	0.039725000000000	0.136677840909091	0.020833522727273	0.802763636363636		1
000331:	0.020963636363636	0.037623863636364	0.026532954545455	0.914879545454545		1
000332:	0.041669886363636	0.917611363636364	0.016180113636364	0.024538636363636		1
000333:	0.030732386363636	0.909804545454545	0.026862500000000	0.032600568181818		1
000334:	0.033180113636364	0.914327840909091	0.017372727272727	0.035119318181818		1
000335:	0.684705113636364	0.060735227272727	0.037847159090909	0.216712500000000		1
000336:	0.020078977272727	0.906155113636364	0.012575000000000	0.061190909090909		1
000337:	0.312209090909091	0.216950000000000	0.028063636363636	0.442777272727273		1
000338:	0.770269886363636	0.117493750000000	0.011032386363636	0.101203977272727		1
000339:	0.161247159090909	0.231698295454545	0.015786931818182	0.591267613636364		1
000340:	0.042938068181818	0.895440909090909	0.009211363636364	0.052409659090909		1
000341:	0.650177840909091	0.056717045454545	0.016977840909091	0.276127272727273		1
000342:	0.269757386363636	0.123132954545455	0.022558522727273	0.584551136363636		1
000343:	0.541272727272727	0.189444886363636	0.023765340909091	0.245517045454545		1
000344:	0.101764772727273	0.022865909090909	0.026114772727273	0.849254545454545		1
000345:	0.037093181818182	0.044053977272727	0.010821590909091	0.908031250000000		1
000346:	0.457699431818182	0.046765909090909	0.015603409090909	0.479931250000000		1
000347:	0.162627272727273	0.033211931818182	0.014260795454545	0.789900000000000		1
000348:	0.100001704545455	0.146275568181818	0.018677840909091	0.735044886363636		1
000349:	0.068089772727273	0.171130113636364	0.032658522727273	0.728121590909091		1
000350:	0.081892045454545	0.053723295454545	0.013677272727273	0.850707386363636		1
000351:	0.061642045454545	0.022478977272727	0.013547727272727	0.902331250000000		1
000352:	0.338175000000000	0.172289772727273	0.035286363636364	0.454248863636364		1
000353:	0.028521022727273	0.934616477272727	0.007128409090909	0.029734090909091		1
000354:	0.037694318181818	0.891344886363636	0.009403409090909	0.061557386363636		1
000355:	0.076173863636364	0.244665340909091	0.037744318181818	0.641416477272727		1
000356:	0.273333522727273	0.341003409090909	0.288433522727273	0.097229545454545		1
000357:	0.630684659090909	0.026117045454545	0.254501136363636	0.088697159090909		1
000358:	0.692123863636364	0.084704545454545	0.090984090909091	0.132187500000000		1
000359:	0.412990340909091	0.070728977272727	0.294794318181818	0.221486363636364		1
000360:	0.758960795454545	0.116295454545455	0.020026704545455	0.104717045454545		1
000361:	0.187803977272727	0.048635795454545	0.688785227272727	0.074775000000000		1
000362:	0.067375000000000	0.113894886363636	0.032884090909091	0.785846022727273		1
000363:	0.952054545454545	0.017742613636364	0.010026704545455	0.020176136363636		1
000364:	0.631341477272727	0.024443181818182	0.135910795454545	0.208304545454545		1
000365:	0.735794318181818	0.058315340909091	0.019952272727273	0.185938068181818		1
000366:	0.325545454545455	0.032192613636364	0.575375568181818	0.066886363636364		1
000367:	0.879396022727273	0.022327840909091	0.063633522727273	0.034642613636364		1
000368:	0.771182386363636	0.030181818181818	0.164057954545455	0.034577840909091		1
000369:	0.698490909090909	0.128123863636364	0.064217045454545	0.109168181818182		1
000370:	0.252896022727273	0.574618750000000	0.034179545454545	0.138305681818182		1
000371:	0.574988068181818	0.042615340909091	0.019778977272727	0.362617613636364		1
000372:	0.940632954545455	0.020472727272727	0.015372159090909	0.023522159090909		1
000373:	0.636123295454545	0.070549431818182	0.164160795454545	0.129166477272727		1
000374:	0.886697727272727	0.040739772727273	0.015872727272727	0.056689772727273		1
000375:	0.062844318181818	0.734521590909091	0.022076704545455	0.180557386363636		1
000376:	0.813531818181818	0.093301704545455	0.051389772727273	0.041776704545455		1
000377:	0.029797159090909	0.881315340909091	0.011741477272727	0.077146022727273		1
000378:	0.445932386363636	0.040256250000000	0.484135227272727	0.029676136363636		1
000379:	0.617123863636364	0.010559659090909	0.362186931818182	0.010129545454545		1
000380:	0.738953977272727	0.075496590909091	0.157697159090909	0.027852272727273		1
000381:	0.179842613636364	0.014413636363636	0.793265340909091	0.012478409090909		1
000382:	0.863576704545455	0.057630113636364	0.050539772727273	0.028253409090909		1
000383:	0.791948295454545	0.070307954545455	0.051109090909091	0.086634659090909		1
000384:	0.873556250000000	0.021340909090909	0.071203977272727	0.033898863636364		1
000385:	0.655742045454546	0.019173863636364	0.054359090909091	0.270725000000000		1
000386:	0.324801136363636	0.035314772727273	0.611855113636364	0.028028977272727		1
000387:	0.877073295454545	0.048467045454545	0.047126136363636	0.027333522727273		1
000388:	0.171932386363636	0.108842045454545	0.476969886363636	0.242255681818182		1
000389:	0.843898863636364	0.014730113636364	0.031677272727273	0.109693750000000		1
000390:	0.102240340909091	0.144280681818182	0.027838636363636	0.725640340909091		1
000391:	0.881528409090909	0.019002272727273	0.048050568181818	0.051418750000000		1
000392:	0.241919318181818	0.042419318181818	0.641390909090909	0.074270454545455		1
000393:	0.729074431818182	0.053175568181818	0.169308522727273	0.048441477272727		1
000394:	0.926918750000000	0.031290340909091	0.019268181818182	0.022522727272727		1
000395:	0.911813068181818	0.040649431818182	0.017543181818182	0.029994318181818		1
000396:	0.751838636363636	0.023714204545455	0.060158522727273	0.164288636363636		1
000397:	0.954921590909091	0.013301704545455	0.011572159090909	0.020204545454545		1
000398:	0.828669886363636	0.040458522727273	0.078825568181818	0.052046022727273		1
000399:	0.031036363636364	0.073452840909091	0.863584090909091	0.031926704545455		1
000400:	0.851835227272727	0.022271022727273	0.064546590909091	0.061347159090909		1
000401:	0.840268181818182	0.033821022727273	0.084990909090909	0.040919886363636		1
000402:	0.912123295454545	0.039247727272727	0.018948295454545	0.029680681818182		1
000403:	0.629225000000000	0.057914772727273	0.150521022727273	0.162339204545455		1
000404:	0.490017045454545	0.024669318181818	0.163928409090909	0.321385227272727		1
000405:	0.933088068181818	0.033236931818182	0.015705681818182	0.017969318181818		1
000406:	0.860295454545455	0.071495454545455	0.010919886363636	0.057289204545455		1
000407:	0.899881818181818	0.028265340909091	0.017302840909091	0.054550000000000		1
000408:	0.203257954545455	0.034591477272727	0.323492613636364	0.438657954545455		1
000409:	0.044913068181818	0.926467045454546	0.008880681818182	0.019739204545455		1
000410:	0.058769318181818	0.906496590909091	0.009389772727273	0.025344318181818		1
000411:	0.072272159090909	0.857026704545455	0.012439772727273	0.058261363636364		1
000412:	0.449836931818182	0.038084659090909	0.458216477272727	0.053861931818182		1
000413:	0.858977272727273	0.021386363636364	0.034847159090909	0.084789204545455		1
000414:	0.188632954545455	0.085238068181818	0.693555113636364	0.032573863636364		1
000415:	0.031940909090909	0.108085227272727	0.625406250000000	0.234567613636364		1
000416:	0.044204545454545	0.025235227272727	0.904871590909091	0.025688636363636		1
000417:	0.375897159090909	0.064794886363636	0.221006250000000	0.338301704545455		1
000418:	0.453900568181818	0.057174431818182	0.344486363636364	0.144438636363636		1
000419:	0.046944886363636	0.020510227272727	0.860326704545455	0.072218181818182		1
000420:	0.121017613636364	0.060863068181818	0.013802840909091	0.804316477272727		1
000421:	0.538587500000000	0.152288636363636	0.269683522727273	0.039440340909091		1
000422:	0.506880113636364	0.217693181818182	0.122709090909091	0.152717613636364		1
000423:	0.074448295454545	0.139188068181818	0.019673295454545	0.766690340909091		1
000424:	0.121912500000000	0.017271590909091	0.821760227272727	0.039055681818182		1
000425:	0.157369886363636	0.070968750000000	0.698668750000000	0.072992613636364		1
000426:	0.023970454545455	0.033382386363636	0.285770454545455	0.656876704545455		1
000427:	0.694602272727273	0.099129545454545	0.080061363636364	0.126206818181818		1
000428:	0.816947727272727	0.061304545454545	0.040859659090909	0.080888068181818		1
000429:	0.446380681818182	0.061348863636364	0.077997727272727	0.414272727272727		1
000430:	0.432194886363636	0.048474431818182	0.226485227272727	0.292845454545455		1
000431:	0.723406250000000	0.045717613636364	0.133600000000000	0.097276136363636		1
000432:	0.506975000000000	0.075988636363636	0.229378409090909	0.187657954545455		1
000433:	0.150431818181818	0.176076136363636	0.159305681818182	0.514186363636364		1
000434:	0.610399431818182	0.044536363636364	0.091303977272727	0.253760227272727		1
000435:	0.447731250000000	0.235860795454545	0.071872159090909	0.244535795454545		1
000436:	0.101162500000000	0.085965340909091	0.322123863636364	0.490748295454545		1
000437:	0.148381250000000	0.025346022727273	0.543804545454545	0.282468181818182		1
000438:	0.461117613636364	0.078782954545455	0.225563636363636	0.234535795454545		1
000439:	0.105315340909091	0.070006818181818	0.768734659090909	0.055943181818182		1
000440:	0.188128977272727	0.044400568181818	0.714775000000000	0.052695454545455		1
000441:	0.036482386363636	0.031238068181818	0.905577272727273	0.026702272727273		1
000442:	0.082626704545455	0.045497727272727	0.819581250000000	0.052294318181818		1
000443:	0.034123295454545	0.929757386363636	0.012180113636364	0.023939204545455		1
000444:	0.186252272727273	0.015611363636364	0.448892045454545	0.349244318181818		1
000445:	0.748777840909091	0.031299431818182	0.148497159090909	0.071425568181818		1
000446:	0.296260227272727	0.088963068181818	0.066090909090909	0.548685795454545		1
000447:	0.672680113636364	0.026777272727273	0.204399431818182	0.096143181818182		1
000448:	0.789125568181818	0.044385227272727	0.078989204545455	0.087500000000000		1
000449:	0.847966477272727	0.027725568181818	0.028575000000000	0.095732954545455		1
000450:	0.033273295454545	0.930956250000000	0.011102840909091	0.024667613636364		1
000451:	0.039009659090909	0.922756250000000	0.011205681818182	0.027028409090909		1
000452:	0.049331250000000	0.065522727272727	0.026190909090909	0.858955113636364		1
000453:	0.121498863636364	0.021907954545455	0.819786931818182	0.036806250000000		1
000454:	0.022535795454545	0.942517613636364	0.013209659090909	0.021736931818182		1
000455:	0.309683522727273	0.525830681818182	0.053957386363636	0.110528409090909		1
000456:	0.166866477272727	0.081984659090909	0.009278977272727	0.741869886363636		1
000457:	0.107975568181818	0.066787500000000	0.013639204545455	0.811597727272727		1
000458:	0.608722727272727	0.075865909090909	0.041136931818182	0.274274431818182		1
000459:	0.268520454545455	0.128041477272727	0.014990340909091	0.588447727272727		1
000460:	0.641616477272727	0.166988068181818	0.033254545454545	0.158140909090909		1
000461:	0.725621590909091	0.172808522727273	0.026856818181818	0.074713068181818		1
000462:	0.234898863636364	0.230750568181818	0.018079545454545	0.516271022727273		1
000463:	0.110173295454545	0.065494318181818	0.019418181818182	0.804914204545455		1
000464:	0.105657386363636	0.065714772727273	0.094222727272727	0.734405113636364		1
000465:	0.532597727272727	0.066761363636364	0.028387500000000	0.372253409090909		1
000466:	0.663040909090909	0.199469886363636	0.016635227272727	0.120853977272727		1
000467:	0.523638068181818	0.177233522727273	0.017759659090909	0.281368750000000		1
000468:	0.658252840909091	0.136743750000000	0.013469318181818	0.191534090909091		1
000469:	0.836174431818182	0.015332954545455	0.092041477272727	0.056451136363636		1
000470:	0.620709090909091	0.086102272727273	0.175325000000000	0.117863636363636		1
000471:	0.806553409090909	0.058080681818182	0.096798295454545	0.038567613636364		1
000472:	0.109342045454545	0.155778409090909	0.049889772727273	0.684989772727273		1
000473:	0.126361363636364	0.063852840909091	0.035143181818182	0.774642613636364		1
000474:	0.419339204545455	0.389284659090909	0.140385227272727	0.050990909090909		1
