Estimated Clustering Probabilities for Samples
Sample	***Cluster  01***	***Cluster  02***	***Cluster  03***	***Cluster  04***	
000001:	0.651276136363636	0.177906818181818	0.013913068181818	0.156903977272727		1
000002:	0.874330681818182	0.044488636363636	0.008446022727273	0.072734659090909		1
000003:	0.873977272727273	0.037537500000000	0.017206818181818	0.071278409090909		1
000004:	0.005305113636364	0.001159659090909	0.084330681818182	0.909204545454545		1
000005:	0.865382954545455	0.095630113636364	0.006595454545455	0.032391477272727		1
000006:	0.850970454545455	0.075798863636364	0.019835227272727	0.053395454545455		1
000007:	0.813812500000000	0.029389772727273	0.007803977272727	0.148993750000000		1
000008:	0.938525568181818	0.026675568181818	0.006329545454545	0.028469318181818		1
000009:	0.879079545454545	0.072784090909091	0.008402272727273	0.039734090909091		1
000010:	0.841173863636364	0.093826136363636	0.014160795454545	0.050839204545455		1
000011:	0.533520454545454	0.247867045454545	0.090998295454545	0.127614204545455		1
000012:	0.217052272727273	0.514784659090909	0.244065909090909	0.024097159090909		1
000013:	0.158300568181818	0.370546590909091	0.446023863636364	0.025128977272727		1
000014:	0.683634659090909	0.092576136363636	0.191843181818182	0.031946022727273		1
000015:	0.804548863636364	0.131681818181818	0.040623863636364	0.023145454545455		1
000016:	0.801976136363636	0.089214204545455	0.056600568181818	0.052209090909091		1
000017:	0.375732954545455	0.516679545454545	0.037357954545455	0.070229545454545		1
000018:	0.118822159090909	0.536614204545454	0.323433522727273	0.021130113636364		1
000019:	0.505778409090909	0.280440340909091	0.180490909090909	0.033290340909091		1
000020:	0.528438636363636	0.375450568181818	0.053126136363636	0.042984659090909		1
000021:	0.067682954545455	0.796212500000000	0.048615340909091	0.087489204545455		1
000022:	0.287806818181818	0.645276704545454	0.046092613636364	0.020823863636364		1
000023:	0.236133522727273	0.394833522727273	0.271702272727273	0.097330681818182		1
000024:	0.419219318181818	0.306119318181818	0.213997727272727	0.060663636363636		1
000025:	0.182368750000000	0.284013636363636	0.503637500000000	0.029980113636364		1
000026:	0.133883522727273	0.750485227272727	0.082514204545455	0.033117045454545		1
000027:	0.082099431818182	0.787005113636364	0.112601704545455	0.018293750000000		1
000028:	0.394847727272727	0.344884659090909	0.058225000000000	0.202042613636364		1
000029:	0.345986363636364	0.520342045454545	0.079189204545455	0.054482386363636		1
000030:	0.449802840909091	0.223273863636364	0.210880681818182	0.116042613636364		1
000031:	0.073704545454545	0.717735227272727	0.184360795454545	0.024199431818182		1
000032:	0.095185795454545	0.792518181818182	0.065269886363636	0.047026136363636		1
000033:	0.217343181818182	0.609130113636364	0.073207386363636	0.100319318181818		1
000034:	0.722522159090909	0.160364204545455	0.060019318181818	0.057094318181818		1
000035:	0.100965340909091	0.593356818181818	0.164648295454545	0.141029545454545		1
000036:	0.363080113636364	0.513417045454545	0.039723295454545	0.083779545454545		1
000037:	0.136351704545455	0.786768750000000	0.052925568181818	0.023953977272727		1
000038:	0.254609090909091	0.163222159090909	0.360242613636364	0.221926136363636		1
000039:	0.157785227272727	0.681571022727273	0.133769318181818	0.026874431818182		1
000040:	0.635918181818182	0.155164204545455	0.145556818181818	0.063360795454545		1
000041:	0.269638636363636	0.616288068181818	0.074699431818182	0.039373863636364		1
000042:	0.125504545454545	0.457053977272727	0.379948863636364	0.037492613636364		1
000043:	0.575867613636364	0.245089772727273	0.152567613636364	0.026475000000000		1
000044:	0.332871022727273	0.569473295454546	0.060882386363636	0.036773295454545		1
000045:	0.098531250000000	0.801102840909091	0.080834659090909	0.019531250000000		1
000046:	0.183395454545455	0.529253977272727	0.148565909090909	0.138784659090909		1
000047:	0.396931818181818	0.352665909090909	0.114375000000000	0.136027272727273		1
000048:	0.861308522727273	0.069107954545455	0.029307954545455	0.040275568181818		1
000049:	0.684681818181818	0.222106250000000	0.058632386363636	0.034579545454545		1
000050:	0.504726704545455	0.342486363636364	0.079157954545455	0.073628977272727		1
000051:	0.848227840909091	0.067606250000000	0.040025000000000	0.044140909090909		1
000052:	0.875664204545455	0.061515340909091	0.034268750000000	0.028551704545455		1
000053:	0.474647159090909	0.326977272727273	0.151469318181818	0.046906250000000		1
000054:	0.243480113636364	0.207392613636364	0.489079545454545	0.060047727272727		1
000055:	0.846615909090909	0.100606250000000	0.025043750000000	0.027734090909091		1
000056:	0.574562500000000	0.333455113636364	0.051685795454545	0.040296590909091		1
000057:	0.434706818181818	0.478501704545455	0.038446590909091	0.048344886363636		1
000058:	0.451403977272727	0.307192045454545	0.191502272727273	0.049901704545455		1
000059:	0.179419886363636	0.723128977272727	0.055536363636364	0.041914772727273		1
000060:	0.714321022727273	0.221177840909091	0.027836931818182	0.036664204545455		1
000061:	0.651435795454545	0.279620454545455	0.040884090909091	0.028059659090909		1
000062:	0.871106250000000	0.059868181818182	0.032506818181818	0.036518750000000		1
000063:	0.849120454545455	0.052702272727273	0.048751704545455	0.049425568181818		1
000064:	0.815735795454545	0.042280681818182	0.027631818181818	0.114351704545455		1
000065:	0.783129545454545	0.130648295454545	0.041622159090909	0.044600000000000		1
000066:	0.287966477272727	0.634199431818182	0.018685795454545	0.059148295454545		1
000067:	0.887742045454545	0.044535227272727	0.024064772727273	0.043657954545455		1
000068:	0.224577272727273	0.683502272727273	0.050575000000000	0.041345454545455		1
000069:	0.314670454545455	0.621038636363636	0.025825000000000	0.038465909090909		1
000070:	0.530659090909091	0.230563068181818	0.152518181818182	0.086259659090909		1
000071:	0.144088636363636	0.767299431818182	0.038839204545455	0.049772727272727		1
000072:	0.690182386363636	0.223633522727273	0.031953409090909	0.054230681818182		1
000073:	0.782782386363636	0.126854545454545	0.048928409090909	0.041434659090909		1
000074:	0.207028977272727	0.439973863636364	0.315326704545455	0.037670454545455		1
000075:	0.406694318181818	0.345123863636364	0.183405113636364	0.064776704545455		1
000076:	0.133100000000000	0.251536363636364	0.136847159090909	0.478516477272727		1
000077:	0.306342045454545	0.274609659090909	0.185146590909091	0.233901704545455		1
000078:	0.736081818181818	0.156954545454545	0.027955113636364	0.079008522727273		1
000079:	0.246838068181818	0.556315909090909	0.116244318181818	0.080601704545455		1
000080:	0.177028409090909	0.500071022727273	0.219815909090909	0.103084659090909		1
000081:	0.698243181818182	0.244716477272727	0.017276704545455	0.039763636363636		1
000082:	0.664607386363636	0.242304545454545	0.025551136363636	0.067536931818182		1
000083:	0.377686931818182	0.481167045454545	0.043252272727273	0.097893750000000		1
000084:	0.426380681818182	0.094793750000000	0.332969318181818	0.145856250000000		1
000085:	0.258962500000000	0.597598295454545	0.053782954545455	0.089656250000000		1
000086:	0.545523295454545	0.264656250000000	0.089692613636364	0.100127840909091		1
000087:	0.277121590909091	0.665607954545455	0.033669886363636	0.023600568181818		1
000088:	0.119880681818182	0.809669318181818	0.036389772727273	0.034060227272727		1
000089:	0.145978409090909	0.734703977272727	0.040333522727273	0.078984090909091		1
000090:	0.203407386363636	0.543118181818182	0.210173295454545	0.043301136363636		1
000091:	0.094433522727273	0.278935227272727	0.354534090909091	0.272097159090909		1
000092:	0.458973863636364	0.388245454545455	0.097797159090909	0.054983522727273		1
000093:	0.352098863636364	0.427932386363636	0.137203977272727	0.082764772727273		1
000094:	0.280661931818182	0.491633522727273	0.137040340909091	0.090664204545455		1
000095:	0.811797159090909	0.099081250000000	0.036191477272727	0.052930113636364		1
000096:	0.843315340909091	0.078573863636364	0.037604545454545	0.040506250000000		1
000097:	0.172107954545455	0.755991477272727	0.048643181818182	0.023257386363636		1
000098:	0.276406250000000	0.656564772727273	0.031089204545455	0.035939772727273		1
000099:	0.483840340909091	0.357992613636364	0.090916477272727	0.067250568181818		1
000100:	0.855081818181818	0.083923863636364	0.034247727272727	0.026746590909091		1
000101:	0.187557386363636	0.777274431818182	0.018512500000000	0.016655681818182		1
000102:	0.412593181818182	0.472011363636364	0.069392045454545	0.046003409090909		1
000103:	0.388081250000000	0.241543750000000	0.268100568181818	0.102274431818182		1
000104:	0.857299431818182	0.086141477272727	0.028701136363636	0.027857954545455		1
000105:	0.197989772727273	0.730525568181818	0.047206818181818	0.024277840909091		1
000106:	0.170364204545455	0.739509090909091	0.044156818181818	0.045969886363636		1
000107:	0.632560795454545	0.299004545454545	0.040672159090909	0.027762500000000		1
000108:	0.636677840909091	0.206219886363636	0.118363636363636	0.038738636363636		1
000109:	0.266276704545455	0.575827272727273	0.086564204545455	0.071331818181818		1
000110:	0.111321022727273	0.069080681818182	0.729508522727273	0.090089772727273		1
000111:	0.629185227272727	0.194742613636364	0.043794318181818	0.132277840909091		1
000112:	0.199206818181818	0.651788068181818	0.099931818181818	0.049073295454545		1
000113:	0.653202840909091	0.263775000000000	0.037481818181818	0.045540340909091		1
000114:	0.183178409090909	0.446897727272727	0.092393750000000	0.277530113636364		1
000115:	0.472178409090909	0.377311931818182	0.086606250000000	0.063903409090909		1
000116:	0.767638068181818	0.132500568181818	0.056921590909091	0.042939772727273		1
000117:	0.313148295454545	0.600218181818182	0.030592613636364	0.056040909090909		1
000118:	0.814546590909091	0.085746590909091	0.034218181818182	0.065488636363636		1
000119:	0.252723295454545	0.627122727272727	0.091796022727273	0.028357954545455		1
000120:	0.812981818181818	0.123441477272727	0.031828409090909	0.031748295454545		1
000121:	0.374297159090909	0.337107386363636	0.213150568181818	0.075444886363636		1
000122:	0.246129545454545	0.702008522727273	0.027876136363636	0.023985795454545		1
000123:	0.623381818181818	0.154547727272727	0.113303977272727	0.108766477272727		1
000124:	0.249523863636364	0.475150568181818	0.125488636363636	0.149836931818182		1
000125:	0.707237500000000	0.072257386363636	0.035421590909091	0.185083522727273		1
000126:	0.115369318181818	0.058288636363636	0.025382954545455	0.800959090909091		1
000127:	0.595314772727273	0.267664772727273	0.089613068181818	0.047407386363636		1
000128:	0.748851704545455	0.156269886363636	0.055764772727273	0.039113636363636		1
000129:	0.110393181818182	0.777898863636364	0.083136363636364	0.028571590909091		1
000130:	0.777697727272727	0.078071590909091	0.074880681818182	0.069350000000000		1
000131:	0.371381818181818	0.542457954545455	0.044510227272727	0.041650000000000		1
000132:	0.781056818181818	0.159955681818182	0.030304545454545	0.028682954545455		1
000133:	0.262469318181818	0.264361363636364	0.232339772727273	0.240829545454545		1
000134:	0.360045454545455	0.305464204545455	0.254342045454545	0.080148295454545		1
000135:	0.124665340909091	0.728547727272727	0.112855113636364	0.033931818181818		1
000136:	0.705617045454545	0.193357386363636	0.057175568181818	0.043850000000000		1
000137:	0.171434090909091	0.568986931818182	0.213770454545455	0.045808522727273		1
000138:	0.424127840909091	0.269407386363636	0.104961363636364	0.201503409090909		1
000139:	0.445425568181818	0.370282386363636	0.095378977272727	0.088913068181818		1
000140:	0.114019318181818	0.322533522727273	0.535785227272727	0.027661931818182		1
000141:	0.731910795454545	0.110398863636364	0.072268750000000	0.085421590909091		1
000142:	0.196797727272727	0.733444318181818	0.046241477272727	0.023516477272727		1
000143:	0.500009659090909	0.419272159090909	0.042585795454545	0.038132386363636		1
000144:	0.547744318181818	0.376734659090909	0.029289772727273	0.046231250000000		1
000145:	0.729802840909091	0.097013636363636	0.112242613636364	0.060940909090909		1
000146:	0.424348295454545	0.426609090909091	0.101805113636364	0.047237500000000		1
000147:	0.745986931818182	0.174286363636364	0.039136931818182	0.040589772727273		1
000148:	0.795311931818182	0.120739772727273	0.040773295454545	0.043175000000000		1
000149:	0.458221022727273	0.424467045454545	0.057003409090909	0.060308522727273		1
000150:	0.127263636363636	0.720683522727273	0.124848863636364	0.027203977272727		1
000151:	0.713215340909091	0.168291477272727	0.058465909090909	0.060027272727273		1
000152:	0.530946590909091	0.199739772727273	0.192937500000000	0.076376136363636		1
000153:	0.261644886363636	0.673627840909091	0.039897159090909	0.024830113636364		1
000154:	0.893682386363636	0.052421022727273	0.026202840909091	0.027693750000000		1
000155:	0.674526704545454	0.195338068181818	0.104811363636364	0.025323863636364		1
000156:	0.444692045454545	0.487753409090909	0.033403409090909	0.034151136363636		1
000157:	0.867528409090909	0.038589204545455	0.014642045454545	0.079240340909091		1
000158:	0.519493181818182	0.113894886363636	0.018327272727273	0.348284659090909		1
000159:	0.286868181818182	0.216181818181818	0.140521022727273	0.356428977272727		1
000160:	0.162234659090909	0.015453409090909	0.009624431818182	0.812687500000000		1
000161:	0.574675568181818	0.052294886363636	0.025280681818182	0.347748863636364		1
000162:	0.165310795454545	0.408706250000000	0.078912500000000	0.347070454545455		1
000163:	0.914711931818182	0.041024431818182	0.008994886363636	0.035268750000000		1
000164:	0.867109090909091	0.017922727272727	0.011911363636364	0.103056818181818		1
000165:	0.889517045454545	0.021859659090909	0.020189204545455	0.068434090909091		1
000166:	0.903201136363636	0.040744886363636	0.010167045454545	0.045886931818182		1
000167:	0.790118181818182	0.081282954545455	0.023088636363636	0.105510227272727		1
000168:	0.659933522727273	0.234236931818182	0.063527272727273	0.042302272727273		1
000169:	0.342292613636364	0.573342045454545	0.037148295454545	0.047217045454545		1
000170:	0.865216477272727	0.075721022727273	0.037553409090909	0.021509090909091		1
000171:	0.781514772727273	0.133331250000000	0.040673863636364	0.044480113636364		1
000172:	0.608785795454545	0.219688636363636	0.094723295454545	0.076802272727273		1
000173:	0.561859090909091	0.396622159090909	0.019082954545455	0.022435795454545		1
000174:	0.242519318181818	0.667517613636364	0.064267045454545	0.025696022727273		1
000175:	0.779083522727273	0.092989772727273	0.109180113636364	0.018746590909091		1
000176:	0.446965340909091	0.456803409090909	0.029809659090909	0.066421590909091		1
000177:	0.385622727272727	0.559824431818182	0.041372159090909	0.013180681818182		1
000178:	0.641726136363636	0.286919886363636	0.049281818181818	0.022072159090909		1
000179:	0.768257954545455	0.148648295454545	0.056789772727273	0.026303977272727		1
000180:	0.753702840909091	0.104459659090909	0.052370454545455	0.089467045454545		1
000181:	0.806932386363636	0.080300568181818	0.032984659090909	0.079782386363636		1
000182:	0.239089772727273	0.251787500000000	0.463963636363636	0.045159090909091		1
000183:	0.859636363636364	0.080626704545455	0.036531818181818	0.023205113636364		1
000184:	0.521501136363636	0.298267613636364	0.129903409090909	0.050327840909091		1
000185:	0.245744318181818	0.469661931818182	0.218871022727273	0.065722727272727		1
000186:	0.692597727272727	0.113117613636364	0.130126136363636	0.064158522727273		1
000187:	0.760565340909091	0.096967045454545	0.090714204545455	0.051753409090909		1
000188:	0.705064772727273	0.100832954545455	0.052893750000000	0.141208522727273		1
000189:	0.759440340909091	0.193363636363636	0.020703977272727	0.026492045454545		1
000190:	0.663955681818182	0.232601136363636	0.057364204545455	0.046078977272727		1
000191:	0.508831818181818	0.446881818181818	0.021398295454545	0.022888068181818		1
000192:	0.194394886363636	0.690455681818182	0.035288636363636	0.079860795454545		1
000193:	0.435146022727273	0.465618750000000	0.060819886363636	0.038415340909091		1
000194:	0.567161931818182	0.206287500000000	0.192249431818182	0.034301136363636		1
000195:	0.203849431818182	0.749851704545455	0.024302272727273	0.021996590909091		1
000196:	0.680742613636364	0.049621022727273	0.021951704545455	0.247684659090909		1
000197:	0.765242613636364	0.158236363636364	0.014440340909091	0.062080681818182		1
000198:	0.347134659090909	0.450351136363636	0.051696590909091	0.150817613636364		1
000199:	0.877996590909091	0.025223295454545	0.020862500000000	0.075917613636364		1
000200:	0.802531818181818	0.047541477272727	0.015107954545455	0.134818750000000		1
000201:	0.883156250000000	0.033590909090909	0.023498863636364	0.059753977272727		1
000202:	0.400488636363636	0.418600568181818	0.121111931818182	0.059798863636364		1
000203:	0.842305681818182	0.090536931818182	0.038716477272727	0.028440909090909		1
000204:	0.816042613636364	0.073586363636364	0.039023863636364	0.071347159090909		1
000205:	0.747027272727273	0.135033522727273	0.060721022727273	0.057218181818182		1
000206:	0.596906818181818	0.101207386363636	0.263530681818182	0.038355113636364		1
000207:	0.207467613636364	0.644513068181818	0.035856818181818	0.112162500000000		1
000208:	0.784653977272727	0.162223863636364	0.033050568181818	0.020071590909091		1
000209:	0.799080681818182	0.098921590909091	0.032114204545455	0.069883522727273		1
000210:	0.763985227272727	0.153235795454545	0.038652272727273	0.044126704545455		1
000211:	0.794626136363636	0.107293181818182	0.036344318181818	0.061736363636364		1
000212:	0.665890909090909	0.062292045454545	0.025181818181818	0.246635227272727		1
000213:	0.880603409090909	0.040014204545455	0.016957954545455	0.062424431818182		1
000214:	0.745832386363636	0.090399431818182	0.027382954545455	0.136385227272727		1
000215:	0.537336931818182	0.147677272727273	0.090486931818182	0.224498863636364		1
000216:	0.769283522727273	0.080014772727273	0.023336363636364	0.127365340909091		1
000217:	0.702475000000000	0.044875000000000	0.041189204545455	0.211460795454545		1
000218:	0.853128409090909	0.039306250000000	0.016609659090909	0.090955681818182		1
000219:	0.768713068181818	0.023963636363636	0.012997727272727	0.194325568181818		1
000220:	0.882878409090909	0.017822727272727	0.011495454545455	0.087803409090909		1
000221:	0.903973863636364	0.021624431818182	0.016384090909091	0.058017613636364		1
000222:	0.867041477272727	0.024347727272727	0.017534659090909	0.091076136363636		1
000223:	0.606911363636364	0.124192613636364	0.152435795454545	0.116460227272727		1
000224:	0.092792613636364	0.525559090909091	0.302844886363636	0.078803409090909		1
000225:	0.106797159090909	0.635869886363636	0.199870454545455	0.057462500000000		1
000226:	0.132897727272727	0.450165340909091	0.123526136363636	0.293410795454545		1
000227:	0.082936363636364	0.552917613636364	0.215588636363636	0.148557386363636		1
000228:	0.046363636363636	0.053339204545455	0.687783522727273	0.212513636363636		1
000229:	0.237453977272727	0.238549431818182	0.369056250000000	0.154940340909091		1
000230:	0.068056250000000	0.030598295454545	0.059755113636364	0.841590340909091		1
000231:	0.121368181818182	0.557064204545455	0.113393750000000	0.208173863636364		1
000232:	0.399879545454545	0.063027840909091	0.238047727272727	0.299044886363636		1
000233:	0.052833522727273	0.608744318181818	0.200434090909091	0.137988068181818		1
000234:	0.045364772727273	0.451210795454545	0.415861363636364	0.087563068181818		1
000235:	0.044651704545455	0.065226704545455	0.856021022727273	0.034100568181818		1
000236:	0.076901136363636	0.085412500000000	0.523067045454545	0.314619318181818		1
000237:	0.059807954545455	0.389293750000000	0.485514204545455	0.065384090909091		1
000238:	0.669227840909091	0.092536931818182	0.145800568181818	0.092434659090909		1
000239:	0.114886931818182	0.208976136363636	0.446795454545455	0.229341477272727		1
000240:	0.036315340909091	0.064749431818182	0.066238636363636	0.832696590909091		1
000241:	0.156963068181818	0.543573863636364	0.137959659090909	0.161503409090909		1
000242:	0.061752272727273	0.707533522727273	0.163555681818182	0.067158522727273		1
000243:	0.034921590909091	0.099026704545455	0.349091477272727	0.516960227272727		1
000244:	0.242924431818182	0.170146022727273	0.170446590909091	0.416482954545455		1
000245:	0.072567613636364	0.364631818181818	0.153617045454545	0.409183522727273		1
000246:	0.077956818181818	0.362111363636364	0.454319886363636	0.105611931818182		1
000247:	0.125061363636364	0.285320454545455	0.355634090909091	0.233984090909091		1
000248:	0.121605113636364	0.101917613636364	0.143624431818182	0.632852840909091		1
000249:	0.044440340909091	0.142392613636364	0.558270454545455	0.254896590909091		1
000250:	0.051153977272727	0.478100568181818	0.409044886363636	0.061700568181818		1
000251:	0.058617613636364	0.447911363636364	0.270558522727273	0.222912500000000		1
000252:	0.169906250000000	0.083286363636364	0.323328977272727	0.423478409090909		1
000253:	0.059409090909091	0.061557954545455	0.701463068181818	0.177569886363636		1
000254:	0.107909659090909	0.043164772727273	0.544169886363636	0.304755681818182		1
000255:	0.133435227272727	0.059025000000000	0.656898863636364	0.150640909090909		1
000256:	0.228567045454545	0.344982954545455	0.176138636363636	0.250311363636364		1
000257:	0.544605113636364	0.036570454545455	0.176686363636364	0.242138068181818		1
000258:	0.549246590909091	0.268164772727273	0.076171590909091	0.106417045454545		1
000259:	0.592225000000000	0.137360227272727	0.189089204545455	0.081325568181818		1
000260:	0.080442045454545	0.141857954545455	0.271955113636364	0.505744886363636		1
000261:	0.125390909090909	0.099654545454545	0.503840909090909	0.271113636363636		1
000262:	0.175305113636364	0.080064204545455	0.404975000000000	0.339655681818182		1
000263:	0.567993750000000	0.215086931818182	0.062092613636364	0.154826704545455		1
000264:	0.545571590909091	0.060869886363636	0.199117613636364	0.194440909090909		1
000265:	0.783897727272727	0.037152272727273	0.098240340909091	0.080709659090909		1
000266:	0.219728977272727	0.133723295454545	0.559866477272727	0.086681250000000		1
000267:	0.073112500000000	0.147748863636364	0.583832954545455	0.195305681818182		1
000268:	0.667159659090909	0.073873295454545	0.131611363636364	0.127355681818182		1
000269:	0.099855113636364	0.301021022727273	0.559973295454545	0.039150568181818		1
000270:	0.795283522727273	0.053326136363636	0.065517613636364	0.085872727272727		1
000271:	0.055192045454545	0.028643181818182	0.789389772727273	0.126775000000000		1
000272:	0.124935227272727	0.087390340909091	0.429365340909091	0.358309090909091		1
000273:	0.189732954545455	0.168247159090909	0.525522159090909	0.116497727272727		1
000274:	0.087688636363636	0.072357386363636	0.640464772727273	0.199489204545455		1
000275:	0.212528977272727	0.451897159090909	0.191077840909091	0.144496022727273		1
000276:	0.421898863636364	0.055433522727273	0.363936363636364	0.158731250000000		1
000277:	0.064767045454545	0.067409090909091	0.813905113636364	0.053918750000000		1
000278:	0.296549431818182	0.360961931818182	0.189619886363636	0.152868750000000		1
000279:	0.086972159090909	0.165617045454545	0.703573863636364	0.043836931818182		1
000280:	0.223159659090909	0.135241477272727	0.207001136363636	0.434597727272727		1
000281:	0.096681818181818	0.036687500000000	0.816101704545454	0.050528977272727		1
000282:	0.145609090909091	0.387018750000000	0.242755681818182	0.224616477272727		1
000283:	0.922105681818182	0.074489772727273	0.002084090909091	0.001320454545455		1
000284:	0.097168750000000	0.049860227272727	0.690217613636364	0.162753409090909		1
000285:	0.104631250000000	0.303406818181818	0.450238068181818	0.141723863636364		1
000286:	0.114677272727273	0.146211931818182	0.665977840909091	0.073132954545455		1
000287:	0.088499431818182	0.230826704545455	0.600814204545455	0.079859659090909		1
000288:	0.219555113636364	0.138600568181818	0.391064772727273	0.250779545454545		1
000289:	0.793928409090909	0.067327840909091	0.038740340909091	0.100003409090909		1
000290:	0.390319886363636	0.037396590909091	0.052873295454545	0.519410227272727		1
000291:	0.813973863636364	0.134280113636364	0.023151136363636	0.028594886363636		1
000292:	0.608840340909091	0.047180681818182	0.028598863636364	0.315380113636364		1
000293:	0.848237500000000	0.086679545454545	0.012187500000000	0.052895454545455		1
000294:	0.814302272727273	0.122255113636364	0.019010795454545	0.044431818181818		1
000295:	0.432856250000000	0.488650568181818	0.012801136363636	0.065692045454545		1
000296:	0.857669886363636	0.068635227272727	0.024785227272727	0.048909659090909		1
000297:	0.667014772727273	0.152299431818182	0.044943181818182	0.135742613636364		1
000298:	0.140886931818182	0.511147727272727	0.305370454545455	0.042594886363636		1
000299:	0.588873863636364	0.177380681818182	0.129673295454545	0.104072159090909		1
000300:	0.592818181818182	0.057238636363636	0.218315909090909	0.131627272727273		1
000301:	0.784414204545455	0.111245454545455	0.035615909090909	0.068724431818182		1
000302:	0.707011931818182	0.043245454545455	0.049786363636364	0.199956250000000		1
000303:	0.602226704545455	0.078681818181818	0.095028977272727	0.224062500000000		1
000304:	0.755976704545455	0.060028977272727	0.027092613636364	0.156901704545455		1
000305:	0.257427272727273	0.049307954545455	0.031288636363636	0.661976136363636		1
000306:	0.437620454545455	0.098936931818182	0.202636363636364	0.260806250000000		1
000307:	0.340872727272727	0.024207954545455	0.024890340909091	0.610028977272727		1
000308:	0.885756818181818	0.025294886363636	0.019147727272727	0.069800568181818		1
000309:	0.812544886363636	0.055292613636364	0.074849431818182	0.057313068181818		1
000310:	0.847770454545455	0.065282386363636	0.041545454545455	0.045401704545455		1
000311:	0.539420454545455	0.124582954545455	0.089838068181818	0.246158522727273		1
000312:	0.194463068181818	0.216201136363636	0.526255681818182	0.063080113636364		1
000313:	0.188163636363636	0.270915909090909	0.457649431818182	0.083271022727273		1
000314:	0.141614204545455	0.521587500000000	0.220846590909091	0.115951704545455		1
000315:	0.240238068181818	0.310828409090909	0.380174431818182	0.068759090909091		1
000316:	0.604486931818182	0.169311363636364	0.079949431818182	0.146252272727273		1
000317:	0.005006818181818	0.001778977272727	0.209021590909091	0.784192613636364		1
000318:	0.789267613636364	0.046739204545455	0.020193181818182	0.143800000000000		1
000319:	0.861930113636364	0.034781818181818	0.042411363636364	0.060876704545455		1
000320:	0.712659090909091	0.077657954545455	0.079709090909091	0.129973863636364		1
000321:	0.851641477272727	0.031699431818182	0.023671022727273	0.092988068181818		1
000322:	0.372333522727273	0.030519886363636	0.034210795454545	0.562935795454545		1
000323:	0.337415909090909	0.165589204545455	0.370630113636364	0.126364772727273		1
000324:	0.723947159090909	0.031180113636364	0.031941477272727	0.212931250000000		1
000325:	0.433771590909091	0.049667045454545	0.239903977272727	0.276657386363636		1
000326:	0.337574431818182	0.042362500000000	0.104212500000000	0.515850568181818		1
000327:	0.628357954545455	0.054418181818182	0.038435795454545	0.278788068181818		1
000328:	0.120597159090909	0.015802840909091	0.032367045454545	0.831232954545455		1
000329:	0.618339772727273	0.076465909090909	0.094248863636364	0.210945454545455		1
000330:	0.234164204545455	0.027563068181818	0.062581250000000	0.675691477272727		1
000331:	0.182932386363636	0.018919886363636	0.089080113636364	0.709067613636364		1
000332:	0.812032386363636	0.057595454545455	0.026678409090909	0.103693750000000		1
000333:	0.749567045454545	0.040118750000000	0.111574431818182	0.098739772727273		1
000334:	0.795200000000000	0.039819318181818	0.070602272727273	0.094378409090909		1
000335:	0.728452840909091	0.091259659090909	0.055827272727273	0.124460227272727		1
000336:	0.699344318181818	0.025509659090909	0.029576136363636	0.245569886363636		1
000337:	0.470955113636364	0.027841477272727	0.151569886363636	0.349633522727273		1
000338:	0.864175000000000	0.033971590909091	0.017685227272727	0.084168181818182		1
000339:	0.661250568181818	0.028314772727273	0.025551136363636	0.284883522727273		1
000340:	0.894259090909091	0.025434090909091	0.019882386363636	0.060424431818182		1
000341:	0.854376704545455	0.043153409090909	0.023331818181818	0.079138068181818		1
000342:	0.598921590909091	0.018552272727273	0.016295454545455	0.366230681818182		1
000343:	0.881559659090909	0.022324431818182	0.025847727272727	0.070268181818182		1
000344:	0.143648863636364	0.028671590909091	0.035214204545455	0.792465340909091		1
000345:	0.172097159090909	0.012687500000000	0.012133522727273	0.803081818181818		1
000346:	0.658649431818182	0.062708522727273	0.023782954545455	0.254859090909091		1
000347:	0.693758522727273	0.027756250000000	0.029277272727273	0.249207954545455		1
000348:	0.653682954545455	0.057601704545455	0.019651136363636	0.269064204545455		1
000349:	0.490093750000000	0.077868181818182	0.040867613636364	0.391170454545455		1
000350:	0.575728409090909	0.038677272727273	0.027544886363636	0.358049431818182		1
000351:	0.341434659090909	0.038650000000000	0.024217613636364	0.595697727272727		1
000352:	0.877647159090909	0.044716477272727	0.022300568181818	0.055335795454545		1
000353:	0.922028977272727	0.027121590909091	0.016650000000000	0.034199431818182		1
000354:	0.904171590909091	0.032446590909091	0.015734090909091	0.047647727272727		1
000355:	0.719102272727273	0.031298863636364	0.039744318181818	0.209854545454545		1
000356:	0.304834090909091	0.108175568181818	0.467753977272727	0.119236363636364		1
000357:	0.096256818181818	0.545539772727273	0.225250568181818	0.132952840909091		1
000358:	0.209620454545455	0.556490340909091	0.079324431818182	0.154564772727273		1
000359:	0.187771590909091	0.160218181818182	0.412901704545455	0.239108522727273		1
000360:	0.620813068181818	0.205377272727273	0.056519886363636	0.117289772727273		1
000361:	0.091014772727273	0.469864204545455	0.334494886363636	0.104626136363636		1
000362:	0.294115340909091	0.055611363636364	0.076207954545455	0.574065340909091		1
000363:	0.371250000000000	0.539157954545455	0.040119318181818	0.049472727272727		1
000364:	0.182554545454545	0.225228977272727	0.398051704545455	0.194164772727273		1
000365:	0.316444318181818	0.286197159090909	0.083123863636364	0.314234659090909		1
000366:	0.206969886363636	0.344027272727273	0.382193181818182	0.066809659090909		1
000367:	0.180557386363636	0.469531818181818	0.274197727272727	0.075713068181818		1
000368:	0.135192045454545	0.583492613636364	0.232193181818182	0.049122159090909		1
000369:	0.398083522727273	0.315128409090909	0.160372159090909	0.126415909090909		1
000370:	0.719889772727273	0.074516477272727	0.113447727272727	0.092146022727273		1
000371:	0.584694886363636	0.131647727272727	0.040521590909091	0.243135795454545		1
000372:	0.311663636363636	0.583453977272727	0.048922727272727	0.055959659090909		1
000373:	0.303631250000000	0.258832386363636	0.261234659090909	0.176301704545455		1
000374:	0.445709659090909	0.448381250000000	0.041697727272727	0.064211363636364		1
000375:	0.677474431818182	0.042540909090909	0.054263636363636	0.225721022727273		1
000376:	0.328064204545455	0.479113068181818	0.123947727272727	0.068875000000000		1
000377:	0.639803409090909	0.047507386363636	0.046240909090909	0.266448295454545		1
000378:	0.084246590909091	0.527711363636364	0.355709090909091	0.032332954545455		1
000379:	0.076268750000000	0.612608522727273	0.278654545454545	0.032468181818182		1
000380:	0.207390909090909	0.488114772727273	0.247166477272727	0.057327840909091		1
000381:	0.070673295454545	0.351811363636364	0.530402840909091	0.047112500000000		1
000382:	0.243113636363636	0.550428977272727	0.133646022727273	0.072811363636364		1
000383:	0.363502272727273	0.286957386363636	0.237681818181818	0.111858522727273		1
000384:	0.246032386363636	0.470662500000000	0.209081818181818	0.074223295454545		1
000385:	0.154163636363636	0.344814772727273	0.080106250000000	0.420915340909091		1
000386:	0.102260227272727	0.144531250000000	0.717532386363636	0.035676136363636		1
000387:	0.309068750000000	0.520638068181818	0.103347727272727	0.066945454545455		1
000388:	0.239213636363636	0.097738068181818	0.470257386363636	0.192790909090909		1
000389:	0.221356818181818	0.494290340909091	0.070089204545455	0.214263636363636		1
000390:	0.385694886363636	0.035889204545455	0.086568750000000	0.491847159090909		1
000391:	0.188240909090909	0.562536931818182	0.140040340909091	0.109181818181818		1
000392:	0.073207954545455	0.377115909090909	0.414306250000000	0.135369886363636		1
000393:	0.185592045454545	0.593747727272727	0.163336363636364	0.057323863636364		1
000394:	0.165180681818182	0.752950000000000	0.037181818181818	0.044687500000000		1
000395:	0.416778977272727	0.477266477272727	0.055931818181818	0.050022727272727		1
000396:	0.170676704545455	0.534754545454545	0.070359659090909	0.224209090909091		1
000397:	0.188901704545455	0.708815340909091	0.038178409090909	0.064104545454545		1
000398:	0.353292613636364	0.258344886363636	0.249107386363636	0.139255113636364		1
000399:	0.051742045454545	0.068113636363636	0.842282386363636	0.037861931818182		1
000400:	0.234400000000000	0.387387500000000	0.291675000000000	0.086537500000000		1
000401:	0.126128977272727	0.651786363636364	0.179424431818182	0.042660227272727		1
000402:	0.259032386363636	0.635045454545455	0.067017045454545	0.038905113636364		1
000403:	0.401843181818182	0.233877272727273	0.283825568181818	0.080453977272727		1
000404:	0.185061931818182	0.327577840909091	0.287560795454545	0.199799431818182		1
000405:	0.195778977272727	0.690023295454545	0.082682386363636	0.031515340909091		1
000406:	0.624021590909091	0.280873295454545	0.036409090909091	0.058696022727273		1
000407:	0.476702272727273	0.418367045454545	0.053984090909091	0.050946590909091		1
000408:	0.120776136363636	0.195336931818182	0.424612500000000	0.259274431818182		1
000409:	0.765982954545455	0.062969318181818	0.086410795454545	0.084636931818182		1
000410:	0.762910795454545	0.067046590909091	0.104998863636364	0.065043750000000		1
000411:	0.783881818181818	0.048238636363636	0.075226136363636	0.092653409090909		1
000412:	0.101084659090909	0.304719886363636	0.529618750000000	0.064576704545455		1
000413:	0.326181250000000	0.435861931818182	0.117263636363636	0.120693181818182		1
000414:	0.126512500000000	0.164744886363636	0.670251136363636	0.038491477272727		1
000415:	0.044756250000000	0.041700568181818	0.567429545454545	0.346113636363636		1
000416:	0.042558522727273	0.326417045454545	0.580229545454545	0.050794886363636		1
000417:	0.220789204545455	0.071625000000000	0.640822727272727	0.066763068181818		1
000418:	0.159869886363636	0.162960795454545	0.635894318181818	0.041275000000000		1
000419:	0.036003409090909	0.097555113636364	0.809093181818182	0.057348295454545		1
000420:	0.510594886363636	0.056986363636364	0.054130113636364	0.378288636363636		1
000421:	0.192672727272727	0.327436363636364	0.441135227272727	0.038755681818182		1
000422:	0.196384090909091	0.257180681818182	0.389692045454545	0.156743181818182		1
000423:	0.292948863636364	0.059127840909091	0.087408522727273	0.560514772727273		1
000424:	0.038547159090909	0.187047727272727	0.748435795454545	0.025969318181818		1
000425:	0.067543750000000	0.202414772727273	0.680697727272727	0.049343750000000		1
000426:	0.047059659090909	0.061759090909091	0.379871590909091	0.511309659090909		1
000427:	0.474396022727273	0.366653409090909	0.085501136363636	0.073449431818182		1
000428:	0.340588068181818	0.412878409090909	0.197651704545455	0.048881818181818		1
000429:	0.423254545454545	0.281747159090909	0.131243181818182	0.163755113636364		1
000430:	0.093882954545455	0.434136931818182	0.181532954545455	0.290447159090909		1
000431:	0.100628409090909	0.722874431818182	0.109605681818182	0.066891477272727		1
000432:	0.164292045454545	0.356296590909091	0.342477272727273	0.136934090909091		1
000433:	0.264827840909091	0.132410795454545	0.347752272727273	0.255009090909091		1
000434:	0.152605113636364	0.542490909090909	0.140983522727273	0.163920454545455		1
000435:	0.345788636363636	0.294474431818182	0.157851136363636	0.201885795454545		1
000436:	0.060651136363636	0.096784090909091	0.591498295454545	0.251066477272727		1
000437:	0.056780681818182	0.307993181818182	0.495264204545455	0.139961931818182		1
000438:	0.116834090909091	0.256542613636364	0.508472159090909	0.118151136363636		1
000439:	0.033918750000000	0.094638636363636	0.841009659090909	0.030432954545455		1
000440:	0.053315909090909	0.300810227272727	0.614688636363636	0.031185227272727		1
000441:	0.029069886363636	0.070053409090909	0.874417613636364	0.026459090909091		1
000442:	0.052924431818182	0.059268181818182	0.859238068181818	0.028569318181818		1
000443:	0.731663636363636	0.093354545454545	0.123704545454545	0.051277272727273		1
000444:	0.038215340909091	0.311510795454545	0.368698295454545	0.281575568181818		1
000445:	0.164807954545455	0.280300000000000	0.491662500000000	0.063229545454545		1
000446:	0.293043181818182	0.216025568181818	0.192623863636364	0.298307386363636		1
000447:	0.118192613636364	0.425696590909091	0.384581250000000	0.071529545454545		1
000448:	0.294005113636364	0.146699431818182	0.478721590909091	0.080573863636364		1
000449:	0.224959090909091	0.541071022727273	0.101588068181818	0.132381818181818		1
000450:	0.646513068181818	0.193901136363636	0.099555681818182	0.060030113636364		1
000451:	0.709259090909091	0.140453409090909	0.064182386363636	0.086105113636364		1
000452:	0.076147727272727	0.076350000000000	0.128305681818182	0.719196590909091		1
000453:	0.049627840909091	0.406728977272727	0.486891477272727	0.056751704545455		1
000454:	0.514243181818182	0.077467613636364	0.257600000000000	0.150689204545455		1
000455:	0.661428977272727	0.151010795454545	0.028745454545455	0.158814772727273		1
000456:	0.904683522727273	0.027251136363636	0.011172727272727	0.056892613636364		1
000457:	0.875231250000000	0.027618750000000	0.013553409090909	0.083596590909091		1
000458:	0.761321022727273	0.087200000000000	0.045298863636364	0.106180113636364		1
000459:	0.869105681818182	0.033860227272727	0.011561931818182	0.085472159090909		1
000460:	0.912048863636364	0.036100568181818	0.014919318181818	0.036931250000000		1
000461:	0.825865340909091	0.094065909090909	0.023497727272727	0.056571022727273		1
000462:	0.727068181818182	0.078793181818182	0.023026704545455	0.171111931818182		1
000463:	0.512440909090909	0.070527840909091	0.032659659090909	0.384371590909091		1
000464:	0.580765340909091	0.046105681818182	0.117414772727273	0.255714204545455		1
000465:	0.789735227272727	0.059805681818182	0.032722727272727	0.117736363636364		1
000466:	0.890206250000000	0.040861363636364	0.015121590909091	0.053810795454545		1
000467:	0.887689772727273	0.031047159090909	0.016712500000000	0.064550568181818		1
000468:	0.879347727272727	0.064292045454545	0.016088068181818	0.040272159090909		1
000469:	0.197081818181818	0.477318181818182	0.246986931818182	0.078613068181818		1
000470:	0.134338636363636	0.592980681818182	0.164903409090909	0.107777272727273		1
000471:	0.162880681818182	0.691822159090909	0.110365340909091	0.034931818181818		1
000472:	0.221243181818182	0.063278977272727	0.126782954545455	0.588694886363636		1
000473:	0.420538068181818	0.073201136363636	0.058212500000000	0.448048295454545		1
000474:	0.232235227272727	0.434066477272727	0.270096590909091	0.063601704545455		1
