Estimated Clustering Probabilities for Samples
Sample	***Cluster  01***	***Cluster  02***	***Cluster  03***	***Cluster  04***	***Cluster  05***	***Cluster  06***	***Cluster  07***	***Cluster  08***	
000001:	0.032154545454545	0.001389204545455	0.005755681818182	0.001961363636364	0.021505681818182	0.512332954545455	0.421080681818182	0.003819886363636		1
000002:	0.036100568181818	0.004915340909091	0.015419318181818	0.012223295454545	0.835997159090909	0.039198863636364	0.029538068181818	0.026607386363636		1
000003:	0.070817613636364	0.014819886363636	0.171032386363636	0.073444886363636	0.327494886363636	0.183468750000000	0.118775000000000	0.040146590909091		1
000004:	0.108813068181818	0.011677272727273	0.044928977272727	0.017735795454545	0.669904545454545	0.087708522727273	0.021275000000000	0.037956818181818		1
000005:	0.026419318181818	0.010178409090909	0.035181250000000	0.024097727272727	0.736596590909091	0.119218181818182	0.019559659090909	0.028748863636364		1
000006:	0.152847727272727	0.099218181818182	0.041341477272727	0.014160795454545	0.594996590909091	0.025794886363636	0.020618750000000	0.051021590909091		1
000007:	0.022144886363636	0.010176704545455	0.015925568181818	0.031255113636364	0.461471590909091	0.347431818181818	0.091637500000000	0.019956818181818		1
000008:	0.030377840909091	0.008508522727273	0.011884659090909	0.022789772727273	0.752123863636364	0.121200568181818	0.033752840909091	0.019361931818182		1
000009:	0.019548863636364	0.004947727272727	0.004689772727273	0.003439772727273	0.909000000000000	0.039165340909091	0.006182954545455	0.013025568181818		1
000010:	0.097168181818182	0.012188068181818	0.041393181818182	0.020486363636364	0.722555113636364	0.036922159090909	0.037290340909091	0.031996590909091		1
000011:	0.215631250000000	0.059597159090909	0.098598863636364	0.315565340909091	0.111943750000000	0.059081250000000	0.058320454545455	0.081261931818182		1
000012:	0.049465340909091	0.078051704545455	0.399778409090909	0.028432386363636	0.046633522727273	0.136719318181818	0.012417045454545	0.248502272727273		1
000013:	0.145661363636364	0.392906250000000	0.025708522727273	0.043811931818182	0.043781818181818	0.090980681818182	0.023023863636364	0.234125568181818		1
000014:	0.796965340909091	0.042280113636364	0.012372159090909	0.032467045454545	0.044231818181818	0.025622159090909	0.015260227272727	0.030801136363636		1
000015:	0.103597727272727	0.037989772727273	0.046290340909091	0.025101136363636	0.145904545454545	0.521239772727273	0.026303409090909	0.093573295454545		1
000016:	0.799389772727273	0.020121022727273	0.038584659090909	0.027080681818182	0.042089204545455	0.026707386363636	0.009171022727273	0.036856250000000		1
000017:	0.147351136363636	0.036238636363636	0.073107954545455	0.042746590909091	0.060937500000000	0.203303409090909	0.030130113636364	0.406184659090909		1
000018:	0.085313636363636	0.475898295454545	0.025969886363636	0.015907386363636	0.037643181818182	0.168009090909091	0.054082386363636	0.137176136363636		1
000019:	0.009002840909091	0.029165909090909	0.002925568181818	0.712188068181818	0.004719886363636	0.008126136363636	0.007880681818182	0.225990909090909		1
000020:	0.517463068181818	0.030413636363636	0.030677272727273	0.021327840909091	0.078346022727273	0.044277272727273	0.035703409090909	0.241791477272727		1
000021:	0.020726136363636	0.025610227272727	0.025942045454545	0.642667613636364	0.014760795454545	0.017906818181818	0.016689204545455	0.235697159090909		1
000022:	0.069011931818182	0.058252840909091	0.145619318181818	0.027795454545455	0.077668181818182	0.430645454545455	0.016543750000000	0.174463068181818		1
000023:	0.087922727272727	0.064316477272727	0.106952840909091	0.498613636363636	0.025902840909091	0.050449431818182	0.011764204545455	0.154077840909091		1
000024:	0.797042045454545	0.068770454545455	0.015487500000000	0.025288068181818	0.032996022727273	0.013213068181818	0.011897727272727	0.035305113636364		1
000025:	0.094506818181818	0.272095454545455	0.037389772727273	0.184827840909091	0.033218181818182	0.290457954545455	0.018814772727273	0.068689204545455		1
000026:	0.006215909090909	0.017579545454545	0.004638068181818	0.068471022727273	0.010492045454545	0.003559090909091	0.583477272727273	0.305567045454545		1
000027:	0.042467613636364	0.143331818181818	0.027130681818182	0.023060795454545	0.029912500000000	0.058958522727273	0.027339204545455	0.647798863636364		1
000028:	0.101949431818182	0.036082954545455	0.068623295454545	0.211947727272727	0.088957954545455	0.034393181818182	0.068169886363636	0.389875568181818		1
000029:	0.041891477272727	0.094216477272727	0.011735227272727	0.029093181818182	0.668215340909091	0.015206818181818	0.009686363636364	0.129955113636364		1
000030:	0.003430681818182	0.014335795454545	0.127423863636364	0.002920454545455	0.004548295454545	0.001502840909091	0.783840340909091	0.061997727272727		1
000031:	0.003409090909091	0.959060227272727	0.002580113636364	0.001672159090909	0.001764772727273	0.002099431818182	0.001214772727273	0.028199431818182		1
000032:	0.075797727272727	0.064900568181818	0.085811931818182	0.104381818181818	0.035946022727273	0.025670454545455	0.030964204545455	0.576527272727273		1
000033:	0.084403409090909	0.058744886363636	0.221048295454545	0.052634659090909	0.088727840909091	0.139641477272727	0.077659090909091	0.277140340909091		1
000034:	0.884622159090909	0.030956250000000	0.009713636363636	0.013565909090909	0.019252840909091	0.009709090909091	0.007351136363636	0.024828977272727		1
000035:	0.039893750000000	0.115894318181818	0.077751136363636	0.457685227272727	0.043565340909091	0.048870454545455	0.023624431818182	0.192715340909091		1
000036:	0.089859659090909	0.049267045454545	0.064305113636364	0.053359659090909	0.053580113636364	0.067222159090909	0.044734659090909	0.577671590909091		1
000037:	0.050126136363636	0.126547727272727	0.038934090909091	0.016327840909091	0.050610227272727	0.335292045454545	0.016919886363636	0.365242045454545		1
000038:	0.104103977272727	0.127402840909091	0.031115909090909	0.414968181818182	0.055746590909091	0.023553409090909	0.204037500000000	0.039071590909091		1
000039:	0.051653977272727	0.426555113636364	0.080521022727273	0.181613068181818	0.043775568181818	0.129736363636364	0.013765340909091	0.072379545454545		1
000040:	0.681277840909091	0.048438068181818	0.031375000000000	0.021796590909091	0.101234090909091	0.020357386363636	0.045926704545455	0.049594318181818		1
000041:	0.297860227272727	0.105652272727273	0.047011363636364	0.045944886363636	0.097839772727273	0.036906250000000	0.027877840909091	0.340907386363636		1
000042:	0.058114204545455	0.236585795454545	0.048047159090909	0.420336363636364	0.026456250000000	0.039797727272727	0.019631818181818	0.151030681818182		1
000043:	0.051717613636364	0.024630113636364	0.313904545454545	0.014123295454545	0.046909659090909	0.121548295454545	0.092947727272727	0.334218750000000		1
000044:	0.058614204545455	0.056242045454545	0.045775568181818	0.020447159090909	0.108181250000000	0.455859090909091	0.055614772727273	0.199265909090909		1
000045:	0.027709659090909	0.116679545454545	0.060101136363636	0.012623295454545	0.053985227272727	0.025868750000000	0.021838636363636	0.681193750000000		1
000046:	0.093005113636364	0.124969886363636	0.281839204545455	0.068747159090909	0.074948295454545	0.063900000000000	0.134639772727273	0.157950568181818		1
000047:	0.167471590909091	0.075696590909091	0.059753977272727	0.261002840909091	0.133660227272727	0.053975568181818	0.041545454545455	0.206893750000000		1
000048:	0.035331250000000	0.027895454545455	0.372578977272727	0.057027272727273	0.326270454545455	0.104339772727273	0.017265340909091	0.059291477272727		1
000049:	0.042135795454545	0.044300000000000	0.054810227272727	0.050889204545455	0.126140340909091	0.564961363636364	0.032343750000000	0.084419318181818		1
000050:	0.316303409090909	0.038026704545455	0.238092613636364	0.087762500000000	0.101527840909091	0.116263636363636	0.027236931818182	0.074786363636364		1
000051:	0.777528409090909	0.009872159090909	0.011122727272727	0.088252840909091	0.068918750000000	0.012486363636364	0.018001704545455	0.013817045454545		1
000052:	0.603252272727273	0.017028977272727	0.027205681818182	0.050878977272727	0.168747159090909	0.050038068181818	0.035528409090909	0.047320454545455		1
000053:	0.266865340909091	0.009014204545455	0.013124431818182	0.033463068181818	0.023525000000000	0.610267613636364	0.005677840909091	0.038062500000000		1
000054:	0.091926704545455	0.202055113636364	0.186398295454545	0.199867045454545	0.156744318181818	0.054546590909091	0.025477840909091	0.082984090909091		1
000055:	0.152678977272727	0.038956818181818	0.032469318181818	0.018349431818182	0.387890340909091	0.305173863636364	0.023576704545455	0.040904545454545		1
000056:	0.019889772727273	0.020482954545455	0.018321022727273	0.010190909090909	0.023176704545455	0.873097727272727	0.008836931818182	0.026003977272727		1
000057:	0.078173295454545	0.049523295454545	0.062505113636364	0.028212500000000	0.155057954545455	0.368827272727273	0.057558522727273	0.200142045454545		1
000058:	0.036509659090909	0.043758522727273	0.356951136363636	0.028297159090909	0.079510227272727	0.374263636363636	0.030767613636364	0.049942045454545		1
000059:	0.000065340909091	0.000037500000000	0.000211931818182	0.000059090909091	0.000091477272727	0.999317045454545	0.000065909090909	0.000151704545455		1
000060:	0.039856250000000	0.012311931818182	0.047764204545455	0.011956818181818	0.037584090909091	0.704262500000000	0.046450000000000	0.099814204545455		1
000061:	0.052668750000000	0.034243750000000	0.196718181818182	0.031670454545455	0.118561931818182	0.467623863636364	0.018103409090909	0.080409659090909		1
000062:	0.809403977272727	0.010135795454545	0.011544318181818	0.017213636363636	0.057540340909091	0.018230681818182	0.055855681818182	0.020075568181818		1
000063:	0.760565909090909	0.022832954545455	0.019433522727273	0.017190340909091	0.095752840909091	0.032327272727273	0.028555681818182	0.023341477272727		1
000064:	0.554230113636364	0.015726136363636	0.021431818181818	0.021492613636364	0.268673863636364	0.035263636363636	0.057281250000000	0.025900568181818		1
000065:	0.040736931818182	0.028011931818182	0.048131818181818	0.025122727272727	0.149532386363636	0.649128409090909	0.026198295454545	0.033137500000000		1
000066:	0.096342613636364	0.029372727272727	0.224422159090909	0.023384659090909	0.175019318181818	0.166804545454545	0.017407954545455	0.267246022727273		1
000067:	0.801543181818182	0.011210795454545	0.012064772727273	0.012052272727273	0.061223295454545	0.027892613636364	0.053644886363636	0.020368181818182		1
000068:	0.027944886363636	0.026884090909091	0.099056250000000	0.012630681818182	0.040822727272727	0.176166477272727	0.017265340909091	0.599229545454545		1
000069:	0.031762500000000	0.033122159090909	0.031149431818182	0.020115340909091	0.248342613636364	0.406361363636364	0.017760795454545	0.211385795454545		1
000070:	0.312511363636364	0.051198295454545	0.054110227272727	0.088077840909091	0.124960227272727	0.194692045454545	0.052150000000000	0.122300000000000		1
000071:	0.052096590909091	0.088189204545455	0.166881818181818	0.114043181818182	0.070342045454545	0.170932954545455	0.034221590909091	0.303292613636364		1
000072:	0.068731818181818	0.026264772727273	0.066134659090909	0.046014204545455	0.301118181818182	0.361909090909091	0.044244886363636	0.085582386363636		1
000073:	0.054915340909091	0.034527840909091	0.031086931818182	0.015816477272727	0.147929545454545	0.592690909090909	0.025798863636364	0.097234090909091		1
000074:	0.000279545454545	0.000112500000000	0.000021590909091	0.000057386363636	0.999432954545455	0.000010795454545	0.000049431818182	0.000035795454545		1
000075:	0.121229545454545	0.104117613636364	0.040467045454545	0.036890340909091	0.114591477272727	0.406855681818182	0.036123863636364	0.139724431818182		1
000076:	0.031839204545455	0.153672159090909	0.036734659090909	0.080838068181818	0.056454545454545	0.203910227272727	0.319681250000000	0.116869886363636		1
000077:	0.085087500000000	0.133328409090909	0.259668750000000	0.069656818181818	0.100049431818182	0.061103977272727	0.202854545454545	0.088250568181818		1
000078:	0.107079545454545	0.030818750000000	0.087049431818182	0.063758522727273	0.151902272727273	0.407777272727273	0.053146022727273	0.098468181818182		1
000079:	0.005949431818182	0.005586931818182	0.926510227272727	0.009069318181818	0.006528409090909	0.008150000000000	0.004727272727273	0.033478409090909		1
000080:	0.018224431818182	0.099606818181818	0.255753409090909	0.160340340909091	0.047444886363636	0.196547159090909	0.036726136363636	0.185356818181818		1
000081:	0.043638636363636	0.030544318181818	0.039542045454545	0.022171590909091	0.286780113636364	0.439942045454545	0.026518750000000	0.110862500000000		1
000082:	0.043943181818182	0.017409090909091	0.152825000000000	0.022695454545455	0.123234659090909	0.564990340909091	0.033160795454545	0.041741477272727		1
000083:	0.012014204545455	0.021709659090909	0.028092045454545	0.013464204545455	0.037643750000000	0.814099431818182	0.015930113636364	0.057046590909091		1
000084:	0.912132954545455	0.016215909090909	0.006387500000000	0.008217045454545	0.025696590909091	0.010122159090909	0.011397727272727	0.009830113636364		1
000085:	0.119760227272727	0.073298295454545	0.094984659090909	0.039331250000000	0.098523295454545	0.094780681818182	0.041084090909091	0.438237500000000		1
000086:	0.372059090909091	0.113067045454545	0.051065340909091	0.051348863636364	0.165709659090909	0.049662500000000	0.057402840909091	0.139684659090909		1
000087:	0.028563068181818	0.319481818181818	0.015103977272727	0.003607954545455	0.015472159090909	0.596021022727273	0.005886931818182	0.015863068181818		1
000088:	0.024169886363636	0.036538636363636	0.020623295454545	0.027550568181818	0.479938636363636	0.018030681818182	0.018284090909091	0.374864204545455		1
000089:	0.039098295454545	0.033995454545455	0.078227272727273	0.051364772727273	0.047335795454545	0.034820454545455	0.040234090909091	0.674923863636364		1
000090:	0.106172727272727	0.279309659090909	0.050469886363636	0.049011363636364	0.061933522727273	0.235488636363636	0.027221022727273	0.190393181818182		1
000091:	0.044021022727273	0.208278409090909	0.083201136363636	0.397802272727273	0.042263068181818	0.059534090909091	0.089669886363636	0.075230113636364		1
000092:	0.015705113636364	0.009893181818182	0.014096590909091	0.005337500000000	0.019015909090909	0.900551704545455	0.009187500000000	0.026212500000000		1
000093:	0.305286363636364	0.202251136363636	0.050766477272727	0.044474431818182	0.053312500000000	0.206232954545455	0.050545454545455	0.087130681818182		1
000094:	0.006281250000000	0.021932386363636	0.004215340909091	0.939358522727273	0.008854545454545	0.011793750000000	0.004806818181818	0.002757386363636		1
000095:	0.107420454545455	0.033906250000000	0.040472727272727	0.020149431818182	0.175686363636364	0.503076704545455	0.069976136363636	0.049311931818182		1
000096:	0.764440909090909	0.017216477272727	0.015559090909091	0.032490340909091	0.070897727272727	0.055171590909091	0.016664204545455	0.027559659090909		1
000097:	0.062275000000000	0.002369318181818	0.003873295454545	0.000946590909091	0.003128977272727	0.003022159090909	0.810199431818182	0.114185227272727		1
000098:	0.020808522727273	0.031013636363636	0.104915340909091	0.040710795454545	0.042050000000000	0.453998863636364	0.032596022727273	0.273906818181818		1
000099:	0.332148863636364	0.020592613636364	0.011256250000000	0.036517613636364	0.076797727272727	0.047660795454545	0.013533522727273	0.461492613636364		1
000100:	0.561916477272727	0.017904545454545	0.021673295454545	0.022059090909091	0.265929545454545	0.033441477272727	0.005736363636364	0.071339204545455		1
000101:	0.041652272727273	0.013642045454545	0.261131250000000	0.009150000000000	0.046295454545455	0.013880681818182	0.009723295454545	0.604525000000000		1
000102:	0.145181250000000	0.079577840909091	0.168684090909091	0.059864772727273	0.164688068181818	0.166136363636364	0.029952840909091	0.185914772727273		1
000103:	0.050026136363636	0.118750568181818	0.352058522727273	0.054452272727273	0.137384090909091	0.152575568181818	0.039096022727273	0.095656818181818		1
000104:	0.914268750000000	0.003423863636364	0.003676704545455	0.003605113636364	0.015423295454545	0.012907954545455	0.002675568181818	0.044018750000000		1
000105:	0.134646022727273	0.076316477272727	0.030277272727273	0.059158522727273	0.095859090909091	0.188456818181818	0.023053977272727	0.392231818181818		1
000106:	0.042152840909091	0.060885227272727	0.072878977272727	0.036980681818182	0.133218181818182	0.081040909090909	0.043168750000000	0.529674431818182		1
000107:	0.502035227272727	0.036125568181818	0.038837500000000	0.029537500000000	0.161673863636364	0.048221590909091	0.015923295454545	0.167645454545455		1
000108:	0.740104545454545	0.024849431818182	0.009671022727273	0.015214772727273	0.105498863636364	0.017926136363636	0.016865909090909	0.069869318181818		1
000109:	0.051018181818182	0.062098295454545	0.074926136363636	0.092514772727273	0.083873295454545	0.107648863636364	0.026077272727273	0.501843181818182		1
000110:	0.117714772727273	0.468210227272727	0.055957386363636	0.117020454545455	0.073361931818182	0.061909659090909	0.053548863636364	0.052276704545455		1
000111:	0.448123863636364	0.069947727272727	0.030225568181818	0.115838068181818	0.095525568181818	0.103057386363636	0.029435227272727	0.107846590909091		1
000112:	0.246992613636364	0.054943750000000	0.018537500000000	0.061919318181818	0.057621590909091	0.020675568181818	0.019974431818182	0.519335227272727		1
000113:	0.126735795454545	0.033155681818182	0.107524431818182	0.044597159090909	0.128089772727273	0.436606818181818	0.034265909090909	0.089024431818182		1
000114:	0.004776704545455	0.005524431818182	0.844598295454545	0.002542613636364	0.119876704545455	0.004620454545455	0.004736931818182	0.013323863636364		1
000115:	0.112317613636364	0.092999431818182	0.074128409090909	0.048513636363636	0.155104545454545	0.329897159090909	0.028822727272727	0.158216477272727		1
000116:	0.321721022727273	0.082738636363636	0.038084090909091	0.061116477272727	0.305453409090909	0.087328977272727	0.031926136363636	0.071631250000000		1
000117:	0.059357954545455	0.030764204545455	0.075580113636364	0.103142045454545	0.162717613636364	0.115798863636364	0.037676704545455	0.414962500000000		1
000118:	0.200172159090909	0.035299431818182	0.034482386363636	0.074819318181818	0.217083522727273	0.323596590909091	0.044359090909091	0.070187500000000		1
000119:	0.087764204545455	0.056521022727273	0.088736931818182	0.050298295454545	0.068269886363636	0.189370454545455	0.022628409090909	0.436410795454545		1
000120:	0.110913068181818	0.024912500000000	0.018314772727273	0.022867045454545	0.677551136363636	0.061325568181818	0.017383522727273	0.066732386363636		1
000121:	0.000611931818182	0.019492045454545	0.000394318181818	0.006283522727273	0.968232954545455	0.002028977272727	0.001703977272727	0.001252272727273		1
000122:	0.061338068181818	0.037096022727273	0.025548863636364	0.014047727272727	0.062088068181818	0.389110795454545	0.018237500000000	0.392532954545455		1
000123:	0.030378409090909	0.018698863636364	0.076146022727273	0.023249431818182	0.103135227272727	0.697455113636364	0.016418750000000	0.034518181818182		1
000124:	0.036402272727273	0.094366477272727	0.104222727272727	0.250127840909091	0.093009090909091	0.067143181818182	0.136161363636364	0.218567045454545		1
000125:	0.105653977272727	0.047736363636364	0.051755113636364	0.101907386363636	0.472395454545455	0.082323863636364	0.092164204545455	0.046063636363636		1
000126:	0.034443750000000	0.061998863636364	0.042353409090909	0.066422159090909	0.078706250000000	0.022471022727273	0.657849431818182	0.035755113636364		1
000127:	0.170287500000000	0.052127272727273	0.066496590909091	0.033147159090909	0.279751704545455	0.147551704545455	0.035759090909091	0.214878977272727		1
000128:	0.134381250000000	0.044590909090909	0.097888068181818	0.049153977272727	0.336267613636364	0.175500000000000	0.022658522727273	0.139559659090909		1
000129:	0.032564204545455	0.098393750000000	0.039317613636364	0.015917613636364	0.050260795454545	0.269123863636364	0.020292045454545	0.474130113636364		1
000130:	0.087130113636364	0.052817613636364	0.482216477272727	0.027221022727273	0.090580681818182	0.164412500000000	0.041340340909091	0.054281250000000		1
000131:	0.049460795454545	0.036021022727273	0.211853977272727	0.069140340909091	0.110971022727273	0.165634090909091	0.030319318181818	0.326599431818182		1
000132:	0.791679545454545	0.014563068181818	0.011738636363636	0.012535227272727	0.040306818181818	0.026298295454545	0.008270454545455	0.094607954545455		1
000133:	0.061355113636364	0.118697727272727	0.308927840909091	0.109532386363636	0.118424431818182	0.060526136363636	0.102111363636364	0.120425000000000		1
000134:	0.033738068181818	0.044406250000000	0.720828409090909	0.012784090909091	0.084421022727273	0.034453409090909	0.028710227272727	0.040658522727273		1
000135:	0.039925000000000	0.273190909090909	0.094515340909091	0.029449431818182	0.089485227272727	0.090676136363636	0.032401136363636	0.350356818181818		1
000136:	0.102713636363636	0.043183522727273	0.073290340909091	0.428503409090909	0.076028977272727	0.213288636363636	0.023578977272727	0.039412500000000		1
000137:	0.078331250000000	0.201527840909091	0.065198295454545	0.089519318181818	0.069171590909091	0.194197727272727	0.035158522727273	0.266895454545455		1
000138:	0.060785227272727	0.099342613636364	0.248309090909091	0.059659659090909	0.209117613636364	0.134182386363636	0.068825568181818	0.119777840909091		1
000139:	0.764343750000000	0.004093750000000	0.071997159090909	0.006220454545455	0.006226136363636	0.038756250000000	0.078900568181818	0.029461931818182		1
000140:	0.064847727272727	0.662713068181818	0.028767613636364	0.041292045454545	0.037782954545455	0.058239772727273	0.026948863636364	0.079407954545455		1
000141:	0.528501704545455	0.043536931818182	0.024489204545455	0.062351136363636	0.173675568181818	0.042121022727273	0.058485795454545	0.066838636363636		1
000142:	0.099106250000000	0.095818750000000	0.225103409090909	0.018723863636364	0.094638636363636	0.259509659090909	0.022709090909091	0.184390340909091		1
000143:	0.037907386363636	0.017809090909091	0.301577272727273	0.046846590909091	0.075782386363636	0.412177840909091	0.017025000000000	0.090874431818182		1
000144:	0.166647727272727	0.024040340909091	0.024769886363636	0.020317045454545	0.276239204545455	0.114403409090909	0.019012500000000	0.354569886363636		1
000145:	0.707441477272727	0.030596022727273	0.028535795454545	0.025196022727273	0.113286931818182	0.032282954545455	0.033206250000000	0.029454545454545		1
000146:	0.084434090909091	0.138356250000000	0.094228409090909	0.017351136363636	0.148282386363636	0.289697727272727	0.023243181818182	0.204406818181818		1
000147:	0.051563636363636	0.029901704545455	0.024265340909091	0.026740340909091	0.161773863636364	0.587364772727273	0.017153977272727	0.101236363636364		1
000148:	0.035500000000000	0.035369318181818	0.067751704545455	0.021687500000000	0.233587500000000	0.526611931818182	0.026132954545455	0.053359090909091		1
000149:	0.087061363636364	0.049065340909091	0.014340340909091	0.490052272727273	0.128833522727273	0.068692045454545	0.020880113636364	0.141075000000000		1
000150:	0.083951704545455	0.143649431818182	0.162529545454545	0.055144886363636	0.059064204545455	0.041831818181818	0.020677272727273	0.433151136363636		1
000151:	0.251034090909091	0.038980681818182	0.066425568181818	0.051414772727273	0.239686363636364	0.159901704545455	0.022171022727273	0.170385795454545		1
000152:	0.149695454545455	0.072951704545455	0.092478977272727	0.215723295454545	0.206948863636364	0.076776704545455	0.041855681818182	0.143569318181818		1
000153:	0.116653977272727	0.044722727272727	0.041658522727273	0.030075000000000	0.076724431818182	0.060561931818182	0.020343750000000	0.609259659090909		1
000154:	0.261634090909091	0.041941477272727	0.046997159090909	0.059639772727273	0.254138068181818	0.242911363636364	0.038347159090909	0.054390909090909		1
000155:	0.449357954545455	0.121366477272727	0.055510227272727	0.024744318181818	0.102413636363636	0.153808522727273	0.010719318181818	0.082079545454545		1
000156:	0.198830681818182	0.038674431818182	0.044361931818182	0.048148295454545	0.093674431818182	0.036263068181818	0.030890909090909	0.509156250000000		1
000157:	0.708368181818182	0.007823863636364	0.015360227272727	0.030292613636364	0.140969886363636	0.027010795454545	0.036511931818182	0.033662500000000		1
000158:	0.120032954545455	0.016884090909091	0.043793750000000	0.142943181818182	0.208553409090909	0.097268181818182	0.198431818181818	0.172092613636364		1
000159:	0.482058522727273	0.081606250000000	0.018524431818182	0.034931818181818	0.119473295454545	0.039422159090909	0.119707954545455	0.104275568181818		1
000160:	0.043195454545455	0.007505681818182	0.016239772727273	0.058501136363636	0.082577840909091	0.022732954545455	0.753856250000000	0.015390909090909		1
000161:	0.053472159090909	0.013024431818182	0.022266477272727	0.019815909090909	0.584676704545455	0.113438068181818	0.168093750000000	0.025212500000000		1
000162:	0.037115909090909	0.189325000000000	0.048862500000000	0.089286931818182	0.165589772727273	0.075893750000000	0.210531250000000	0.183394886363636		1
000163:	0.047165340909091	0.005660795454545	0.022027272727273	0.019651704545455	0.403735227272727	0.410805113636364	0.032240340909091	0.058714204545455		1
000164:	0.484073863636364	0.013292613636364	0.012760227272727	0.017881250000000	0.362081818181818	0.034430681818182	0.054826704545455	0.020652840909091		1
000165:	0.035755681818182	0.012723295454545	0.042618181818182	0.019502272727273	0.770636931818182	0.055723863636364	0.044671590909091	0.018368181818182		1
000166:	0.040756818181818	0.007390909090909	0.026168181818182	0.010219886363636	0.801196590909091	0.051785795454545	0.043072159090909	0.019409659090909		1
000167:	0.049568750000000	0.017635227272727	0.030640340909091	0.059235795454545	0.647943750000000	0.093092045454545	0.060568181818182	0.041315909090909		1
000168:	0.000084659090909	0.000092045454545	0.003899431818182	0.000069318181818	0.019726136363636	0.000051704545455	0.976015909090909	0.000060795454545		1
000169:	0.043164204545455	0.050498295454545	0.109804545454545	0.036234659090909	0.145207954545455	0.233771022727273	0.020975000000000	0.360344318181818		1
000170:	0.028223863636364	0.024748863636364	0.124092613636364	0.015822727272727	0.264811363636364	0.484186363636364	0.013015340909091	0.045098863636364		1
000171:	0.624314772727273	0.029567045454545	0.047788068181818	0.031271590909091	0.142912500000000	0.067732386363636	0.021196590909091	0.035217045454545		1
000172:	0.051700568181818	0.066277840909091	0.065268181818182	0.048789772727273	0.359335795454545	0.136278409090909	0.056121590909091	0.216227840909091		1
000173:	0.014478409090909	0.327400000000000	0.015347159090909	0.007543750000000	0.037363636363636	0.014503977272727	0.004480681818182	0.578882386363636		1
000174:	0.040181818181818	0.042078977272727	0.039622159090909	0.017392613636364	0.088940909090909	0.657150568181818	0.015950568181818	0.098682386363636		1
000175:	0.879842613636364	0.019114772727273	0.009401136363636	0.008942613636364	0.020210227272727	0.037631250000000	0.003336363636364	0.021521022727273		1
000176:	0.116636363636364	0.026544886363636	0.083471022727273	0.070134090909091	0.086373295454545	0.232990340909091	0.029840909090909	0.354009090909091		1
000177:	0.022393181818182	0.004207386363636	0.058732954545455	0.005505113636364	0.014529545454545	0.008803977272727	0.704069886363636	0.181757954545455		1
000178:	0.112501704545455	0.035194318181818	0.047410795454545	0.022914772727273	0.104856250000000	0.438552272727273	0.010140909090909	0.228428977272727		1
000179:	0.700631818181818	0.018909090909091	0.017434659090909	0.021223863636364	0.102759090909091	0.075144886363636	0.008449431818182	0.055447159090909		1
000180:	0.796246590909091	0.022012500000000	0.021854545454545	0.017903977272727	0.060794318181818	0.018191477272727	0.030467045454545	0.032529545454545		1
000181:	0.724398863636364	0.018482954545455	0.020447159090909	0.017603977272727	0.114532954545455	0.043663636363636	0.015727840909091	0.045142613636364		1
000182:	0.003581250000000	0.162406250000000	0.001582386363636	0.000708522727273	0.007382386363636	0.005436931818182	0.777788068181818	0.041114204545455		1
000183:	0.836765909090909	0.012851136363636	0.015864772727273	0.014953977272727	0.053359090909091	0.033875568181818	0.005660795454545	0.026668750000000		1
000184:	0.072940909090909	0.042405113636364	0.259846590909091	0.223488636363636	0.108915909090909	0.218315909090909	0.015376704545455	0.058710227272727		1
000185:	0.056284659090909	0.209193181818182	0.050068750000000	0.069696590909091	0.078997159090909	0.229525568181818	0.021980113636364	0.284253977272727		1
000186:	0.369382386363636	0.032069886363636	0.027207954545455	0.336921022727273	0.106920454545455	0.035917613636364	0.025810795454545	0.065769886363636		1
000187:	0.854604545454545	0.016376136363636	0.008300000000000	0.009482386363636	0.068710227272727	0.010027272727273	0.005709090909091	0.026790340909091		1
000188:	0.299753409090909	0.032644886363636	0.038811363636364	0.119235795454545	0.249922159090909	0.117078409090909	0.049425000000000	0.093128977272727		1
000189:	0.037771590909091	0.019875568181818	0.037077840909091	0.014256818181818	0.078891477272727	0.611281818181818	0.020506250000000	0.180338636363636		1
000190:	0.050461363636364	0.057600568181818	0.129167613636364	0.029789772727273	0.286740340909091	0.205889772727273	0.043534659090909	0.196815909090909		1
000191:	0.030624431818182	0.027393181818182	0.033869886363636	0.018897727272727	0.305230113636364	0.180214204545455	0.018413636363636	0.385356818181818		1
000192:	0.081484090909091	0.061325568181818	0.109930113636364	0.128609090909091	0.123242613636364	0.055319886363636	0.034164204545455	0.405924431818182		1
000193:	0.019548295454545	0.862736363636364	0.002495454545455	0.001910227272727	0.055100568181818	0.014751704545455	0.001315340909091	0.042142045454545		1
000194:	0.096264772727273	0.126840340909091	0.156772727272727	0.062331250000000	0.156946590909091	0.196457386363636	0.044625000000000	0.159761931818182		1
000195:	0.066770454545455	0.024612500000000	0.064225568181818	0.018389204545455	0.074059090909091	0.037737500000000	0.016013636363636	0.698192045454545		1
000196:	0.117419886363636	0.012765340909091	0.020861363636364	0.176211931818182	0.354662500000000	0.061424431818182	0.210040909090909	0.046613636363636		1
000197:	0.083217613636364	0.008838068181818	0.059438636363636	0.055845454545455	0.639703977272727	0.041656818181818	0.043881818181818	0.067417613636364		1
000198:	0.105813636363636	0.118752840909091	0.029078977272727	0.062431818181818	0.173466477272727	0.129907954545455	0.104325568181818	0.276222727272727		1
000199:	0.040751136363636	0.012217045454545	0.019428409090909	0.013927840909091	0.809435795454545	0.022432386363636	0.060765909090909	0.021041477272727		1
000200:	0.060031250000000	0.026438636363636	0.032590340909091	0.029894318181818	0.632925000000000	0.079759090909091	0.090343750000000	0.048017613636364		1
000201:	0.344484090909091	0.007375000000000	0.052398295454545	0.011725000000000	0.506921590909091	0.040413068181818	0.025873295454545	0.010809659090909		1
000202:	0.152743181818182	0.062690909090909	0.065286363636364	0.077148295454545	0.095867045454545	0.387555681818182	0.029531818181818	0.129176704545455		1
000203:	0.215423863636364	0.288567045454545	0.061323863636364	0.045207954545455	0.189013068181818	0.045388636363636	0.007471590909091	0.147603977272727		1
000204:	0.467610227272727	0.038364204545455	0.036815340909091	0.074069886363636	0.166497159090909	0.133517613636364	0.043548863636364	0.039576704545455		1
000205:	0.163332386363636	0.038946590909091	0.045908522727273	0.021797159090909	0.153168181818182	0.453088068181818	0.041696022727273	0.082063068181818		1
000206:	0.071128409090909	0.175142613636364	0.033358522727273	0.057315340909091	0.074571022727273	0.515087500000000	0.019485227272727	0.053911363636364		1
000207:	0.041077840909091	0.046522727272727	0.175686363636364	0.054969318181818	0.082269886363636	0.066448863636364	0.044453977272727	0.488571022727273		1
000208:	0.502639204545455	0.037557386363636	0.021276136363636	0.014764772727273	0.254561931818182	0.051628409090909	0.016601136363636	0.100971022727273		1
000209:	0.316114772727273	0.029285795454545	0.051411363636364	0.146544886363636	0.217984090909091	0.069670454545455	0.058868181818182	0.110120454545455		1
000210:	0.142402840909091	0.031760227272727	0.032174431818182	0.038251704545455	0.364391477272727	0.125115340909091	0.031514772727273	0.234389204545455		1
000211:	0.057920454545455	0.019524431818182	0.024559090909091	0.017470454545455	0.265870454545455	0.531902840909091	0.039826136363636	0.042926136363636		1
000212:	0.155963636363636	0.017568181818182	0.028038636363636	0.035515909090909	0.642952840909091	0.024607386363636	0.055496022727273	0.039857386363636		1
000213:	0.120538636363636	0.013459090909091	0.017335795454545	0.022945454545455	0.678449431818182	0.045557386363636	0.072219318181818	0.029494886363636		1
000214:	0.065988068181818	0.035669886363636	0.032692613636364	0.061124431818182	0.559838068181818	0.122072727272727	0.061123295454545	0.061490909090909		1
000215:	0.035811931818182	0.085494318181818	0.340701136363636	0.067667045454545	0.234000000000000	0.053321590909091	0.126830113636364	0.056173863636364		1
000216:	0.003090909090909	0.707976136363636	0.003911363636364	0.004052840909091	0.258348295454545	0.009000000000000	0.012059090909091	0.001561363636364		1
000217:	0.019390909090909	0.001776704545455	0.902131818181818	0.003827272727273	0.055979545454545	0.003005113636364	0.005713068181818	0.008175568181818		1
000218:	0.116018181818182	0.012059090909091	0.023601704545455	0.016977272727273	0.673448863636364	0.087023863636364	0.050859090909091	0.020011931818182		1
000219:	0.030481818181818	0.008881250000000	0.024675000000000	0.019319886363636	0.762170454545455	0.018223863636364	0.122910795454545	0.013336931818182		1
000220:	0.222286931818182	0.013682954545455	0.012722159090909	0.011435795454545	0.536543750000000	0.105783522727273	0.078928977272727	0.018615909090909		1
000221:	0.077761931818182	0.010406818181818	0.026783522727273	0.020380113636364	0.639855681818182	0.165471022727273	0.045930681818182	0.013410227272727		1
000222:	0.433871022727273	0.013047159090909	0.013924431818182	0.015430681818182	0.277461363636364	0.165727840909091	0.062840340909091	0.017697159090909		1
000223:	0.242821590909091	0.068338068181818	0.063359659090909	0.094831250000000	0.187121590909091	0.114802272727273	0.151605681818182	0.077119886363636		1
000224:	0.037764204545455	0.034982386363636	0.853001704545455	0.008160795454545	0.016184090909091	0.017111931818182	0.015201136363636	0.017593750000000		1
000225:	0.043070454545455	0.081007954545455	0.382380113636364	0.036178977272727	0.064329545454545	0.181322159090909	0.037521590909091	0.174189204545455		1
000226:	0.014766477272727	0.013410795454545	0.931717045454545	0.006277272727273	0.006015340909091	0.009657386363636	0.013271022727273	0.004884659090909		1
000227:	0.051436363636364	0.093369886363636	0.227988068181818	0.191034659090909	0.056399431818182	0.060294318181818	0.096032954545455	0.223444318181818		1
000228:	0.017690909090909	0.660280681818182	0.009811931818182	0.218111931818182	0.042975568181818	0.007288636363636	0.031483522727273	0.012356818181818		1
000229:	0.035340909090909	0.072962500000000	0.610392613636364	0.033164772727273	0.077578977272727	0.089880113636364	0.043064772727273	0.037615340909091		1
000230:	0.048637500000000	0.036590340909091	0.015446022727273	0.354585227272727	0.031696590909091	0.017661363636364	0.458281250000000	0.037101704545455		1
000231:	0.046853409090909	0.117732386363636	0.375591477272727	0.064340340909091	0.052332386363636	0.072326136363636	0.102582954545455	0.168240909090909		1
000232:	0.236083522727273	0.133235795454545	0.087256250000000	0.139610795454545	0.098473863636364	0.058619318181818	0.186271590909091	0.060448863636364		1
000233:	0.005773863636364	0.030388636363636	0.030997159090909	0.021346590909091	0.005581818181818	0.007858522727273	0.082692045454545	0.815361363636364		1
000234:	0.023608522727273	0.461196590909091	0.131903977272727	0.070207954545455	0.025317613636364	0.058268750000000	0.071844886363636	0.157651704545455		1
000235:	0.028624431818182	0.857688068181818	0.005827272727273	0.018924431818182	0.010065909090909	0.017931818181818	0.025562500000000	0.035375568181818		1
000236:	0.263647727272727	0.108869886363636	0.051427272727273	0.332833522727273	0.044198295454545	0.016457954545455	0.139637500000000	0.042927840909091		1
000237:	0.053734090909091	0.321739772727273	0.196777272727273	0.039505681818182	0.037386931818182	0.151252840909091	0.060648295454545	0.138955113636364		1
000238:	0.337332954545455	0.083467045454545	0.253057386363636	0.035173863636364	0.109377840909091	0.050390340909091	0.057577840909091	0.073622727272727		1
000239:	0.087677272727273	0.259454545454545	0.134697727272727	0.154038636363636	0.092169886363636	0.065942045454545	0.114973863636364	0.091046022727273		1
000240:	0.026001136363636	0.037820454545455	0.029782386363636	0.711946590909091	0.027396590909091	0.017436363636364	0.124113068181818	0.025503409090909		1
000241:	0.219456250000000	0.105251136363636	0.095248295454545	0.137790340909091	0.056755681818182	0.066007386363636	0.111050000000000	0.208440909090909		1
000242:	0.021143181818182	0.098506250000000	0.079222727272727	0.042031818181818	0.018721590909091	0.013248863636364	0.032683522727273	0.694442045454545		1
000243:	0.000453409090909	0.001296590909091	0.000148295454545	0.902137500000000	0.000135227272727	0.000314204545455	0.001215909090909	0.094298863636364		1
000244:	0.058364772727273	0.097900000000000	0.322694886363636	0.080503977272727	0.057598295454545	0.092897159090909	0.218278977272727	0.071761931818182		1
000245:	0.024883522727273	0.044898863636364	0.567517045454545	0.046961363636364	0.028567045454545	0.059732954545455	0.172005113636364	0.055434090909091		1
000246:	0.050838636363636	0.267708522727273	0.122596590909091	0.073490909090909	0.012955681818182	0.108799431818182	0.058870454545455	0.304739772727273		1
000247:	0.062671022727273	0.138955113636364	0.052433522727273	0.382864204545455	0.080044318181818	0.048098863636364	0.110432954545455	0.124500000000000		1
000248:	0.054967045454545	0.035237500000000	0.222272727272727	0.259024431818182	0.021855113636364	0.126969886363636	0.256697159090909	0.022976136363636		1
000249:	0.020314772727273	0.111343750000000	0.579370454545455	0.164498863636364	0.018405681818182	0.022324431818182	0.046584090909091	0.037157954545455		1
000250:	0.022556250000000	0.066196022727273	0.758925000000000	0.016848863636364	0.053586931818182	0.022671022727273	0.032210227272727	0.027005681818182		1
000251:	0.040814772727273	0.105189204545455	0.347565340909091	0.072047727272727	0.028389772727273	0.032780681818182	0.227223295454545	0.145989204545455		1
000252:	0.329065340909091	0.089018181818182	0.024407954545455	0.086452840909091	0.027722727272727	0.069860795454545	0.325271590909091	0.048200568181818		1
000253:	0.094887500000000	0.450877840909091	0.090167613636364	0.118426704545455	0.028751704545455	0.031434659090909	0.135946022727273	0.049507954545455		1
000254:	0.069652272727273	0.144667045454545	0.207188068181818	0.307930113636364	0.035539204545455	0.043383522727273	0.165681250000000	0.025958522727273		1
000255:	0.119965909090909	0.175310227272727	0.509110227272727	0.063513068181818	0.032140909090909	0.028886931818182	0.049584090909091	0.021488636363636		1
