Estimated Clustering Probabilities for Samples
Sample	***Cluster  01***	***Cluster  02***	***Cluster  03***	***Cluster  04***	***Cluster  05***	***Cluster  06***	
000001:	0.227830681818182	0.266382386363636	0.172227840909091	0.040333522727273	0.139369886363636	0.153855681818182		1
000002:	0.408843181818182	0.394452840909091	0.102553409090909	0.020981818181818	0.047797159090909	0.025371590909091		1
000003:	0.633600000000000	0.148931250000000	0.063530113636364	0.030105113636364	0.025294886363636	0.098538636363636		1
000004:	0.161446590909091	0.052330681818182	0.711688636363636	0.022335795454545	0.023715340909091	0.028482954545455		1
000005:	0.713070454545455	0.060242045454545	0.044100000000000	0.016662500000000	0.071906818181818	0.094018181818182		1
000006:	0.087328409090909	0.074403409090909	0.668157386363636	0.073509659090909	0.062630113636364	0.033971022727273		1
000007:	0.431036363636364	0.408989204545455	0.064292613636364	0.026943750000000	0.023784659090909	0.044953409090909		1
000008:	0.690123295454545	0.128546590909091	0.095741477272727	0.034550568181818	0.024877840909091	0.026160227272727		1
000009:	0.003875568181818	0.003582386363636	0.004009659090909	0.003457954545455	0.496206818181818	0.488867613636364		1
000010:	0.698728409090909	0.069528409090909	0.070946022727273	0.036639772727273	0.098739204545455	0.025418181818182		1
000011:	0.334103409090909	0.200347159090909	0.139839772727273	0.027392045454545	0.087528409090909	0.210789204545455		1
000012:	0.352891477272727	0.034405113636364	0.198943750000000	0.162630113636364	0.198292613636364	0.052836931818182		1
000013:	0.138225568181818	0.033467613636364	0.281175568181818	0.208688636363636	0.214993181818182	0.123449431818182		1
000014:	0.030566477272727	0.020386363636364	0.889776136363636	0.017989204545455	0.015576704545455	0.025705113636364		1
000015:	0.736332954545455	0.028921590909091	0.126730113636364	0.029443750000000	0.048576704545455	0.029994886363636		1
000016:	0.033281818181818	0.025465340909091	0.895361363636364	0.013855113636364	0.013821022727273	0.018215340909091		1
000017:	0.530553409090909	0.090367045454545	0.092121590909091	0.017486931818182	0.212231250000000	0.057239772727273		1
000018:	0.118030113636364	0.024917045454545	0.069394318181818	0.452731818181818	0.312818750000000	0.022107954545455		1
000019:	0.750218181818182	0.035722159090909	0.040899431818182	0.053902840909091	0.070281818181818	0.048975568181818		1
000020:	0.250805681818182	0.111871022727273	0.331652272727273	0.030495454545455	0.222906818181818	0.052268750000000		1
000021:	0.124272159090909	0.682015909090909	0.002855113636364	0.187752272727273	0.002146590909091	0.000957954545455		1
000022:	0.567610227272727	0.032772727272727	0.064622727272727	0.038593750000000	0.214932386363636	0.081468181818182		1
000023:	0.089746022727273	0.037499431818182	0.040013068181818	0.027956250000000	0.056117045454545	0.748668181818182		1
000024:	0.028368181818182	0.023945454545455	0.880116477272727	0.021096022727273	0.028944886363636	0.017528977272727		1
000025:	0.095810227272727	0.047677840909091	0.131965340909091	0.095836363636364	0.095779545454545	0.532930681818182		1
000026:	0.317359090909091	0.058334659090909	0.042244318181818	0.074443181818182	0.419969318181818	0.087649431818182		1
000027:	0.050457954545455	0.022215340909091	0.029461931818182	0.057945454545455	0.805082386363636	0.034836931818182		1
000028:	0.290726136363636	0.356309659090909	0.067370454545455	0.024778977272727	0.128566477272727	0.132248295454545		1
000029:	0.166602272727273	0.393278409090909	0.167725568181818	0.032815909090909	0.199848863636364	0.039728977272727		1
000030:	0.427775000000000	0.078317613636364	0.118704545454545	0.061258522727273	0.050311931818182	0.263632386363636		1
000031:	0.084666477272727	0.026559659090909	0.048436363636364	0.198075000000000	0.554008522727273	0.088253977272727		1
000032:	0.080746022727273	0.077244318181818	0.084462500000000	0.029611363636364	0.675573295454545	0.052362500000000		1
000033:	0.333308522727273	0.148021590909091	0.062955113636364	0.038198295454545	0.302066477272727	0.115450000000000		1
000034:	0.035534090909091	0.020447159090909	0.885392045454545	0.019002272727273	0.023568181818182	0.016056250000000		1
000035:	0.054323295454545	0.042326704545455	0.034628409090909	0.029189772727273	0.060305113636364	0.779226704545455		1
000036:	0.400314772727273	0.140197727272727	0.116168750000000	0.024464204545455	0.260786363636364	0.058068181818182		1
000037:	0.199723863636364	0.043193750000000	0.107606250000000	0.047941477272727	0.554851136363636	0.046683522727273		1
000038:	0.108970454545455	0.135023295454545	0.084903977272727	0.036421022727273	0.032936931818182	0.601744318181818		1
000039:	0.271226704545455	0.044204545454545	0.139947159090909	0.241604545454545	0.181678409090909	0.121338636363636		1
000040:	0.042893181818182	0.041173295454545	0.858548863636364	0.018605113636364	0.018749431818182	0.020030113636364		1
000041:	0.173848863636364	0.045443181818182	0.220172727272727	0.038489204545455	0.471869318181818	0.050176704545455		1
000042:	0.036782954545455	0.023827840909091	0.051891477272727	0.045053977272727	0.051215340909091	0.791228409090909		1
000043:	0.596806250000000	0.084908522727273	0.110345454545455	0.023683522727273	0.127294318181818	0.056961931818182		1
000044:	0.470629545454545	0.054106250000000	0.096551704545455	0.038101704545455	0.269035795454545	0.071575000000000		1
000045:	0.117078409090909	0.030214204545455	0.039842613636364	0.094603977272727	0.698551136363636	0.019709659090909		1
000046:	0.074942613636364	0.083853977272727	0.068072159090909	0.149702840909091	0.145605113636364	0.477823295454545		1
000047:	0.120117045454545	0.132982954545455	0.162148295454545	0.096535227272727	0.133132954545455	0.355083522727273		1
000048:	0.733718181818182	0.068708522727273	0.056362500000000	0.024796022727273	0.029757386363636	0.086657386363636		1
000049:	0.809588068181818	0.036710795454545	0.052311363636364	0.027762500000000	0.043223863636364	0.030403409090909		1
000050:	0.121748295454545	0.034539204545455	0.379623863636364	0.054844318181818	0.126569318181818	0.282675000000000		1
000051:	0.015738636363636	0.013124431818182	0.924670454545455	0.032382386363636	0.008173863636364	0.005910227272727		1
000052:	0.047726136363636	0.018523295454545	0.887090340909091	0.014748863636364	0.014120454545455	0.017790909090909		1
000053:	0.234196022727273	0.036519318181818	0.196061931818182	0.053469886363636	0.199491477272727	0.280261363636364		1
000054:	0.064050000000000	0.040653409090909	0.077627272727273	0.127630681818182	0.095984090909091	0.594054545454546		1
000055:	0.593210795454545	0.038215340909091	0.259732386363636	0.021451136363636	0.066018750000000	0.021371590909091		1
000056:	0.003659090909091	0.002170454545455	0.160823295454545	0.415648863636364	0.005429545454545	0.412268750000000		1
000057:	0.378856250000000	0.067564772727273	0.144491477272727	0.053443750000000	0.311670454545455	0.043973295454545		1
000058:	0.776368750000000	0.023535227272727	0.018552272727273	0.066355113636364	0.035323863636364	0.079864772727273		1
000059:	0.267063636363636	0.034348863636364	0.033986931818182	0.082246022727273	0.437136931818182	0.145217613636364		1
000060:	0.743269318181818	0.025997159090909	0.072757954545455	0.016814204545455	0.071288068181818	0.069873295454545		1
000061:	0.647609659090909	0.033575568181818	0.084564772727273	0.029828409090909	0.122288636363636	0.082132954545455		1
000062:	0.045432386363636	0.024251136363636	0.883434090909091	0.010776136363636	0.017665909090909	0.018440340909091		1
000063:	0.037011363636364	0.045898295454545	0.878259659090909	0.012746022727273	0.013054545454545	0.013030113636364		1
000064:	0.038265909090909	0.033830681818182	0.887317045454545	0.013487500000000	0.014634659090909	0.012464204545455		1
000065:	0.841162500000000	0.034224431818182	0.032148863636364	0.016889204545455	0.027677840909091	0.047897159090909		1
000066:	0.254285795454545	0.029557954545455	0.076767045454545	0.010757386363636	0.574906250000000	0.053725568181818		1
000067:	0.084998863636364	0.079868750000000	0.786085795454545	0.010946022727273	0.018584090909091	0.019516477272727		1
000068:	0.581806250000000	0.034933522727273	0.028529545454545	0.057954545454545	0.201702272727273	0.095073863636364		1
000069:	0.332131818181818	0.047181250000000	0.084523863636364	0.029927272727273	0.421047159090909	0.085188636363636		1
000070:	0.173882954545455	0.076765909090909	0.301750568181818	0.051483522727273	0.086330113636364	0.309786931818182		1
000071:	0.373555681818182	0.044873863636364	0.029424431818182	0.039443181818182	0.310755681818182	0.201947159090909		1
000072:	0.749780113636364	0.051789204545455	0.095200000000000	0.017752272727273	0.045600568181818	0.039877840909091		1
000073:	0.803688636363636	0.029173295454545	0.054156818181818	0.021048863636364	0.062330113636364	0.029602272727273		1
000074:	0.098370454545455	0.039772727272727	0.199863636363636	0.219316477272727	0.286560795454545	0.156115909090909		1
000075:	0.330831818181818	0.066195454545455	0.085415909090909	0.126717613636364	0.292692613636364	0.098146590909091		1
000076:	0.158980681818182	0.437865340909091	0.032502272727273	0.141843750000000	0.124131818181818	0.104676136363636		1
000077:	0.292881818181818	0.324617045454545	0.063250000000000	0.117833522727273	0.114963636363636	0.086453977272727		1
000078:	0.617316477272727	0.117011363636364	0.092359090909091	0.019453409090909	0.078364204545455	0.075495454545455		1
000079:	0.182022159090909	0.047915340909091	0.065317045454545	0.053076704545455	0.085350000000000	0.566318750000000		1
000080:	0.231228977272727	0.052629545454545	0.027896590909091	0.151505681818182	0.184609090909091	0.352130113636364		1
000081:	0.848739204545455	0.024364204545455	0.025055113636364	0.011626136363636	0.065421590909091	0.024793750000000		1
000082:	0.779307386363636	0.050261363636364	0.047327840909091	0.015196590909091	0.064163636363636	0.043743181818182		1
000083:	0.782717613636364	0.041356818181818	0.022188636363636	0.037405113636364	0.096344886363636	0.019986931818182		1
000084:	0.021405113636364	0.031865340909091	0.868088068181818	0.014820454545455	0.019513068181818	0.044307954545455		1
000085:	0.323666477272727	0.102536931818182	0.125338636363636	0.048915909090909	0.330079545454545	0.069462500000000		1
000086:	0.180039772727273	0.130191477272727	0.419370454545455	0.055995454545455	0.110235795454545	0.104167045454545		1
000087:	0.787328977272727	0.022673295454545	0.029782954545455	0.019715340909091	0.112963068181818	0.027536363636364		1
000088:	0.128039772727273	0.044281250000000	0.030495454545455	0.042407386363636	0.684840909090909	0.069935227272727		1
000089:	0.136639204545455	0.091634659090909	0.061961363636364	0.033600568181818	0.582781250000000	0.093382954545455		1
000090:	0.109775568181818	0.044083522727273	0.145814772727273	0.259779545454545	0.304094886363636	0.136451704545455		1
000091:	0.040923863636364	0.044235795454545	0.029675000000000	0.034684090909091	0.047783522727273	0.802697727272727		1
000092:	0.697588636363636	0.016006818181818	0.020677272727273	0.014261931818182	0.225439772727273	0.026025568181818		1
000093:	0.354742045454545	0.057407386363636	0.101021590909091	0.121159659090909	0.332342045454545	0.033327272727273		1
000094:	0.514483522727273	0.025098295454545	0.053111363636364	0.063568181818182	0.236048863636364	0.107689772727273		1
000095:	0.812377840909091	0.029736363636364	0.085086363636364	0.013488068181818	0.036771590909091	0.022539772727273		1
000096:	0.136397727272727	0.025267045454545	0.787886363636364	0.017334659090909	0.018451136363636	0.014663068181818		1
000097:	0.312455681818182	0.029053977272727	0.037575568181818	0.046068181818182	0.469634659090909	0.105211931818182		1
000098:	0.689120454545455	0.027107954545455	0.015899431818182	0.023467613636364	0.178034090909091	0.066370454545455		1
000099:	0.218576704545455	0.069120454545455	0.238876136363636	0.035842613636364	0.143371590909091	0.294212500000000		1
000100:	0.278709090909091	0.025276704545455	0.618103409090909	0.020073863636364	0.037298863636364	0.020538068181818		1
000101:	0.083640340909091	0.030515340909091	0.071931818181818	0.018309090909091	0.773346590909091	0.022256818181818		1
000102:	0.267889772727273	0.057383522727273	0.204384659090909	0.109295454545455	0.301129545454545	0.059917045454545		1
000103:	0.239842613636364	0.045508522727273	0.019771022727273	0.050068181818182	0.033810227272727	0.610999431818182		1
000104:	0.208739204545455	0.025131250000000	0.695128977272727	0.021198295454545	0.025830681818182	0.023971590909091		1
000105:	0.134946022727273	0.039946022727273	0.139284659090909	0.086049431818182	0.513552840909091	0.086221022727273		1
000106:	0.249163068181818	0.050409659090909	0.036895454545455	0.077070454545455	0.520486363636364	0.065975000000000		1
000107:	0.187006250000000	0.062890909090909	0.436978409090909	0.018535795454545	0.227628977272727	0.066959659090909		1
000108:	0.405030681818182	0.036218181818182	0.399821022727273	0.027737500000000	0.059730113636364	0.071462500000000		1
000109:	0.003268181818182	0.001693181818182	0.001800000000000	0.080899431818182	0.002763636363636	0.909575568181818		1
000110:	0.038296022727273	0.080558522727273	0.116211931818182	0.270103409090909	0.032497727272727	0.462332386363636		1
000111:	0.132867613636364	0.112935795454545	0.429242613636364	0.032532386363636	0.083790340909091	0.208631250000000		1
000112:	0.050019886363636	0.061703409090909	0.114028409090909	0.047493750000000	0.614521022727273	0.112233522727273		1
000113:	0.675832386363636	0.045887500000000	0.134003409090909	0.016352840909091	0.075008522727273	0.052915340909091		1
000114:	0.076182954545455	0.086806818181818	0.026878409090909	0.027258522727273	0.048153977272727	0.734719318181818		1
000115:	0.288284659090909	0.060689772727273	0.084451136363636	0.060558522727273	0.114550568181818	0.391465340909091		1
000116:	0.367262500000000	0.025440340909091	0.468246022727273	0.028895454545455	0.041487500000000	0.068668181818182		1
000117:	0.155569318181818	0.073428977272727	0.084457386363636	0.031946590909091	0.623613636363636	0.030984090909091		1
000118:	0.615661363636364	0.078031818181818	0.208247159090909	0.022477272727273	0.035083522727273	0.040498863636364		1
000119:	0.259847159090909	0.035115340909091	0.135916477272727	0.043993181818182	0.359458522727273	0.165669318181818		1
000120:	0.725113636363636	0.041036363636364	0.121547159090909	0.023727272727273	0.070348295454545	0.018227272727273		1
000121:	0.231053977272727	0.131360227272727	0.065765340909091	0.091616477272727	0.118719318181818	0.361484659090909		1
000122:	0.510418181818182	0.026116477272727	0.051846022727273	0.025290909090909	0.351325568181818	0.035002840909091		1
000123:	0.839548295454545	0.017754545454545	0.022373863636364	0.065753977272727	0.022295454545455	0.032273863636364		1
000124:	0.128285795454545	0.136288068181818	0.035980113636364	0.058818181818182	0.266734090909091	0.373893750000000		1
000125:	0.206353409090909	0.491526136363636	0.107348863636364	0.017636931818182	0.027749431818182	0.149385227272727		1
000126:	0.038435795454545	0.817123863636364	0.042222727272727	0.019859090909091	0.024230681818182	0.058127840909091		1
000127:	0.625356818181818	0.037980681818182	0.144375000000000	0.036509659090909	0.111667613636364	0.044110227272727		1
000128:	0.497639204545455	0.033789204545455	0.076408522727273	0.030993750000000	0.052054545454545	0.309114772727273		1
000129:	0.179479545454545	0.036814772727273	0.030117613636364	0.249606250000000	0.424210795454545	0.079771022727273		1
000130:	0.462559090909091	0.091412500000000	0.078724431818182	0.044819318181818	0.028648863636364	0.293835795454545		1
000131:	0.389692045454545	0.057030681818182	0.070048295454545	0.047244886363636	0.299376136363636	0.136607954545455		1
000132:	0.108836931818182	0.021053977272727	0.767635227272727	0.017721022727273	0.057573863636364	0.027178977272727		1
000133:	0.073582386363636	0.193969886363636	0.065723863636364	0.079731250000000	0.085659659090909	0.501332954545455		1
000134:	0.202002272727273	0.073941477272727	0.066029545454545	0.083111363636364	0.078660795454545	0.496254545454545		1
000135:	0.182360795454545	0.042628409090909	0.020189204545455	0.315459659090909	0.370681818181818	0.068680113636364		1
000136:	0.563404545454545	0.032439772727273	0.045147727272727	0.014265909090909	0.036129545454545	0.308612500000000		1
000137:	0.054553977272727	0.014886931818182	0.018015909090909	0.037975568181818	0.209330113636364	0.665237500000000		1
000138:	0.479117045454545	0.207737500000000	0.035827840909091	0.059995454545455	0.105968750000000	0.111353409090909		1
000139:	0.394447159090909	0.129252840909091	0.092264204545455	0.084726704545455	0.192460227272727	0.106848863636364		1
000140:	0.021943750000000	0.014535795454545	0.030106250000000	0.654582386363636	0.247633522727273	0.031198295454545		1
000141:	0.140043750000000	0.307529545454545	0.401332386363636	0.030820454545455	0.041222159090909	0.079051704545455		1
000142:	0.372969318181818	0.037639772727273	0.095953409090909	0.113630681818182	0.336179545454545	0.043627272727273		1
000143:	0.572357386363636	0.069268750000000	0.031882954545455	0.063839204545455	0.168724431818182	0.093927272727273		1
000144:	0.383900568181818	0.082919886363636	0.161673863636364	0.037544886363636	0.282514204545455	0.051446590909091		1
000145:	0.065997159090909	0.030737500000000	0.821052840909091	0.019525000000000	0.025794318181818	0.036893181818182		1
000146:	0.390717613636364	0.060694886363636	0.112321022727273	0.297409090909091	0.108096590909091	0.030760795454545		1
000147:	0.756215909090909	0.058160227272727	0.059160227272727	0.023820454545455	0.065597159090909	0.037046022727273		1
000148:	0.834143750000000	0.033610795454545	0.030506818181818	0.035820454545455	0.027076704545455	0.038841477272727		1
000149:	0.477629545454545	0.034240340909091	0.107052840909091	0.025271022727273	0.263401704545455	0.092404545454545		1
000150:	0.111335227272727	0.036439204545455	0.063283522727273	0.113987500000000	0.376302840909091	0.298651704545455		1
000151:	0.487778409090909	0.197819318181818	0.174942045454545	0.030539204545455	0.072773863636364	0.036147159090909		1
000152:	0.478189204545455	0.073039772727273	0.091543750000000	0.053190909090909	0.058958522727273	0.245077840909091		1
000153:	0.195237500000000	0.036131250000000	0.116609659090909	0.032240909090909	0.598353409090909	0.021427272727273		1
000154:	0.002470454545455	0.256030113636364	0.734844886363636	0.001576136363636	0.004105681818182	0.000972727272727		1
000155:	0.328194318181818	0.029784659090909	0.369938068181818	0.073852840909091	0.108813068181818	0.089417045454545		1
000156:	0.130202840909091	0.042146022727273	0.425738636363636	0.025838636363636	0.346878977272727	0.029194886363636		1
000157:	0.032265909090909	0.056261363636364	0.819889204545455	0.013171022727273	0.032647727272727	0.045764772727273		1
000158:	0.101753977272727	0.339661363636364	0.124002840909091	0.031425000000000	0.263381818181818	0.139775000000000		1
000159:	0.031777840909091	0.138347159090909	0.421505681818182	0.133797159090909	0.117178977272727	0.157393181818182		1
000160:	0.028057386363636	0.884377272727273	0.038952272727273	0.014327840909091	0.016986363636364	0.017298863636364		1
000161:	0.079767045454545	0.592037500000000	0.124896022727273	0.059561931818182	0.082162500000000	0.061575000000000		1
000162:	0.004064204545455	0.430717613636364	0.004266477272727	0.554882386363636	0.003706250000000	0.002363068181818		1
000163:	0.838185795454545	0.023571022727273	0.040186931818182	0.014229545454545	0.069178409090909	0.014648295454545		1
000164:	0.089622727272727	0.066736931818182	0.805185795454545	0.011993181818182	0.010845454545455	0.015615909090909		1
000165:	0.787055113636364	0.061501136363636	0.082005681818182	0.025501136363636	0.023513636363636	0.020423295454545		1
000166:	0.858469318181818	0.025423295454545	0.057067613636364	0.020225000000000	0.025890909090909	0.012923863636364		1
000167:	0.663482386363636	0.097660795454545	0.087852272727273	0.027097159090909	0.070259659090909	0.053647727272727		1
000168:	0.384268750000000	0.066207954545455	0.313698295454545	0.045400568181818	0.105742613636364	0.084681818181818		1
000169:	0.647100000000000	0.039371590909091	0.027536931818182	0.054864772727273	0.170274431818182	0.060852272727273		1
000170:	0.888800000000000	0.029634659090909	0.021094318181818	0.021923863636364	0.017303977272727	0.021243181818182		1
000171:	0.213634090909091	0.048415909090909	0.603403977272727	0.028420454545455	0.051821590909091	0.054303977272727		1
000172:	0.688306818181818	0.080021022727273	0.053697159090909	0.062220454545455	0.071193750000000	0.044560795454545		1
000173:	0.753198863636364	0.036294318181818	0.033196022727273	0.016553977272727	0.134910795454545	0.025846022727273		1
000174:	0.607230113636364	0.033235227272727	0.032021022727273	0.125336363636364	0.157312500000000	0.044864772727273		1
000175:	0.041729545454545	0.016885795454545	0.865926704545455	0.016956250000000	0.013615909090909	0.044885795454545		1
000176:	0.238618181818182	0.188477272727273	0.120227840909091	0.027894886363636	0.237275568181818	0.187506250000000		1
000177:	0.557559659090909	0.027426136363636	0.075090340909091	0.106714204545455	0.127510795454545	0.105698863636364		1
000178:	0.500563636363636	0.025523295454545	0.244281250000000	0.058093181818182	0.121065340909091	0.050473295454545		1
000179:	0.039159090909091	0.034273295454545	0.877990340909091	0.018169886363636	0.015167045454545	0.015240340909091		1
000180:	0.033525000000000	0.019996590909091	0.893049431818182	0.018642613636364	0.015954545454545	0.018831818181818		1
000181:	0.027116477272727	0.035423295454545	0.879836363636364	0.013862500000000	0.018764204545455	0.024997159090909		1
000182:	0.073225568181818	0.551600000000000	0.144460227272727	0.057100000000000	0.110680113636364	0.062934090909091		1
000183:	0.054363636363636	0.020969886363636	0.863400568181818	0.014862500000000	0.016069886363636	0.030333522727273		1
000184:	0.131438068181818	0.043003977272727	0.061625568181818	0.020661363636364	0.033724431818182	0.709546590909091		1
000185:	0.098592045454545	0.126255113636364	0.107344886363636	0.314324431818182	0.226502272727273	0.126981250000000		1
000186:	0.054451704545455	0.043184090909091	0.476331250000000	0.027268750000000	0.032919318181818	0.365844886363636		1
000187:	0.240626704545455	0.007485227272727	0.727621590909091	0.007377840909091	0.009752272727273	0.007136363636364		1
000188:	0.196794886363636	0.234223295454545	0.311103409090909	0.032975000000000	0.055281818181818	0.169621590909091		1
000189:	0.900422159090909	0.018780681818182	0.029953977272727	0.008748863636364	0.025615909090909	0.016478409090909		1
000190:	0.791934090909091	0.060906250000000	0.029739772727273	0.030823863636364	0.060789204545455	0.025806818181818		1
000191:	0.637487500000000	0.042868750000000	0.039810795454545	0.020693181818182	0.237443181818182	0.021696590909091		1
000192:	0.068454545454545	0.066206250000000	0.078005681818182	0.022510795454545	0.261600568181818	0.503222159090909		1
000193:	0.003103409090909	0.002354545454545	0.003146590909091	0.588976704545455	0.002611931818182	0.399806818181818		1
000194:	0.382325568181818	0.061015909090909	0.079123863636364	0.079094318181818	0.058381250000000	0.340059090909091		1
000195:	0.263450000000000	0.034497159090909	0.053386931818182	0.018896022727273	0.585356250000000	0.044413636363636		1
000196:	0.100180113636364	0.466946590909091	0.190971022727273	0.016035795454545	0.149304545454545	0.076561931818182		1
000197:	0.487946590909091	0.099364772727273	0.154438068181818	0.018295454545455	0.219380113636364	0.020575000000000		1
000198:	0.145240909090909	0.167825000000000	0.120085227272727	0.180805681818182	0.352250000000000	0.033793181818182		1
000199:	0.616077840909091	0.150010227272727	0.102672727272727	0.037202272727273	0.074734659090909	0.019302272727273		1
000200:	0.273742045454545	0.518244886363636	0.060604545454545	0.049773863636364	0.072832954545455	0.024801704545455		1
000201:	0.051984659090909	0.032764204545455	0.855392045454546	0.015852272727273	0.023097727272727	0.020909090909091		1
000202:	0.259476704545455	0.103763068181818	0.238495454545455	0.070909090909091	0.156061931818182	0.171293750000000		1
000203:	0.718610795454545	0.051129545454545	0.110559659090909	0.035905113636364	0.034948863636364	0.048846022727273		1
000204:	0.353476136363636	0.105551136363636	0.364051704545455	0.029141477272727	0.024006250000000	0.123773295454545		1
000205:	0.215271022727273	0.097439772727273	0.553208522727273	0.053688068181818	0.042503409090909	0.037889204545455		1
000206:	0.455385795454545	0.078373863636364	0.137611363636364	0.165550000000000	0.034285795454545	0.128793181818182		1
000207:	0.135968750000000	0.201729545454545	0.037046590909091	0.040414204545455	0.473641477272727	0.111199431818182		1
000208:	0.460741477272727	0.092361363636364	0.307603409090909	0.032170454545455	0.074696590909091	0.032426704545455		1
000209:	0.331756818181818	0.058453409090909	0.425380113636364	0.029801704545455	0.071039204545455	0.083568750000000		1
000210:	0.360182954545455	0.032699431818182	0.366826136363636	0.037743181818182	0.167022727272727	0.035525568181818		1
000211:	0.708683522727273	0.076857386363636	0.102702272727273	0.040812500000000	0.050620454545455	0.020323863636364		1
000212:	0.168598295454545	0.359323863636364	0.336147727272727	0.034455113636364	0.055944318181818	0.045530681818182		1
000213:	0.438330681818182	0.062451704545455	0.409371590909091	0.021278409090909	0.031077840909091	0.037489772727273		1
000214:	0.350832954545455	0.377080113636364	0.073754545454545	0.025275568181818	0.073459659090909	0.099597159090909		1
000215:	0.244820454545455	0.119730113636364	0.080012500000000	0.075653409090909	0.233419318181818	0.246364204545455		1
000216:	0.086878409090909	0.131812500000000	0.645928409090909	0.043403409090909	0.068089204545455	0.023888068181818		1
000217:	0.273201704545455	0.382540340909091	0.167239204545455	0.087938068181818	0.048686931818182	0.040393750000000		1
000218:	0.458781818181818	0.111399431818182	0.299258522727273	0.023621022727273	0.078022159090909	0.028917045454545		1
000219:	0.371755681818182	0.433622159090909	0.123856818181818	0.018575568181818	0.036641477272727	0.015548295454545		1
000220:	0.235639204545455	0.265607954545455	0.419775568181818	0.021295454545455	0.027538636363636	0.030143181818182		1
000221:	0.680461931818182	0.070115909090909	0.165883522727273	0.017475000000000	0.029424431818182	0.036639204545455		1
000222:	0.052119886363636	0.042718181818182	0.870342045454545	0.011537500000000	0.012781818181818	0.010500568181818		1
000223:	0.214785227272727	0.077842613636364	0.359395454545455	0.102428977272727	0.152948295454545	0.092599431818182		1
000224:	0.084654545454545	0.027956250000000	0.062704545454545	0.092089204545455	0.235400568181818	0.497194886363636		1
000225:	0.288373295454545	0.035807954545455	0.046955113636364	0.139888636363636	0.362713636363636	0.126261363636364		1
000226:	0.115396590909091	0.107358522727273	0.119913068181818	0.029393181818182	0.150788068181818	0.477150568181818		1
000227:	0.130147159090909	0.052164772727273	0.046073863636364	0.071001136363636	0.318532954545455	0.382080113636364		1
000228:	0.027854545454545	0.160950568181818	0.026905681818182	0.590430681818182	0.045280113636364	0.148578409090909		1
000229:	0.585173863636364	0.043322727272727	0.029730113636364	0.130204545454545	0.064423863636364	0.147144886363636		1
000230:	0.048077272727273	0.671210795454545	0.056727840909091	0.021825568181818	0.033364204545455	0.168794318181818		1
000231:	0.170505113636364	0.113100568181818	0.031993181818182	0.066376704545455	0.447633522727273	0.170390909090909		1
000232:	0.224312500000000	0.242768750000000	0.228047727272727	0.093568181818182	0.047542045454545	0.163760795454545		1
000233:	0.114361931818182	0.057746022727273	0.032649431818182	0.030772727272727	0.319438636363636	0.445031250000000		1
000234:	0.119322159090909	0.073741477272727	0.027998863636364	0.367973863636364	0.253794886363636	0.157168750000000		1
000235:	0.061612500000000	0.014801136363636	0.111351704545455	0.703817045454545	0.065619886363636	0.042797727272727		1
000236:	0.102487500000000	0.121132954545455	0.235578977272727	0.055204545454545	0.077519318181818	0.408076704545455		1
000237:	0.175350568181818	0.041495454545455	0.033482386363636	0.288664772727273	0.286013068181818	0.174993750000000		1
000238:	0.173620454545455	0.025490909090909	0.711057386363636	0.019416477272727	0.043326136363636	0.027088636363636		1
000239:	0.219207954545455	0.113314204545455	0.085564204545455	0.056072727272727	0.108669886363636	0.417171022727273		1
000240:	0.045089772727273	0.195462500000000	0.021591477272727	0.015210227272727	0.028824431818182	0.693821590909091		1
000241:	0.106831250000000	0.074936931818182	0.248085795454545	0.032448295454545	0.347079545454545	0.190618181818182		1
000242:	0.060311363636364	0.030226136363636	0.034044318181818	0.043983522727273	0.366251704545455	0.465182954545455		1
000243:	0.033853977272727	0.364575000000000	0.052338636363636	0.258935795454545	0.062960795454545	0.227335795454545		1
000244:	0.298326136363636	0.289202272727273	0.087081818181818	0.031017045454545	0.099884659090909	0.194488068181818		1
000245:	0.328014772727273	0.146153409090909	0.027366477272727	0.029106250000000	0.076779545454545	0.392579545454545		1
000246:	0.257778409090909	0.068330681818182	0.039792045454545	0.221675568181818	0.201042045454545	0.211381250000000		1
000247:	0.177428409090909	0.149320454545455	0.050861931818182	0.093127272727273	0.352369886363636	0.176892045454545		1
000248:	0.268002272727273	0.126255681818182	0.033123295454545	0.018593181818182	0.026023863636364	0.528001704545455		1
000249:	0.026618750000000	0.029938636363636	0.015508522727273	0.020075000000000	0.035468750000000	0.872390340909091		1
000250:	0.083346590909091	0.020595454545455	0.028586363636364	0.054384090909091	0.166339204545455	0.646748295454545		1
000251:	0.100065909090909	0.060372159090909	0.048100000000000	0.091211931818182	0.102816477272727	0.597433522727273		1
000252:	0.110235227272727	0.369373863636364	0.140506818181818	0.073640340909091	0.048288068181818	0.257955681818182		1
000253:	0.063685227272727	0.100302272727273	0.049844318181818	0.227043750000000	0.045357386363636	0.513767045454545		1
000254:	0.043947727272727	0.046888636363636	0.040162500000000	0.035828409090909	0.026012500000000	0.807160227272727		1
000255:	0.144297159090909	0.058507386363636	0.070198863636364	0.140845454545455	0.055668750000000	0.530482386363636		1
000256:	0.588971022727273	0.037002840909091	0.036552840909091	0.023700568181818	0.097810795454545	0.215961931818182		1
000257:	0.086237500000000	0.129341477272727	0.651404545454545	0.041589204545455	0.018787500000000	0.072639772727273		1
000258:	0.621113636363636	0.053399431818182	0.055204545454545	0.022742613636364	0.081622727272727	0.165917045454545		1
000259:	0.017315340909091	0.022870454545455	0.908863068181818	0.018718181818182	0.019617613636364	0.012615340909091		1
000260:	0.032750000000000	0.082129545454545	0.028678977272727	0.027005681818182	0.040258522727273	0.789177272727273		1
000261:	0.095822727272727	0.207935795454545	0.151385227272727	0.183834659090909	0.074950568181818	0.286071022727273		1
000262:	0.049392613636364	0.146500000000000	0.340397159090909	0.055995454545455	0.045723295454545	0.361991477272727		1
000263:	0.570914204545454	0.097124431818182	0.110715340909091	0.029589204545455	0.090903977272727	0.100752840909091		1
000264:	0.068089772727273	0.029178409090909	0.820976704545455	0.016343750000000	0.019857386363636	0.045553977272727		1
000265:	0.815349431818182	0.034418750000000	0.057442613636364	0.030550568181818	0.026922727272727	0.035315909090909		1
000266:	0.252840909090909	0.028811363636364	0.071828409090909	0.096223295454545	0.056259090909091	0.494036931818182		1
000267:	0.047057386363636	0.029196590909091	0.022575000000000	0.063030681818182	0.030113636363636	0.808026704545455		1
000268:	0.384627272727273	0.129853977272727	0.236332954545455	0.040482386363636	0.053498295454545	0.155205113636364		1
000269:	0.094890909090909	0.031544886363636	0.065756250000000	0.482432954545455	0.292898863636364	0.032476136363636		1
000270:	0.046490340909091	0.026314204545455	0.885779545454545	0.013252272727273	0.016270454545455	0.011893181818182		1
000271:	0.032661363636364	0.046130681818182	0.068067613636364	0.173148863636364	0.038753409090909	0.641238068181818		1
000272:	0.030307386363636	0.063894886363636	0.084715340909091	0.035439772727273	0.047751136363636	0.737891477272727		1
000273:	0.177559659090909	0.039921590909091	0.331987500000000	0.252560227272727	0.093603977272727	0.104367045454545		1
000274:	0.043492613636364	0.035644318181818	0.036747727272727	0.036424431818182	0.033759090909091	0.813931818181818		1
000275:	0.483056818181818	0.037100000000000	0.058322727272727	0.041634090909091	0.188878409090909	0.191007954545455		1
000276:	0.038574431818182	0.061576704545455	0.794934659090909	0.025905681818182	0.029655681818182	0.049352840909091		1
000277:	0.074664204545455	0.028381250000000	0.090626704545455	0.658922727272727	0.065584659090909	0.081820454545455		1
000278:	0.527250568181818	0.070039204545455	0.035330113636364	0.032493181818182	0.103947159090909	0.230939772727273		1
000279:	0.118925000000000	0.019903977272727	0.017926704545455	0.667167613636364	0.115503409090909	0.060573295454545		1
000280:	0.085380681818182	0.058588068181818	0.100040909090909	0.017430113636364	0.065727840909091	0.672832386363636		1
000281:	0.031960795454545	0.030632954545455	0.322681250000000	0.112674431818182	0.037431818181818	0.464618750000000		1
000282:	0.096383522727273	0.100073295454545	0.175010227272727	0.068222159090909	0.336459090909091	0.223851704545455		1
000283:	0.025385795454545	0.037273863636364	0.903157386363636	0.009564772727273	0.012363636363636	0.012254545454545		1
000284:	0.058713636363636	0.105028977272727	0.055131250000000	0.174593181818182	0.037924431818182	0.568608522727273		1
000285:	0.082468750000000	0.035462500000000	0.031238636363636	0.103466477272727	0.181357386363636	0.566006250000000		1
000286:	0.084782386363636	0.032914772727273	0.312862500000000	0.191070454545455	0.208394318181818	0.169975568181818		1
000287:	0.110147159090909	0.033678977272727	0.215705113636364	0.302925000000000	0.145359659090909	0.192184090909091		1
000288:	0.213633522727273	0.061628409090909	0.208202272727273	0.105632954545455	0.077134659090909	0.333768181818182		1
000289:	0.299248863636364	0.098259090909091	0.146614772727273	0.028643181818182	0.033097159090909	0.394136931818182		1
000290:	0.058898295454545	0.207246590909091	0.199351704545455	0.019268181818182	0.023752272727273	0.491482954545455		1
000291:	0.627195454545455	0.029572159090909	0.181646590909091	0.049301704545455	0.094852272727273	0.017431818181818		1
000292:	0.228578409090909	0.546564772727273	0.074241477272727	0.053593181818182	0.043167613636364	0.053854545454545		1
000293:	0.808138068181818	0.046108522727273	0.054699431818182	0.016096590909091	0.052873863636364	0.022083522727273		1
000294:	0.506301704545455	0.052226704545455	0.181034659090909	0.029347159090909	0.167485227272727	0.063604545454545		1
000295:	0.287297159090909	0.110310227272727	0.059249431818182	0.019821022727273	0.492489772727273	0.030832386363636		1
000296:	0.207569318181818	0.074754545454545	0.512314204545455	0.033293750000000	0.094087500000000	0.077980681818182		1
000297:	0.463335227272727	0.082611931818182	0.178995454545455	0.018318181818182	0.048598295454545	0.208140909090909		1
000298:	0.086148295454545	0.017388068181818	0.067437500000000	0.367196590909091	0.338178409090909	0.123651136363636		1
000299:	0.581889772727273	0.025071590909091	0.064169318181818	0.040811931818182	0.049993750000000	0.238063636363636		1
000300:	0.352910795454545	0.085561363636364	0.284091477272727	0.184023295454545	0.050803409090909	0.042609659090909		1
000301:	0.823948863636364	0.027177840909091	0.036284090909091	0.017188068181818	0.076203409090909	0.019197727272727		1
000302:	0.018989204545455	0.023924431818182	0.896689772727273	0.016647159090909	0.022636363636364	0.021113068181818		1
000303:	0.013052840909091	0.063898295454545	0.814657386363636	0.063968181818182	0.032971590909091	0.011451704545455		1
000304:	0.659607954545455	0.116790340909091	0.023483522727273	0.022331250000000	0.059226136363636	0.118560795454545		1
000305:	0.049742045454545	0.549513636363636	0.128049431818182	0.015304545454545	0.047619886363636	0.209770454545455		1
000306:	0.047176136363636	0.050753409090909	0.704082386363636	0.046204545454545	0.040990909090909	0.110792613636364		1
000307:	0.052102840909091	0.779875568181818	0.092502840909091	0.016827840909091	0.017414204545455	0.041276704545455		1
000308:	0.792455681818182	0.063231250000000	0.068718181818182	0.021103977272727	0.021321022727273	0.033169886363636		1
000309:	0.661080681818182	0.048111363636364	0.095678977272727	0.099450000000000	0.056465340909091	0.039213636363636		1
000310:	0.033803409090909	0.023101704545455	0.883098295454545	0.015478977272727	0.020955681818182	0.023561931818182		1
000311:	0.153127272727273	0.194350000000000	0.147468750000000	0.046188068181818	0.060198295454545	0.398667613636364		1
000312:	0.144375568181818	0.046785795454545	0.054311363636364	0.225796022727273	0.082772727272727	0.445958522727273		1
000313:	0.102350568181818	0.097796022727273	0.094576704545455	0.497883522727273	0.126969318181818	0.080423863636364		1
000314:	0.049894886363636	0.058134090909091	0.061011363636364	0.044589204545455	0.239177272727273	0.547193181818182		1
000315:	0.146793181818182	0.032546022727273	0.022774431818182	0.082668750000000	0.116034090909091	0.599183522727273		1
000316:	0.611829545454545	0.045559090909091	0.040688636363636	0.021719318181818	0.068319318181818	0.211884090909091		1
000317:	0.062722159090909	0.107843181818182	0.024486931818182	0.034324431818182	0.450365909090909	0.320257386363636		1
000318:	0.275121022727273	0.262489772727273	0.199594886363636	0.019229545454545	0.046302840909091	0.197261931818182		1
000319:	0.055900000000000	0.053920454545455	0.838187500000000	0.014833522727273	0.024182954545455	0.012975568181818		1
000320:	0.154740909090909	0.098774431818182	0.486892613636364	0.047941477272727	0.082348863636364	0.129301704545455		1
000321:	0.712283522727273	0.135743750000000	0.074507386363636	0.020475568181818	0.025644886363636	0.031344886363636		1
000322:	0.098953977272727	0.481514204545455	0.261594886363636	0.021959090909091	0.030933522727273	0.105044318181818		1
000323:	0.107950568181818	0.144043181818182	0.121860227272727	0.485621022727273	0.102371022727273	0.038153977272727		1
000324:	0.155163068181818	0.533800568181818	0.193621022727273	0.021901704545455	0.036558522727273	0.058955113636364		1
000325:	0.048046590909091	0.074595454545455	0.777484090909091	0.026388068181818	0.028767045454545	0.044718750000000		1
000326:	0.154290909090909	0.060447727272727	0.064310227272727	0.020543181818182	0.026723295454545	0.673684659090909		1
000327:	0.514002272727273	0.213613068181818	0.100232954545455	0.025284090909091	0.101065340909091	0.045802272727273		1
000328:	0.037547159090909	0.785095454545455	0.031979545454545	0.019434659090909	0.021823863636364	0.104119318181818		1
000329:	0.433897727272727	0.145896022727273	0.129606818181818	0.047260227272727	0.060856250000000	0.182482954545455		1
000330:	0.059882386363636	0.403819318181818	0.165628977272727	0.024115909090909	0.028946590909091	0.317606818181818		1
000331:	0.069605681818182	0.745160227272727	0.045409659090909	0.035752272727273	0.017914204545455	0.086157954545455		1
