Estimated Clustering Probabilities for Samples
Sample	***Cluster  01***	***Cluster  02***	***Cluster  03***	***Cluster  04***	
000001:	0.102673295454545	0.605528409090909	0.053785795454545	0.238012500000000		1
000002:	0.078185227272727	0.693006818181818	0.016478977272727	0.212328977272727		1
000003:	0.050505113636364	0.778731250000000	0.023053409090909	0.147710227272727		1
000004:	0.436451136363636	0.439903409090909	0.021457386363636	0.102188068181818		1
000005:	0.048262500000000	0.878382386363636	0.019710227272727	0.053644886363636		1
000006:	0.466846022727273	0.315622727272727	0.149089204545455	0.068442045454545		1
000007:	0.032705113636364	0.580655113636364	0.021932386363636	0.364707386363636		1
000008:	0.070760795454545	0.742102840909091	0.020682386363636	0.166453977272727		1
000009:	0.096657386363636	0.755817613636364	0.023346022727273	0.124178977272727		1
000010:	0.080198863636364	0.815527840909091	0.029134659090909	0.075138636363636		1
000011:	0.261080113636364	0.422854545454545	0.177211931818182	0.138853409090909		1
000012:	0.148372159090909	0.314081250000000	0.501596022727273	0.035950568181818		1
000013:	0.176589204545455	0.061977840909091	0.727165340909091	0.034267613636364		1
000014:	0.874575568181818	0.051794318181818	0.052193750000000	0.021436363636364		1
000015:	0.103633522727273	0.769192613636364	0.093778409090909	0.033395454545455		1
000016:	0.885004545454545	0.066687500000000	0.033265909090909	0.015042045454545		1
000017:	0.112534659090909	0.689985795454545	0.137028977272727	0.060450568181818		1
000018:	0.068073295454545	0.084221590909091	0.821638636363636	0.026066477272727		1
000019:	0.039351704545455	0.706588068181818	0.215898863636364	0.038161363636364		1
000020:	0.309302272727273	0.473611931818182	0.181427272727273	0.035658522727273		1
000021:	0.030472159090909	0.135015340909091	0.725790340909091	0.108722159090909		1
000022:	0.084256818181818	0.566875568181818	0.315632954545455	0.033234659090909		1
000023:	0.058648295454545	0.242425568181818	0.596022159090909	0.102903977272727		1
000024:	0.897019318181818	0.032257386363636	0.056635795454545	0.014087500000000		1
000025:	0.195546022727273	0.110244318181818	0.662877272727273	0.031332386363636		1
000026:	0.038173295454545	0.265940909090909	0.663457954545455	0.032427840909091		1
000027:	0.033419886363636	0.085710227272727	0.861445454545455	0.019424431818182		1
000028:	0.002426136363636	0.374821022727273	0.621313068181818	0.001439772727273		1
000029:	0.144782386363636	0.347106818181818	0.424293750000000	0.083817045454545		1
000030:	0.110703409090909	0.508819318181818	0.284764772727273	0.095712500000000		1
000031:	0.039368750000000	0.041355113636364	0.898022727272727	0.021253409090909		1
000032:	0.076472727272727	0.233958522727273	0.633923863636364	0.055644886363636		1
000033:	0.060385795454545	0.504528977272727	0.332844318181818	0.102240909090909		1
000034:	0.915102840909091	0.029430113636364	0.043137500000000	0.012329545454545		1
000035:	0.033722727272727	0.080263068181818	0.795441477272727	0.090572727272727		1
000036:	0.094013068181818	0.544740909090909	0.284761931818182	0.076484090909091		1
000037:	0.165507386363636	0.230265340909091	0.570942045454545	0.033285227272727		1
000038:	0.133011363636364	0.151907954545455	0.383689772727273	0.331390909090909		1
000039:	0.093994886363636	0.160050568181818	0.709224431818182	0.036730113636364		1
000040:	0.886267045454545	0.025771022727273	0.067665340909091	0.020296590909091		1
000041:	0.177687500000000	0.206607386363636	0.573871022727273	0.041834090909091		1
000042:	0.156657954545455	0.083021022727273	0.732894886363636	0.027426136363636		1
000043:	0.102079545454545	0.729775568181818	0.110663636363636	0.057481250000000		1
000044:	0.082459659090909	0.578160227272727	0.297317613636364	0.042062500000000		1
000045:	0.025446022727273	0.143707954545455	0.813963068181818	0.016882954545455		1
000046:	0.053332954545455	0.138292045454545	0.658865340909091	0.149509659090909		1
000047:	0.150730681818182	0.315964772727273	0.390523295454545	0.142781250000000		1
000048:	0.025267613636364	0.828061363636364	0.119319886363636	0.027351136363636		1
000049:	0.053011363636364	0.853935227272727	0.057823295454545	0.035230113636364		1
000050:	0.325888636363636	0.451077840909091	0.170517613636364	0.052515909090909		1
000051:	0.864445454545455	0.091851136363636	0.018901136363636	0.024802272727273		1
000052:	0.822780681818182	0.117476136363636	0.032405681818182	0.027337500000000		1
000053:	0.190319318181818	0.488716477272727	0.278992613636364	0.041971590909091		1
000054:	0.081474431818182	0.123266477272727	0.722978977272727	0.072280113636364		1
000055:	0.174878977272727	0.745597727272727	0.042925000000000	0.036598295454545		1
000056:	0.073307386363636	0.772167045454546	0.118430681818182	0.036094886363636		1
000057:	0.143051136363636	0.592753977272727	0.219026136363636	0.045168750000000		1
000058:	0.021113636363636	0.717153409090909	0.223567045454545	0.038165909090909		1
000059:	0.026934090909091	0.362337500000000	0.579644318181818	0.031084090909091		1
000060:	0.054056818181818	0.867048295454545	0.048244886363636	0.030650000000000		1
000061:	0.087103409090909	0.784076704545455	0.094164204545455	0.034655681818182		1
000062:	0.828435227272727	0.094050568181818	0.042389772727273	0.035124431818182		1
000063:	0.864285227272727	0.070143750000000	0.028630113636364	0.036940909090909		1
000064:	0.864623863636364	0.065227840909091	0.017639772727273	0.052508522727273		1
000065:	0.062524431818182	0.820121022727273	0.058294318181818	0.059060227272727		1
000066:	0.055284090909091	0.745438636363636	0.173481818181818	0.025795454545455		1
000067:	0.838003409090909	0.089907386363636	0.022644318181818	0.049444886363636		1
000068:	0.022771022727273	0.698281818181818	0.247214204545455	0.031732954545455		1
000069:	0.050475000000000	0.732031818181818	0.187450000000000	0.030043181818182		1
000070:	0.368130681818182	0.298455113636364	0.269193181818182	0.064221022727273		1
000071:	0.026949431818182	0.557506818181818	0.368646022727273	0.046897727272727		1
000072:	0.116809659090909	0.784561363636364	0.054018181818182	0.044610795454545		1
000073:	0.045078977272727	0.865018750000000	0.059376704545455	0.030525568181818		1
000074:	0.131535227272727	0.117798863636364	0.714419886363636	0.036246022727273		1
000075:	0.069601704545455	0.488442045454545	0.396803977272727	0.045152272727273		1
000076:	0.027743750000000	0.175888068181818	0.351033522727273	0.445334659090909		1
000077:	0.124615909090909	0.323167045454545	0.231622727272727	0.320594318181818		1
000078:	0.063009659090909	0.832600000000000	0.058903409090909	0.045486931818182		1
000079:	0.065589204545455	0.443218750000000	0.420815909090909	0.070376136363636		1
000080:	0.022395454545455	0.240402272727273	0.682988636363636	0.054213636363636		1
000081:	0.026468750000000	0.900271590909091	0.044114772727273	0.029144886363636		1
000082:	0.057739772727273	0.868657386363636	0.032213068181818	0.041389772727273		1
000083:	0.020289204545455	0.836114772727273	0.101832954545455	0.041763068181818		1
000084:	0.927215340909091	0.024543181818182	0.028118750000000	0.020122727272727		1
000085:	0.090444886363636	0.444625000000000	0.374052272727273	0.090877840909091		1
000086:	0.468643181818182	0.233588068181818	0.211681250000000	0.086087500000000		1
000087:	0.033889204545455	0.868650568181818	0.076857386363636	0.020602840909091		1
000088:	0.030320454545455	0.258603409090909	0.678335795454545	0.032740340909091		1
000089:	0.048667613636364	0.218510795454545	0.655723863636364	0.077097727272727		1
000090:	0.094672727272727	0.142511931818182	0.735429545454545	0.027385795454545		1
000091:	0.038046590909091	0.082040909090909	0.713015909090909	0.166896590909091		1
000092:	0.039893750000000	0.759297727272727	0.151546022727273	0.049262500000000		1
000093:	0.066196022727273	0.394690909090909	0.431997727272727	0.107115340909091		1
000094:	0.053680681818182	0.442968181818182	0.445140909090909	0.058210227272727		1
000095:	0.082877272727273	0.831660795454545	0.038229545454545	0.047232386363636		1
000096:	0.865753977272727	0.082494886363636	0.031605113636364	0.020146022727273		1
000097:	0.032683522727273	0.500513068181818	0.440641477272727	0.026161931818182		1
000098:	0.012917045454545	0.806010227272727	0.162832386363636	0.018240340909091		1
000099:	0.271131818181818	0.450073863636364	0.244423295454545	0.034371022727273		1
000100:	0.608697727272727	0.307359090909091	0.056663068181818	0.027280113636364		1
000101:	0.080209659090909	0.564022159090909	0.331725000000000	0.024043181818182		1
000102:	0.216327272727273	0.499916477272727	0.242139204545455	0.041617045454545		1
000103:	0.052798295454545	0.519973863636364	0.330478977272727	0.096748863636364		1
000104:	0.617071590909091	0.310919318181818	0.050678977272727	0.021330113636364		1
000105:	0.201786363636364	0.246009659090909	0.519445454545455	0.032758522727273		1
000106:	0.029376704545455	0.428771022727273	0.507187500000000	0.034664772727273		1
000107:	0.310273295454545	0.506504545454545	0.152429545454545	0.030792613636364		1
000108:	0.735079545454545	0.133344318181818	0.106163068181818	0.025413068181818		1
000109:	0.051217613636364	0.506979545454545	0.398053977272727	0.043748863636364		1
000110:	0.118143181818182	0.050339204545455	0.714464204545455	0.117053409090909		1
000111:	0.477011931818182	0.307800568181818	0.106150568181818	0.109036931818182		1
000112:	0.117426704545455	0.110109090909091	0.718621590909091	0.053842613636364		1
000113:	0.109839204545455	0.798429545454545	0.058217613636364	0.033513636363636		1
000114:	0.023798295454545	0.153456250000000	0.506570454545455	0.316175000000000		1
000115:	0.094439204545455	0.594139204545455	0.261064204545455	0.050357386363636		1
000116:	0.348987500000000	0.499343181818182	0.087612500000000	0.064056818181818		1
000117:	0.057817045454545	0.412993750000000	0.411106818181818	0.118082386363636		1
000118:	0.188683522727273	0.628877840909091	0.068632386363636	0.113806250000000		1
000119:	0.124694318181818	0.303432954545455	0.542863636363636	0.029009090909091		1
000120:	0.153864204545455	0.712811363636364	0.070614204545455	0.062710227272727		1
000121:	0.086954545454545	0.384112500000000	0.475773295454545	0.053159659090909		1
000122:	0.034757386363636	0.816164204545455	0.134636363636364	0.014442045454545		1
000123:	0.034302840909091	0.779367045454545	0.112017045454545	0.074313068181818		1
000124:	0.030121590909091	0.301298295454545	0.510666477272727	0.157913636363636		1
000125:	0.121778409090909	0.360615909090909	0.078193181818182	0.439412500000000		1
000126:	0.031064204545455	0.053536363636364	0.046190340909091	0.869209090909091		1
000127:	0.158214772727273	0.510565340909091	0.225220454545455	0.105999431818182		1
000128:	0.070851136363636	0.810270454545455	0.076666477272727	0.042211931818182		1
000129:	0.017404545454545	0.196697159090909	0.751038636363636	0.034859659090909		1
000130:	0.050046590909091	0.695215909090909	0.068057386363636	0.186680113636364		1
000131:	0.060387500000000	0.578769886363636	0.312755113636364	0.048087500000000		1
000132:	0.598285795454545	0.289848295454545	0.078410795454545	0.033455113636364		1
000133:	0.072553977272727	0.214038068181818	0.390501704545455	0.322906250000000		1
000134:	0.088944318181818	0.376300000000000	0.420046590909091	0.114709090909091		1
000135:	0.011898863636364	0.186665340909091	0.774667613636364	0.026768181818182		1
000136:	0.090495454545455	0.782994886363636	0.075015909090909	0.051493750000000		1
000137:	0.044168750000000	0.153132386363636	0.765028977272727	0.037669886363636		1
000138:	0.039439772727273	0.630131250000000	0.210398295454545	0.120030681818182		1
000139:	0.084321022727273	0.587120454545455	0.247984090909091	0.080574431818182		1
000140:	0.059010795454545	0.081502840909091	0.833352840909091	0.026133522727273		1
000141:	0.632174431818182	0.191033522727273	0.065903409090909	0.110888636363636		1
000142:	0.065771590909091	0.505134659090909	0.394784090909091	0.034309659090909		1
000143:	0.038552840909091	0.853842613636364	0.074579545454545	0.033025000000000		1
000144:	0.137918750000000	0.700226136363636	0.127342613636364	0.034512500000000		1
000145:	0.835535227272727	0.081944886363636	0.043582386363636	0.038937500000000		1
000146:	0.099955681818182	0.503428977272727	0.370706250000000	0.025909090909091		1
000147:	0.062895454545455	0.817544886363636	0.079545454545455	0.040014204545455		1
000148:	0.032638636363636	0.871110795454546	0.054548863636364	0.041701704545455		1
000149:	0.065280113636364	0.522601704545455	0.308983522727273	0.103134659090909		1
000150:	0.054377840909091	0.155918750000000	0.751003977272727	0.038699431818182		1
000151:	0.158720454545455	0.669372159090909	0.109246022727273	0.062661363636364		1
000152:	0.081915340909091	0.632040909090909	0.208893181818182	0.077150568181818		1
000153:	0.096821590909091	0.409538636363636	0.465311931818182	0.028327840909091		1
000154:	0.519372727272727	0.384560227272727	0.044132954545455	0.051934090909091		1
000155:	0.340286363636364	0.352971590909091	0.264165909090909	0.042576136363636		1
000156:	0.379633522727273	0.390119318181818	0.194490909090909	0.035756250000000		1
000157:	0.899365909090909	0.053535795454545	0.010796022727273	0.036302272727273		1
000158:	0.128016477272727	0.335322727272727	0.110248295454545	0.426412500000000		1
000159:	0.601064772727273	0.084861931818182	0.139426704545455	0.174646590909091		1
000160:	0.043530113636364	0.045050568181818	0.011206250000000	0.900213068181818		1
000161:	0.088471590909091	0.234749431818182	0.057089772727273	0.619689204545455		1
000162:	0.027002272727273	0.122298295454545	0.491550000000000	0.359149431818182		1
000163:	0.104895454545455	0.848689204545455	0.010719886363636	0.035695454545455		1
000164:	0.724685227272727	0.169442045454545	0.015780113636364	0.090092613636364		1
000165:	0.093840909090909	0.702669886363636	0.021802272727273	0.181686931818182		1
000166:	0.059052840909091	0.868492613636364	0.018929545454545	0.053525000000000		1
000167:	0.049456818181818	0.788920454545455	0.029380113636364	0.132242613636364		1
000168:	0.206190909090909	0.561646590909091	0.181144318181818	0.051018181818182		1
000169:	0.026821590909091	0.832573863636364	0.111372727272727	0.029231818181818		1
000170:	0.021767045454545	0.910217613636364	0.039089772727273	0.028925568181818		1
000171:	0.615065340909091	0.289915340909091	0.056187500000000	0.038831818181818		1
000172:	0.075631818181818	0.668250000000000	0.164596590909091	0.091521590909091		1
000173:	0.029375568181818	0.890308522727273	0.058817613636364	0.021498295454545		1
000174:	0.041598863636364	0.585901704545455	0.347398863636364	0.025100568181818		1
000175:	0.912152272727273	0.054140340909091	0.022283522727273	0.011423863636364		1
000176:	0.109264772727273	0.611819886363636	0.207871022727273	0.071044318181818		1
000177:	0.084323295454545	0.697555681818182	0.194168181818182	0.023952840909091		1
000178:	0.163029545454545	0.687700000000000	0.123101704545455	0.026168750000000		1
000179:	0.860717613636364	0.098611363636364	0.029659659090909	0.011011363636364		1
000180:	0.895051136363636	0.049702840909091	0.040428409090909	0.014817613636364		1
000181:	0.902839772727273	0.051633522727273	0.026541477272727	0.018985227272727		1
000182:	0.177230681818182	0.301043181818182	0.467213636363636	0.054512500000000		1
000183:	0.831914772727273	0.117156818181818	0.032377840909091	0.018550568181818		1
000184:	0.171797727272727	0.553267045454545	0.227839204545455	0.047096022727273		1
000185:	0.080143750000000	0.140399431818182	0.709547727272727	0.069909090909091		1
000186:	0.663946022727273	0.150565909090909	0.110680681818182	0.074807386363636		1
000187:	0.778860227272727	0.145412500000000	0.060239204545455	0.015488068181818		1
000188:	0.411401136363636	0.300651136363636	0.099954545454545	0.187993181818182		1
000189:	0.041259659090909	0.903879545454545	0.034122727272727	0.020738068181818		1
000190:	0.033073863636364	0.828035227272727	0.090382954545455	0.048507954545455		1
000191:	0.035423863636364	0.860142045454545	0.084792045454545	0.019642045454545		1
000192:	0.106056818181818	0.318871022727273	0.495682954545455	0.079389204545455		1
000193:	0.141298295454545	0.327559659090909	0.489788068181818	0.041353977272727		1
000194:	0.107128977272727	0.510659659090909	0.313238068181818	0.068973295454545		1
000195:	0.046424431818182	0.724635227272727	0.208397727272727	0.020542613636364		1
000196:	0.273182386363636	0.235725568181818	0.027922159090909	0.463169886363636		1
000197:	0.087002272727273	0.785157386363636	0.042317045454545	0.085523295454545		1
000198:	0.118261363636364	0.254817613636364	0.441613636363636	0.185307386363636		1
000199:	0.124796590909091	0.588118181818182	0.034574431818182	0.252510795454545		1
000200:	0.059040909090909	0.577443181818182	0.035961363636364	0.327554545454545		1
000201:	0.863524431818182	0.074129545454545	0.016008522727273	0.046337500000000		1
000202:	0.212243181818182	0.343711931818182	0.368785227272727	0.075259659090909		1
000203:	0.094910795454545	0.795860795454545	0.065392613636364	0.043835795454545		1
000204:	0.343304545454545	0.493297727272727	0.060968750000000	0.102428977272727		1
000205:	0.471573863636364	0.350267045454545	0.123576704545455	0.054582386363636		1
000206:	0.142924431818182	0.481800000000000	0.307331250000000	0.067944318181818		1
000207:	0.031966477272727	0.588762500000000	0.303579545454545	0.075691477272727		1
000208:	0.255649431818182	0.609120454545454	0.097482386363636	0.037747727272727		1
000209:	0.165337500000000	0.003393181818182	0.011728977272727	0.819540340909091		1
000210:	0.217469318181818	0.666927840909091	0.071940909090909	0.043661931818182		1
000211:	0.071975000000000	0.829969318181818	0.037806250000000	0.060249431818182		1
000212:	0.222660227272727	0.306151704545455	0.044421590909091	0.426766477272727		1
000213:	0.337467613636364	0.467800000000000	0.024621022727273	0.170111363636364		1
000214:	0.050573863636364	0.604878977272727	0.050160795454545	0.294386363636364		1
000215:	0.068968750000000	0.442257954545455	0.265344886363636	0.223428409090909		1
000216:	0.363976704545455	0.328167613636364	0.040334659090909	0.267521022727273		1
000217:	0.147865909090909	0.357226704545455	0.036953977272727	0.457953409090909		1
000218:	0.132313068181818	0.603836363636364	0.021859659090909	0.241990909090909		1
000219:	0.108588636363636	0.510837500000000	0.021099431818182	0.359474431818182		1
000220:	0.416774431818182	0.383735227272727	0.016622727272727	0.182867613636364		1
000221:	0.178545454545455	0.684632386363636	0.017096590909091	0.119725568181818		1
000222:	0.853304545454545	0.067566477272727	0.010091477272727	0.069037500000000		1
000223:	0.334641477272727	0.387795454545455	0.165973863636364	0.111589204545455		1
000224:	0.067510227272727	0.065162500000000	0.801401704545455	0.065925568181818		1
000225:	0.039456250000000	0.092953409090909	0.813716477272727	0.053873863636364		1
000226:	0.165589772727273	0.214518750000000	0.312552840909091	0.307338636363636		1
000227:	0.033985795454545	0.052965340909091	0.802850000000000	0.110198863636364		1
000228:	0.023322727272727	0.029325568181818	0.599856818181818	0.347494886363636		1
000229:	0.038968181818182	0.290746590909091	0.506244318181818	0.164040909090909		1
000230:	0.052602840909091	0.027483522727273	0.046723863636364	0.873189772727273		1
000231:	0.029334659090909	0.092144318181818	0.709881818181818	0.168639204545455		1
000232:	0.191046022727273	0.178532954545455	0.126998863636364	0.503422159090909		1
000233:	0.031809090909091	0.069583522727273	0.792476704545454	0.106130681818182		1
000234:	0.021344886363636	0.031201704545455	0.886525568181818	0.060927840909091		1
000235:	0.042721590909091	0.022343750000000	0.896949431818182	0.037985227272727		1
000236:	0.241042045454545	0.036480681818182	0.370236363636364	0.352240909090909		1
000237:	0.026181818181818	0.043581818181818	0.882498863636364	0.047737500000000		1
000238:	0.781257954545455	0.072094318181818	0.081307954545455	0.065339772727273		1
000239:	0.083092045454545	0.179369886363636	0.522972727272727	0.214565340909091		1
000240:	0.031092045454545	0.025947727272727	0.130174431818182	0.812785795454545		1
000241:	0.293260227272727	0.094722159090909	0.484266477272727	0.127751136363636		1
000242:	0.030028409090909	0.026582386363636	0.886138636363636	0.057250568181818		1
000243:	0.037014204545455	0.021760227272727	0.362421590909091	0.578803977272727		1
000244:	0.097779545454545	0.207676704545455	0.270474431818182	0.424069318181818		1
000245:	0.023635795454545	0.223517045454545	0.339939204545455	0.412907954545455		1
000246:	0.041555681818182	0.052501704545455	0.810559659090909	0.095382954545455		1
000247:	0.043521022727273	0.128397159090909	0.653538068181818	0.174543750000000		1
000248:	0.034630113636364	0.240777272727273	0.129853977272727	0.594738636363636		1
000249:	0.025734090909091	0.026368750000000	0.757711931818182	0.190185227272727		1
000250:	0.035752840909091	0.038151136363636	0.882738068181818	0.043357954545455		1
000251:	0.048457386363636	0.045701704545455	0.695023863636364	0.210817045454545		1
000252:	0.140135795454545	0.073216477272727	0.197302840909091	0.589344886363636		1
000253:	0.044202840909091	0.027784659090909	0.664426704545454	0.263585795454545		1
000254:	0.088065909090909	0.049997727272727	0.336400568181818	0.525535795454545		1
000255:	0.072656818181818	0.109651136363636	0.437169318181818	0.380522727272727		1
000256:	0.046547727272727	0.389781818181818	0.362128977272727	0.201541477272727		1
000257:	0.555510227272727	0.047313636363636	0.056864204545455	0.340311931818182		1
000258:	0.049573295454545	0.810711363636364	0.080128409090909	0.059586931818182		1
000259:	0.915802272727273	0.021265340909091	0.033790909090909	0.029141477272727		1
000260:	0.048157954545455	0.047060227272727	0.557010795454545	0.347771022727273		1
000261:	0.164744318181818	0.068627272727273	0.382087500000000	0.384540909090909		1
000262:	0.420757954545455	0.057414772727273	0.181189204545455	0.340638068181818		1
000263:	0.121594886363636	0.579074431818182	0.142771022727273	0.156559659090909		1
000264:	0.003375000000000	0.000788636363636	0.178226704545455	0.817609659090909		1
000265:	0.112291477272727	0.603546590909091	0.089940909090909	0.194221022727273		1
000266:	0.108835795454545	0.264983522727273	0.463191477272727	0.162989204545455		1
000267:	0.019206818181818	0.053234090909091	0.744552840909091	0.183006250000000		1
000268:	0.135190909090909	0.522334090909091	0.134697727272727	0.207777272727273		1
000269:	0.045684090909091	0.085869886363636	0.828369886363636	0.040076136363636		1
000270:	0.907047159090909	0.036717045454545	0.028733522727273	0.027502272727273		1
000271:	0.100503977272727	0.024728409090909	0.671669318181818	0.203098295454545		1
000272:	0.186211363636364	0.051414772727273	0.455603977272727	0.306769886363636		1
000273:	0.455873863636364	0.059189204545455	0.400298863636364	0.084638068181818		1
000274:	0.017593181818182	0.000101704545455	0.981522727272727	0.000782386363636		1
000275:	0.067067045454545	0.301392613636364	0.519863636363636	0.111676704545455		1
000276:	0.859203977272727	0.026382954545455	0.048158522727273	0.066254545454545		1
000277:	0.100261363636364	0.036727840909091	0.775298863636364	0.087711931818182		1
000278:	0.044513068181818	0.550861931818182	0.264177840909091	0.140447159090909		1
000279:	0.014981250000000	0.044153977272727	0.903549431818182	0.037315340909091		1
000280:	0.206578409090909	0.081797727272727	0.273744886363636	0.437878977272727		1
000281:	0.563891477272727	0.029968750000000	0.365930113636364	0.040209659090909		1
000282:	0.163338636363636	0.104105113636364	0.595174431818182	0.137381818181818		1
000283:	0.857105681818182	0.027641477272727	0.020263636363636	0.094989204545455		1
000284:	0.096626136363636	0.064451704545455	0.545342613636364	0.293579545454545		1
000285:	0.026156818181818	0.078568750000000	0.829397159090909	0.065877272727273		1
000286:	0.225034090909091	0.042453977272727	0.666486931818182	0.066025000000000		1
000287:	0.196398295454545	0.046119886363636	0.675441477272727	0.082040340909091		1
000288:	0.212585227272727	0.127447727272727	0.422548295454545	0.237418750000000		1
000289:	0.133462500000000	0.583056818181818	0.051226136363636	0.232254545454545		1
000290:	0.180252272727273	0.137082954545455	0.037832386363636	0.644832386363636		1
000291:	0.077434659090909	0.832638068181818	0.050685227272727	0.039242045454545		1
000292:	0.050225568181818	0.516040909090909	0.066505681818182	0.367227840909091		1
000293:	0.000509659090909	0.779976704545455	0.000496590909091	0.219017045454545		1
000294:	0.100999431818182	0.804211931818182	0.048328977272727	0.046459659090909		1
000295:	0.033181250000000	0.866407954545454	0.047253409090909	0.053157386363636		1
000296:	0.480946022727273	0.299374431818182	0.052568750000000	0.167110795454545		1
000297:	0.136819886363636	0.693392613636364	0.053542613636364	0.116244886363636		1
000298:	0.084977840909091	0.104707386363636	0.772916477272727	0.037398295454545		1
000299:	0.075747727272727	0.748750000000000	0.086545454545455	0.088956818181818		1
000300:	0.253706250000000	0.356317613636364	0.137445454545455	0.252530681818182		1
000301:	0.032077840909091	0.843835227272727	0.049849431818182	0.074237500000000		1
000302:	0.888118181818182	0.032716477272727	0.017692045454545	0.061473295454545		1
000303:	0.897862500000000	0.032574431818182	0.019447159090909	0.050115909090909		1
000304:	0.027853977272727	0.682048295454545	0.026686931818182	0.263410795454545		1
000305:	0.082257386363636	0.297873863636364	0.019194886363636	0.600673863636364		1
000306:	0.800157954545455	0.056410795454545	0.050576136363636	0.092855113636364		1
000307:	0.081685227272727	0.090806818181818	0.022669318181818	0.804838636363636		1
000308:	0.059859090909091	0.785171590909091	0.029429545454545	0.125539772727273		1
000309:	0.083419318181818	0.696644318181818	0.132487500000000	0.087448863636364		1
000310:	0.908050000000000	0.045096590909091	0.020769318181818	0.026084090909091		1
000311:	0.238736363636364	0.314205681818182	0.083094318181818	0.363963636363636		1
000312:	0.044226136363636	0.247352272727273	0.614681250000000	0.093740340909091		1
000313:	0.072894318181818	0.098730681818182	0.773973295454545	0.054401704545455		1
000314:	0.071889204545455	0.073218181818182	0.770740340909091	0.084152272727273		1
000315:	0.037318181818182	0.178797727272727	0.682261363636364	0.101622727272727		1
000316:	0.063029545454545	0.765939772727273	0.083278409090909	0.087752272727273		1
000317:	0.042748863636364	0.231771590909091	0.561240340909091	0.164239204545455		1
000318:	0.177938068181818	0.509068181818182	0.036958522727273	0.276035227272727		1
000319:	0.867493750000000	0.073713068181818	0.018489204545455	0.040303977272727		1
000320:	0.468829545454545	0.247623295454545	0.109180113636364	0.174367045454545		1
000321:	0.062003977272727	0.631425000000000	0.030182954545455	0.276388068181818		1
000322:	0.105364772727273	0.096864772727273	0.022013636363636	0.775756818181818		1
000323:	0.121619886363636	0.304850000000000	0.359390340909091	0.214139772727273		1
000324:	0.112368181818182	0.202041477272727	0.030047727272727	0.655542613636364		1
000325:	0.826530113636364	0.000309659090909	0.000144318181818	0.173015909090909		1
000326:	0.072385227272727	0.280981250000000	0.065625568181818	0.581007954545455		1
000327:	0.076851136363636	0.464225000000000	0.065150568181818	0.393773295454545		1
000328:	0.033240340909091	0.037771022727273	0.018544318181818	0.910444318181818		1
000329:	0.118571590909091	0.361459659090909	0.123643750000000	0.396325000000000		1
000330:	0.116499431818182	0.050353409090909	0.032031818181818	0.801115340909091		1
000331:	0.039623295454545	0.049261931818182	0.030761931818182	0.880352840909091		1
000332:	0.867318750000000	0.072117613636364	0.017190340909091	0.043373295454545		1
000333:	0.890322727272727	0.045536931818182	0.012434090909091	0.051706250000000		1
000334:	0.891889772727273	0.040288636363636	0.017319886363636	0.050501704545455		1
000335:	0.061026704545455	0.698229545454545	0.050076136363636	0.190667613636364		1
000336:	0.852561363636364	0.052984090909091	0.013365340909091	0.081089204545455		1
000337:	0.199575000000000	0.192101136363636	0.040980113636364	0.567343750000000		1
000338:	0.091997159090909	0.802228409090909	0.030826704545455	0.074947727272727		1
000339:	0.107981818181818	0.210538636363636	0.028001704545455	0.653477840909091		1
000340:	0.779631818181818	0.103203409090909	0.013482954545455	0.103681818181818		1
000341:	0.053584659090909	0.819290909090909	0.028084659090909	0.099039772727273		1
000342:	0.086234090909091	0.465997159090909	0.024311363636364	0.423457386363636		1
000343:	0.125284090909091	0.676254545454545	0.035382954545455	0.163078409090909		1
000344:	0.023806250000000	0.085605113636364	0.028242613636364	0.862346022727273		1
000345:	0.039895454545455	0.047167613636364	0.012534090909091	0.900402840909091		1
000346:	0.043724431818182	0.583310227272727	0.026591477272727	0.346373863636364		1
000347:	0.029390340909091	0.526478409090909	0.019282954545455	0.424848295454545		1
000348:	0.177882954545455	0.270388636363636	0.033052272727273	0.518676136363636		1
000349:	0.118784090909091	0.124180113636364	0.063566477272727	0.693469318181818		1
000350:	0.062614772727273	0.269779545454545	0.031449431818182	0.636156250000000		1
000351:	0.026426704545455	0.213193750000000	0.020593750000000	0.739785795454545		1
000352:	0.127246590909091	0.607013636363636	0.033898863636364	0.231840909090909		1
000353:	0.773988636363636	0.150846590909091	0.015908522727273	0.059256250000000		1
000354:	0.738606818181818	0.146442613636364	0.017006818181818	0.097943750000000		1
000355:	0.160448295454545	0.233315909090909	0.035218750000000	0.571017045454545		1
000356:	0.366892045454545	0.122602840909091	0.384936363636364	0.125568750000000		1
000357:	0.039705681818182	0.065546022727273	0.808901136363636	0.085847159090909		1
000358:	0.104923863636364	0.235633522727273	0.484482386363636	0.174960227272727		1
000359:	0.061140340909091	0.100173295454545	0.463475568181818	0.375210795454545		1
000360:	0.093326136363636	0.771492045454545	0.053708522727273	0.081473295454545		1
000361:	0.057313636363636	0.049472159090909	0.814415909090909	0.078798295454545		1
000362:	0.136563068181818	0.109289204545455	0.081236931818182	0.672910795454545		1
000363:	0.033514772727273	0.870588068181818	0.059590340909091	0.036306818181818		1
000364:	0.025953409090909	0.257025000000000	0.471376136363636	0.245645454545455		1
000365:	0.071072727272727	0.368569318181818	0.194027840909091	0.366330113636364		1
000366:	0.031513068181818	0.073172727272727	0.838477272727273	0.056836931818182		1
000367:	0.027362500000000	0.427223295454545	0.464445454545455	0.080968750000000		1
000368:	0.043149431818182	0.227390909090909	0.669200568181818	0.060259090909091		1
000369:	0.114031818181818	0.461501704545455	0.253565340909091	0.170901136363636		1
000370:	0.426006250000000	0.307753409090909	0.094106250000000	0.172134090909091		1
000371:	0.039500000000000	0.660343750000000	0.047350568181818	0.252805681818182		1
000372:	0.020403977272727	0.803120454545455	0.145205681818182	0.031269886363636		1
000373:	0.095993750000000	0.194315909090909	0.473076704545455	0.236613636363636		1
000374:	0.000432386363636	0.000696022727273	0.828656818181818	0.170214772727273		1
000375:	0.802073295454545	0.043078409090909	0.023282386363636	0.131565909090909		1
000376:	0.117994886363636	0.550178409090909	0.259497159090909	0.072329545454545		1
000377:	0.893594886363636	0.019836363636364	0.020858522727273	0.065710227272727		1
000378:	0.053803409090909	0.053106818181818	0.861757954545455	0.031331818181818		1
000379:	0.013388636363636	0.063653977272727	0.900337500000000	0.022619886363636		1
000380:	0.092892613636364	0.207513636363636	0.632894886363636	0.066698863636364		1
000381:	0.019866477272727	0.051494886363636	0.892632954545455	0.036005681818182		1
000382:	0.084024431818182	0.453828977272727	0.386802840909091	0.075343750000000		1
000383:	0.079172727272727	0.459413068181818	0.334009090909091	0.127405113636364		1
000384:	0.035049431818182	0.454765340909091	0.414761363636364	0.095423863636364		1
000385:	0.030439204545455	0.375077272727273	0.236232954545455	0.358250568181818		1
000386:	0.037085795454545	0.053813636363636	0.860110227272727	0.048990340909091		1
000387:	0.086738636363636	0.568664772727273	0.269915909090909	0.074680681818182		1
000388:	0.117349431818182	0.001458522727273	0.141992613636364	0.739199431818182		1
000389:	0.022277272727273	0.611100568181818	0.222334659090909	0.144287500000000		1
000390:	0.164212500000000	0.160189204545455	0.057113636363636	0.618484659090909		1
000391:	0.024402272727273	0.424257954545455	0.468196022727273	0.083143750000000		1
000392:	0.076289204545455	0.045830113636364	0.765489204545455	0.112391477272727		1
000393:	0.088332954545455	0.208136363636364	0.620453977272727	0.083076704545455		1
000394:	0.088695454545455	0.584303977272727	0.281657954545455	0.045342613636364		1
000395:	0.046238068181818	0.821909090909091	0.088167613636364	0.043685227272727		1
000396:	0.030517613636364	0.408011363636364	0.329752272727273	0.231718750000000		1
000397:	0.017138636363636	0.841178409090909	0.110072727272727	0.031610227272727		1
000398:	0.035797159090909	0.596364204545455	0.246690340909091	0.121148295454545		1
000399:	0.114521590909091	0.020230681818182	0.824095454545455	0.041152272727273		1
000400:	0.052647159090909	0.308496022727273	0.560621022727273	0.078235795454545		1
000401:	0.045688068181818	0.131564204545455	0.770382954545455	0.052364772727273		1
000402:	0.066099431818182	0.599878977272727	0.273716477272727	0.060305113636364		1
000403:	0.102823295454545	0.309197159090909	0.428895454545455	0.159084090909091		1
000404:	0.038351136363636	0.233713068181818	0.490045454545455	0.237890340909091		1
000405:	0.328930681818182	0.661997159090909	0.007998295454545	0.001073863636364		1
000406:	0.074828977272727	0.840840909090909	0.049784659090909	0.034545454545455		1
000407:	0.024751136363636	0.871046022727273	0.074267613636364	0.029935227272727		1
000408:	0.028315340909091	0.102127840909091	0.582829545454545	0.286727272727273		1
000409:	0.885072159090909	0.048110795454545	0.030599431818182	0.036217613636364		1
000410:	0.901479545454545	0.036677840909091	0.031207386363636	0.030635227272727		1
000411:	0.886453409090909	0.033874431818182	0.036103409090909	0.043568750000000		1
000412:	0.042871590909091	0.041269886363636	0.861694318181818	0.054164204545455		1
000413:	0.039875000000000	0.575467613636364	0.286116477272727	0.098540909090909		1
000414:	0.101786931818182	0.068010227272727	0.784905113636364	0.045297727272727		1
000415:	0.105541477272727	0.017161931818182	0.529236363636364	0.348060227272727		1
000416:	0.019444886363636	0.018471022727273	0.917201136363636	0.044882954545455		1
000417:	0.068296590909091	0.206422727272727	0.444926704545455	0.280353977272727		1
000418:	0.057225568181818	0.114046590909091	0.735919318181818	0.092808522727273		1
000419:	0.030396022727273	0.030511363636364	0.870557954545455	0.068534659090909		1
000420:	0.111864772727273	0.247500568181818	0.073439204545455	0.567195454545455		1
000421:	0.196461931818182	0.093023295454545	0.670655113636364	0.039859659090909		1
000422:	0.267986363636364	0.109726704545455	0.469738636363636	0.152548295454545		1
000423:	0.178594886363636	0.128596022727273	0.070295454545455	0.622513636363636		1
000424:	0.019479545454545	0.028351704545455	0.923052272727273	0.029116477272727		1
000425:	0.082864772727273	0.049639772727273	0.796797727272727	0.070697727272727		1
000426:	0.058453409090909	0.025942045454545	0.238709659090909	0.676894886363636		1
000427:	0.122475000000000	0.178419886363636	0.571096590909091	0.128008522727273		1
000428:	0.086959090909091	0.381222727272727	0.453448295454545	0.078369886363636		1
000429:	0.131209090909091	0.469986363636364	0.208431250000000	0.190373295454545		1
000430:	0.079886931818182	0.079773295454545	0.617836363636364	0.222503409090909		1
000431:	0.069059659090909	0.104785227272727	0.747048295454545	0.079106818181818		1
000432:	0.079799431818182	0.094188636363636	0.670127840909091	0.155884090909091		1
000433:	0.204614772727273	0.129867613636364	0.332396590909091	0.333121022727273		1
000434:	0.051822159090909	0.207755113636364	0.556453977272727	0.183968750000000		1
000435:	0.265672159090909	0.255121590909091	0.282228977272727	0.196977272727273		1
000436:	0.098617613636364	0.040537500000000	0.423390909090909	0.437453977272727		1
000437:	0.990727272727273	0.000063068181818	0.002110227272727	0.007099431818182		1
000438:	0.088935795454545	0.081548863636364	0.681142045454545	0.148373295454545		1
000439:	0.058984090909091	0.025910227272727	0.863850568181818	0.051255113636364		1
000440:	0.045638636363636	0.059621590909091	0.869736931818182	0.025002840909091		1
000441:	0.045144886363636	0.019323863636364	0.906462500000000	0.029068750000000		1
000442:	0.038404545454545	0.044698295454545	0.865876136363636	0.051021022727273		1
000443:	0.907526136363636	0.030617045454545	0.041384659090909	0.020472159090909		1
000444:	0.022756818181818	0.039223863636364	0.681815340909091	0.256203977272727		1
000445:	0.047135795454545	0.216627840909091	0.656364772727273	0.079871590909091		1
000446:	0.159909659090909	0.219609659090909	0.230648863636364	0.389831818181818		1
000447:	0.031477272727273	0.139867045454545	0.786931818181818	0.041723863636364		1
000448:	0.059110795454545	0.410042613636364	0.457336363636364	0.073510227272727		1
000449:	0.052414772727273	0.550080681818182	0.292667045454545	0.104837500000000		1
000450:	0.878189772727273	0.051784090909091	0.042659659090909	0.027366477272727		1
000451:	0.896669318181818	0.036502272727273	0.046117045454545	0.020711363636364		1
000452:	0.090171022727273	0.047415340909091	0.131259090909091	0.731154545454546		1
000453:	0.026632386363636	0.034143750000000	0.897475568181818	0.041748295454545		1
000454:	0.928631250000000	0.020511363636364	0.026134659090909	0.024722727272727		1
000455:	0.365614204545455	0.420296022727273	0.061332386363636	0.152757386363636		1
000456:	0.037711931818182	0.849113636363636	0.019579545454545	0.093594886363636		1
000457:	0.052852840909091	0.612690909090909	0.022052272727273	0.312403977272727		1
000458:	0.058405681818182	0.725802840909091	0.051246022727273	0.164545454545455		1
000459:	0.072896590909091	0.703272727272727	0.023153977272727	0.200676704545455		1
000460:	0.057588636363636	0.865915340909091	0.026570454545455	0.049925568181818		1
000461:	0.105247727272727	0.778372727272727	0.039527840909091	0.076851704545455		1
000462:	0.188215340909091	0.404667045454545	0.039660227272727	0.367457386363636		1
000463:	0.079764772727273	0.369105113636364	0.033890340909091	0.517239772727273		1
000464:	0.079514204545455	0.213128409090909	0.087623295454545	0.619734090909091		1
000465:	0.053097727272727	0.677242045454545	0.062089772727273	0.207570454545455		1
000466:	0.083705681818182	0.828928409090909	0.024158522727273	0.063207386363636		1
000467:	0.074134090909091	0.721989772727273	0.028010795454545	0.175865340909091		1
000468:	0.046865340909091	0.865460227272727	0.020563068181818	0.067111363636364		1
000469:	0.020987500000000	0.307958522727273	0.585738068181818	0.085315909090909		1
000470:	0.110756818181818	0.079098863636364	0.716686363636364	0.093457954545455		1
000471:	0.083907386363636	0.316986363636364	0.556025000000000	0.043081250000000		1
000472:	0.147613636363636	0.068952840909091	0.103643750000000	0.679789772727273		1
000473:	0.065646022727273	0.244731818181818	0.069824431818182	0.619797727272727		1
000474:	0.436047727272727	0.096376704545455	0.423780113636364	0.043795454545455		1
